2.550000000000000000e+01 8.750000000000000000e-01
4.350000000000000000e+01 1.000000000000000000e+00
1.565000000000000000e+02 2.000000000000000000e+00
1.743571428570000137e+02 1.428571429000000004e+00
4.820000000000000000e+02 1.300000000000000044e+00
5.075000000000000000e+02 1.346153845999999987e+00
5.780000000000000000e+02 1.000000000000000000e+00
3.441000000000000227e+02 2.899999999999999911e+00
4.670000000000000000e+02 2.700000000000000178e+00
5.185625000000000000e+02 3.500000000000000000e+00
2.799117647059999854e+02 4.617647059000000276e+00
3.310000000000000000e+02 4.214285713999999849e+00
7.100000000000000000e+01 4.500000000000000000e+00
2.215000000000000000e+02 4.500000000000000000e+00
5.580000000000000000e+02 5.000000000000000000e+00
1.050000000000000000e+02 6.750000000000000000e+00
3.666052631580000138e+02 5.921052632000000315e+00
4.373666666670000041e+02 6.966666667000000146e+00
8.690000000000000568e+01 8.900000000000000355e+00
1.910000000000000000e+02 1.000000000000000000e+01
4.183421052630000077e+02 1.065789473699999945e+01
1.335625000000000000e+02 1.118750000000000000e+01
2.596578947369999923e+02 1.165789473699999945e+01
3.855000000000000000e+02 1.069999999999999929e+01
5.605526315790000353e+02 1.244736842100000018e+01
5.105000000000000000e+02 1.361764705899999939e+01
4.560000000000000000e+02 1.500000000000000000e+01
4.696176470589999781e+02 1.550000000000000000e+01
5.364333333329999505e+02 1.509999999999999964e+01
1.568750000000000000e+02 1.650000000000000000e+01
1.720000000000000000e+02 1.550000000000000000e+01
2.395555555560000016e+02 1.661111111099999960e+01
3.029285714289999873e+02 1.669047618999999827e+01
3.482142857140000274e+02 1.726190476200000035e+01
2.120999999999999943e+02 1.710000000000000142e+01
3.728750000000000000e+02 1.750000000000000000e+01
4.888846153850000178e+02 1.811538461499999997e+01
5.733421052630000077e+02 1.934210526300000055e+01
2.706818181819999722e+02 1.968181818200000066e+01
2.878846153850000178e+02 2.311538461499999997e+01
1.239117647059999996e+02 2.461764705899999939e+01
5.350000000000000000e+01 2.571052631599999927e+01
7.150000000000000000e+01 2.550000000000000000e+01
5.360000000000000000e+02 2.500000000000000000e+01
1.750000000000000000e+01 2.616666666700000121e+01
3.220000000000000000e+02 2.600000000000000000e+01
4.981999999999999886e+02 2.760000000000000142e+01
3.816666666700000121e+01 2.738888888900000040e+01
1.062692307690000035e+02 2.788461538500000003e+01
1.826111111110000138e+02 2.822222222199999919e+01
3.923750000000000000e+02 2.737500000000000000e+01
4.063666666670000041e+02 2.896666666699999837e+01
1.937307692310000107e+02 3.011538461499999997e+01
1.294444444400000016e+01 3.161111111099999960e+01
2.127307692310000107e+02 3.211538461500000352e+01
2.488846153849999894e+02 3.188461538500000003e+01
3.070000000000000000e+02 3.216666666700000121e+01
3.307777777779999724e+02 3.261111111099999960e+01
8.665000000000000568e+01 3.470000000000000284e+01
1.380000000000000000e+02 3.400000000000000000e+01
2.332142857139999990e+02 3.400000000000000000e+01
3.641428571430000147e+02 3.471428571399999896e+01
5.153888888889999862e+02 3.477777777800000081e+01
4.794411764710000057e+02 3.567647058800000082e+01
1.197500000000000000e+02 3.612500000000000000e+01
4.252647058819999870e+02 3.626470588200000122e+01
4.520000000000000000e+02 3.627777777800000081e+01
5.561153846150000390e+02 3.688461538499999648e+01
3.780000000000000000e+02 3.800000000000000000e+01
5.726333333329999959e+02 3.803333333300000163e+01
2.683125000000000000e+02 3.931250000000000000e+01
6.516666666700000121e+01 3.975000000000000000e+01
4.060000000000000000e+02 4.050000000000000000e+01
5.872500000000000000e+02 4.050000000000000000e+01
1.570000000000000000e+02 4.450000000000000000e+01
2.942500000000000000e+02 4.487500000000000000e+01
3.603666666670000041e+02 4.503333333300000163e+01
2.233333333299999879e+01 4.750000000000000000e+01
3.745000000000000284e+01 4.760000000000000142e+01
3.258636363640000013e+02 4.759090909100000033e+01
3.864230769229999964e+02 4.788461538499999648e+01
1.500000000000000000e+00 4.950000000000000000e+01
1.431842105259999869e+02 4.997368421099999836e+01
4.113888888889999862e+02 4.955555555600000162e+01
5.095000000000000000e+02 5.000000000000000000e+01
5.372692307690000462e+02 4.988461538499999648e+01
5.750000000000000000e+01 5.185294117600000163e+01
3.473823529410000219e+02 5.091176470599999959e+01
2.296904761899999983e+02 5.245238095199999862e+01
1.983823529409999935e+02 5.291176470599999959e+01
2.564444444439999984e+02 5.438888888900000040e+01
3.137307692310000107e+02 5.388461538499999648e+01
4.398846153850000178e+02 5.411538461500000352e+01
1.060000000000000000e+02 5.470000000000000284e+01
4.628846153850000178e+02 5.511538461500000352e+01
4.896333333329999959e+02 5.503333333300000163e+01
5.660555555559999448e+02 5.511111111099999960e+01
1.195000000000000000e+02 5.629999999999999716e+01
1.845000000000000000e+02 5.736363636400000132e+01
5.527222222220000276e+02 5.600000000000000000e+01
8.076666666699999553e+01 5.750000000000000000e+01
4.770454545449999841e+02 5.713636363599999868e+01
2.882500000000000000e+02 5.912500000000000000e+01
5.855000000000000000e+02 6.000000000000000000e+01
3.767941176470000073e+02 6.161764705899999939e+01
1.681153846150000106e+02 6.211538461500000352e+01
1.896666666699999837e+01 6.363333333300000305e+01
3.381153846149999822e+02 6.311538461500000352e+01
5.226176470589999781e+02 6.291176470599999959e+01
3.993823529410000219e+02 6.391176470599999959e+01
1.490333333330000016e+02 6.536666666700000405e+01
3.435555555560000016e+02 6.638888888900000040e+01
2.410294117649999919e+02 6.714705882399999837e+01
2.691428571430000147e+02 6.728571428600000104e+01
2.117142857139999990e+02 6.771428571399999896e+01
3.955555555600000162e+01 6.927777777800000081e+01
3.098333333329999846e+02 6.875000000000000000e+01
4.330000000000000000e+02 6.878571428600000104e+01
4.518636363640000013e+02 6.859090909100000033e+01
4.991000000000000227e+02 7.009999999999999432e+01
1.795000000000000000e+02 7.150000000000000000e+01
6.900000000000000000e+01 7.221428571399999896e+01
5.122333333330000187e+02 7.229999999999999716e+01
1.995000000000000000e+02 7.314705882399999837e+01
9.008823529400000041e+01 7.438235294099999351e+01
1.251923076920000000e+02 7.542307692299999644e+01
5.870000000000000000e+02 7.500000000000000000e+01
2.805000000000000000e+02 7.583333333299999879e+01
2.958846153850000178e+02 7.611538461499999642e+01
4.631000000000000227e+02 7.656666666700000690e+01
1.102000000000000028e+02 7.720000000000000284e+01
2.346666666669999870e+02 7.733333333299999879e+01
4.067500000000000000e+02 7.887500000000000000e+01
5.358999999999999773e+02 8.056666666700000690e+01
5.465000000000000000e+02 8.085294117600000163e+01
3.382352941000000168e+00 8.091176470599999959e+01
5.681250000000000000e+02 8.175000000000000000e+01
3.810000000000000000e+02 8.200000000000000000e+01
5.289999999999999858e+01 8.290000000000000568e+01
2.400000000000000000e+01 8.450000000000000000e+01
1.570999999999999943e+02 8.390000000000000568e+01
2.231666666669999870e+02 8.375000000000000000e+01
3.101428571430000147e+02 8.421428571399999896e+01
3.241000000000000227e+02 8.390000000000000568e+01
4.801000000000000227e+02 8.390000000000000568e+01
2.609210526319999985e+02 8.660526315799999963e+01
3.652916666670000154e+02 8.675000000000000000e+01
4.436818181819999722e+02 8.631818181799999934e+01
2.120882352939999862e+02 8.761764705900000649e+01
5.861000000000000227e+02 8.809999999999999432e+01
4.336578947369999923e+02 9.065789473700000656e+01
1.759615384619999929e+02 9.234615384600000709e+01
7.404545454499999835e+01 9.313636363599999868e+01
2.876578947369999923e+02 9.365789473700000656e+01
5.010000000000000000e+02 9.400000000000000000e+01
1.055000000000000000e+02 9.585294117600000163e+01
1.300000000000000000e+02 9.621428571399999896e+01
2.738333333329999846e+02 9.575000000000000000e+01
4.700000000000000000e+02 9.621428571399999896e+01
3.400000000000000000e+01 9.750000000000000000e+01
5.735000000000000000e+02 9.750000000000000000e+01
5.811538461500000352e+01 9.811538461499999642e+01
1.398846153849999894e+02 9.888461538500000358e+01
1.870000000000000000e+02 9.921428571399999896e+01
2.501666666669999870e+02 9.861111111099999960e+01
5.244285714290000442e+02 9.914285714300000052e+01
3.211428571430000147e+02 1.002857142860000010e+02
3.893000000000000114e+02 9.950000000000000000e+01
4.041666666670000154e+02 9.996666666699999837e+01
4.521666666670000154e+02 9.976666666699999553e+01
4.860882352940000146e+02 1.003823529409999935e+02
6.875000000000000000e+00 1.026250000000000000e+02
8.809999999999999432e+01 1.030999999999999943e+02
2.273421052630000077e+02 1.033421052629999934e+02
2.050333333330000016e+02 1.043666666670000041e+02
5.086111111110000138e+02 1.049444444439999984e+02
1.671153846150000106e+02 1.051153846149999964e+02
5.470000000000000000e+02 1.055000000000000000e+02
3.460000000000000000e+02 1.065000000000000000e+02
4.193750000000000000e+02 1.061875000000000000e+02
6.550000000000000000e+01 1.086363636359999987e+02
4.695000000000000000e+02 1.081470588239999984e+02
3.708529411760000016e+02 1.100294117650000061e+02
5.830000000000000000e+02 1.100000000000000000e+02
9.900000000000000000e+01 1.105000000000000000e+02
2.416111111110000138e+02 1.118333333329999988e+02
4.423750000000000000e+02 1.116250000000000000e+02
3.036176470589999781e+02 1.130882352940000004e+02
2.210000000000000142e+01 1.139000000000000057e+02
3.396818181819999722e+02 1.143181818179999993e+02
5.627500000000000000e+02 1.140833333329999988e+02
1.213181818179999993e+02 1.153181818179999993e+02
2.247857142860000010e+02 1.150000000000000000e+02
2.646000000000000227e+02 1.154500000000000028e+02
5.271153846150000390e+02 1.151153846149999964e+02
2.861470588239999984e+02 1.175000000000000000e+02
1.875769230770000036e+02 1.211923076920000000e+02
1.358333333300000056e+01 1.218333333329999988e+02
5.250000000000000000e+01 1.221470588239999984e+02
1.035454545449999983e+02 1.227727272730000010e+02
1.664444444439999984e+02 1.227777777780000008e+02
3.107500000000000000e+02 1.221666666670000012e+02
4.032777777779999724e+02 1.220000000000000000e+02
5.670000000000000000e+02 1.220000000000000000e+02
1.437222222219999992e+02 1.240000000000000000e+02
4.260000000000000000e+02 1.250000000000000000e+02
4.960238095240000007e+02 1.255476190480000014e+02
5.551428571430000147e+02 1.257142857139999990e+02
6.520000000000000284e+01 1.272000000000000028e+02
2.360333333330000016e+02 1.273666666670000041e+02
3.533823529410000219e+02 1.269117647059999996e+02
8.370000000000000284e+01 1.275000000000000000e+02
3.783333333329999846e+02 1.296666666669999870e+02
4.473750000000000000e+02 1.301875000000000000e+02
2.760000000000000000e+02 1.305000000000000000e+02
4.825000000000000000e+02 1.313000000000000114e+02
5.242894736839999723e+02 1.312368421049999938e+02
2.508571428570000137e+02 1.317857142860000010e+02
3.010000000000000142e+01 1.335666666669999927e+02
1.430999999999999943e+02 1.330999999999999943e+02
4.608571428569999853e+02 1.333571428570000137e+02
1.250000000000000000e+02 1.342142857139999990e+02
3.928999999999999773e+02 1.340999999999999943e+02
1.300000000000000000e+01 1.352142857139999990e+02
2.075000000000000000e+02 1.351666666669999870e+02
5.378076923080000142e+02 1.349615384619999929e+02
1.815000000000000000e+02 1.357857142860000010e+02
3.365555555560000016e+02 1.362777777780000008e+02
5.050000000000000000e+02 1.367857142860000010e+02
1.914333333330000073e+02 1.382333333329999903e+02
2.924333333330000073e+02 1.379000000000000057e+02
3.566111111110000138e+02 1.393333333330000130e+02
5.843181818179999709e+02 1.392272727270000132e+02
1.614453125000000000e+02 1.471171875000000000e+02
3.073823529410000219e+02 1.416176470590000065e+02
5.000000000000000000e-01 1.425000000000000000e+02
1.185000000000000000e+02 1.440000000000000000e+02
5.597500000000000000e+02 1.439166666669999870e+02
2.132142857139999990e+02 1.450000000000000000e+02
4.090000000000000000e+02 1.450000000000000000e+02
4.508999999999999773e+02 1.449000000000000057e+02
5.227000000000000455e+02 1.452333333329999903e+02
8.238235294099999351e+01 1.470882352939999862e+02
2.434375000000000000e+02 1.473125000000000000e+02
2.645000000000000000e+02 1.483823529409999935e+02
3.850000000000000000e+02 1.485000000000000000e+02
4.305000000000000000e+02 1.486999999999999886e+02
2.855000000000000000e+02 1.503823529409999935e+02
4.460526315799999963e+01 1.510789473680000015e+02
5.653695652169999448e+02 1.527173913039999888e+02
6.338888888900000040e+01 1.547777777780000008e+02
1.400714285710000127e+02 1.545000000000000000e+02
2.245999999999999943e+02 1.548000000000000114e+02
4.720000000000000000e+02 1.540000000000000000e+02
3.308999999999999773e+02 1.550999999999999943e+02
1.025000000000000000e+02 1.575000000000000000e+02
5.368846153849999610e+02 1.575769230770000036e+02
3.755769230770000036e+02 1.578076923079999858e+02
4.915000000000000000e+02 1.595000000000000000e+02
2.150000000000000000e+01 1.601666666669999870e+02
3.548636363640000013e+02 1.594090909090000139e+02
4.433461538459999929e+02 1.599615384619999929e+02
1.795000000000000000e+02 1.620217391299999861e+02
3.018157894739999847e+02 1.619736842110000055e+02
5.126875000000000000e+02 1.617500000000000000e+02
3.995000000000000000e+02 1.620000000000000000e+02
3.611538461500000352e+01 1.631153846150000106e+02
8.500000000000000000e+00 1.640000000000000000e+02
2.080000000000000000e+02 1.635000000000000000e+02
2.715000000000000000e+02 1.645000000000000000e+02
6.054999999999999716e+01 1.664000000000000057e+02
1.500000000000000000e+02 1.670000000000000000e+02
2.395952380950000133e+02 1.681190476190000140e+02
2.813750000000000000e+02 1.666250000000000000e+02
4.205526315789999785e+02 1.676578947369999923e+02
1.194230769229999964e+02 1.681923076920000142e+02
3.250000000000000000e+02 1.682142857139999990e+02
8.007142857099999844e+01 1.705000000000000000e+02
3.671250000000000000e+02 1.705000000000000000e+02
5.360238095239999438e+02 1.708809523809999860e+02
9.911111111099999960e+01 1.712777777780000008e+02
4.581250000000000000e+02 1.717500000000000000e+02
5.506176470589999781e+02 1.714411764710000057e+02
5.015000000000000000e+02 1.725000000000000000e+02
1.508913043480000056e+02 1.754565217390000100e+02
3.869210526319999985e+02 1.753947368419999862e+02
4.422222222220000276e+02 1.753888888889999862e+02
4.754499999999999886e+02 1.754000000000000057e+02
5.810000000000000000e+02 1.757222222219999992e+02
5.000000000000000000e-01 1.760000000000000000e+02
2.055000000000000000e+02 1.775000000000000000e+02
2.777500000000000000e+02 1.775625000000000000e+02
1.643666666670000041e+02 1.790333333330000016e+02
2.251250000000000000e+02 1.797500000000000000e+02
1.631818181799999934e+01 1.796818181820000007e+02
1.076176470590000065e+02 1.799117647060000138e+02
3.388846153850000178e+02 1.801153846150000106e+02
4.043181818180000278e+02 1.803181818179999993e+02
3.001250000000000000e+02 1.815000000000000000e+02
2.484375000000000000e+02 1.846250000000000000e+02
3.557222222220000276e+02 1.840000000000000000e+02
4.618636363640000013e+02 1.834090909090000139e+02
5.126904761900000267e+02 1.856428571429999863e+02
5.250000000000000000e+01 1.873636363640000013e+02
1.879166666669999870e+02 1.857500000000000000e+02
3.120000000000000000e+02 1.875000000000000000e+02
1.319999999999999929e+01 1.878000000000000114e+02
5.730625000000000000e+02 1.887500000000000000e+02
7.325000000000000000e+01 1.914375000000000000e+02
4.865000000000000000e+02 1.910000000000000000e+02
2.750000000000000000e+00 1.921250000000000000e+02
3.481666666670000154e+02 1.925000000000000000e+02
4.195000000000000000e+02 1.920000000000000000e+02
2.712142857140000274e+02 1.930000000000000000e+02
5.469210526320000554e+02 1.933947368419999862e+02
3.050000000000000000e+01 1.948809523809999860e+02
1.200000000000000000e+02 1.942142857139999990e+02
2.093421052630000077e+02 1.946578947369999923e+02
3.789705882349999797e+02 1.948529411760000016e+02
1.450000000000000000e+02 1.960000000000000000e+02
5.850000000000000000e+02 1.957857142860000010e+02
1.080000000000000000e+02 1.975000000000000000e+02
2.192500000000000000e+02 1.971666666669999870e+02
4.400000000000000000e+02 1.972142857139999990e+02
1.708846153849999894e+02 1.978846153849999894e+02
2.842142857140000274e+02 1.990000000000000000e+02
4.562222222220000276e+02 1.996111111110000138e+02
3.963000000000000114e+02 2.000000000000000000e+02
4.920000000000000000e+02 2.000000000000000000e+02
5.296111111110000138e+02 2.007777777780000008e+02
1.903421052630000077e+02 2.023421052630000077e+02
3.328809523809999860e+02 2.037380952379999997e+02
2.340000000000000000e+02 2.037857142860000010e+02
4.034523809519999986e+02 2.043095238100000017e+02
5.812500000000000000e+01 2.052500000000000000e+02
7.876666666699999553e+01 2.058333333330000130e+02
1.325000000000000000e+02 2.085000000000000000e+02
5.750000000000000000e+02 2.082142857139999990e+02
2.050000000000000000e+01 2.093571428570000137e+02
4.585714285699999948e+01 2.095714285710000127e+02
3.641470588239999984e+02 2.095000000000000000e+02
2.973823529410000219e+02 2.100882352939999862e+02
5.131666666669999586e+02 2.095833333330000130e+02
2.756904761900000267e+02 2.115476190480000014e+02
4.358571428569999853e+02 2.115714285710000127e+02
2.103181818179999993e+02 2.123181818179999993e+02
2.543181818179999993e+02 2.125909090909999861e+02
4.810000000000000000e+02 2.125000000000000000e+02
4.995833333329999846e+02 2.118333333330000130e+02
5.302619047619999719e+02 2.131190476190000140e+02
3.795000000000000000e+02 2.125000000000000000e+02
1.540000000000000000e+02 2.140000000000000000e+02
3.128529411760000016e+02 2.139705882350000081e+02
3.474499999999999886e+02 2.148000000000000114e+02
4.495909090910000145e+02 2.141363636359999987e+02
2.350000000000000000e+01 2.153666666670000041e+02
1.166333333329999959e+02 2.158333333330000130e+02
5.863461538459999929e+02 2.159615384619999929e+02
3.500000000000000000e+00 2.180000000000000000e+02
7.337500000000000000e+01 2.173750000000000000e+02
2.827391304349999928e+02 2.221630434779999916e+02
2.271666666669999870e+02 2.204166666669999870e+02
5.488636363639999445e+02 2.194090909090000139e+02
1.772500000000000000e+02 2.217500000000000000e+02
2.437500000000000000e+02 2.216500000000000057e+02
5.300000000000000000e+01 2.220000000000000000e+02
9.688888888900000040e+01 2.227777777780000008e+02
3.224473684210000215e+02 2.235526315790000069e+02
5.703571428569999853e+02 2.236904761899999983e+02
5.132142857139999705e+02 2.240000000000000000e+02
4.658750000000000000e+02 2.255000000000000000e+02
3.980000000000000000e+02 2.260000000000000000e+02
4.833636363640000013e+02 2.269545454549999874e+02
4.161250000000000000e+02 2.279375000000000000e+02
4.375909090910000145e+02 2.281363636359999987e+02
3.091176470599999959e+01 2.306176470590000065e+02
1.405999999999999943e+02 2.304499999999999886e+02
2.633947368419999862e+02 2.300789473680000015e+02
3.825476190480000014e+02 2.319285714289999873e+02
1.239375000000000000e+02 2.338750000000000000e+02
1.948529411760000016e+02 2.345000000000000000e+02
3.616538461540000071e+02 2.349615384619999929e+02
5.479285714290000442e+02 2.352857142860000010e+02
7.776315789500000619e+01 2.368684210529999916e+02
3.044166666670000154e+02 2.361666666669999870e+02
6.150000000000000000e+01 2.380000000000000000e+02
9.678571428600000104e+01 2.380000000000000000e+02
1.605000000000000000e+02 2.382647058819999870e+02
3.777500000000000000e+02 2.381666666669999870e+02
2.253823529409999935e+02 2.390882352939999862e+02
5.829666666670000268e+02 2.391666666669999870e+02
3.722222222000000080e+00 2.400000000000000000e+02
2.830000000000000000e+02 2.405000000000000000e+02
3.389166666670000154e+02 2.397500000000000000e+02
5.267857142860000295e+02 2.400000000000000000e+02
1.872222222199999919e+01 2.410000000000000000e+02
1.822142857139999990e+02 2.410000000000000000e+02
2.088846153849999894e+02 2.411153846150000106e+02
4.310833333329999846e+02 2.412500000000000000e+02
4.514473684210000215e+02 2.412894736840000007e+02
3.993095238099999733e+02 2.424523809519999986e+02
5.059285714289999873e+02 2.435000000000000000e+02
1.495000000000000000e+02 2.440000000000000000e+02
2.351111111110000138e+02 2.447777777780000008e+02
2.711470588239999984e+02 2.459705882350000081e+02
1.945000000000000000e+02 2.475000000000000000e+02
5.638846153849999610e+02 2.478846153849999894e+02
3.273888888889999862e+02 2.494444444439999984e+02
4.660000000000000000e+02 2.497857142860000010e+02
1.127857142860000010e+02 2.510000000000000000e+02
8.840000000000000568e+01 2.525500000000000114e+02
3.622500000000000000e+02 2.529166666669999870e+02
4.845666666669999927e+02 2.529000000000000057e+02
4.589999999999999858e+01 2.539000000000000057e+02
1.285666666669999927e+02 2.540999999999999943e+02
2.821153846149999822e+02 2.541153846150000106e+02
1.622142857139999990e+02 2.550000000000000000e+02
2.973888888889999862e+02 2.557777777780000008e+02
5.033888888889999862e+02 2.560555555560000016e+02
5.431315789469999800e+02 2.588684210530000200e+02
7.833333332999999676e+00 2.605000000000000000e+02
3.848999999999999773e+02 2.598999999999999773e+02
5.182142857139999705e+02 2.600000000000000000e+02
3.160294117650000203e+02 2.628529411760000016e+02
5.578846153849999610e+02 2.621153846149999822e+02
2.175500000000000114e+02 2.632500000000000000e+02
5.691176470599999959e+01 2.643823529410000219e+02
9.897058823499999392e+01 2.648529411760000016e+02
4.052500000000000000e+02 2.638750000000000000e+02
4.305000000000000000e+02 2.645000000000000000e+02
4.563333333329999846e+02 2.645000000000000000e+02
5.790000000000000000e+02 2.640000000000000000e+02
2.550000000000000000e+02 2.653000000000000114e+02
3.507666666669999813e+02 2.658333333329999846e+02
4.797142857140000274e+02 2.658571428569999853e+02
1.136818181820000007e+02 2.666818181819999722e+02
3.295000000000000000e+02 2.668750000000000000e+02
4.401153846149999822e+02 2.668846153850000178e+02
1.420000000000000000e+02 2.677857142859999726e+02
3.920000000000000000e+02 2.680000000000000000e+02
4.871000000000000227e+02 2.681000000000000227e+02
2.366111111110000138e+02 2.698333333329999846e+02
1.845000000000000000e+02 2.711666666670000154e+02
5.340000000000000000e+02 2.713333333329999846e+02
3.325000000000000000e+01 2.721250000000000000e+02
2.682500000000000000e+02 2.718750000000000000e+02
5.072222222220000276e+02 2.726111111110000138e+02
6.700000000000000000e+01 2.740000000000000000e+02
1.721363636359999987e+02 2.735909090910000145e+02
3.005000000000000000e+02 2.735000000000000000e+02
3.752500000000000000e+02 2.737500000000000000e+02
8.185294117600000163e+01 2.749705882349999797e+02
2.076904761899999983e+02 2.754523809519999986e+02
1.545000000000000000e+02 2.763000000000000114e+02
2.251428571429999863e+02 2.774285714289999873e+02
3.514333333330000073e+02 2.781000000000000227e+02
1.316333333329999959e+02 2.790333333329999732e+02
4.236666666699999695e+01 2.829666666670000268e+02
5.431000000000000227e+02 2.835666666669999927e+02
5.691470588240000552e+02 2.835588235289999943e+02
2.705000000000000000e+02 2.835000000000000000e+02
6.722222222000000080e+00 2.850000000000000000e+02
3.832500000000000000e+02 2.851250000000000000e+02
9.112500000000000000e+01 2.867500000000000000e+02
3.638000000000000114e+02 2.858000000000000114e+02
4.022142857140000274e+02 2.860000000000000000e+02
1.033888888890000004e+02 2.873333333329999846e+02
2.015000000000000000e+02 2.870000000000000000e+02
3.156538461540000071e+02 2.881923076919999858e+02
4.386764705879999724e+02 2.885588235289999943e+02
2.877307692310000107e+02 2.887307692310000107e+02
4.657222222220000276e+02 2.890000000000000000e+02
5.916666666700000121e+01 2.914166666670000154e+02
2.497916666669999870e+02 2.912083333329999846e+02
4.887222222220000276e+02 2.911111111110000138e+02
5.586111111110000138e+02 2.927777777779999724e+02
2.739473684200000037e+01 2.929210526319999985e+02
5.198999999999999773e+02 2.931000000000000227e+02
3.582058823529999927e+02 2.946176470589999781e+02
1.556176470590000065e+02 2.947941176470000073e+02
1.803421052630000077e+02 2.956578947369999923e+02
4.183666666670000041e+02 2.949666666670000268e+02
5.855000000000000000e+02 2.956333333329999959e+02
1.283421052630000077e+02 2.965526315789999785e+02
1.688529411760000016e+02 2.965000000000000000e+02
4.046052631580000138e+02 2.969210526319999985e+02
4.526052631580000138e+02 2.969210526319999985e+02
3.263823529410000219e+02 2.979117647059999854e+02
2.366538461540000071e+02 2.989615384620000214e+02
3.013095238099999733e+02 2.994523809519999986e+02
3.470000000000000000e+02 2.995000000000000000e+02
2.226176470590000065e+02 3.000882352940000146e+02
7.440909090899999967e+01 3.008636363640000013e+02
1.565789473699999945e+01 3.026578947369999923e+02
9.278571428600000104e+01 3.030000000000000000e+02
2.010789473680000015e+02 3.036052631580000138e+02
1.378888888889999862e+02 3.047222222220000276e+02
5.023000000000000114e+02 3.037666666669999813e+02
2.616578947369999923e+02 3.053421052630000077e+02
4.400000000000000000e+01 3.062142857140000274e+02
4.734444444439999984e+02 3.067222222220000276e+02
2.751000000000000227e+02 3.068999999999999773e+02
4.420000000000000000e+02 3.072142857140000274e+02
4.581153846149999822e+02 3.071153846149999822e+02
3.139117647059999854e+02 3.083823529410000219e+02
3.792692307689999893e+02 3.091153846149999822e+02
1.801666666669999870e+02 3.095833333329999846e+02
5.466666666669999586e+02 3.113888888889999862e+02
5.721153846150000390e+02 3.111153846149999822e+02
4.128846153850000178e+02 3.118846153850000178e+02
6.650000000000000000e+01 3.150000000000000000e+02
1.645000000000000000e+02 3.160000000000000000e+02
2.410333333330000016e+02 3.156333333329999959e+02
5.303846153799999996e+01 3.176538461540000071e+02
8.381578947399999890e+01 3.192368421049999938e+02
2.176818181820000007e+02 3.179545454550000159e+02
3.951315789469999800e+02 3.191315789469999800e+02
5.324500000000000455e+02 3.183999999999999773e+02
1.124090909089999997e+02 3.194090909089999855e+02
3.374090909089999855e+02 3.188636363640000013e+02
4.943421052630000077e+02 3.196578947369999923e+02
4.289473683999999842e+00 3.204473684210000215e+02
2.622142857140000274e+02 3.210000000000000000e+02
2.937500000000000000e+02 3.217500000000000000e+02
4.258571428569999853e+02 3.212857142859999726e+02
3.148846153850000178e+02 3.221153846149999822e+02
4.837500000000000000e+02 3.221666666670000154e+02
3.565000000000000000e+02 3.235000000000000000e+02
3.479999999999999716e+01 3.256000000000000227e+02
4.599615384620000214e+02 3.263461538459999929e+02
5.622500000000000000e+02 3.265625000000000000e+02
1.833888888889999862e+02 3.277777777779999724e+02
4.450000000000000000e+02 3.273125000000000000e+02
5.115000000000000000e+02 3.275000000000000000e+02
1.915000000000000000e+02 3.280000000000000000e+02
1.523888888889999862e+02 3.297777777779999724e+02
2.535500000000000114e+02 3.296000000000000227e+02
3.786111111110000138e+02 3.292222222220000276e+02
2.295909090909999861e+02 3.301363636359999987e+02
6.988461538500000358e+01 3.311153846149999822e+02
1.306764705880000008e+02 3.316764705879999724e+02
5.531363636360000555e+02 3.305909090910000145e+02
4.971153846149999822e+02 3.318846153850000178e+02
3.192222222220000276e+02 3.336111111110000138e+02
3.409347826090000240e+02 3.335869565219999799e+02
3.035666666669999927e+02 3.348999999999999773e+02
2.118636363640000013e+02 3.364090909089999855e+02
3.881000000000000227e+02 3.385666666669999927e+02
9.061764705900000649e+01 3.390882352940000146e+02
5.311153846150000390e+02 3.391153846149999822e+02
1.099000000000000057e+02 3.401000000000000227e+02
4.078529411760000016e+02 3.400294117650000203e+02
1.044999999999999929e+01 3.423999999999999773e+02
5.050000000000000000e+01 3.425000000000000000e+02
2.755555555560000016e+02 3.427222222220000276e+02
2.400000000000000000e+01 3.430000000000000000e+02
4.230882352940000146e+02 3.446176470589999781e+02
1.690999999999999943e+02 3.461000000000000227e+02
3.602272727270000132e+02 3.463181818180000278e+02
3.761153846149999822e+02 3.461153846149999822e+02
4.620000000000000000e+02 3.460000000000000000e+02
5.180000000000000000e+02 3.462142857140000274e+02
1.503823529409999935e+02 3.473823529410000219e+02
2.298809523809999860e+02 3.472619047619999719e+02
2.470000000000000000e+02 3.470000000000000000e+02
1.312500000000000000e+02 3.483500000000000227e+02
5.735000000000000000e+02 3.485000000000000000e+02
1.936578947369999923e+02 3.495526315789999785e+02
4.463999999999999773e+02 3.494499999999999886e+02
4.784411764710000057e+02 3.493235294120000276e+02
4.078999999999999773e+02 3.501000000000000227e+02
3.376875000000000000e+02 3.523125000000000000e+02
4.915909090910000145e+02 3.521363636359999987e+02
5.501666666669999586e+02 3.519444444439999984e+02
5.971428571399999896e+01 3.528571428569999853e+02
1.030000000000000000e+02 3.532777777779999724e+02
5.137000000000000455e+02 3.535000000000000000e+02
5.350000000000000000e+02 3.542142857140000274e+02
2.636000000000000227e+02 3.558000000000000114e+02
1.315000000000000000e+02 3.545000000000000000e+02
2.118333333330000130e+02 3.555833333329999846e+02
3.727857142859999726e+02 3.566904761900000267e+02
2.680769230800000003e+01 3.570384615379999786e+02
8.025000000000000000e+01 3.576499999999999773e+02
2.811153846149999822e+02 3.597307692310000107e+02
1.702142857139999990e+02 3.610000000000000000e+02
2.950789473680000015e+02 3.616052631580000138e+02
4.550000000000000000e+01 3.620000000000000000e+02
1.183076923080000000e+02 3.629230769229999964e+02
1.903000000000000114e+02 3.615000000000000000e+02
3.158636363640000013e+02 3.631363636359999987e+02
1.533333333300000056e+01 3.650000000000000000e+02
3.916176470589999781e+02 3.666176470589999781e+02
4.241666666670000154e+02 3.655833333329999846e+02
4.621000000000000227e+02 3.661000000000000227e+02
5.747222222220000276e+02 3.661111111110000138e+02
2.476578947369999923e+02 3.689210526319999985e+02
5.060000000000000000e+02 3.685000000000000000e+02
4.757142857140000274e+02 3.704285714289999873e+02
2.264230769229999964e+02 3.708846153850000178e+02
6.056666666699999979e+01 3.723666666670000041e+02
3.385000000000000000e+02 3.722894736839999723e+02
2.032333333329999903e+02 3.736999999999999886e+02
9.721428571399999896e+01 3.740000000000000000e+02
1.310000000000000000e+02 3.740000000000000000e+02
2.650882352940000146e+02 3.743823529410000219e+02
5.282894736839999723e+02 3.745000000000000000e+02
3.805000000000000000e+02 3.768888888889999862e+02
4.148529411760000016e+02 3.775000000000000000e+02
1.531875000000000000e+02 3.786250000000000000e+02
2.833999999999999773e+02 3.785500000000000114e+02
5.533947368420000430e+02 3.779210526319999985e+02
1.197777777780000008e+02 3.826111111110000138e+02
4.435555555560000016e+02 3.826111111110000138e+02
3.582142857140000274e+02 3.830000000000000000e+02
3.907666666669999813e+02 3.831666666670000154e+02
5.770000000000000000e+02 3.832777777779999724e+02
3.600000000000000000e+01 3.845000000000000000e+02
7.650000000000000000e+01 3.842647058819999870e+02
1.866578947369999923e+02 3.846578947369999923e+02
3.082272727270000132e+02 3.848636363640000013e+02
1.418076923079999858e+02 3.865769230770000036e+02
4.112777777779999724e+02 3.860000000000000000e+02
5.000000000000000000e-01 3.860000000000000000e+02
1.620999999999999943e+02 3.871000000000000227e+02
4.945909090910000145e+02 3.871363636359999987e+02
4.590000000000000000e+02 3.885000000000000000e+02
5.220000000000000000e+02 3.882142857140000274e+02
7.088235294000000408e+00 3.903823529410000219e+02
6.365789473699999945e+01 3.904473684210000215e+02
3.257105263160000277e+02 3.905526315789999785e+02
4.772500000000000000e+02 3.927500000000000000e+02
5.341666666669999586e+02 3.917666666669999813e+02
2.328684210529999916e+02 3.932894736839999723e+02
2.748636363640000013e+02 3.924090909089999855e+02
8.216666666700000121e+01 3.946111111110000138e+02
1.775000000000000000e+02 3.945000000000000000e+02
3.416176470589999781e+02 3.950882352940000146e+02
4.348333333329999846e+02 3.947500000000000000e+02
2.525000000000000000e+02 3.961666666670000154e+02
3.688076923080000142e+02 3.972692307689999893e+02
2.108636363640000013e+02 3.969545454550000159e+02
3.040000000000000000e+02 3.982777777779999724e+02
5.736333333329999959e+02 3.990333333329999732e+02
3.755882352900000143e+01 4.003235294120000276e+02
1.033235294119999992e+02 4.006764705879999724e+02
1.960000000000000000e+02 4.010000000000000000e+02
4.447857142859999726e+02 4.010000000000000000e+02
5.118636363640000013e+02 4.004090909089999855e+02
5.602222222220000276e+02 4.013888888889999862e+02
5.875000000000000000e+02 4.015000000000000000e+02
2.711538461499999997e+01 4.028846153850000178e+02
1.623421052630000077e+02 4.033421052630000077e+02
1.176818181820000007e+02 4.043181818180000278e+02
3.828333333329999846e+02 4.057500000000000000e+02
4.067857142859999726e+02 4.080000000000000000e+02
4.268333333329999846e+02 4.077500000000000000e+02
9.509999999999999432e+01 4.101000000000000227e+02
4.755476190480000014e+02 4.103095238099999733e+02
4.881666666670000154e+02 4.108333333329999846e+02
2.235000000000000000e+02 4.115000000000000000e+02
2.435909090909999861e+02 4.111363636359999987e+02
3.271153846149999822e+02 4.108846153850000178e+02
5.321153846150000390e+02 4.111153846149999822e+02
1.445000000000000000e+02 4.125000000000000000e+02
2.596000000000000227e+02 4.124499999999999886e+02
3.447500000000000000e+02 4.153750000000000000e+02
4.365000000000000000e+02 4.150000000000000000e+02
1.166666667000000102e+00 4.159444444439999984e+02
7.078571428600000104e+01 4.163571428569999853e+02
5.451470588240000552e+02 4.160294117650000203e+02
2.438888888900000040e+01 4.175555555560000016e+02
1.971999999999999886e+02 4.163000000000000114e+02
1.702692307689999893e+02 4.178846153850000178e+02
1.808846153849999894e+02 4.178846153850000178e+02
5.672222222199999919e+01 4.198888888889999862e+02
3.781499999999999773e+02 4.198000000000000114e+02
5.178750000000000000e+02 4.196875000000000000e+02
2.840000000000000000e+02 4.205000000000000000e+02
3.048846153850000178e+02 4.198846153850000178e+02
1.086052631579999996e+02 4.210789473680000015e+02
4.162777777779999724e+02 4.210000000000000000e+02
5.671153846150000390e+02 4.207307692310000107e+02
5.871666666669999586e+02 4.210000000000000000e+02
1.540000000000000000e+02 4.223000000000000114e+02
4.783947368419999862e+02 4.229210526319999985e+02
2.371666666669999870e+02 4.256666666670000154e+02
3.177142857140000274e+02 4.257142857140000274e+02
3.845000000000000000e+02 4.250454545449999841e+02
3.350000000000000000e+01 4.262142857140000274e+02
2.593750000000000000e+02 4.275625000000000000e+02
4.548809523809999860e+02 4.293571428569999853e+02
5.738846153849999610e+02 4.291153846149999822e+02
3.430000000000000000e+02 4.300000000000000000e+02
9.590000000000000568e+01 4.308999999999999773e+02
2.916250000000000000e+02 4.303750000000000000e+02
3.222142857140000274e+02 4.317380952380000281e+02
1.920000000000000000e+02 4.316999999999999886e+02
1.500000000000000000e+00 4.325000000000000000e+02
5.362058823529999927e+02 4.332058823529999927e+02
1.290000000000000000e+02 4.344090909089999855e+02
3.678846153850000178e+02 4.341153846149999822e+02
7.225000000000000000e+01 4.352500000000000000e+02
1.728157894740000131e+02 4.358684210530000200e+02
2.080000000000000000e+02 4.343000000000000114e+02
2.562142857140000274e+02 4.351428571430000147e+02
4.243000000000000114e+02 4.356999999999999886e+02
4.940000000000000000e+02 4.352142857140000274e+02
4.643750000000000000e+01 4.365000000000000000e+02
2.795000000000000000e+02 4.357857142859999726e+02
3.890000000000000000e+02 4.360000000000000000e+02
3.530000000000000000e+02 4.376999999999999886e+02
1.106904761899999983e+02 4.399285714289999873e+02
3.009499999999999886e+02 4.396499999999999773e+02
5.150000000000000000e+02 4.392142857140000274e+02
5.587000000000000455e+02 4.385000000000000000e+02
1.574375000000000000e+02 4.422500000000000000e+02
1.978571428600000104e+01 4.428571428569999853e+02
8.000000000000000000e+01 4.430000000000000000e+02
2.298846153849999894e+02 4.431153846149999822e+02
2.750454545449999841e+02 4.461363636359999987e+02
3.988333333329999846e+02 4.457500000000000000e+02
4.269545454550000159e+02 4.461363636359999987e+02
4.400882352940000146e+02 4.466176470589999781e+02
4.646250000000000000e+02 4.456250000000000000e+02
5.003571428569999853e+02 4.464285714289999873e+02
3.785000000000000000e+02 4.470000000000000000e+02
1.295999999999999943e+02 4.495500000000000114e+02
3.000000000000000000e+01 4.505000000000000000e+02
5.366176470589999781e+02 4.500882352940000146e+02
5.870714285709999558e+02 4.502142857140000274e+02
2.123181818179999993e+02 4.523181818180000278e+02
4.793823529410000219e+02 4.530882352940000146e+02
3.283571428569999853e+02 4.546904761900000267e+02
5.685000000000000000e+02 4.545000000000000000e+02
2.559615384619999929e+02 4.546538461540000071e+02
3.100000000000000000e+02 4.545000000000000000e+02
2.428636363640000013e+02 4.574090909089999855e+02
4.563999999999999773e+02 4.585500000000000114e+02
1.662500000000000000e+02 4.588333333329999846e+02
3.994090909089999855e+02 4.594090909089999855e+02
1.936333333329999959e+02 4.600333333329999732e+02
4.183421052630000077e+02 4.603421052630000077e+02
7.500000000000000000e+00 4.615000000000000000e+02
6.600000000000000000e+01 4.610000000000000000e+02
3.655000000000000000e+02 4.616999999999999886e+02
9.926923076900000353e+01 4.628846153850000178e+02
1.211666666670000012e+02 4.644166666670000154e+02
3.445000000000000000e+02 4.640000000000000000e+02
5.264411764709999488e+02 4.642647058819999870e+02
1.434166666669999870e+02 4.648333333329999846e+02
7.903846153800000707e+01 4.656538461540000071e+02
4.899736842109999770e+02 4.681315789469999800e+02
2.278846153849999894e+02 4.681153846149999822e+02
5.005000000000000000e+02 4.683000000000000114e+02
2.188461538500000003e+01 4.691153846149999822e+02
4.395000000000000000e+02 4.690000000000000000e+02
2.805000000000000000e+02 4.705000000000000000e+02
2.999375000000000000e+02 4.698750000000000000e+02
3.789545454550000159e+02 4.701363636359999987e+02
4.931818181799999934e+01 4.706818181819999722e+02
2.593750000000000000e+02 4.716875000000000000e+02
5.532894736839999723e+02 4.718684210530000200e+02
5.726333333329999959e+02 4.710333333329999732e+02
4.715526315789999785e+02 4.734473684210000215e+02
2.128333333330000130e+02 4.745000000000000000e+02
1.907500000000000000e+02 4.751666666670000154e+02
6.613636363599999868e+01 4.755909090910000145e+02
3.162142857140000274e+02 4.770000000000000000e+02
3.363999999999999773e+02 4.775500000000000114e+02
1.701666666669999870e+02 4.785000000000000000e+02
4.260000000000000000e+02 4.777857142859999726e+02
1.072142857139999990e+02 4.790000000000000000e+02
1.531153846150000106e+02 4.791153846149999822e+02
4.953461538459999929e+02 4.800384615379999786e+02
5.623095238099999733e+02 4.813571428569999853e+02
1.290625000000000000e+02 4.821250000000000000e+02
2.280000000000000000e+02 4.823333333329999846e+02
2.750000000000000000e+02 4.820000000000000000e+02
3.977777777779999724e+02 4.823888888889999862e+02
4.530000000000000000e+02 4.826999999999999886e+02
5.368333333330000414e+02 4.836333333329999959e+02
5.500000000000000000e+00 4.845000000000000000e+02
2.516176470590000065e+02 4.840882352940000146e+02
3.775909090910000145e+02 4.841363636359999987e+02
7.903333333300000163e+01 4.853666666670000041e+02
2.017500000000000000e+02 4.858333333329999846e+02
5.231666666669999586e+02 4.855833333329999846e+02
3.626250000000000000e+02 4.886250000000000000e+02
5.830000000000000000e+02 4.896875000000000000e+02
1.545000000000000000e+02 4.900000000000000000e+02
3.232500000000000000e+02 4.904375000000000000e+02
4.783823529410000219e+02 4.900882352940000146e+02
4.826923076900000353e+01 4.916538461540000071e+02
3.038571428569999853e+02 4.910714285710000127e+02
1.881428571429999863e+02 4.924285714289999873e+02
3.450000000000000000e+01 4.955000000000000000e+02
1.181428571430000005e+02 4.964285714289999873e+02
2.241153846150000106e+02 4.962692307689999893e+02
3.646999999999999886e+02 4.965000000000000000e+02
1.875000000000000000e+00 4.982500000000000000e+02
4.389375000000000000e+02 4.997500000000000000e+02
5.078846153850000178e+02 4.991153846149999822e+02
7.200000000000000000e+01 5.000000000000000000e+02
1.654090909090000139e+02 5.001363636359999987e+02
4.035000000000000000e+02 5.005000000000000000e+02
4.622142857140000274e+02 5.000000000000000000e+02
5.233461538459999929e+02 5.000384615379999786e+02
1.360333333330000016e+02 5.013666666670000041e+02
3.438333333329999846e+02 5.007500000000000000e+02
2.605000000000000000e+02 5.026176470589999781e+02
2.774333333330000073e+02 5.016333333329999959e+02
5.371363636360000555e+02 5.025909090910000145e+02
4.170000000000000000e+02 5.040000000000000000e+02
5.615000000000000000e+02 5.058076923080000142e+02
1.008529411760000016e+02 5.059705882349999797e+02
2.061111111099999960e+01 5.074444444439999984e+02
3.841842105260000153e+02 5.075526315789999785e+02
4.189999999999999858e+01 5.075000000000000000e+02
3.165909090910000145e+02 5.078636363640000013e+02
4.688846153850000178e+02 5.082692307689999893e+02
5.773999999999999773e+02 5.085500000000000114e+02
2.398333333330000130e+02 5.090000000000000000e+02
8.629999999999999716e+01 5.104333333330000073e+02
2.250000000000000000e+02 5.116666666670000154e+02
2.918333333329999846e+02 5.127500000000000000e+02
4.076000000000000227e+02 5.134500000000000455e+02
5.557142857139999705e+02 5.131428571430000147e+02
2.097857142860000010e+02 5.140000000000000000e+02
3.358999999999999773e+02 5.136000000000000227e+02
4.872500000000000000e+02 5.145499999999999545e+02
5.335909090909999577e+02 5.141363636360000555e+02
1.790000000000000000e+02 5.150000000000000000e+02
3.480294117650000203e+02 5.161470588240000552e+02
1.594090909090000139e+02 5.175909090909999577e+02
4.522500000000000000e+02 5.168750000000000000e+02
9.477777777800000081e+01 5.186111111110000138e+02
3.804090909089999855e+02 5.178636363639999445e+02
2.458333333299999879e+01 5.203333333330000414e+02
7.200000000000000000e+01 5.202777777779999724e+02
4.315666666669999927e+02 5.203666666670000041e+02
1.990882352939999862e+02 5.216176470589999781e+02
1.302500000000000000e+02 5.225625000000000000e+02
2.651923076919999858e+02 5.225769230769999467e+02
3.176111111110000138e+02 5.230000000000000000e+02
5.147222222220000276e+02 5.221111111110000138e+02
2.455000000000000000e+02 5.241470588240000552e+02
5.566333333329999959e+02 5.279666666670000268e+02
7.026315788999999867e+00 5.298684210530000200e+02
2.141363636359999987e+02 5.284090909090000423e+02
1.720000000000000000e+02 5.295000000000000000e+02
2.820000000000000000e+02 5.310000000000000000e+02
4.660263157890000230e+02 5.307105263160000277e+02
5.865000000000000000e+02 5.308125000000000000e+02
4.685714285699999948e+01 5.312142857139999705e+02
4.376764705879999724e+02 5.314411764709999488e+02
1.435000000000000000e+02 5.330000000000000000e+02
5.298684210530000200e+02 5.337105263160000277e+02
2.302222222219999992e+02 5.346666666669999586e+02
3.690000000000000000e+02 5.347222222220000276e+02
4.841470588239999984e+02 5.345000000000000000e+02
4.965000000000000000e+02 5.348529411759999448e+02
1.152500000000000000e+02 5.357500000000000000e+02
7.161764705900000649e+01 5.359117647059999854e+02
4.213000000000000114e+02 5.367000000000000455e+02
4.028999999999999773e+02 5.368999999999999773e+02
1.907105263159999993e+02 5.385000000000000000e+02
2.965769230770000036e+02 5.383461538459999929e+02
5.159545454550000159e+02 5.388636363639999445e+02
3.445000000000000000e+02 5.410000000000000000e+02
1.224000000000000057e+02 5.425499999999999545e+02
3.830384615379999786e+02 5.416538461540000071e+02
2.810869565200000153e+01 5.434565217389999816e+02
3.233000000000000114e+02 5.453999999999999773e+02
4.296428571430000147e+02 5.464285714290000442e+02
2.663571428569999853e+02 5.472142857139999705e+02
3.089545454550000159e+02 5.466818181820000291e+02
4.760555555560000016e+02 5.483888888889999862e+02
9.509999999999999432e+01 5.488999999999999773e+02
5.742619047619999719e+02 5.501190476189999572e+02
5.383333333299999879e+01 5.493888888889999862e+02
4.520000000000000000e+02 5.508333333330000414e+02
4.884615385000000032e+00 5.518846153849999610e+02
1.550999999999999943e+02 5.531000000000000227e+02
2.736111111110000138e+02 5.535555555559999448e+02
3.792142857140000274e+02 5.530000000000000000e+02
1.376250000000000000e+02 5.551666666669999586e+02
2.071666666669999870e+02 5.539666666670000268e+02
2.533823529409999935e+02 5.539117647059999854e+02
3.500000000000000000e+01 5.555000000000000000e+02
5.094230769229999964e+02 5.548076923080000142e+02
5.280384615379999786e+02 5.553461538459999929e+02
5.472368421050000507e+02 5.557105263160000277e+02
2.261153846150000106e+02 5.567307692309999538e+02
2.967857142859999726e+02 5.580000000000000000e+02
7.883333333299999879e+01 5.607222222220000276e+02
3.395000000000000000e+02 5.609444444440000552e+02
3.550000000000000000e+02 5.605000000000000000e+02
4.600000000000000000e+01 5.615000000000000000e+02
