7.633333333000000387e+00 1.699999999999999956e+00
4.400000000000000000e+01 8.333333330000000094e-01
1.255000000000000000e+02 5.000000000000000000e-01
1.761250000000000000e+02 1.562500000000000000e+00
3.076666666670000154e+02 8.333333330000000094e-01
3.255000000000000000e+02 2.500000000000000000e+00
3.642272727270000132e+02 1.227272726999999897e+00
4.009705882349999797e+02 2.852941175999999857e+00
4.867727272729999868e+02 1.227272726999999897e+00
4.995000000000000000e+02 1.833333332999999898e+00
5.202857142860000295e+02 1.714285714000000072e+00
5.538636363639999445e+02 1.409090908999999892e+00
1.971666666669999870e+02 3.233333333000000032e+00
4.685909090910000145e+02 3.136363636000000010e+00
2.230000000000000000e+02 4.000000000000000000e+00
2.715000000000000000e+02 4.500000000000000000e+00
1.525000000000000000e+02 6.000000000000000000e+00
4.200333333329999732e+02 6.633333333000000387e+00
7.250000000000000000e+01 7.299999999999999822e+00
3.488999999999999773e+02 6.900000000000000355e+00
5.848684210530000200e+02 7.289473683999999842e+00
2.500000000000000000e+01 8.722222221999999192e+00
5.372142857139999705e+02 8.000000000000000000e+00
1.725000000000000000e+02 9.500000000000000000e+00
2.149000000000000057e+02 1.009999999999999964e+01
2.523421052630000077e+02 1.065789473699999945e+01
3.063571428569999853e+02 1.088095238100000017e+01
9.859999999999999432e+01 1.155000000000000071e+01
2.387222222219999992e+02 1.200000000000000000e+01
4.575000000000000000e+02 1.150000000000000000e+01
1.342500000000000000e+02 1.293750000000000000e+01
3.945000000000000000e+02 1.250000000000000000e+01
4.398529411760000016e+02 1.450000000000000000e+01
9.050000000000000000e+01 1.626470588200000122e+01
5.130625000000000000e+02 1.775000000000000000e+01
7.483333333299999879e+01 1.837500000000000000e+01
4.635526315789999785e+02 1.892105263199999854e+01
1.459999999999999964e+01 1.955000000000000071e+01
5.838235294100000061e+01 1.891176470599999959e+01
3.250000000000000000e+02 1.900000000000000000e+01
2.690000000000000000e+02 2.000000000000000000e+01
4.895000000000000000e+02 2.100000000000000000e+01
1.537777777780000008e+02 2.238888888900000040e+01
3.689705882349999797e+02 2.214705882399999837e+01
5.563823529410000219e+02 2.191176470599999959e+01
1.158333333329999988e+02 2.350000000000000000e+01
3.475000000000000000e+02 2.367391304299999888e+01
3.851666666670000154e+02 2.425000000000000000e+01
1.405000000000000000e+02 2.500000000000000000e+01
3.063181818180000278e+02 2.531818181799999934e+01
1.745000000000000000e+02 2.685294117600000163e+01
5.288076923080000142e+02 2.742307692299999999e+01
5.754500000000000455e+02 2.739999999999999858e+01
4.240882352940000146e+02 2.838235294100000061e+01
4.501999999999999886e+02 2.839999999999999858e+01
1.058846153850000036e+02 2.888461538500000003e+01
2.358000000000000114e+02 2.880000000000000071e+01
2.890000000000000000e+02 2.878571428600000104e+01
2.020000000000000000e+02 3.021428571399999896e+01
4.069615384620000214e+02 3.034615384599999999e+01
4.750000000000000000e+00 3.125000000000000000e+01
5.089499999999999886e+02 3.160000000000000142e+01
2.129166666669999870e+02 3.175000000000000000e+01
4.013636363599999868e+01 3.240909090899999967e+01
3.653181818180000278e+02 3.268181818200000066e+01
2.513000000000000114e+02 3.350000000000000000e+01
8.732608695700000112e+01 3.550000000000000000e+01
3.835909090910000145e+02 3.586363636400000132e+01
1.103888888890000004e+02 3.722222222199999919e+01
5.235000000000000000e+02 3.700000000000000000e+01
5.555000000000000000e+02 3.700000000000000000e+01
6.650000000000000000e+01 3.792857142900000156e+01
3.335000000000000000e+02 3.850000000000000000e+01
2.638235294100000061e+01 3.908823529400000041e+01
1.644411764710000057e+02 4.032352941199999918e+01
2.991666666670000154e+02 4.003333333300000163e+01
4.455263157899999982e+01 4.128947368400000073e+01
2.621250000000000000e+02 4.125000000000000000e+01
3.462647058819999870e+02 4.220588235299999980e+01
4.029117647059999854e+02 4.261764705899999939e+01
4.716111111110000138e+02 4.222222222199999919e+01
5.680000000000000000e+02 4.250000000000000000e+01
1.392894736840000007e+02 4.413157894700000128e+01
2.052500000000000000e+02 4.512500000000000000e+01
4.930000000000000000e+02 4.550000000000000000e+01
5.351153846150000390e+02 4.711538461500000352e+01
9.088235294000000408e+00 4.961764705899999939e+01
3.687105263160000277e+02 4.955263157899999982e+01
5.144166666669999586e+02 5.083333333299999879e+01
2.845000000000000000e+02 5.228947368400000073e+01
3.295000000000000000e+02 5.150000000000000000e+01
3.924230769229999964e+02 5.180769230800000003e+01
4.367500000000000000e+02 5.183333333299999879e+01
2.275454545450000126e+02 5.322727272699999901e+01
3.142142857140000274e+02 5.300000000000000000e+01
9.950000000000000000e+01 5.350000000000000000e+01
5.463999999999999773e+02 5.445000000000000284e+01
1.210000000000000000e+02 5.500000000000000000e+01
1.855909090909999861e+02 5.540909090899999967e+01
4.155000000000000000e+02 5.550000000000000000e+01
4.596666666670000154e+02 5.538888888900000040e+01
2.515000000000000000e+02 5.671052631599999927e+01
3.381153846149999822e+02 5.588461538499999648e+01
3.711666666670000154e+02 5.650000000000000000e+01
5.242222222220000276e+02 5.738888888900000040e+01
6.372222222199999919e+01 5.800000000000000000e+01
8.781250000000000000e+01 6.168750000000000000e+01
3.978333333329999846e+02 6.266666666700000121e+01
4.258529411760000016e+02 6.250000000000000000e+01
5.609705882350000365e+02 6.214705882399999837e+01
1.810000000000000142e+01 6.356666666699999979e+01
4.815000000000000000e+02 6.250000000000000000e+01
2.173333333330000130e+02 6.472222222199999919e+01
3.179615384620000214e+02 6.434615384600000709e+01
4.493888888889999862e+02 6.383333333299999879e+01
5.818999999999999773e+02 6.389999999999999858e+01
1.400000000000000000e+02 6.550000000000000000e+01
4.935000000000000000e+02 6.576666666699999553e+01
2.430000000000000000e+02 6.600000000000000000e+01
1.620000000000000000e+02 6.678571428600000104e+01
1.975000000000000000e+02 6.700000000000000000e+01
3.961111111099999960e+01 6.877777777800000081e+01
4.666999999999999886e+02 6.956666666700000690e+01
2.990454545449999841e+02 7.050000000000000000e+01
6.970000000000000284e+01 7.243333333299999310e+01
2.691000000000000227e+02 7.209999999999999432e+01
5.721470588240000552e+02 7.197058823499999392e+01
3.486000000000000227e+02 7.354999999999999716e+01
1.340384615380000071e+02 7.365384615399999291e+01
1.050000000000000000e+01 7.583333333299999879e+01
1.714090909090000139e+02 7.686363636400000132e+01
1.105000000000000000e+02 7.729999999999999716e+01
5.295000000000000000e+02 7.700000000000000000e+01
6.008823529400000041e+01 7.838235294099999351e+01
2.184285714289999873e+02 8.035714285699999948e+01
5.140000000000000000e+02 8.021428571399999896e+01
2.785526315789999785e+02 8.265789473700000656e+01
4.156578947369999923e+02 8.265789473700000656e+01
4.487142857140000274e+02 8.185714285699999948e+01
4.777857142859999726e+02 8.200000000000000000e+01
9.054999999999999716e+01 8.440000000000000568e+01
2.375000000000000000e+02 8.350000000000000000e+01
2.611190476190000140e+02 8.450000000000000000e+01
3.292500000000000000e+02 8.406250000000000000e+01
3.360000000000000142e+01 8.545000000000000284e+01
3.884499999999999886e+02 8.640000000000000568e+01
4.317105263160000277e+02 8.686842105300000583e+01
5.000000000000000000e+02 8.650000000000000000e+01
1.501470588239999984e+02 8.750000000000000000e+01
3.608999999999999773e+02 8.754000000000000625e+01
5.460000000000000000e+02 8.700000000000000000e+01
1.065000000000000000e+02 8.900000000000000000e+01
1.745000000000000000e+02 8.900000000000000000e+01
2.024473684209999931e+02 8.944736842099999308e+01
1.260000000000000000e+02 8.978571428600000104e+01
4.633000000000000114e+02 9.000000000000000000e+01
3.138846153850000178e+02 9.111538461499999642e+01
4.027777777779999724e+02 9.161111111099999960e+01
5.217307692309999538e+02 9.134615384600000709e+01
2.875500000000000114e+02 9.240000000000000568e+01
5.714500000000000455e+02 9.240000000000000568e+01
1.855000000000000000e+02 9.385294117600000163e+01
7.413636363599999868e+01 9.404545454499999835e+01
8.365789473700000656e+01 9.734210526299999344e+01
1.431153846150000106e+02 9.688461538500000358e+01
2.205500000000000114e+02 9.740000000000000568e+01
3.503888888889999862e+02 9.877777777800000081e+01
1.225000000000000000e+01 9.912500000000000000e+01
5.216666666700000121e+01 9.858333333299999879e+01
4.901315789469999800e+02 9.944736842099999308e+01
5.471250000000000000e+02 9.975000000000000000e+01
3.700000000000000000e+01 1.035000000000000000e+02
2.495000000000000000e+02 1.025000000000000000e+02
5.123823529410000219e+02 1.030882352940000004e+02
2.760000000000000000e+02 1.042142857139999990e+02
3.239705882349999797e+02 1.056176470590000065e+02
3.040882352940000146e+02 1.066176470590000065e+02
1.580000000000000000e+02 1.072142857139999990e+02
3.710882352940000146e+02 1.073823529409999935e+02
3.911153846149999822e+02 1.068846153850000036e+02
4.517142857140000274e+02 1.071428571430000005e+02
1.160000000000000000e+02 1.092142857139999990e+02
3.100000000000000000e+01 1.105000000000000000e+02
2.570263157890000230e+02 1.121315789469999942e+02
9.900000000000000000e+01 1.122142857139999990e+02
2.015000000000000000e+02 1.120000000000000000e+02
5.586818181820000291e+02 1.123181818179999993e+02
2.919444444439999984e+02 1.136111111109999996e+02
4.060000000000000000e+02 1.137222222219999992e+02
6.336956521700000167e+01 1.152826086959999969e+02
4.226333333329999959e+02 1.139666666669999984e+02
4.661666666670000154e+02 1.141666666670000012e+02
2.182222222219999992e+02 1.156111111109999996e+02
4.466250000000000000e+02 1.143750000000000000e+02
5.875000000000000000e+02 1.150000000000000000e+02
1.822142857139999990e+02 1.170000000000000000e+02
1.400555555560000016e+02 1.186111111109999996e+02
5.351000000000000227e+02 1.179000000000000057e+02
2.413000000000000114e+02 1.185000000000000000e+02
3.381153846149999822e+02 1.211153846149999964e+02
3.616000000000000227e+02 1.225499999999999972e+02
5.722500000000000000e+02 1.221666666670000012e+02
8.785714285999999262e+00 1.230000000000000000e+02
3.197857142859999726e+02 1.240000000000000000e+02
4.800000000000000000e+01 1.265000000000000000e+02
4.994090909089999855e+02 1.265909090910000003e+02
4.602142857140000274e+02 1.270000000000000000e+02
9.168181818200000066e+01 1.276818181820000007e+02
1.637500000000000000e+02 1.287500000000000000e+02
2.115476190480000014e+02 1.291190476190000140e+02
3.890000000000000000e+02 1.280000000000000000e+02
4.455000000000000000e+02 1.280000000000000000e+02
5.461666666669999586e+02 1.277500000000000000e+02
2.760000000000000000e+02 1.290000000000000000e+02
1.678571428600000104e+01 1.300000000000000000e+02
4.203888888889999862e+02 1.302222222219999992e+02
1.295000000000000000e+02 1.311666666669999870e+02
3.756818181819999722e+02 1.313181818179999993e+02
4.806818181819999722e+02 1.313181818179999993e+02
1.105909090910000003e+02 1.324090909090000139e+02
2.888999999999999773e+02 1.320999999999999943e+02
5.156176470589999781e+02 1.319117647060000138e+02
6.500000000000000000e+01 1.330000000000000000e+02
2.360000000000000000e+02 1.335000000000000000e+02
2.582142857140000274e+02 1.353571428570000137e+02
3.282894736839999723e+02 1.358684210529999916e+02
1.807307692310000107e+02 1.366538461540000071e+02
3.036666666700000050e+01 1.369666666669999984e+02
4.110555555560000016e+02 1.383888888889999862e+02
4.988529411760000016e+02 1.385000000000000000e+02
1.463666666670000041e+02 1.389666666669999984e+02
3.079666666670000268e+02 1.403666666670000041e+02
6.388888889000000404e+00 1.426666666669999870e+02
1.597788104089999877e+02 1.503066914499999882e+02
4.288333333329999846e+02 1.434166666669999870e+02
5.365000000000000000e+02 1.438529411760000016e+02
5.795000000000000000e+02 1.430000000000000000e+02
1.948846153849999894e+02 1.441153846150000106e+02
3.620000000000000000e+02 1.452777777780000008e+02
4.580000000000000000e+02 1.450000000000000000e+02
2.126538461540000071e+02 1.459615384619999929e+02
7.759999999999999432e+01 1.471999999999999886e+02
5.560000000000000000e+02 1.472142857139999990e+02
2.453421052630000077e+02 1.483421052630000077e+02
4.680000000000000000e+02 1.482777777780000008e+02
4.900000000000000000e+01 1.492777777780000008e+02
6.686842105300000583e+01 1.492894736840000007e+02
1.008181818179999993e+02 1.496818181820000007e+02
3.380652173909999760e+02 1.494130434779999916e+02
2.555999999999999943e+02 1.515500000000000114e+02
5.256875000000000000e+02 1.513125000000000000e+02
1.160333333330000016e+02 1.526333333329999959e+02
5.655000000000000000e+02 1.526363636359999987e+02
2.333095238100000017e+02 1.535476190480000014e+02
1.400000000000000000e+02 1.552142857139999990e+02
3.915000000000000000e+02 1.548333333330000130e+02
2.868125000000000000e+02 1.564375000000000000e+02
5.368999999999999773e+02 1.560999999999999943e+02
3.763000000000000114e+02 1.573000000000000114e+02
1.885000000000000000e+02 1.595000000000000000e+02
3.079210526319999985e+02 1.596052631580000138e+02
5.000000000000000000e-01 1.590000000000000000e+02
4.100000000000000000e+01 1.600000000000000000e+02
2.143000000000000114e+02 1.595000000000000000e+02
4.430000000000000000e+02 1.605000000000000000e+02
2.355000000000000071e+01 1.614000000000000057e+02
3.382352941000000168e+00 1.620882352939999862e+02
4.926428571430000147e+02 1.623095238100000017e+02
2.745000000000000000e+02 1.625000000000000000e+02
2.825000000000000000e+02 1.635000000000000000e+02
3.535000000000000000e+02 1.635000000000000000e+02
4.065000000000000000e+02 1.636999999999999886e+02
6.622222222199999919e+01 1.653888888889999862e+02
5.648333333330000414e+02 1.647500000000000000e+02
1.210000000000000000e+02 1.660000000000000000e+02
5.540000000000000000e+02 1.667857142860000010e+02
1.493181818179999993e+02 1.676818181820000007e+02
5.175000000000000000e+02 1.681470588239999984e+02
3.171666666670000154e+02 1.697666666670000097e+02
4.784523809519999986e+02 1.703095238100000017e+02
9.120000000000000284e+01 1.714000000000000057e+02
1.970882352939999862e+02 1.713823529409999935e+02
4.285000000000000000e+02 1.717105263159999993e+02
4.539705882349999797e+02 1.711470588239999984e+02
4.955500000000000114e+02 1.725999999999999943e+02
5.739375000000000000e+02 1.731875000000000000e+02
8.300000000000000000e+01 1.727857142860000010e+02
3.873888888889999862e+02 1.760555555560000016e+02
1.125000000000000000e+00 1.757500000000000000e+02
2.186904761899999983e+02 1.769285714289999873e+02
2.382500000000000000e+02 1.767500000000000000e+02
3.666764705879999724e+02 1.765588235289999943e+02
5.319347826089999671e+02 1.764130434779999916e+02
4.357105263160000277e+02 1.775000000000000000e+02
5.039999999999999858e+01 1.794499999999999886e+02
1.513095238100000017e+02 1.793571428570000137e+02
2.786250000000000000e+02 1.798125000000000000e+02
3.326818181819999722e+02 1.796818181820000007e+02
3.513421052630000077e+02 1.806578947369999923e+02
1.900000000000000000e+01 1.810000000000000000e+02
1.667777777780000008e+02 1.809444444439999984e+02
4.046666666670000154e+02 1.835000000000000000e+02
3.220000000000000000e+02 1.845000000000000000e+02
4.645909090910000145e+02 1.851363636359999987e+02
4.837777777779999724e+02 1.866111111110000138e+02
8.116666666700000121e+01 1.872333333329999903e+02
1.075000000000000000e+02 1.871470588239999984e+02
2.045000000000000000e+02 1.885000000000000000e+02
3.020625000000000000e+02 1.892500000000000000e+02
5.654473684209999647e+02 1.897105263159999993e+02
5.212647058820000439e+02 1.902647058819999870e+02
1.111538461499999997e+01 1.908846153849999894e+02
3.550000000000000000e+01 1.915000000000000000e+02
1.261153846149999964e+02 1.908846153849999894e+02
1.858846153849999894e+02 1.908846153849999894e+02
1.650714285710000127e+02 1.925000000000000000e+02
2.511470588239999984e+02 1.919705882350000081e+02
2.700000000000000000e+02 1.920000000000000000e+02
2.873421052630000077e+02 1.923421052630000077e+02
1.083888888890000004e+02 1.937777777780000008e+02
1.376578947369999923e+02 1.946578947369999923e+02
3.697777777779999724e+02 1.943333333330000130e+02
5.331000000000000227e+02 1.943666666670000041e+02
4.450000000000000000e+02 1.945000000000000000e+02
3.469117647059999854e+02 1.963823529409999935e+02
4.268125000000000000e+02 1.966875000000000000e+02
6.371052631599999927e+01 2.008684210529999916e+02
5.010000000000000000e+02 2.005000000000000000e+02
5.515499999999999545e+02 2.005999999999999943e+02
3.365000000000000000e+02 2.015000000000000000e+02
3.918999999999999773e+02 2.011999999999999886e+02
4.595909090910000145e+02 2.024090909090000139e+02
2.578809523809999860e+02 2.035000000000000000e+02
2.973421052630000077e+02 2.033421052630000077e+02
7.990000000000000568e+01 2.039000000000000057e+02
1.883823529409999935e+02 2.037941176470000073e+02
2.242500000000000000e+02 2.041666666669999870e+02
2.695909090910000145e+02 2.057272727270000132e+02
5.141153846150000390e+02 2.048846153849999894e+02
2.360000000000000000e+02 2.057857142860000010e+02
5.675000000000000000e+02 2.060000000000000000e+02
1.574166666669999870e+02 2.076666666669999870e+02
1.256111111109999996e+02 2.094444444439999984e+02
4.795666666669999927e+02 2.089000000000000057e+02
2.039473684200000037e+01 2.100789473680000015e+02
3.206176470589999781e+02 2.105000000000000000e+02
3.846111111110000138e+02 2.101666666669999870e+02
4.110000000000000142e+01 2.120999999999999943e+02
4.091999999999999886e+02 2.124000000000000057e+02
2.055000000000000000e+02 2.125000000000000000e+02
4.266428571430000147e+02 2.134285714289999873e+02
7.270000000000000284e+01 2.140000000000000000e+02
1.173461538460000071e+02 2.140384615380000071e+02
4.473333333329999846e+02 2.145000000000000000e+02
5.275000000000000000e+02 2.145000000000000000e+02
2.643333333300000021e+01 2.149000000000000057e+02
2.828958333329999846e+02 2.228125000000000000e+02
3.623750000000000000e+02 2.188125000000000000e+02
9.200000000000000000e+01 2.200000000000000000e+02
2.283461538459999929e+02 2.200384615380000071e+02
3.435000000000000000e+02 2.215000000000000000e+02
5.000454545449999841e+02 2.208636363640000013e+02
5.511538461500000352e+01 2.218846153849999894e+02
1.735999999999999943e+02 2.221999999999999886e+02
3.992692307689999893e+02 2.217307692310000107e+02
5.492692307690000462e+02 2.217307692310000107e+02
5.875000000000000000e+02 2.215000000000000000e+02
2.506500000000000057e+02 2.236500000000000057e+02
5.665909090909999577e+02 2.244090909090000139e+02
3.218888888889999862e+02 2.257222222219999992e+02
4.436818181819999722e+02 2.246818181820000007e+02
1.219117647059999996e+02 2.273823529409999935e+02
5.118636363640000013e+02 2.270454545450000126e+02
2.216578947369999923e+02 2.289210526319999985e+02
1.472222222219999992e+02 2.293888888889999862e+02
1.989117647060000138e+02 2.296176470590000065e+02
1.628846153849999894e+02 2.298846153849999894e+02
2.868421053000000054e+00 2.312894736840000007e+02
3.035769230770000036e+02 2.316538461540000071e+02
4.601315789469999800e+02 2.315000000000000000e+02
2.643421052630000077e+02 2.326578947369999923e+02
9.550000000000000000e+01 2.330000000000000000e+02
3.620000000000000000e+02 2.332142857139999990e+02
4.206176470589999781e+02 2.332058823529999927e+02
3.875000000000000000e+02 2.342894736840000007e+02
7.600000000000000000e+01 2.355000000000000000e+02
4.879499999999999886e+02 2.356500000000000057e+02
5.338571428569999853e+02 2.357142857139999990e+02
3.850000000000000000e+01 2.385000000000000000e+02
2.839117647059999854e+02 2.383823529409999935e+02
3.440000000000000000e+02 2.375000000000000000e+02
4.275666666669999927e+02 2.395666666669999927e+02
3.718636363640000013e+02 2.394090909090000139e+02
1.735833333330000130e+02 2.411666666669999870e+02
4.487500000000000000e+02 2.412500000000000000e+02
5.132692307690000462e+02 2.408846153849999894e+02
2.080625000000000000e+02 2.422500000000000000e+02
4.062619047619999719e+02 2.430714285710000127e+02
1.472142857139999990e+02 2.440000000000000000e+02
5.508529411759999448e+02 2.439705882350000081e+02
6.287500000000000000e+01 2.457500000000000000e+02
2.348809523809999860e+02 2.455000000000000000e+02
2.718529411760000016e+02 2.455000000000000000e+02
8.240000000000000568e+01 2.464499999999999886e+02
3.285000000000000000e+02 2.460000000000000000e+02
1.920000000000000000e+02 2.475833333330000130e+02
1.961764705899999939e+01 2.480882352939999862e+02
5.871666666669999586e+02 2.476666666669999870e+02
3.590000000000000000e+02 2.490000000000000000e+02
4.660000000000000000e+02 2.487857142860000010e+02
4.870000000000000000e+02 2.500000000000000000e+02
1.103750000000000000e+02 2.521875000000000000e+02
4.968999999999999773e+02 2.520999999999999943e+02
5.445909090909999577e+02 2.525909090909999861e+02
4.378571428600000104e+01 2.530000000000000000e+02
2.820333333329999732e+02 2.533666666670000041e+02
1.314705882400000014e+01 2.540294117649999919e+02
3.805000000000000000e+02 2.540000000000000000e+02
6.145000000000000284e+01 2.554000000000000057e+02
1.288333333330000130e+02 2.547666666670000097e+02
3.040294117650000203e+02 2.558529411760000016e+02
5.713421052630000077e+02 2.556578947369999923e+02
2.541190476190000140e+02 2.577380952380000281e+02
2.280000000000000000e+02 2.590000000000000000e+02
3.113636363640000013e+02 2.615000000000000000e+02
4.136176470589999781e+02 2.610882352940000146e+02
5.811666666669999586e+02 2.615000000000000000e+02
1.663125000000000000e+02 2.623750000000000000e+02
3.542647058819999870e+02 2.620294117650000203e+02
5.587307692309999538e+02 2.621153846149999822e+02
1.406538461540000071e+02 2.630384615379999786e+02
2.716250000000000000e+02 2.631875000000000000e+02
4.311315789469999800e+02 2.637105263160000277e+02
5.268846153849999610e+02 2.628846153850000178e+02
1.136818181820000007e+02 2.653181818180000278e+02
1.885454545450000126e+02 2.658181818180000278e+02
3.860000000000000142e+01 2.664499999999999886e+02
4.542142857140000274e+02 2.660000000000000000e+02
4.697666666669999813e+02 2.668333333329999846e+02
4.929210526319999985e+02 2.663947368419999862e+02
4.395000000000000000e+02 2.685000000000000000e+02
8.534210526299999344e+01 2.705526315789999785e+02
3.968846153850000178e+02 2.698846153850000178e+02
3.341000000000000227e+02 2.708999999999999773e+02
1.017222222219999992e+02 2.720000000000000000e+02
2.116904761899999983e+02 2.725476190480000014e+02
3.736111111110000138e+02 2.718333333329999846e+02
5.358636363639999445e+02 2.725909090910000145e+02
2.343888888889999862e+02 2.738333333329999846e+02
2.916250000000000000e+02 2.733750000000000000e+02
1.722142857139999990e+02 2.750000000000000000e+02
5.013823529410000219e+02 2.749117647059999854e+02
4.821428571399999896e+01 2.770000000000000000e+02
5.730000000000000000e+02 2.775000000000000000e+02
1.285000000000000000e+02 2.780000000000000000e+02
1.502142857139999990e+02 2.790000000000000000e+02
2.275909090909999861e+02 2.788636363640000013e+02
4.075666666669999927e+02 2.798999999999999773e+02
6.900000000000000000e+01 2.807857142859999726e+02
2.861923076919999858e+02 2.815000000000000000e+02
4.379117647059999854e+02 2.826176470589999781e+02
1.340909090899999967e+01 2.834090909089999855e+02
3.504444444439999984e+02 2.837222222220000276e+02
3.623461538459999929e+02 2.834230769229999964e+02
3.896333333329999959e+02 2.831666666670000154e+02
4.889705882349999797e+02 2.831470588239999984e+02
1.075000000000000000e+02 2.840000000000000000e+02
2.675000000000000000e+02 2.837857142859999726e+02
2.575799999999999841e+02 2.855400000000000205e+02
4.742894736839999723e+02 2.864473684210000215e+02
3.097500000000000000e+02 2.868750000000000000e+02
5.451000000000000227e+02 2.868999999999999773e+02
1.870000000000000000e+02 2.885000000000000000e+02
2.911904761899999983e+01 2.907857142859999726e+02
1.485000000000000000e+02 2.903947368419999862e+02
2.008846153849999894e+02 2.898846153850000178e+02
3.291666666670000154e+02 2.906999999999999886e+02
6.285714285699999948e+01 2.922857142859999726e+02
4.162777777779999724e+02 2.924444444439999984e+02
8.661764705900000649e+01 2.929117647059999854e+02
1.215000000000000000e+02 2.931666666670000154e+02
5.835666666670000495e+02 2.946333333329999959e+02
4.526499999999999773e+02 2.968000000000000114e+02
1.699117647060000138e+02 2.973823529410000219e+02
2.335000000000000000e+02 2.970714285710000127e+02
3.988684210530000200e+02 2.980263157890000230e+02
5.030000000000000000e+02 2.972142857140000274e+02
5.272500000000000000e+02 2.971250000000000000e+02
5.629210526320000554e+02 2.996052631580000138e+02
3.800000000000000000e+01 3.005000000000000000e+02
1.398684210529999916e+02 3.017631578950000062e+02
2.134444444439999984e+02 3.017222222220000276e+02
2.943500000000000227e+02 3.020500000000000114e+02
2.727666666669999813e+02 3.021666666670000154e+02
3.618529411760000016e+02 3.025000000000000000e+02
5.000000000000000000e-01 3.025000000000000000e+02
7.716666666700000121e+01 3.032500000000000000e+02
1.918684210529999916e+02 3.057105263160000277e+02
3.217777777779999724e+02 3.056111111110000138e+02
3.772142857140000274e+02 3.060000000000000000e+02
1.013823529409999935e+02 3.070882352940000146e+02
2.544499999999999886e+02 3.076000000000000227e+02
3.491153846149999822e+02 3.071153846149999822e+02
4.420000000000000000e+02 3.077857142859999726e+02
4.625666666669999927e+02 3.088999999999999773e+02
5.714333333329999505e+02 3.101000000000000227e+02
1.161764705899999939e+01 3.109117647059999854e+02
1.801666666669999870e+02 3.110000000000000000e+02
4.814499999999999886e+02 3.113999999999999773e+02
4.954411764710000057e+02 3.116764705879999724e+02
5.347222222220000276e+02 3.120000000000000000e+02
6.711538461499999642e+01 3.131153846149999822e+02
1.201086956519999944e+02 3.164565217389999816e+02
2.375000000000000000e+02 3.165000000000000000e+02
4.169285714289999873e+02 3.165000000000000000e+02
5.495499999999999545e+02 3.176000000000000227e+02
8.900000000000000000e+01 3.182777777779999724e+02
2.960000000000000000e+02 3.189545454550000159e+02
2.120833333330000130e+02 3.194166666670000154e+02
5.875000000000000000e+02 3.190000000000000000e+02
5.300000000000000000e+01 3.210000000000000000e+02
1.555000000000000000e+02 3.215000000000000000e+02
1.935000000000000000e+02 3.211470588239999984e+02
4.268846153850000178e+02 3.211153846149999822e+02
2.490999999999999943e+02 3.221000000000000227e+02
3.321363636359999987e+02 3.225909090910000145e+02
3.882916666670000154e+02 3.242916666670000154e+02
4.812500000000000000e+02 3.228333333329999846e+02
3.601190476190000140e+02 3.242619047619999719e+02
5.123421052630000077e+02 3.256578947369999923e+02
1.073529411800000055e+01 3.267941176470000073e+02
1.482894736840000007e+02 3.261315789469999800e+02
5.726250000000000000e+02 3.261875000000000000e+02
1.753823529409999935e+02 3.270882352940000146e+02
2.668846153850000178e+02 3.271153846149999822e+02
3.104166666670000154e+02 3.268333333329999846e+02
4.666999999999999886e+02 3.270000000000000000e+02
1.255000000000000000e+02 3.291470588239999984e+02
3.030952381000000173e+01 3.304047619049999867e+02
2.338636363640000013e+02 3.295909090910000145e+02
5.481153846150000390e+02 3.311153846149999822e+02
1.091153846149999964e+02 3.321153846149999822e+02
5.004230769229999964e+02 3.318076923080000142e+02
3.737777777779999724e+02 3.336111111110000138e+02
4.141000000000000227e+02 3.341000000000000227e+02
4.497857142859999726e+02 3.350000000000000000e+02
6.926923076900000353e+01 3.363461538459999929e+02
8.838235294099999351e+01 3.370882352940000146e+02
3.176000000000000227e+02 3.374499999999999886e+02
3.418809523809999860e+02 3.372619047619999719e+02
3.434210526300000055e+01 3.386578947369999923e+02
2.147500000000000000e+02 3.379166666670000154e+02
2.750000000000000000e+02 3.380000000000000000e+02
4.315000000000000000e+02 3.395000000000000000e+02
5.305000000000000000e+02 3.393823529410000219e+02
4.602692307689999893e+02 3.402692307689999893e+02
5.206538461540000071e+02 3.396538461540000071e+02
2.965000000000000000e+02 3.410000000000000000e+02
5.180769230800000003e+01 3.425769230770000036e+02
3.696666666670000154e+02 3.434166666670000154e+02
4.771666666670000154e+02 3.435000000000000000e+02
5.757999999999999545e+02 3.436000000000000227e+02
3.890000000000000000e+02 3.440000000000000000e+02
1.720000000000000000e+02 3.460000000000000000e+02
1.950333333330000016e+02 3.466333333329999959e+02
2.480000000000000000e+02 3.464444444439999984e+02
1.306428571429999863e+02 3.476904761900000267e+02
6.600000000000000000e+01 3.477857142859999726e+02
1.492105263200000032e+01 3.509210526319999985e+02
3.526999999999999886e+02 3.495000000000000000e+02
2.700000000000000000e+01 3.520000000000000000e+02
5.495909090909999577e+02 3.518636363640000013e+02
9.468750000000000000e+01 3.544375000000000000e+02
2.344473684209999931e+02 3.548684210530000200e+02
5.132142857139999705e+02 3.540000000000000000e+02
5.360000000000000000e+02 3.542142857140000274e+02
5.872999999999999545e+02 3.538999999999999773e+02
1.485000000000000000e+02 3.550000000000000000e+02
2.563500000000000227e+02 3.571999999999999886e+02
3.128846153850000178e+02 3.557307692310000107e+02
4.951666666670000154e+02 3.564166666670000154e+02
3.310000000000000000e+02 3.577857142859999726e+02
4.106538461540000071e+02 3.580384615379999786e+02
4.430000000000000000e+02 3.582777777779999724e+02
3.736428571430000147e+02 3.596904761900000267e+02
1.645000000000000000e+02 3.600000000000000000e+02
2.946363636359999987e+02 3.611818181819999722e+02
4.235000000000000000e+02 3.603000000000000114e+02
1.187000000000000028e+02 3.632599999999999909e+02
2.817500000000000000e+02 3.621666666670000154e+02
3.910000000000000000e+02 3.620000000000000000e+02
4.316666666700000121e+01 3.632500000000000000e+02
1.904000000000000057e+02 3.628000000000000114e+02
2.120000000000000000e+02 3.630000000000000000e+02
4.837500000000000000e+02 3.641250000000000000e+02
5.773999999999999773e+02 3.645500000000000114e+02
8.254999999999999716e+01 3.656000000000000227e+02
4.598999999999999773e+02 3.658999999999999773e+02
2.380000000000000000e+02 3.685000000000000000e+02
3.470000000000000000e+02 3.695000000000000000e+02
4.976000000000000227e+02 3.698000000000000114e+02
5.524500000000000455e+02 3.703999999999999773e+02
2.200000000000000000e+01 3.731923076919999858e+02
1.479000000000000057e+02 3.718999999999999773e+02
3.732500000000000000e+02 3.720625000000000000e+02
4.458809523809999860e+02 3.727380952380000281e+02
5.600000000000000000e+01 3.730000000000000000e+02
1.390000000000000000e+02 3.730000000000000000e+02
5.223823529410000219e+02 3.733823529410000219e+02
2.277500000000000000e+02 3.757500000000000000e+02
1.902894736840000007e+02 3.775000000000000000e+02
7.854999999999999716e+01 3.783999999999999773e+02
4.136111111110000138e+02 3.782222222220000276e+02
5.745000000000000000e+02 3.785000000000000000e+02
4.061764705899999939e+01 3.790882352940000146e+02
2.046176470590000065e+02 3.809117647059999854e+02
2.696578947369999923e+02 3.826578947369999923e+02
2.882619047619999719e+02 3.824523809519999986e+02
3.263947368419999862e+02 3.820789473680000015e+02
3.672647058819999870e+02 3.825000000000000000e+02
9.270000000000000284e+01 3.825000000000000000e+02
1.616111111110000138e+02 3.862222222220000276e+02
3.060000000000000000e+02 3.857857142859999726e+02
4.581666666670000154e+02 3.885000000000000000e+02
4.849090909089999855e+02 3.891363636359999987e+02
5.391000000000000227e+02 3.881000000000000227e+02
1.190625000000000000e+02 3.907500000000000000e+02
1.348076923079999858e+02 3.914230769229999964e+02
3.477500000000000000e+02 3.908750000000000000e+02
4.945000000000000000e+02 3.913000000000000114e+02
1.746250000000000000e+02 3.916250000000000000e+02
3.910000000000000000e+02 3.922777777779999724e+02
4.083095238099999733e+02 3.936428571430000147e+02
3.633799999999999955e+02 3.952200000000000273e+02
5.622222222199999919e+01 3.953888888889999862e+02
5.162857142860000295e+02 3.948571428569999853e+02
5.596111111110000138e+02 3.957777777779999724e+02
2.965000000000000000e+02 3.965000000000000000e+02
4.300000000000000000e+02 3.960000000000000000e+02
5.055555555999999839e+00 3.973888888889999862e+02
2.131666666669999870e+02 3.967500000000000000e+02
2.790000000000000000e+02 3.970000000000000000e+02
2.315000000000000000e+02 3.981470588239999984e+02
9.872222222199999919e+01 3.990000000000000000e+02
1.978846153849999894e+02 3.988846153850000178e+02
2.372500000000000000e+02 4.004499999999999886e+02
2.834615384599999999e+01 4.012692307689999893e+02
8.400000000000000000e+01 4.006999999999999886e+02
3.826818181819999722e+02 4.016818181819999722e+02
4.508823529400000041e+01 4.033823529410000219e+02
1.628000000000000114e+02 4.033999999999999773e+02
5.150000000000000000e+02 4.030000000000000000e+02
1.168846153850000036e+02 4.041153846149999822e+02
4.696904761900000267e+02 4.046428571430000147e+02
2.626176470589999781e+02 4.059117647059999854e+02
4.200882352940000146e+02 4.066176470589999781e+02
4.469375000000000000e+02 4.062500000000000000e+02
7.263333333299999595e+01 4.070333333329999732e+02
4.974523809519999986e+02 4.081190476190000140e+02
3.492500000000000000e+02 4.082500000000000000e+02
5.725000000000000000e+02 4.081470588239999984e+02
2.820000000000000000e+02 4.095000000000000000e+02
3.991000000000000227e+02 4.101000000000000227e+02
2.165909090909999861e+02 4.115909090910000145e+02
2.375000000000000000e+02 4.110000000000000000e+02
3.238333333329999846e+02 4.107500000000000000e+02
4.964999999999999858e+01 4.128000000000000114e+02
1.660384615380000071e+02 4.133461538459999929e+02
3.742500000000000000e+02 4.133500000000000227e+02
5.301000000000000227e+02 4.131000000000000227e+02
8.000000000000000000e+00 4.145000000000000000e+02
1.401086956519999944e+02 4.155434782610000184e+02
2.020000000000000000e+02 4.156428571430000147e+02
4.440882352940000146e+02 4.166176470589999781e+02
9.256666666700000690e+01 4.168999999999999773e+02
5.112500000000000000e+02 4.175500000000000114e+02
1.809666666669999984e+02 4.186333333329999959e+02
3.142142857140000274e+02 4.190000000000000000e+02
5.861153846150000390e+02 4.201153846149999822e+02
1.775000000000000000e+01 4.211250000000000000e+02
3.019117647059999854e+02 4.213823529410000219e+02
5.382777777779999724e+02 4.210000000000000000e+02
3.750000000000000000e+01 4.225000000000000000e+02
5.675000000000000000e+02 4.230000000000000000e+02
3.440384615379999786e+02 4.241923076919999858e+02
3.877857142859999726e+02 4.235000000000000000e+02
2.948000000000000114e+02 4.251999999999999886e+02
4.740000000000000000e+02 4.250000000000000000e+02
2.435000000000000000e+02 4.270000000000000000e+02
2.633461538459999929e+02 4.270384615379999786e+02
4.120600000000000023e+02 4.278999999999999773e+02
1.105999999999999943e+02 4.284499999999999886e+02
1.364090909090000139e+02 4.284090909089999855e+02
2.100000000000000000e+02 4.276999999999999886e+02
6.565000000000000568e+01 4.298000000000000114e+02
1.489166666669999870e+02 4.285833333329999846e+02
3.661153846149999822e+02 4.288846153850000178e+02
4.981363636359999987e+02 4.284090909089999855e+02
4.591190476190000140e+02 4.307380952380000281e+02
2.590909090999999886e+00 4.311363636359999987e+02
9.497058823499999392e+01 4.311470588239999984e+02
2.804090909089999855e+02 4.331363636359999987e+02
4.228999999999999773e+02 4.331000000000000227e+02
5.808999999999999773e+02 4.348999999999999773e+02
5.297857142860000295e+02 4.370000000000000000e+02
1.943750000000000000e+02 4.376250000000000000e+02
1.190000000000000036e+01 4.391000000000000227e+02
4.150000000000000000e+01 4.390000000000000000e+02
1.535000000000000000e+02 4.390714285710000127e+02
3.282777777779999724e+02 4.391111111110000138e+02
3.981153846149999822e+02 4.392692307689999893e+02
4.636818181819999722e+02 4.393181818180000278e+02
1.108181818179999993e+02 4.403636363640000013e+02
2.340000000000000000e+02 4.407857142859999726e+02
5.507857142860000295e+02 4.410000000000000000e+02
2.936499999999999773e+02 4.431999999999999886e+02
3.517857142859999726e+02 4.416428571430000147e+02
1.708636363640000013e+02 4.430454545449999841e+02
2.612142857140000274e+02 4.430000000000000000e+02
3.873000000000000114e+02 4.425000000000000000e+02
4.415000000000000000e+02 4.440000000000000000e+02
3.715000000000000000e+02 4.450000000000000000e+02
5.135000000000000000e+02 4.462142857140000274e+02
5.005625000000000000e+02 4.477500000000000000e+02
2.800000000000000000e+02 4.480000000000000000e+02
7.961111111099999960e+01 4.492222222220000276e+02
2.386538461540000071e+02 4.489615384620000214e+02
5.647500000000000000e+02 4.492500000000000000e+02
2.165869565220000084e+02 4.507173913039999888e+02
4.320000000000000000e+02 4.500000000000000000e+02
6.740000000000000568e+01 4.535500000000000114e+02
3.103181818180000278e+02 4.533181818180000278e+02
4.823421052630000077e+02 4.533421052630000077e+02
5.352142857139999705e+02 4.540000000000000000e+02
1.240000000000000036e+01 4.555500000000000114e+02
2.832352941199999918e+01 4.564411764710000057e+02
1.685000000000000000e+02 4.560000000000000000e+02
3.295909090910000145e+02 4.565909090910000145e+02
9.678571428600000104e+01 4.570000000000000000e+02
1.363571428570000137e+02 4.576904761900000267e+02
2.550999999999999943e+02 4.578999999999999773e+02
3.484230769229999964e+02 4.578846153850000178e+02
1.936111111110000138e+02 4.597777777779999724e+02
4.191470588239999984e+02 4.600882352940000146e+02
4.636000000000000227e+02 4.605500000000000114e+02
1.501666666669999870e+02 4.607500000000000000e+02
3.610000000000000000e+02 4.607857142859999726e+02
2.263333333330000130e+02 4.625000000000000000e+02
5.512777777779999724e+02 4.620000000000000000e+02
8.368181818200000066e+01 4.633181818180000278e+02
2.747857142859999726e+02 4.640000000000000000e+02
1.210000000000000000e+02 4.650000000000000000e+02
3.961190476190000140e+02 4.657380952380000281e+02
4.350000000000000000e+02 4.650000000000000000e+02
5.175000000000000000e+02 4.655000000000000000e+02
2.056052631580000138e+02 4.695000000000000000e+02
4.810000000000000000e+02 4.702777777779999724e+02
5.074090909089999855e+02 4.698636363640000013e+02
5.727777777779999724e+02 4.706111111110000138e+02
1.936818181820000007e+02 4.723181818180000278e+02
3.702272727270000132e+02 4.723181818180000278e+02
4.261153846149999822e+02 4.717307692310000107e+02
2.788461538500000003e+01 4.738846153850000178e+02
4.342307692300000355e+01 4.741153846149999822e+02
2.957500000000000000e+02 4.739375000000000000e+02
2.509000000000000057e+02 4.751000000000000227e+02
1.604333333330000073e+02 4.762333333330000187e+02
3.210000000000000000e+02 4.760000000000000000e+02
4.032500000000000000e+02 4.782500000000000000e+02
4.988999999999999773e+02 4.801000000000000227e+02
6.765384615399999291e+01 4.809615384620000214e+02
3.363636363640000013e+02 4.818181818180000278e+02
3.855833333329999846e+02 4.816666666670000154e+02
4.676111111110000138e+02 4.812222222220000276e+02
9.950000000000000000e+01 4.820000000000000000e+02
1.376578947369999923e+02 4.826578947369999923e+02
7.849999999999999645e+00 4.838999999999999773e+02
1.799210526319999985e+02 4.833947368419999862e+02
4.498636363640000013e+02 4.824090909089999855e+02
2.282500000000000000e+02 4.838333333329999846e+02
2.515000000000000000e+02 4.840000000000000000e+02
5.154166666669999586e+02 4.851666666670000154e+02
5.411000000000000227e+02 4.851000000000000227e+02
5.613260869570000295e+02 4.855000000000000000e+02
2.023461538459999929e+02 4.860384615379999786e+02
8.888461538500000358e+01 4.871153846149999822e+02
3.647857142859999726e+02 4.876428571430000147e+02
5.775000000000000000e+02 4.880000000000000000e+02
1.501153846150000106e+02 4.898846153850000178e+02
4.869117647059999854e+02 4.906176470589999781e+02
2.762500000000000000e+01 4.911250000000000000e+02
4.363750000000000000e+02 4.914375000000000000e+02
4.750000000000000000e+01 4.920000000000000000e+02
1.199000000000000057e+02 4.918999999999999773e+02
2.738529411760000016e+02 4.919705882349999797e+02
3.018999999999999773e+02 4.938999999999999773e+02
3.190555555560000016e+02 4.956111111110000138e+02
3.464285714289999873e+02 4.947857142859999726e+02
2.243461538459999929e+02 4.967307692310000107e+02
3.978157894739999847e+02 4.976578947369999923e+02
4.206111111110000138e+02 4.976666666670000154e+02
1.645000000000000000e+02 4.975000000000000000e+02
1.943666666670000041e+02 4.980333333329999732e+02
5.555666666670000495e+02 4.993000000000000114e+02
3.695000000000000000e+02 4.996999999999999886e+02
5.068846153850000178e+02 5.001153846149999822e+02
6.950000000000000000e+01 5.010000000000000000e+02
1.352857142860000010e+02 5.008571428569999853e+02
4.570000000000000000e+02 5.010000000000000000e+02
2.402142857139999990e+02 5.020000000000000000e+02
5.376111111110000138e+02 5.021666666670000154e+02
3.865000000000000000e+02 5.038809523809999860e+02
2.287500000000000000e+01 5.049375000000000000e+02
2.516176470590000065e+02 5.046176470589999781e+02
5.261666666669999586e+02 5.035833333329999846e+02
8.939473684200000037e+01 5.059210526319999985e+02
5.786578947369999923e+02 5.064473684210000215e+02
4.513636363599999868e+01 5.065909090910000145e+02
1.046578947370000066e+02 5.084473684210000215e+02
2.801000000000000227e+02 5.091000000000000227e+02
3.099545454550000159e+02 5.091363636359999987e+02
2.025555555560000016e+02 5.107222222220000276e+02
1.523636363640000013e+02 5.121818181820000291e+02
2.252500000000000000e+02 5.120833333330000414e+02
3.325000000000000000e+02 5.115000000000000000e+02
3.547222222220000276e+02 5.120000000000000000e+02
2.968846153850000178e+02 5.141153846150000390e+02
4.278333333329999846e+02 5.144166666669999586e+02
4.712142857140000274e+02 5.138571428569999853e+02
2.563333333299999950e+01 5.158333333330000414e+02
4.917777777779999724e+02 5.176111111110000138e+02
3.845833333329999846e+02 5.178333333330000414e+02
4.511153846149999822e+02 5.178846153849999610e+02
5.157777777779999724e+02 5.183888888889999862e+02
5.532999999999999545e+02 5.177666666669999813e+02
7.286842105300000583e+01 5.197105263160000277e+02
1.720833333330000130e+02 5.192500000000000000e+02
4.015000000000000000e+02 5.200000000000000000e+02
8.972727272699999901e+01 5.233181818179999709e+02
1.896250000000000000e+02 5.223125000000000000e+02
3.117105263160000277e+02 5.225000000000000000e+02
5.391000000000000227e+02 5.218999999999999773e+02
1.282142857139999990e+02 5.230000000000000000e+02
5.816428571430000147e+02 5.256904761900000267e+02
4.808823529400000041e+01 5.266176470589999781e+02
2.623571428569999853e+02 5.268571428569999853e+02
2.828000000000000114e+02 5.263999999999999773e+02
4.578999999999999773e+02 5.274500000000000455e+02
2.120000000000000000e+02 5.270000000000000000e+02
1.138913043480000056e+02 5.285434782610000184e+02
4.775526315789999785e+02 5.293421052630000077e+02
3.605000000000000000e+02 5.305000000000000000e+02
4.428999999999999773e+02 5.301000000000000227e+02
2.430882352939999862e+02 5.313823529410000219e+02
5.606538461540000071e+02 5.310384615379999786e+02
1.720000000000000000e+02 5.315000000000000000e+02
3.447500000000000000e+02 5.319375000000000000e+02
4.160000000000000000e+02 5.322142857139999705e+02
5.140000000000000000e+02 5.332999999999999545e+02
1.502142857139999990e+02 5.350000000000000000e+02
1.094444444400000016e+01 5.363888888889999862e+02
3.826176470589999781e+02 5.359117647059999854e+02
4.049615384620000214e+02 5.373461538459999929e+02
3.486842105299999872e+01 5.387105263160000277e+02
5.372894736839999723e+02 5.385000000000000000e+02
2.266578947369999923e+02 5.393421052630000077e+02
5.020882352940000146e+02 5.396176470589999781e+02
2.936333333329999959e+02 5.410333333329999732e+02
7.325000000000000000e+01 5.431250000000000000e+02
2.068846153849999894e+02 5.441153846150000390e+02
3.322500000000000000e+02 5.454500000000000455e+02
4.703888888889999862e+02 5.452222222220000276e+02
5.730000000000000000e+02 5.465000000000000000e+02
5.761111111099999960e+01 5.471666666669999586e+02
1.891999999999999886e+02 5.473500000000000227e+02
3.110000000000000000e+02 5.470000000000000000e+02
1.116666666699999944e+01 5.482500000000000000e+02
1.230000000000000000e+02 5.480000000000000000e+02
2.649666666670000268e+02 5.483666666670000041e+02
5.490000000000000000e+02 5.485000000000000000e+02
3.730000000000000000e+02 5.500000000000000000e+02
9.406250000000000000e+01 5.511250000000000000e+02
3.527500000000000000e+02 5.509375000000000000e+02
5.220000000000000000e+02 5.507857142860000295e+02
2.252500000000000000e+02 5.531666666669999586e+02
4.480000000000000000e+02 5.540000000000000000e+02
7.403333333300000163e+01 5.553666666670000041e+02
4.297500000000000000e+02 5.548750000000000000e+02
2.459117647060000138e+02 5.578529411759999448e+02
2.822222222220000276e+02 5.583333333330000414e+02
3.017857142859999726e+02 5.580000000000000000e+02
2.876315789499999909e+01 5.593421052630000077e+02
1.625000000000000000e+02 5.590000000000000000e+02
4.928333333329999846e+02 5.596428571430000147e+02
1.140384615380000071e+02 5.603461538459999929e+02
4.700000000000000000e+01 5.607000000000000455e+02
5.121363636360000555e+02 5.605909090909999577e+02
5.750000000000000000e+02 5.611666666669999586e+02
3.165000000000000000e+02 5.615000000000000000e+02
3.340000000000000000e+02 5.615000000000000000e+02
