1.265000000000000000e+02 5.000000000000000000e-01
2.201666666669999870e+02 1.388888888999999960e+00
3.155000000000000000e+02 7.500000000000000000e-01
3.490000000000000000e+02 5.000000000000000000e-01
3.653823529410000219e+02 1.911764706000000036e+00
4.855000000000000000e+02 8.750000000000000000e-01
5.217142857139999705e+02 1.642857143000000075e+00
5.845000000000000000e+02 1.346153845999999987e+00
4.092333333330000187e+02 3.166666666999999880e+00
4.641666666670000154e+02 3.250000000000000000e+00
3.189999999999999858e+01 3.899999999999999911e+00
1.895000000000000000e+02 4.852941175999999857e+00
7.013636363599999868e+01 4.590909091000000330e+00
1.535500000000000114e+02 6.599999999999999645e+00
2.746111111110000138e+02 6.777777777999999920e+00
4.440882352940000146e+02 6.617647059000000276e+00
5.039210526319999985e+02 6.605263157999999635e+00
5.570000000000000000e+02 6.000000000000000000e+00
4.205000000000000000e+02 7.000000000000000000e+00
1.336176470590000065e+02 9.088235294000000408e+00
3.280555555560000016e+02 9.611111110999999596e+00
3.856999999999999886e+02 9.000000000000000000e+00
9.203333333300000163e+01 1.136666666700000050e+01
1.718846153849999894e+02 1.111538461499999997e+01
2.083421052630000077e+02 1.165789473699999945e+01
5.353666666670000041e+02 1.096666666700000015e+01
2.972619047619999719e+02 1.311904761899999983e+01
1.089444444439999984e+02 1.400000000000000000e+01
2.535000000000000000e+02 1.283333333300000056e+01
5.153888888889999862e+02 1.477777777800000081e+01
4.543000000000000114e+02 1.550000000000000000e+01
3.560000000000000000e+02 1.750000000000000000e+01
5.635000000000000000e+02 1.885294117600000163e+01
2.307857142860000010e+02 1.900000000000000000e+01
5.238888888900000040e+01 2.077777777800000081e+01
6.977272727300000099e+01 2.100000000000000000e+01
2.692500000000000000e+02 1.991666666700000121e+01
4.937857142859999726e+02 2.000000000000000000e+01
1.640000000000000000e+02 2.127777777800000081e+01
3.180000000000000000e+02 2.172222222199999919e+01
5.788684210530000200e+02 2.228947368400000073e+01
3.770000000000000000e+02 2.300000000000000000e+01
4.731999999999999886e+02 2.335000000000000142e+01
1.300000000000000000e+01 2.400000000000000000e+01
1.976333333329999959e+02 2.503333333300000163e+01
1.192894736840000007e+02 2.613157894700000128e+01
4.063666666670000041e+02 2.603333333300000163e+01
3.850000000000000000e+01 2.750000000000000000e+01
1.363461538459999929e+02 2.803846153799999996e+01
2.886666666670000154e+02 2.850000000000000000e+01
2.138636363640000013e+02 2.895454545500000165e+01
3.917222222220000276e+02 2.883333333299999879e+01
5.052894736839999723e+02 2.913157894700000128e+01
2.342500000000000000e+02 2.983333333299999879e+01
1.041666666670000012e+02 3.141666666700000121e+01
2.490000000000000000e+02 3.050000000000000000e+01
4.220294117650000203e+02 3.185294117600000163e+01
5.203823529410000219e+02 3.091176470599999959e+01
5.348333333330000414e+02 3.075000000000000000e+01
3.358999999999999773e+02 3.210000000000000142e+01
3.060000000000000000e+02 3.250000000000000000e+01
4.462894736839999723e+02 3.350000000000000000e+01
5.849117647059999854e+02 3.338235294100000061e+01
1.787222222219999992e+02 3.500000000000000000e+01
3.621153846149999822e+02 3.511538461500000352e+01
8.868421053000000498e+00 3.671052631599999927e+01
3.775909090910000145e+02 3.713636363599999868e+01
5.525000000000000000e+02 3.700000000000000000e+01
1.580000000000000000e+02 3.850000000000000000e+01
2.923421052630000077e+02 3.934210526300000055e+01
3.765789473699999945e+01 4.065789473699999945e+01
6.256666666699999979e+01 3.989999999999999858e+01
2.100000000000000000e+01 4.150000000000000000e+01
8.997826086999999973e+01 4.310869565200000153e+01
4.782500000000000000e+02 4.206250000000000000e+01
1.174000000000000057e+02 4.345000000000000284e+01
3.663823529410000219e+02 4.308823529400000041e+01
4.033888888889999862e+02 4.322222222199999919e+01
5.765000000000000000e+02 4.480769230800000003e+01
3.438750000000000000e+02 4.575000000000000000e+01
1.983888888889999862e+02 4.622222222199999919e+01
3.265000000000000000e+02 4.629999999999999716e+01
4.192894736839999723e+02 4.686842105299999872e+01
6.382352940999999724e+00 4.708823529400000041e+01
2.214000000000000057e+02 4.745000000000000284e+01
2.681000000000000227e+02 4.710000000000000142e+01
3.869615384620000214e+02 4.734615384599999999e+01
5.350000000000000000e+02 4.678571428600000104e+01
4.861875000000000000e+02 4.843750000000000000e+01
6.438888888900000040e+01 4.977777777800000081e+01
1.782272727270000132e+02 5.200000000000000000e+01
5.137500000000000000e+02 5.083333333299999879e+01
4.360000000000000000e+02 5.178571428600000104e+01
1.358684210529999916e+02 5.423684210500000091e+01
3.102142857140000274e+02 5.400000000000000000e+01
8.621428571399999896e+01 5.500000000000000000e+01
4.591250000000000000e+02 5.537500000000000000e+01
1.055000000000000000e+02 5.550000000000000000e+01
1.230000000000000000e+02 5.570000000000000284e+01
5.232647058820000439e+02 5.773529411799999878e+01
2.813750000000000000e+02 5.887500000000000000e+01
3.715000000000000000e+02 6.014705882399999837e+01
4.821999999999999886e+02 5.979999999999999716e+01
4.389999999999999858e+01 6.089999999999999858e+01
5.673333333330000414e+02 6.122222222199999919e+01
2.603846153799999996e+01 6.165384615400000001e+01
2.577500000000000000e+02 6.187500000000000000e+01
2.330000000000000000e+02 6.372222222199999919e+01
3.125000000000000000e+02 6.350000000000000000e+01
3.378846153850000178e+02 6.288461538499999648e+01
5.511315789469999800e+02 6.350000000000000000e+01
5.820000000000000000e+02 6.300000000000000000e+01
2.100999999999999943e+02 6.590000000000000568e+01
4.010000000000000000e+02 6.600000000000000000e+01
1.648846153849999894e+02 6.711538461499999642e+01
3.495000000000000000e+02 6.750000000000000000e+01
6.983333333299999879e+01 6.925000000000000000e+01
4.257352941180000130e+02 7.079411764699999310e+01
4.613571428569999853e+02 7.057142857099999844e+01
4.503750000000000000e+02 7.062500000000000000e+01
5.875000000000000000e+02 7.000000000000000000e+01
1.295000000000000000e+02 7.150000000000000000e+01
1.460000000000000000e+02 7.178571428600000104e+01
1.926111111110000138e+02 7.222222222199999919e+01
2.680000000000000000e+02 7.178571428600000104e+01
2.555555555999999839e+00 7.361111111099999960e+01
4.123823529410000219e+02 7.291176470599999959e+01
4.923666666670000041e+02 7.270000000000000284e+01
5.500000000000000000e+01 7.600000000000000000e+01
2.940000000000000000e+02 7.578571428600000104e+01
3.247777777779999724e+02 7.588888888900000040e+01
5.162142857139999705e+02 7.600000000000000000e+01
5.650000000000000000e+02 7.600000000000000000e+01
1.065000000000000000e+02 7.670000000000000284e+01
2.844999999999999929e+01 7.840000000000000568e+01
9.700000000000000000e+01 7.800000000000000000e+01
1.802894736840000007e+02 7.886842105300000583e+01
2.350000000000000000e+02 7.700000000000000000e+01
3.870000000000000000e+02 7.900000000000000000e+01
3.597272727270000132e+02 8.059090909100000033e+01
2.808529411760000016e+02 8.102941176500000608e+01
4.779666666670000268e+02 8.163333333299999595e+01
2.187857142860000010e+02 8.200000000000000000e+01
4.445000000000000000e+02 8.192857142900000156e+01
5.303461538459999929e+02 8.173076923099999647e+01
5.545000000000000000e+02 8.214705882399999837e+01
3.142142857140000274e+02 8.700000000000000000e+01
1.539000000000000057e+02 8.809999999999999432e+01
2.520652173910000045e+02 8.958695652199999415e+01
2.963421052630000077e+02 8.965789473700000656e+01
1.051250000000000000e+02 9.075000000000000000e+01
4.950000000000000000e+02 9.078571428600000104e+01
7.168181818200000066e+01 9.277272727300000099e+01
2.076176470590000065e+02 9.291176470599999959e+01
5.088235294000000408e+00 9.538235294099999351e+01
4.121428571399999896e+01 9.500000000000000000e+01
1.240000000000000000e+02 9.500000000000000000e+01
1.850333333330000016e+02 9.536666666700000405e+01
5.207857142860000295e+02 9.500000000000000000e+01
1.428846153849999894e+02 9.611538461499999642e+01
1.700000000000000000e+02 9.600000000000000000e+01
3.276578947369999923e+02 9.634210526299999344e+01
4.000000000000000000e+02 9.600000000000000000e+01
4.257631578950000062e+02 9.613157894699999417e+01
4.637857142859999726e+02 9.700000000000000000e+01
5.668684210530000200e+02 9.728947368400000073e+01
5.450000000000000000e+01 9.950000000000000000e+01
2.774333333330000073e+02 9.990000000000000568e+01
3.406000000000000227e+02 1.004500000000000028e+02
4.900000000000000000e+02 1.000000000000000000e+02
2.216111111110000138e+02 1.012222222219999992e+02
8.275000000000000000e+01 1.019375000000000000e+02
5.113823529410000219e+02 1.020882352940000004e+02
2.505000000000000000e+02 1.025000000000000000e+02
3.630882352940000146e+02 1.033823529409999935e+02
3.916666666670000154e+02 1.050833333329999988e+02
4.562142857140000274e+02 1.050000000000000000e+02
5.406904761900000267e+02 1.055476190480000014e+02
2.389999999999999858e+01 1.069000000000000057e+02
9.959090909100000033e+01 1.071363636359999987e+02
4.265000000000000000e+02 1.070000000000000000e+02
7.371739130400000306e+01 1.085869565219999942e+02
3.020882352940000146e+02 1.083823529409999935e+02
2.067857142860000010e+02 1.100000000000000000e+02
5.327857142860000295e+02 1.100000000000000000e+02
1.648846153849999894e+02 1.121153846149999964e+02
2.417857142860000010e+02 1.115000000000000000e+02
2.830882352940000146e+02 1.123823529409999935e+02
4.425000000000000000e+02 1.115000000000000000e+02
4.756111111110000138e+02 1.122222222219999992e+02
5.875000000000000000e+02 1.115000000000000000e+02
1.160384615380000071e+02 1.126538461539999929e+02
5.588636363639999445e+02 1.125909090910000003e+02
3.982058823529999927e+02 1.172647058820000012e+02
4.957727272729999868e+02 1.173181818179999993e+02
1.831153846150000106e+02 1.191153846149999964e+02
3.159615384620000214e+02 1.186538461539999929e+02
3.405000000000000000e+02 1.190000000000000000e+02
3.521470588239999984e+02 1.189705882349999939e+02
1.397105263159999993e+02 1.205000000000000000e+02
2.588684210530000200e+02 1.200263157889999945e+02
1.110000000000000000e+02 1.212272727269999990e+02
2.241875000000000000e+02 1.213750000000000000e+02
5.714230769230000533e+02 1.208846153850000036e+02
9.099999999999999645e+00 1.230999999999999943e+02
4.950000000000000000e+01 1.260000000000000000e+02
6.700000000000000000e+01 1.270000000000000000e+02
8.486363636400000132e+01 1.265909090910000003e+02
1.673421052630000077e+02 1.273421052629999934e+02
1.212142857139999990e+02 1.290000000000000000e+02
4.597857142859999726e+02 1.290000000000000000e+02
5.503666666670000041e+02 1.295000000000000000e+02
2.026578947369999923e+02 1.304473684209999931e+02
1.586363636399999955e+01 1.305909090909999861e+02
3.800000000000000000e+01 1.315000000000000000e+02
4.250625000000000000e+02 1.312500000000000000e+02
3.751363636359999987e+02 1.315909090909999861e+02
4.875000000000000000e+02 1.310000000000000000e+02
2.370625000000000000e+02 1.332500000000000000e+02
2.568999999999999773e+02 1.329000000000000057e+02
2.765000000000000000e+02 1.333000000000000114e+02
4.463666666670000041e+02 1.330333333330000016e+02
4.818846153850000178e+02 1.341153846150000106e+02
5.190882352940000146e+02 1.343823529409999935e+02
2.882142857140000274e+02 1.353571428570000137e+02
3.868999999999999773e+02 1.350999999999999943e+02
3.264705881999999892e+00 1.365000000000000000e+02
1.461153846150000106e+02 1.371153846150000106e+02
1.776333333329999959e+02 1.369666666669999984e+02
3.086176470589999781e+02 1.383823529409999935e+02
3.316904761900000267e+02 1.399285714289999873e+02
4.029117647059999854e+02 1.403823529409999935e+02
5.414333333329999505e+02 1.403000000000000114e+02
1.951153846150000106e+02 1.407307692310000107e+02
3.618529411760000016e+02 1.410294117649999919e+02
4.250000000000000000e+01 1.423947368419999862e+02
1.609409448819999966e+02 1.483818897639999932e+02
4.548999999999999773e+02 1.430999999999999943e+02
5.051153846149999822e+02 1.428846153849999894e+02
5.808636363639999445e+02 1.424090909090000139e+02
2.245000000000000000e+02 1.445000000000000000e+02
4.698000000000000114e+02 1.465999999999999943e+02
3.294090909089999855e+02 1.475909090909999861e+02
5.550000000000000000e+02 1.467857142860000010e+02
2.479499999999999886e+02 1.485999999999999943e+02
3.905000000000000000e+02 1.481470588239999984e+02
5.786842105299999872e+01 1.495000000000000000e+02
1.223235294119999992e+02 1.494411764710000057e+02
2.135909090909999861e+02 1.491363636359999987e+02
5.256428571430000147e+02 1.492142857139999990e+02
4.290833333329999846e+02 1.497500000000000000e+02
3.088235293999999964e+00 1.516176470590000065e+02
4.928043478260000256e+02 1.525869565220000084e+02
8.165789473700000656e+01 1.545526315790000069e+02
1.825000000000000000e+02 1.552272727270000132e+02
2.623421052630000077e+02 1.548157894740000131e+02
2.874444444439999984e+02 1.547222222219999992e+02
3.018000000000000114e+02 1.545999999999999943e+02
5.380000000000000000e+02 1.550000000000000000e+02
5.737272727270000132e+02 1.555909090909999861e+02
9.491176470599999959e+01 1.563823529409999935e+02
2.086111111110000138e+02 1.581666666669999870e+02
3.916666666700000121e+01 1.594166666669999870e+02
1.380714285710000127e+02 1.597142857139999990e+02
3.741000000000000227e+02 1.605666666669999927e+02
1.496666666669999870e+02 1.625000000000000000e+02
3.995909090910000145e+02 1.618636363640000013e+02
4.413571428569999853e+02 1.625714285710000127e+02
2.372222222199999919e+01 1.630000000000000000e+02
3.536818181819999722e+02 1.633181818179999993e+02
5.173823529410000219e+02 1.630882352939999862e+02
2.695000000000000000e+02 1.635000000000000000e+02
4.260000000000000000e+02 1.640000000000000000e+02
6.528947368400000073e+01 1.658684210529999916e+02
1.216538461539999929e+02 1.657307692310000107e+02
5.521000000000000227e+02 1.669000000000000057e+02
2.815000000000000000e+02 1.687857142860000010e+02
4.718333333329999846e+02 1.695000000000000000e+02
2.473000000000000114e+02 1.710000000000000000e+02
4.540000000000000000e+02 1.700000000000000000e+02
7.264705882000000337e+00 1.712647058819999870e+02
1.685000000000000000e+02 1.710000000000000000e+02
8.336666666700000405e+01 1.720333333330000016e+02
3.201428571430000147e+02 1.722142857139999990e+02
3.737666666669999813e+02 1.721666666669999870e+02
3.895500000000000114e+02 1.735999999999999943e+02
9.502941176500000608e+01 1.758529411760000016e+02
2.566666666999999791e+00 1.760999999999999943e+02
2.796176470589999781e+02 1.759117647060000138e+02
5.416578947369999923e+02 1.766578947369999923e+02
5.750000000000000000e+02 1.765000000000000000e+02
1.103333333329999988e+02 1.792222222219999992e+02
1.985000000000000000e+02 1.791470588239999984e+02
4.635833333329999846e+02 1.798333333330000130e+02
5.005500000000000114e+02 1.804000000000000057e+02
4.115000000000000000e+02 1.806999999999999886e+02
5.186578947369999923e+02 1.816578947369999923e+02
1.613636363599999868e+01 1.819545454549999874e+02
3.157857142859999726e+02 1.820000000000000000e+02
3.340000000000000000e+02 1.815000000000000000e+02
3.520000000000000000e+02 1.822777777780000008e+02
4.450882352940000146e+02 1.827352941180000130e+02
2.195555555560000016e+02 1.833888888889999862e+02
2.750000000000000000e+01 1.860000000000000000e+02
1.475000000000000000e+02 1.855000000000000000e+02
3.039705882349999797e+02 1.858529411760000016e+02
4.650000000000000000e+01 1.865000000000000000e+02
7.612500000000000000e+01 1.865000000000000000e+02
1.316666666699999944e+01 1.872500000000000000e+02
2.530882352939999862e+02 1.876176470590000065e+02
4.252647058819999870e+02 1.885000000000000000e+02
1.870000000000000000e+02 1.902142857139999990e+02
1.241153846149999964e+02 1.908846153849999894e+02
2.699615384620000214e+02 1.906538461540000071e+02
4.601315789469999800e+02 1.912894736840000007e+02
5.542000000000000455e+02 1.916500000000000057e+02
4.774444444439999984e+02 1.927222222219999992e+02
5.690000000000000000e+02 1.925000000000000000e+02
2.820294117650000203e+02 1.938529411760000016e+02
4.950000000000000000e+02 1.935000000000000000e+02
4.432692307689999893e+02 1.943461538459999929e+02
5.299375000000000000e+02 1.947500000000000000e+02
2.378846153849999894e+02 1.961153846150000106e+02
3.271666666670000154e+02 1.976250000000000000e+02
3.559666666670000268e+02 1.976333333329999959e+02
2.022500000000000000e+02 1.987500000000000000e+02
2.251153846150000106e+02 1.981153846150000106e+02
3.500000000000000000e+00 1.995000000000000000e+02
3.749705882349999797e+02 1.998529411760000016e+02
5.510000000000000142e+01 2.000999999999999943e+02
1.069000000000000057e+02 1.999000000000000057e+02
1.409705882350000081e+02 2.011470588239999984e+02
3.922500000000000000e+02 2.011666666669999870e+02
8.100000000000000000e+01 2.020000000000000000e+02
1.657857142860000010e+02 2.023571428570000137e+02
4.112500000000000000e+02 2.037500000000000000e+02
5.120000000000000000e+02 2.057857142860000010e+02
2.497105263159999993e+02 2.078684210529999916e+02
3.133823529410000219e+02 2.070882352939999862e+02
2.901315789469999800e+02 2.082894736840000007e+02
1.521153846150000106e+02 2.088846153849999894e+02
1.938529411760000016e+02 2.099705882350000081e+02
1.772222222199999919e+01 2.114444444439999984e+02
2.650000000000000000e+01 2.126333333329999959e+02
4.214285714300000052e+01 2.127142857139999990e+02
3.790555555560000016e+02 2.119444444439999984e+02
5.690384615379999786e+02 2.123461538459999929e+02
4.520833333329999846e+02 2.132500000000000000e+02
2.111153846150000106e+02 2.137307692310000107e+02
1.320294117649999919e+02 2.158529411760000016e+02
2.684545454550000159e+02 2.157727272729999868e+02
3.685000000000000000e+02 2.151470588239999984e+02
5.048000000000000114e+02 2.151999999999999886e+02
1.140000000000000000e+02 2.157857142860000010e+02
4.308999999999999773e+02 2.159000000000000057e+02
4.721470588239999984e+02 2.159705882350000081e+02
5.480000000000000000e+02 2.162142857139999990e+02
2.821309523809999860e+02 2.234761904759999993e+02
5.386904761900000267e+02 2.183571428570000137e+02
7.150000000000000000e+01 2.185000000000000000e+02
2.241666666669999870e+02 2.192500000000000000e+02
5.000000000000000000e-01 2.185000000000000000e+02
2.483421052630000077e+02 2.204473684209999931e+02
3.467222222220000276e+02 2.200000000000000000e+02
5.875000000000000000e+02 2.190000000000000000e+02
9.250000000000000000e+01 2.211470588239999984e+02
5.711538461500000352e+01 2.222692307689999893e+02
1.406111111110000138e+02 2.223333333330000130e+02
1.731470588239999984e+02 2.219705882350000081e+02
3.982500000000000000e+02 2.219166666669999870e+02
5.158846153849999610e+02 2.231153846150000106e+02
3.853181818180000278e+02 2.247727272729999868e+02
4.223888888889999862e+02 2.252222222219999992e+02
4.912619047619999719e+02 2.261190476190000140e+02
3.315500000000000114e+02 2.262500000000000000e+02
4.420000000000000000e+02 2.260000000000000000e+02
1.897777777780000008e+02 2.283888888889999862e+02
7.716666666700000121e+01 2.287666666670000097e+02
1.202222222219999992e+02 2.293888888889999862e+02
3.800000000000000000e+01 2.300000000000000000e+02
3.022142857140000274e+02 2.320000000000000000e+02
4.680000000000000000e+02 2.320000000000000000e+02
5.735476190480000014e+02 2.328809523809999860e+02
9.663333333299999595e+01 2.330333333330000016e+02
2.642894736839999723e+02 2.338684210529999916e+02
1.750000000000000000e+00 2.350000000000000000e+02
1.556333333329999959e+02 2.339666666669999984e+02
5.292058823529999927e+02 2.347352941180000130e+02
3.590384615379999786e+02 2.353461538459999929e+02
2.180294117649999919e+02 2.368529411760000016e+02
3.425000000000000000e+02 2.362500000000000000e+02
5.546176470589999781e+02 2.360882352939999862e+02
2.835526315789999785e+02 2.373421052630000077e+02
4.029761904759999993e+02 2.391190476190000140e+02
5.078333333329999846e+02 2.392500000000000000e+02
2.413947368419999862e+02 2.400789473680000015e+02
2.110999999999999943e+02 2.415666666669999927e+02
2.565789473699999945e+01 2.423421052630000077e+02
6.537500000000000000e+01 2.421875000000000000e+02
1.517857142860000010e+02 2.460000000000000000e+02
1.778333333330000130e+02 2.464166666669999870e+02
2.690000000000000000e+02 2.459444444439999984e+02
3.771153846149999822e+02 2.458846153849999894e+02
4.668636363640000013e+02 2.460454545450000126e+02
5.711000000000000227e+02 2.460999999999999943e+02
4.302142857140000274e+02 2.490000000000000000e+02
4.528684210530000200e+02 2.497631578950000062e+02
3.007352941180000130e+02 2.500294117649999919e+02
3.590000000000000000e+02 2.500000000000000000e+02
1.265000000000000000e+02 2.515000000000000000e+02
3.248684210530000200e+02 2.519736842110000055e+02
1.100000000000000000e+02 2.532142857139999990e+02
2.848846153850000178e+02 2.528846153849999894e+02
4.821666666670000154e+02 2.525833333330000130e+02
9.617647058999999388e+00 2.549117647060000138e+02
4.231250000000000000e+01 2.548125000000000000e+02
1.679000000000000057e+02 2.550999999999999943e+02
1.964090909090000139e+02 2.554090909090000139e+02
8.161764705900000649e+01 2.559117647060000138e+02
2.195000000000000000e+02 2.561315789469999800e+02
3.812058823529999927e+02 2.563823529410000219e+02
5.374090909090000423e+02 2.564090909089999855e+02
5.745000000000000284e+01 2.582500000000000000e+02
4.065000000000000000e+02 2.578333333329999846e+02
4.976428571430000147e+02 2.596904761900000267e+02
5.243666666670000041e+02 2.590333333329999732e+02
3.446111111110000138e+02 2.607777777779999724e+02
5.822500000000000000e+02 2.611250000000000000e+02
1.136666666670000012e+02 2.625000000000000000e+02
4.231190476190000140e+02 2.629761904759999993e+02
2.476904761899999983e+02 2.634047619049999867e+02
5.608333333330000414e+02 2.627500000000000000e+02
2.955555555600000162e+01 2.647222222220000276e+02
1.403666666670000041e+02 2.639666666670000268e+02
4.595714285710000127e+02 2.641428571430000147e+02
1.043888888890000004e+02 2.669444444439999984e+02
2.657777777779999724e+02 2.663888888889999862e+02
4.921470588239999984e+02 2.659705882349999797e+02
1.795000000000000000e+02 2.675000000000000000e+02
4.430000000000000000e+02 2.667857142859999726e+02
7.800000000000000000e+01 2.685000000000000000e+02
3.160000000000000000e+02 2.695000000000000000e+02
3.341000000000000227e+02 2.688999999999999773e+02
3.963000000000000114e+02 2.691999999999999886e+02
2.386999999999999886e+02 2.695000000000000000e+02
1.995000000000000000e+02 2.715000000000000000e+02
4.751153846149999822e+02 2.708846153850000178e+02
3.733888888889999862e+02 2.718333333329999846e+02
5.371153846150000390e+02 2.741153846149999822e+02
5.045000000000000000e+02 2.761470588239999984e+02
5.222222222000000080e+00 2.773333333329999846e+02
4.221428571399999896e+01 2.770000000000000000e+02
1.547500000000000000e+02 2.769166666670000154e+02
1.730000000000000000e+02 2.770000000000000000e+02
5.663888888889999862e+02 2.776111111110000138e+02
1.282142857139999990e+02 2.780000000000000000e+02
6.959090909100000033e+01 2.788636363640000013e+02
2.280000000000000000e+02 2.795000000000000000e+02
2.960000000000000000e+02 2.783000000000000114e+02
3.870000000000000000e+02 2.812142857140000274e+02
4.011000000000000227e+02 2.811000000000000227e+02
4.675526315789999785e+02 2.821842105260000153e+02
5.447666666669999813e+02 2.821666666670000154e+02
1.070999999999999943e+02 2.831000000000000227e+02
2.488809523809999860e+02 2.835000000000000000e+02
3.510882352940000146e+02 2.833823529410000219e+02
3.623000000000000114e+02 2.823999999999999773e+02
2.344736842100000018e+01 2.861315789469999800e+02
2.032500000000000000e+02 2.851250000000000000e+02
2.727857142859999726e+02 2.855000000000000000e+02
2.820000000000000000e+02 2.860000000000000000e+02
4.320000000000000000e+02 2.870000000000000000e+02
4.849117647059999854e+02 2.873823529410000219e+02
1.780000000000000000e+02 2.890000000000000000e+02
3.115000000000000000e+02 2.883461538459999929e+02
5.256176470589999781e+02 2.889117647059999854e+02
4.524444444439999984e+02 2.902777777779999724e+02
6.313636363599999868e+01 2.915909090910000145e+02
9.111538461499999642e+01 2.921153846149999822e+02
3.263333333329999846e+02 2.926111111110000138e+02
4.150000000000000000e+02 2.922142857140000274e+02
5.826333333329999959e+02 2.931666666670000154e+02
3.656176470589999781e+02 2.956176470589999781e+02
1.250000000000000000e+00 2.964166666670000154e+02
2.333000000000000114e+02 2.965666666669999927e+02
5.630882352940000146e+02 2.966176470589999781e+02
1.506176470590000065e+02 2.970882352940000146e+02
1.231666666670000012e+02 2.991666666670000154e+02
5.021000000000000227e+02 2.991000000000000227e+02
1.394523809519999986e+02 3.006904761900000267e+02
1.680882352939999862e+02 3.003823529410000219e+02
9.890000000000000568e+01 3.011000000000000227e+02
3.140000000000000000e+02 3.015000000000000000e+02
2.728571428569999853e+02 3.034285714289999873e+02
2.977105263160000277e+02 3.038684210530000200e+02
4.786052631580000138e+02 3.030789473680000015e+02
7.716666666700000121e+01 3.036111111110000138e+02
2.536578947369999923e+02 3.053421052630000077e+02
3.498846153850000178e+02 3.048846153850000178e+02
4.045000000000000000e+02 3.050000000000000000e+02
3.812500000000000000e+01 3.067500000000000000e+02
2.198125000000000000e+02 3.063750000000000000e+02
3.762142857140000274e+02 3.060000000000000000e+02
1.926470588200000122e+01 3.077352941180000130e+02
5.713461538459999929e+02 3.080384615379999786e+02
4.616538461540000071e+02 3.089615384620000214e+02
5.529210526320000554e+02 3.093947368419999862e+02
1.119000000000000057e+02 3.110600000000000023e+02
1.988684210529999916e+02 3.107105263160000277e+02
4.399666666670000268e+02 3.103666666670000041e+02
7.000000000000000000e+01 3.142142857140000274e+02
1.740000000000000000e+02 3.135000000000000000e+02
3.570000000000000000e+02 3.143181818180000278e+02
4.942647058819999870e+02 3.142647058819999870e+02
4.170000000000000000e+02 3.155000000000000000e+02
5.251315789469999800e+02 3.155000000000000000e+02
2.376999999999999886e+02 3.166999999999999886e+02
2.878809523809999860e+02 3.167380952380000281e+02
8.861111111099999960e+01 3.172222222220000276e+02
2.688750000000000000e+02 3.176250000000000000e+02
4.271428571430000147e+02 3.182142857140000274e+02
2.200000000000000000e+02 3.190000000000000000e+02
5.665000000000000000e+02 3.200000000000000000e+02
9.550000000000000711e+00 3.216000000000000227e+02
5.300000000000000000e+01 3.212142857140000274e+02
5.149444444440000552e+02 3.213888888889999862e+02
1.617500000000000000e+02 3.227500000000000000e+02
3.331666666670000154e+02 3.220000000000000000e+02
1.911875000000000000e+02 3.236250000000000000e+02
3.945000000000000000e+02 3.245000000000000000e+02
4.860000000000000000e+02 3.240000000000000000e+02
4.602142857140000274e+02 3.250000000000000000e+02
3.118333333329999846e+02 3.257500000000000000e+02
5.856000000000000227e+02 3.265500000000000114e+02
2.478125000000000000e+02 3.286250000000000000e+02
3.465500000000000114e+02 3.286000000000000227e+02
3.175000000000000000e+01 3.295500000000000114e+02
2.331666666669999870e+02 3.287500000000000000e+02
4.508571428569999853e+02 3.297142857140000274e+02
7.111538461499999642e+01 3.311153846149999822e+02
1.255000000000000000e+02 3.310000000000000000e+02
5.018846153850000178e+02 3.318846153850000178e+02
5.360000000000000000e+02 3.322142857140000274e+02
4.065000000000000000e+02 3.330000000000000000e+02
5.551153846150000390e+02 3.328846153850000178e+02
1.795500000000000114e+02 3.343999999999999773e+02
3.770000000000000000e+02 3.340000000000000000e+02
1.475000000000000000e+02 3.355000000000000000e+02
3.272272727270000132e+02 3.360000000000000000e+02
2.600000000000000000e+01 3.359444444439999984e+02
1.022500000000000000e+02 3.378750000000000000e+02
2.148333333330000130e+02 3.384166666670000154e+02
4.247222222220000276e+02 3.385555555560000016e+02
2.486176470590000065e+02 3.389117647059999854e+02
2.742647058819999870e+02 3.397352941180000130e+02
1.651250000000000000e+02 3.403125000000000000e+02
3.957142857140000274e+02 3.398571428569999853e+02
5.168333333330000414e+02 3.412500000000000000e+02
4.811538461500000352e+01 3.418846153850000178e+02
3.022500000000000000e+02 3.420625000000000000e+02
4.600000000000000000e+02 3.422142857140000274e+02
5.686499999999999773e+02 3.428000000000000114e+02
8.643750000000000000e+01 3.443125000000000000e+02
4.748529411760000016e+02 3.455000000000000000e+02
1.400000000000000000e+01 3.462142857140000274e+02
6.088461538499999648e+01 3.481153846149999822e+02
3.768333333329999846e+02 3.475833333329999846e+02
1.912500000000000000e+02 3.498750000000000000e+02
2.350000000000000000e+02 3.500000000000000000e+02
5.522500000000000000e+02 3.501666666670000154e+02
3.568846153850000178e+02 3.511153846149999822e+02
4.930000000000000000e+02 3.510000000000000000e+02
1.520000000000000000e+02 3.522777777779999724e+02
2.623333333300000092e+01 3.531666666670000154e+02
4.128571428569999853e+02 3.532142857140000274e+02
1.225909090910000003e+02 3.545909090910000145e+02
4.486000000000000227e+02 3.545500000000000114e+02
5.872999999999999545e+02 3.541000000000000227e+02
5.138846153849999610e+02 3.562692307689999893e+02
5.375909090909999577e+02 3.558636363640000013e+02
9.985294117600000163e+01 3.580294117650000203e+02
2.923095238099999733e+02 3.586428571430000147e+02
3.360000000000000000e+02 3.580000000000000000e+02
8.530952381000000173e+01 3.604523809519999986e+02
2.150000000000000000e+02 3.597857142859999726e+02
2.610000000000000000e+02 3.614166666670000154e+02
3.105000000000000000e+02 3.606999999999999886e+02
4.225000000000000000e+02 3.605000000000000000e+02
5.671315789469999800e+02 3.617105263160000277e+02
2.235000000000000142e+01 3.623500000000000227e+02
4.211538461500000352e+01 3.617307692310000107e+02
3.708333333329999846e+02 3.621666666670000154e+02
3.898333333329999846e+02 3.626333333329999959e+02
2.813461538459999929e+02 3.640384615379999786e+02
4.581250000000000000e+02 3.642500000000000000e+02
1.905000000000000000e+02 3.650000000000000000e+02
1.660999999999999943e+02 3.661000000000000227e+02
3.398999999999999773e+02 3.658999999999999773e+02
4.775666666669999927e+02 3.657666666669999813e+02
1.328333333330000130e+02 3.667500000000000000e+02
1.154090909089999997e+02 3.715909090910000145e+02
5.611538461500000352e+01 3.737307692310000107e+02
4.113823529410000219e+02 3.750294117650000203e+02
2.280000000000000000e+02 3.750000000000000000e+02
2.437222222219999992e+02 3.754444444439999984e+02
2.891521739130000128e+02 3.755869565219999799e+02
5.044499999999999886e+02 3.756000000000000227e+02
5.240000000000000000e+02 3.755000000000000000e+02
5.475000000000000000e+02 3.755000000000000000e+02
2.093823529409999935e+02 3.759117647059999854e+02
1.476250000000000000e+02 3.771875000000000000e+02
2.700000000000000000e+02 3.777222222220000276e+02
3.753999999999999773e+02 3.774499999999999886e+02
3.632222222220000276e+02 3.783888888889999862e+02
4.375000000000000000e+02 3.785000000000000000e+02
3.200000000000000000e+01 3.792777777779999724e+02
1.793947368419999862e+02 3.810789473680000015e+02
7.075000000000000000e+01 3.811250000000000000e+02
9.786363636400000132e+01 3.809545454550000159e+02
3.050000000000000000e+02 3.840000000000000000e+02
1.596333333329999959e+02 3.849666666670000268e+02
4.567352941180000130e+02 3.855588235289999943e+02
4.771000000000000227e+02 3.858500000000000227e+02
5.347857142860000295e+02 3.860000000000000000e+02
5.706111111110000138e+02 3.867777777779999724e+02
5.000000000000000000e-01 3.870000000000000000e+02
1.240999999999999943e+02 3.871000000000000227e+02
3.179705882349999797e+02 3.871470588239999984e+02
3.395000000000000000e+02 3.875000000000000000e+02
3.965000000000000000e+02 3.870000000000000000e+02
4.965000000000000000e+02 3.865000000000000000e+02
2.485000000000000000e+02 3.901470588239999984e+02
2.758571428569999853e+02 3.915714285710000127e+02
4.155000000000000000e+02 3.925000000000000000e+02
1.286842105300000050e+01 3.937105263160000277e+02
1.421428571429999863e+02 3.934285714289999873e+02
2.386578947369999923e+02 3.933421052630000077e+02
8.350000000000000000e+01 3.940000000000000000e+02
5.201153846150000390e+02 3.938846153850000178e+02
4.400000000000000000e+01 3.955000000000000000e+02
2.092500000000000000e+02 3.951666666670000154e+02
6.250000000000000000e+01 3.960000000000000000e+02
4.298846153850000178e+02 3.958846153850000178e+02
1.775000000000000000e+02 3.965000000000000000e+02
4.530000000000000000e+02 3.975000000000000000e+02
1.565000000000000000e+02 3.995000000000000000e+02
1.004411764710000057e+02 4.002647058819999870e+02
2.986000000000000227e+02 4.000500000000000114e+02
5.530499999999999545e+02 4.006000000000000227e+02
2.459090909100000033e+01 4.021363636359999987e+02
1.941153846150000106e+02 4.018846153850000178e+02
3.827857142859999726e+02 4.020000000000000000e+02
1.215769230770000036e+02 4.031923076919999858e+02
5.147000000000000455e+02 4.035000000000000000e+02
5.778750000000000000e+02 4.045000000000000000e+02
3.652916666670000154e+02 4.057083333329999846e+02
4.922894736839999723e+02 4.058684210530000200e+02
1.368809523809999860e+02 4.079761904759999993e+02
2.586111111110000138e+02 4.072222222220000276e+02
1.500000000000000000e+00 4.080000000000000000e+02
3.238571428569999853e+02 4.092142857140000274e+02
3.403181818180000278e+02 4.097727272729999868e+02
4.223823529410000219e+02 4.089117647059999854e+02
6.878571428600000104e+01 4.110000000000000000e+02
4.697105263160000277e+02 4.111315789469999800e+02
4.031250000000000000e+02 4.125000000000000000e+02
4.425000000000000000e+02 4.133750000000000000e+02
5.288333333330000414e+02 4.132333333330000187e+02
2.391666666669999870e+02 4.137500000000000000e+02
9.678571428600000104e+01 4.150000000000000000e+02
1.968333333330000130e+02 4.145833333329999846e+02
1.826999999999999886e+02 4.155000000000000000e+02
3.031153846149999822e+02 4.171153846149999822e+02
5.861153846150000390e+02 4.171153846149999822e+02
2.781000000000000227e+02 4.184333333330000073e+02
2.234090909090000139e+02 4.205909090910000145e+02
3.711315789469999800e+02 4.212368421049999938e+02
4.965789473699999945e+01 4.223421052630000077e+02
1.153095238100000017e+02 4.225476190480000014e+02
5.445000000000000000e+02 4.220000000000000000e+02
2.410000000000000142e+01 4.235666666669999927e+02
1.660000000000000000e+02 4.232142857140000274e+02
3.836999999999999886e+02 4.230000000000000000e+02
4.558529411760000016e+02 4.229705882349999797e+02
3.128846153850000178e+02 4.238846153850000178e+02
5.649545454550000159e+02 4.238636363640000013e+02
2.415000000000000000e+02 4.250000000000000000e+02
4.178809523809999860e+02 4.259761904759999993e+02
3.420384615379999786e+02 4.261923076919999858e+02
3.350000000000000000e+01 4.265000000000000000e+02
1.276904761899999983e+02 4.274523809519999986e+02
5.165588235290000512e+02 4.278529411760000016e+02
1.536818181820000007e+02 4.276818181819999722e+02
4.843823529410000219e+02 4.303823529410000219e+02
4.940454545449999841e+02 4.298636363640000013e+02
5.800000000000000000e+02 4.295000000000000000e+02
2.902142857140000274e+02 4.305000000000000000e+02
4.227666666669999813e+02 4.318333333329999846e+02
1.925000000000000000e+02 4.315000000000000000e+02
3.284090909089999855e+02 4.324090909089999855e+02
2.591774193549999836e+02 4.348548387100000241e+02
5.000000000000000000e-01 4.330000000000000000e+02
9.350000000000000000e+01 4.340000000000000000e+02
2.065000000000000000e+02 4.335000000000000000e+02
2.796250000000000000e+02 4.346250000000000000e+02
3.670000000000000000e+02 4.352142857140000274e+02
3.547857142859999726e+02 4.365000000000000000e+02
6.660526315799999963e+01 4.389210526319999985e+02
5.364333333329999505e+02 4.398999999999999773e+02
1.765476190480000014e+02 4.413095238099999733e+02
3.916999999999999886e+02 4.410000000000000000e+02
3.972142857140000274e+02 4.410000000000000000e+02
5.551363636360000555e+02 4.415909090910000145e+02
1.409999999999999964e+01 4.431000000000000227e+02
5.010000000000000142e+01 4.431000000000000227e+02
8.900000000000000000e+01 4.432777777779999724e+02
2.290000000000000000e+02 4.427857142859999726e+02
4.271666666670000154e+02 4.442500000000000000e+02
5.174090909090000423e+02 4.441363636359999987e+02
3.024444444439999984e+02 4.455000000000000000e+02
4.493823529410000219e+02 4.449117647059999854e+02
4.631666666670000154e+02 4.454166666670000154e+02
1.172894736840000007e+02 4.468684210530000200e+02
2.094000000000000057e+02 4.464499999999999886e+02
2.795000000000000000e+02 4.463333333329999846e+02
3.346499999999999773e+02 4.481999999999999886e+02
4.777500000000000000e+02 4.475500000000000114e+02
1.367500000000000000e+02 4.492500000000000000e+02
1.536333333329999959e+02 4.489666666670000268e+02
3.743461538459999929e+02 4.490384615379999786e+02
3.221428571399999896e+01 4.500000000000000000e+02
2.557857142860000010e+02 4.515000000000000000e+02
5.447105263160000277e+02 4.515000000000000000e+02
5.643260869570000295e+02 4.515000000000000000e+02
3.117500000000000000e+02 4.518333333329999846e+02
4.600000000000000000e+02 4.526999999999999886e+02
1.868529411760000016e+02 4.530294117650000203e+02
4.145000000000000000e+02 4.538529411760000016e+02
4.973823529410000219e+02 4.540882352940000146e+02
2.378846153849999894e+02 4.548846153850000178e+02
2.342105263000000104e+00 4.563421052630000077e+02
1.685909090909999861e+02 4.561363636359999987e+02
5.825000000000000000e+01 4.577500000000000000e+02
9.728571428600000104e+01 4.572857142859999726e+02
3.442142857140000274e+02 4.590000000000000000e+02
1.461363636359999987e+02 4.605909090910000145e+02
3.651153846149999822e+02 4.611153846149999822e+02
4.015952380950000133e+02 4.640714285710000127e+02
5.045000000000000000e+02 4.633333333329999846e+02
8.378571428600000104e+01 4.640000000000000000e+02
2.258846153849999894e+02 4.641153846149999822e+02
1.220000000000000000e+02 4.670000000000000000e+02
4.349117647059999854e+02 4.683823529410000219e+02
5.473999999999999773e+02 4.685500000000000114e+02
2.738571428569999853e+02 4.695714285710000127e+02
2.643333333300000021e+01 4.698999999999999773e+02
3.131428571430000147e+02 4.704285714289999873e+02
4.161153846149999822e+02 4.698846153850000178e+02
5.231000000000000227e+02 4.698999999999999773e+02
4.851666666670000154e+02 4.718333333329999846e+02
5.692647058820000439e+02 4.712647058819999870e+02
4.513636363599999868e+01 4.740454545449999841e+02
1.550000000000000000e+02 4.745000000000000000e+02
2.070294117649999919e+02 4.741470588239999984e+02
2.972500000000000000e+02 4.740625000000000000e+02
1.315000000000000000e+02 4.757105263160000277e+02
1.861153846150000106e+02 4.751153846149999822e+02
3.746999999999999886e+02 4.745000000000000000e+02
1.760882352939999862e+02 4.766176470589999781e+02
2.550999999999999943e+02 4.761000000000000227e+02
3.447105263160000277e+02 4.768684210530000200e+02
5.395000000000000000e+02 4.760000000000000000e+02
1.136363636000000010e+00 4.785000000000000000e+02
4.000000000000000000e+02 4.779444444439999984e+02
4.765000000000000000e+02 4.785000000000000000e+02
6.821428571399999896e+01 4.800000000000000000e+02
2.291153846150000106e+02 4.798846153850000178e+02
3.800000000000000000e+02 4.798333333329999846e+02
4.985769230770000036e+02 4.798076923080000142e+02
8.536666666700000405e+01 4.829666666670000268e+02
4.490000000000000000e+02 4.825000000000000000e+02
5.705869565220000368e+02 4.847173913039999888e+02
1.060000000000000000e+02 4.852142857140000274e+02
2.050000000000000000e+02 4.850000000000000000e+02
4.840000000000000000e+02 4.860000000000000000e+02
2.522142857139999990e+02 4.875000000000000000e+02
2.795555555560000016e+02 4.872777777779999724e+02
3.606250000000000000e+02 4.873750000000000000e+02
5.181363636360000555e+02 4.885909090910000145e+02
5.790000000000000000e+02 4.895000000000000000e+02
5.200000000000000000e+01 4.902142857140000274e+02
1.190000000000000000e+02 4.925000000000000000e+02
1.555909090909999861e+02 4.918636363640000013e+02
2.975000000000000000e+01 4.928750000000000000e+02
3.018333333329999846e+02 4.942333333330000187e+02
3.156111111110000138e+02 4.942222222220000276e+02
1.932333333329999903e+02 4.951666666670000154e+02
3.421000000000000227e+02 4.965666666669999927e+02
1.645000000000000000e+02 4.965000000000000000e+02
2.207307692310000107e+02 4.972692307689999893e+02
4.326999999999999886e+02 4.976999999999999886e+02
3.681999999999999886e+02 4.983999999999999773e+02
4.142647058819999870e+02 4.985588235289999943e+02
1.066578947370000066e+02 5.003421052630000077e+02
1.380000000000000000e+02 4.997857142859999726e+02
5.352500000000000000e+02 5.000833333329999846e+02
6.816666666700000121e+01 5.017500000000000000e+02
4.578999999999999773e+02 5.021000000000000227e+02
5.055769230770000036e+02 5.021153846149999822e+02
5.268846153849999610e+02 5.028846153850000178e+02
3.649999999999999911e+00 5.048000000000000114e+02
1.300000000000000000e+01 5.040000000000000000e+02
3.755000000000000000e+02 5.053636363640000013e+02
3.975000000000000000e+02 5.040000000000000000e+02
4.773125000000000000e+02 5.043125000000000000e+02
8.108823529400000041e+01 5.053823529410000219e+02
2.817857142859999726e+02 5.050000000000000000e+02
5.545000000000000000e+02 5.046538461540000071e+02
2.340000000000000000e+02 5.061666666670000154e+02
2.548529411760000016e+02 5.065000000000000000e+02
4.550000000000000000e+01 5.075000000000000000e+02
5.862647058820000439e+02 5.085588235289999943e+02
4.919705882349999797e+02 5.090294117650000203e+02
3.120000000000000000e+02 5.105000000000000000e+02
2.289000000000000057e+02 5.121000000000000227e+02
2.916000000000000227e+02 5.116999999999999886e+02
3.522647058819999870e+02 5.122647058820000439e+02
5.392692307690000462e+02 5.142692307690000462e+02
5.578999999999999773e+02 5.138999999999999773e+02
2.638235294100000061e+01 5.160882352940000146e+02
2.042500000000000000e+02 5.161250000000000000e+02
3.365000000000000000e+02 5.160000000000000000e+02
4.278846153850000178e+02 5.168846153849999610e+02
4.486818181819999722e+02 5.176818181820000291e+02
5.070294117650000203e+02 5.193235294119999708e+02
1.538809523809999860e+02 5.196428571430000147e+02
4.103888888889999862e+02 5.196666666669999586e+02
1.760000000000000000e+02 5.195000000000000000e+02
3.850000000000000000e+02 5.192999999999999545e+02
6.375000000000000000e+01 5.214500000000000455e+02
1.245000000000000000e+02 5.233461538459999929e+02
9.928947368400000073e+01 5.255000000000000000e+02
2.631153846149999822e+02 5.262692307690000462e+02
4.703333333300000163e+01 5.276333333329999959e+02
1.948529411760000016e+02 5.275000000000000000e+02
1.471052631599999927e+01 5.288684210530000200e+02
2.490882352939999862e+02 5.293823529410000219e+02
4.418529411760000016e+02 5.295000000000000000e+02
3.144499999999999886e+02 5.303999999999999773e+02
2.163181818179999993e+02 5.306818181820000291e+02
2.735909090910000145e+02 5.315909090909999577e+02
5.355499999999999545e+02 5.316000000000000227e+02
5.598571428569999853e+02 5.317142857139999705e+02
1.485000000000000000e+02 5.320000000000000000e+02
1.730000000000000000e+02 5.330000000000000000e+02
1.085909090910000003e+02 5.345909090909999577e+02
4.600000000000000000e+02 5.340000000000000000e+02
2.475000000000000000e+01 5.352500000000000000e+02
4.780000000000000000e+02 5.350000000000000000e+02
7.861764705900000649e+01 5.360882352940000146e+02
3.408750000000000000e+02 5.362500000000000000e+02
3.627777777779999724e+02 5.366111111110000138e+02
4.167857142859999726e+02 5.360000000000000000e+02
3.797857142859999726e+02 5.370000000000000000e+02
5.015000000000000000e+02 5.371470588240000552e+02
5.801315789469999800e+02 5.372894736839999723e+02
3.273095238099999733e+02 5.384047619049999867e+02
4.063181818180000278e+02 5.393181818179999709e+02
5.155909090909999577e+02 5.391363636360000555e+02
1.305000000000000000e+02 5.408529411759999448e+02
2.356578947369999923e+02 5.406578947369999923e+02
2.930833333329999846e+02 5.407500000000000000e+02
9.800000000000000000e+01 5.417857142860000295e+02
1.885999999999999943e+02 5.442000000000000455e+02
3.068636363640000013e+02 5.469545454550000159e+02
5.338888888900000040e+01 5.481666666669999586e+02
7.366666666999999613e+00 5.490333333329999732e+02
1.612500000000000000e+02 5.491250000000000000e+02
2.628846153850000178e+02 5.491153846150000390e+02
2.009000000000000057e+02 5.504333333329999505e+02
2.800625000000000000e+02 5.507500000000000000e+02
4.527307692310000107e+02 5.506538461540000071e+02
4.328750000000000000e+02 5.512500000000000000e+02
5.437999999999999545e+02 5.516499999999999773e+02
2.246999999999999886e+02 5.535000000000000000e+02
5.228076923080000142e+02 5.545769230769999467e+02
5.655909090909999577e+02 5.545909090909999577e+02
4.712222222220000276e+02 5.550555555559999448e+02
3.505000000000000000e+02 5.560000000000000000e+02
1.446739130429999989e+02 5.575000000000000000e+02
3.740000000000000000e+02 5.572142857139999705e+02
2.515000000000000000e+02 5.581666666669999586e+02
3.013666666670000041e+02 5.579666666670000268e+02
5.130000000000000000e+02 5.582142857139999705e+02
7.388461538500000358e+01 5.598846153849999610e+02
3.965588235289999943e+02 5.602647058820000439e+02
3.264285714300000052e+01 5.605714285709999558e+02
4.950000000000000000e+01 5.605000000000000000e+02
2.105000000000000000e+02 5.606538461540000071e+02
3.150000000000000000e+02 5.615000000000000000e+02
