5.000000000000000000e-01 5.000000000000000000e-01
1.573823529409999935e+02 1.911764706000000036e+00
2.802500000000000000e+02 1.937500000000000000e+00
3.676000000000000227e+02 2.549999999999999822e+00
4.842777777779999724e+02 9.444444440000000496e-01
4.993000000000000114e+02 1.100000000000000089e+00
5.211000000000000227e+02 2.100000000000000089e+00
5.570000000000000000e+02 1.000000000000000000e+00
5.773421052630000077e+02 4.657894737000000340e+00
7.150000000000000000e+01 4.500000000000000000e+00
4.030000000000000000e+02 5.000000000000000000e+00
3.222894736839999723e+02 6.500000000000000000e+00
3.519666666670000268e+02 6.366666666999999613e+00
1.367500000000000000e+02 7.125000000000000000e+00
1.967857142860000010e+02 8.000000000000000000e+00
2.988000000000000114e+02 8.650000000000000355e+00
2.609666666670000268e+02 9.633333332999999499e+00
4.526999999999999886e+02 9.000000000000000000e+00
2.804545454499999835e+01 1.063636363600000045e+01
2.153888888889999862e+02 1.077777777800000081e+01
4.215625000000000000e+02 1.037500000000000000e+01
8.478571428600000104e+01 1.400000000000000000e+01
1.728636363640000013e+02 1.495454545499999988e+01
4.412500000000000000e+02 1.512500000000000000e+01
5.545000000000000000e+02 1.514705882400000014e+01
1.036500000000000057e+02 1.680000000000000071e+01
3.875000000000000000e+02 1.550000000000000000e+01
5.086333333329999959e+02 1.603333333300000163e+01
5.367500000000000000e+02 1.606250000000000000e+01
2.298750000000000000e+02 1.850000000000000000e+01
3.574090909089999855e+02 2.140909090899999967e+01
1.249375000000000000e+02 2.225000000000000000e+01
5.900000000000000000e+01 2.350000000000000000e+01
2.893333333329999846e+02 2.350000000000000000e+01
3.272222222220000276e+02 2.338888888900000040e+01
4.842142857140000274e+02 2.300000000000000000e+01
1.985294117600000163e+01 2.450000000000000000e+01
7.745999999999999375e+01 2.489999999999999858e+01
1.623750000000000000e+02 2.456250000000000000e+01
3.921666666670000154e+02 2.338888888900000040e+01
4.101153846149999822e+02 2.388461538500000003e+01
5.707777777779999724e+02 2.461111111099999960e+01
4.703823529410000219e+02 2.508823529400000041e+01
3.760000000000000000e+02 2.650000000000000000e+01
2.698636363640000013e+02 2.659090909100000033e+01
5.287857142860000295e+02 2.700000000000000000e+01
6.833333332999999676e+00 2.864285714300000052e+01
1.740000000000000000e+02 2.827777777800000081e+01
3.737500000000000000e+01 2.837500000000000000e+01
2.148636363640000013e+02 2.840909090899999967e+01
2.559545454549999874e+02 2.886363636400000132e+01
3.098846153850000178e+02 2.888461538500000003e+01
4.535000000000000000e+02 2.950000000000000000e+01
3.608636363640000013e+02 3.040909090899999967e+01
4.236111111110000138e+02 3.122222222199999919e+01
2.007307692310000107e+02 3.188461538500000003e+01
1.020833333329999988e+02 3.275000000000000000e+01
1.430999999999999943e+02 3.310000000000000142e+01
5.942307692300000355e+01 3.634615384599999999e+01
2.353181818179999993e+02 3.631818181799999934e+01
4.736176470589999781e+02 3.591176470599999959e+01
5.017500000000000000e+02 3.675000000000000000e+01
5.508750000000000000e+02 3.625000000000000000e+01
9.067391304299999888e+01 3.893478260900000265e+01
1.109666666669999984e+02 3.863333333300000305e+01
3.823000000000000114e+02 3.800000000000000000e+01
5.230882352940000146e+02 3.838235294100000061e+01
3.341000000000000227e+02 3.910000000000000142e+01
4.053666666670000041e+02 4.196666666699999837e+01
2.998846153850000178e+02 4.273076923099999647e+01
1.622142857139999990e+02 4.600000000000000000e+01
2.878571428600000104e+01 4.664285714300000052e+01
2.633823529410000219e+02 4.691176470599999959e+01
5.731000000000000227e+02 4.710000000000000142e+01
4.345000000000000284e+01 4.839999999999999858e+01
3.078846153850000178e+02 4.988461538499999648e+01
4.955625000000000000e+02 5.037500000000000000e+01
5.358636363639999445e+02 4.959090909100000033e+01
1.343823529409999935e+02 5.091176470599999959e+01
3.305000000000000000e+02 5.129999999999999716e+01
3.486111111110000138e+02 5.122222222199999919e+01
3.620333333329999732e+02 5.136666666699999695e+01
3.858333333329999846e+02 5.141666666700000121e+01
4.228000000000000114e+02 5.139999999999999858e+01
5.096818181819999722e+02 5.068181818200000066e+01
1.038636363640000013e+02 5.140909090899999967e+01
1.776818181820000007e+02 5.277272727300000099e+01
2.822500000000000000e+02 5.212500000000000000e+01
2.035000000000000000e+02 5.300000000000000000e+01
2.258809523809999860e+02 5.326190476200000035e+01
4.371153846149999822e+02 5.288461538499999648e+01
1.911764706000000036e+00 5.438235294100000061e+01
1.242999999999999972e+02 5.550000000000000000e+01
4.600000000000000000e+02 5.600000000000000000e+01
5.603888888889999862e+02 5.622222222199999919e+01
6.326470588200000122e+01 5.926470588200000122e+01
1.675714285710000127e+02 5.907142857099999844e+01
2.411538461499999997e+01 5.988461538499999648e+01
4.745000000000000000e+02 5.950000000000000000e+01
3.772222222220000276e+02 6.138888888900000040e+01
5.841153846150000390e+02 6.126923076900000353e+01
3.391363636359999987e+02 6.159090909100000033e+01
4.272333333330000187e+02 6.216666666700000121e+01
5.222500000000000000e+02 6.187500000000000000e+01
3.986842105299999872e+01 6.371052631599999927e+01
8.503333333300000163e+01 6.363333333300000305e+01
1.407857142860000010e+02 6.300000000000000000e+01
2.546176470590000065e+02 6.308823529400000041e+01
5.465000000000000000e+02 6.300000000000000000e+01
2.340294117649999919e+02 6.414705882399999837e+01
4.465000000000000000e+02 6.350000000000000000e+01
1.938333333330000130e+02 6.623333333300000447e+01
4.926538461540000071e+02 6.603846153800000707e+01
2.160000000000000000e+02 6.678571428600000104e+01
7.243333333299999310e+01 6.776666666699999553e+01
2.675000000000000000e+02 7.050000000000000000e+01
2.975000000000000000e+02 6.950000000000000000e+01
3.975000000000000000e+02 7.016666666700000121e+01
3.142692307689999893e+02 7.111538461499999642e+01
1.055909090910000003e+02 7.186363636400000132e+01
2.783888888889999862e+02 7.366666666700000121e+01
3.435000000000000000e+02 7.313157894699999417e+01
4.680294117650000203e+02 7.485294117600000163e+01
5.102142857140000274e+02 7.400000000000000000e+01
5.350000000000000000e+02 7.521428571399999896e+01
1.708000000000000114e+02 7.634999999999999432e+01
3.240294117650000203e+02 7.614705882399999837e+01
5.875000000000000000e+02 7.550000000000000000e+01
1.100000000000000000e+01 7.750000000000000000e+01
1.261153846149999964e+02 7.911538461499999642e+01
5.727142857139999705e+02 8.014285714300000052e+01
4.180000000000000000e+02 8.150000000000000000e+01
2.085000000000000000e+02 8.371052631599999927e+01
2.247857142860000010e+02 8.300000000000000000e+01
2.328333333330000130e+02 8.216666666700000121e+01
6.000000000000000000e+01 8.400000000000000000e+01
9.100000000000000000e+01 8.400000000000000000e+01
1.570000000000000000e+02 8.400000000000000000e+01
4.782058823529999927e+02 8.426470588200000122e+01
5.546333333329999959e+02 8.516666666700000121e+01
3.135000000000000142e+01 8.720000000000000284e+01
3.063461538459999929e+02 8.596153846199999293e+01
3.625000000000000000e+02 8.800000000000000000e+01
3.846111111110000138e+02 8.722222222199999919e+01
5.018333333329999846e+02 8.723333333300000447e+01
7.100000000000000000e+01 8.800000000000000000e+01
2.895500000000000114e+02 8.859999999999999432e+01
4.461153846149999822e+02 8.888461538500000358e+01
4.703181818180000278e+02 8.995454545500000165e+01
5.695000000000000000e+02 9.050000000000000000e+01
2.514523809519999986e+02 9.130952381000000173e+01
5.813999999999999773e+02 9.254999999999999716e+01
1.325000000000000000e+02 9.300000000000000000e+01
8.852941175999999857e+00 9.450000000000000000e+01
1.059666666669999984e+02 9.536666666700000405e+01
1.680333333330000016e+02 9.536666666700000405e+01
2.715000000000000000e+02 9.600000000000000000e+01
3.470333333329999732e+02 9.636666666700000405e+01
4.091000000000000227e+02 9.590000000000000568e+01
4.257222222220000276e+02 9.600000000000000000e+01
5.850000000000000000e+01 9.700000000000000000e+01
1.405909090909999861e+02 9.786363636400000132e+01
4.321428571399999896e+01 9.900000000000000000e+01
1.875000000000000000e+02 9.900000000000000000e+01
3.888333333329999846e+02 9.925000000000000000e+01
4.896875000000000000e+02 9.918750000000000000e+01
5.243181818179999709e+02 9.868181818200000066e+01
9.012500000000000000e+01 1.012500000000000000e+02
3.295000000000000000e+02 1.011470588239999984e+02
2.293421052630000077e+02 1.023421052629999934e+02
2.496999999999999886e+02 1.015000000000000000e+02
3.647105263160000277e+02 1.025000000000000000e+02
1.591153846150000106e+02 1.041153846149999964e+02
5.403421052630000077e+02 1.046578947370000066e+02
4.472142857140000274e+02 1.050000000000000000e+02
1.988846153849999894e+02 1.061153846149999964e+02
5.100882352940000146e+02 1.066176470590000065e+02
1.057000000000000028e+02 1.065000000000000000e+02
2.896176470589999781e+02 1.099117647059999996e+02
7.440909090899999967e+01 1.125909090910000003e+02
2.390000000000000000e+02 1.117000000000000028e+02
2.580882352940000146e+02 1.123823529409999935e+02
5.801153846150000390e+02 1.118846153850000036e+02
1.240000000000000000e+02 1.130000000000000000e+02
4.425000000000000000e+02 1.127857142860000010e+02
2.961111111099999960e+01 1.144444444439999984e+02
3.031000000000000227e+02 1.139000000000000057e+02
3.375000000000000000e+02 1.140000000000000000e+02
4.058999999999999773e+02 1.140999999999999943e+02
4.248571428569999853e+02 1.142857142860000010e+02
4.954047619049999867e+02 1.149285714290000016e+02
5.591363636360000555e+02 1.135909090910000003e+02
4.735000000000000000e+02 1.160000000000000000e+02
3.576000000000000227e+02 1.184500000000000028e+02
5.349666666670000268e+02 1.196333333329999959e+02
2.179117647060000138e+02 1.203823529409999935e+02
1.662894736840000007e+02 1.218684210530000058e+02
1.891153846150000106e+02 1.208846153850000036e+02
5.663461538459999929e+02 1.220384615380000071e+02
1.200000000000000000e+01 1.232142857139999990e+02
5.163333333300000305e+01 1.229666666669999984e+02
5.551153846150000390e+02 1.231153846149999964e+02
1.442777777780000008e+02 1.240000000000000000e+02
4.200882352940000146e+02 1.243823529409999935e+02
5.223999999999999773e+02 1.255499999999999972e+02
1.227142857139999990e+02 1.261428571430000005e+02
2.066904761899999983e+02 1.264523809519999986e+02
3.161363636359999987e+02 1.275909090910000003e+02
3.888571428569999853e+02 1.277857142860000010e+02
1.015000000000000000e+02 1.296739130429999989e+02
8.800000000000000000e+01 1.295000000000000000e+02
3.661764705899999939e+01 1.310882352939999862e+02
2.372142857139999990e+02 1.311428571429999863e+02
3.335000000000000000e+02 1.327105263159999993e+02
3.760000000000000000e+02 1.320000000000000000e+02
2.489285714289999873e+02 1.335000000000000000e+02
4.393888888889999862e+02 1.334444444439999984e+02
4.587857142859999726e+02 1.330000000000000000e+02
4.758846153850000178e+02 1.328846153849999894e+02
6.613636363599999868e+01 1.340454545450000126e+02
1.431875000000000000e+02 1.343750000000000000e+02
2.950882352940000146e+02 1.353823529409999935e+02
1.303846153799999996e+01 1.356538461540000071e+02
1.758125000000000000e+02 1.363125000000000000e+02
2.716999999999999886e+02 1.355000000000000000e+02
3.085000000000000000e+02 1.368750000000000000e+02
4.090000000000000000e+02 1.382142857139999990e+02
5.321000000000000227e+02 1.387666666670000097e+02
4.465789473699999945e+01 1.416578947369999923e+02
1.873461538459999929e+02 1.410384615380000071e+02
3.543421052630000077e+02 1.414473684209999931e+02
5.831153846150000390e+02 1.411153846150000106e+02
1.613739495799999872e+02 1.482815126049999890e+02
7.000000000000000000e+00 1.430000000000000000e+02
2.292894736840000007e+02 1.438684210529999916e+02
4.268846153850000178e+02 1.427307692310000107e+02
4.983666666670000041e+02 1.430333333330000016e+02
4.765588235289999943e+02 1.442647058819999870e+02
5.231000000000000227e+02 1.449000000000000057e+02
5.566428571430000147e+02 1.460000000000000000e+02
5.950000000000000000e+01 1.468333333330000130e+02
4.503666666670000041e+02 1.469666666669999984e+02
1.127142857139999990e+02 1.482857142860000010e+02
9.669047618999999827e+01 1.493571428570000137e+02
2.557105263159999993e+02 1.495000000000000000e+02
2.850882352940000146e+02 1.506176470590000065e+02
3.375869565219999799e+02 1.511521739130000128e+02
4.922272727270000132e+02 1.520000000000000000e+02
5.705909090909999577e+02 1.515909090909999861e+02
2.128846153849999894e+02 1.518846153849999894e+02
2.485000000000000000e+02 1.525000000000000000e+02
3.873823529410000219e+02 1.540882352939999862e+02
5.405000000000000000e+02 1.540714285710000127e+02
7.922222222199999919e+01 1.548888888889999862e+02
3.083181818180000278e+02 1.557727272729999868e+02
1.408076923079999858e+02 1.565769230770000036e+02
1.250000000000000000e+00 1.585833333330000130e+02
2.696250000000000000e+02 1.586250000000000000e+02
3.543181818180000278e+02 1.586818181820000007e+02
3.702857142859999726e+02 1.607142857139999990e+02
4.360000000000000000e+02 1.612142857139999990e+02
3.573076923099999647e+01 1.626538461540000071e+02
2.271052631599999927e+01 1.645000000000000000e+02
1.872826086960000112e+02 1.644130434779999916e+02
2.145000000000000000e+02 1.640000000000000000e+02
2.836250000000000000e+02 1.636250000000000000e+02
5.111250000000000000e+02 1.647500000000000000e+02
6.050000000000000000e+01 1.655000000000000000e+02
9.555882352899999432e+01 1.658529411760000016e+02
1.235000000000000000e+02 1.653461538459999929e+02
3.251153846149999822e+02 1.658846153849999894e+02
4.005000000000000000e+02 1.655000000000000000e+02
1.488846153849999894e+02 1.668846153849999894e+02
4.746052631580000138e+02 1.675000000000000000e+02
2.018181818179999993e+02 1.693636363640000013e+02
4.553823529410000219e+02 1.690882352939999862e+02
1.875000000000000000e+00 1.705000000000000000e+02
1.680000000000000000e+02 1.705000000000000000e+02
5.505714285709999558e+02 1.710714285710000127e+02
8.293750000000000000e+01 1.718750000000000000e+02
4.253999999999999773e+02 1.724499999999999886e+02
3.928888888889999862e+02 1.743333333330000130e+02
5.810000000000000000e+02 1.745000000000000000e+02
2.190000000000000000e+02 1.762777777780000008e+02
2.431842105259999869e+02 1.770263157889999945e+02
2.850000000000000000e+02 1.765000000000000000e+02
3.728888888889999862e+02 1.777222222219999992e+02
1.505952380950000133e+02 1.789285714289999873e+02
5.115384614999999968e+00 1.791153846150000106e+02
5.240909090899999967e+01 1.795909090909999861e+02
3.393333333329999846e+02 1.795000000000000000e+02
4.662142857140000274e+02 1.800000000000000000e+02
4.948333333329999846e+02 1.808333333330000130e+02
5.367999999999999545e+02 1.804000000000000057e+02
2.980000000000000000e+02 1.820000000000000000e+02
4.113181818180000278e+02 1.816818181820000007e+02
1.959090909100000033e+01 1.831363636359999987e+02
3.050000000000000000e+01 1.835000000000000000e+02
3.568333333329999846e+02 1.838333333330000130e+02
4.389375000000000000e+02 1.847500000000000000e+02
1.886818181820000007e+02 1.863181818179999993e+02
5.716578947369999923e+02 1.863421052630000077e+02
2.451250000000000000e+02 1.879375000000000000e+02
1.100999999999999943e+02 1.889000000000000057e+02
2.695000000000000000e+02 1.890000000000000000e+02
5.205000000000000000e+02 1.895000000000000000e+02
3.151428571430000147e+02 1.907142857139999990e+02
4.763421052630000077e+02 1.906578947369999923e+02
1.080000000000000071e+01 1.908000000000000114e+02
1.390000000000000000e+02 1.915000000000000000e+02
3.709117647059999854e+02 1.916176470590000065e+02
4.602777777779999724e+02 1.910000000000000000e+02
7.509999999999999432e+01 1.930999999999999943e+02
1.200000000000000000e+02 1.932142857139999990e+02
2.005500000000000114e+02 1.934000000000000057e+02
1.009000000000000057e+02 1.950999999999999943e+02
4.420000000000000000e+02 1.950000000000000000e+02
6.014705882399999837e+01 1.960294117649999919e+02
2.368333333330000130e+02 1.962500000000000000e+02
3.275909090910000145e+02 1.964090909090000139e+02
4.240000000000000000e+02 1.965000000000000000e+02
5.563421052630000077e+02 1.963421052630000077e+02
1.622142857139999990e+02 1.970000000000000000e+02
2.888750000000000000e+02 1.972500000000000000e+02
3.562142857140000274e+02 1.990000000000000000e+02
3.963000000000000114e+02 2.000000000000000000e+02
5.010000000000000000e+02 2.000000000000000000e+02
5.340000000000000000e+02 2.015000000000000000e+02
8.150000000000000000e+01 2.021250000000000000e+02
2.180000000000000000e+02 2.020000000000000000e+02
2.946000000000000227e+02 2.025500000000000114e+02
5.853666666670000041e+02 2.020333333330000016e+02
5.688125000000000000e+02 2.033750000000000000e+02
2.545000000000000000e+02 2.052894736840000007e+02
1.944473684209999931e+02 2.063421052630000077e+02
4.341153846149999822e+02 2.071153846150000106e+02
4.510000000000000142e+01 2.079000000000000057e+02
2.656052631580000138e+02 2.080789473680000015e+02
1.995454545500000165e+01 2.117727272729999868e+02
1.590000000000000000e+02 2.102142857139999990e+02
3.200000000000000000e+02 2.100000000000000000e+02
1.111875000000000000e+02 2.115625000000000000e+02
5.150000000000000000e+02 2.110000000000000000e+02
3.843750000000000000e+02 2.113750000000000000e+02
4.081190476190000140e+02 2.130238095240000007e+02
3.457777777779999724e+02 2.133888888889999862e+02
5.549615384620000214e+02 2.133461538459999929e+02
6.829999999999999716e+01 2.135000000000000000e+02
1.256111111109999996e+02 2.154444444439999984e+02
2.252500000000000000e+02 2.148333333330000130e+02
3.591250000000000000e+02 2.157500000000000000e+02
4.721000000000000227e+02 2.159000000000000057e+02
5.394523809519999986e+02 2.163095238100000017e+02
5.861000000000000227e+02 2.160999999999999943e+02
4.566999999999999886e+02 2.170000000000000000e+02
4.950454545449999841e+02 2.171363636359999987e+02
2.060000000000000000e+02 2.180000000000000000e+02
2.826904761900000267e+02 2.213333333330000130e+02
3.136363636000000010e+00 2.185909090909999861e+02
5.688461538499999648e+01 2.218846153849999894e+02
1.455000000000000000e+02 2.220000000000000000e+02
1.737631578950000062e+02 2.222894736840000007e+02
9.550000000000000000e+01 2.231470588239999984e+02
3.308684210530000200e+02 2.237105263159999993e+02
3.872272727270000132e+02 2.245454545450000126e+02
1.933421052630000077e+02 2.253421052630000077e+02
2.424523809519999986e+02 2.257380952379999997e+02
3.970454545449999841e+02 2.248636363640000013e+02
4.370000000000000000e+02 2.275000000000000000e+02
2.250000000000000000e+02 2.295000000000000000e+02
5.178333333330000414e+02 2.294166666669999870e+02
4.228125000000000000e+02 2.306875000000000000e+02
1.630000000000000000e+02 2.310000000000000000e+02
3.551153846149999822e+02 2.311153846150000106e+02
4.586764705879999724e+02 2.316764705880000008e+02
5.754090909090000423e+02 2.315909090909999861e+02
2.644444444439999984e+02 2.337222222219999992e+02
4.895000000000000000e+02 2.331470588239999984e+02
7.514705882399999837e+01 2.345000000000000000e+02
1.248529411760000016e+02 2.340294117649999919e+02
9.588461538500000358e+01 2.351153846150000106e+02
3.038846153850000178e+02 2.348846153849999894e+02
2.845000000000000000e+02 2.360000000000000000e+02
7.666666667000000324e+00 2.383888888889999862e+02
3.361111111099999960e+01 2.387777777780000008e+02
5.723333333299999737e+01 2.381666666669999870e+02
1.750000000000000000e+02 2.380000000000000000e+02
3.381666666670000154e+02 2.387500000000000000e+02
2.384499999999999886e+02 2.404000000000000057e+02
2.686578947369999923e+02 2.426578947369999923e+02
2.139000000000000057e+02 2.440999999999999943e+02
5.305000000000000000e+02 2.443666666670000041e+02
5.496176470589999781e+02 2.440882352939999862e+02
3.716818181819999722e+02 2.446818181820000007e+02
4.690000000000000000e+02 2.452142857139999990e+02
4.012894736839999723e+02 2.461315789470000084e+02
5.132142857139999705e+02 2.460000000000000000e+02
4.532894736839999723e+02 2.478684210529999916e+02
2.161111111099999960e+01 2.487777777780000008e+02
1.268125000000000000e+02 2.484375000000000000e+02
3.210000000000000000e+02 2.482142857139999990e+02
4.835000000000000000e+02 2.475000000000000000e+02
5.871000000000000227e+02 2.483000000000000114e+02
7.891176470599999959e+01 2.503823529409999935e+02
4.271000000000000227e+02 2.500999999999999943e+02
5.399090909090000423e+02 2.510454545450000126e+02
1.083461538460000071e+02 2.515769230770000036e+02
1.490000000000000000e+02 2.517857142860000010e+02
1.971818181820000007e+02 2.542272727270000132e+02
3.052222222220000276e+02 2.536111111110000138e+02
3.615000000000000000e+02 2.526999999999999886e+02
4.948684210530000200e+02 2.537105263159999993e+02
4.236666666699999695e+01 2.539666666669999984e+02
2.871666666670000154e+02 2.537500000000000000e+02
5.725000000000000000e+02 2.551470588239999984e+02
2.507380952379999997e+02 2.574523809519999986e+02
2.274000000000000057e+02 2.594499999999999886e+02
3.451250000000000000e+02 2.592500000000000000e+02
3.865526315789999785e+02 2.606578947369999923e+02
3.638235294100000061e+01 2.610882352940000146e+02
1.083333333300000056e+01 2.628333333329999846e+02
1.147500000000000000e+02 2.621666666670000154e+02
1.650000000000000000e+02 2.617857142859999726e+02
1.838684210529999916e+02 2.637105263160000277e+02
4.122500000000000000e+02 2.631250000000000000e+02
4.720384615379999786e+02 2.626538461540000071e+02
5.828999999999999773e+02 2.628999999999999773e+02
4.244166666670000154e+02 2.650000000000000000e+02
5.178846153849999610e+02 2.648846153850000178e+02
5.606538461540000071e+02 2.650384615379999786e+02
6.154999999999999716e+01 2.661999999999999886e+02
8.290000000000000568e+01 2.658999999999999773e+02
1.429666666669999984e+02 2.673666666670000041e+02
4.880000000000000000e+02 2.675000000000000000e+02
2.975000000000000000e+02 2.675000000000000000e+02
3.920000000000000000e+02 2.676999999999999886e+02
4.618333333329999846e+02 2.677500000000000000e+02
3.307857142859999726e+02 2.690000000000000000e+02
9.613157894699999417e+01 2.702894736839999723e+02
2.002894736840000007e+02 2.705000000000000000e+02
2.754499999999999886e+02 2.703999999999999773e+02
3.120000000000000000e+02 2.702777777779999724e+02
5.071000000000000227e+02 2.698999999999999773e+02
4.457857142859999726e+02 2.710000000000000000e+02
6.511538461499999642e+01 2.741153846149999822e+02
3.750000000000000000e+02 2.736999999999999886e+02
5.371153846150000390e+02 2.751153846149999822e+02
1.516111111110000138e+02 2.758333333329999846e+02
2.375000000000000000e+02 2.765000000000000000e+02
2.281153846150000106e+02 2.781153846149999822e+02
5.743421052630000077e+02 2.783421052630000077e+02
1.090000000000000036e+01 2.791499999999999773e+02
1.300000000000000000e+02 2.787857142859999726e+02
1.718333333330000130e+02 2.794166666670000154e+02
3.528125000000000000e+02 2.805625000000000000e+02
2.844090909089999855e+02 2.818636363640000013e+02
3.626818181819999722e+02 2.823181818180000278e+02
4.340000000000000000e+02 2.820000000000000000e+02
2.444736842100000018e+01 2.841315789469999800e+02
2.570600000000000023e+02 2.841000000000000227e+02
5.496538461540000071e+02 2.835000000000000000e+02
4.596666666699999837e+01 2.846333333329999959e+02
4.080000000000000000e+02 2.840000000000000000e+02
4.926000000000000227e+02 2.858000000000000114e+02
8.496666666699999837e+01 2.863666666670000041e+02
1.032777777780000008e+02 2.870000000000000000e+02
4.743823529410000219e+02 2.879705882349999797e+02
3.830000000000000000e+02 2.880000000000000000e+02
2.696111111110000138e+02 2.891666666670000154e+02
3.148846153850000178e+02 2.891153846149999822e+02
1.238684210530000058e+02 2.904473684210000215e+02
2.071153846150000106e+02 2.898846153850000178e+02
6.173076923099999647e+01 2.907307692310000107e+02
1.878750000000000000e+02 2.912500000000000000e+02
5.829666666670000268e+02 2.923666666670000041e+02
1.555000000000000000e+02 2.932647058819999870e+02
4.175588235289999943e+02 2.927352941180000130e+02
4.526052631580000138e+02 2.930789473680000015e+02
5.562894736839999723e+02 2.931315789469999800e+02
5.280625000000000000e+02 2.952500000000000000e+02
3.020000000000000000e+02 2.971000000000000227e+02
3.451153846149999822e+02 2.978846153850000178e+02
2.129210526319999985e+02 2.993947368419999862e+02
2.346111111110000138e+02 2.995555555560000016e+02
3.286176470589999781e+02 2.989117647059999854e+02
4.231250000000000000e+01 3.001875000000000000e+02
1.674499999999999886e+02 3.006000000000000227e+02
3.607777777779999724e+02 3.006111111110000138e+02
1.385000000000000000e+02 3.013571428569999853e+02
7.777272727300000099e+01 3.023181818180000278e+02
2.590000000000000000e+02 3.022142857140000274e+02
3.218529411760000016e+02 3.029705882349999797e+02
5.045625000000000000e+02 3.047500000000000000e+02
1.935000000000000000e+02 3.055000000000000000e+02
2.748846153850000178e+02 3.061153846149999822e+02
4.035000000000000000e+02 3.065000000000000000e+02
5.730000000000000000e+02 3.057857142859999726e+02
1.100000000000000000e+01 3.070000000000000000e+02
3.770000000000000000e+02 3.072142857140000274e+02
9.200000000000000000e+01 3.085000000000000000e+02
4.383000000000000114e+02 3.096999999999999886e+02
4.594230769229999964e+02 3.091923076919999858e+02
5.278684210530000200e+02 3.092894736839999723e+02
4.810000000000000000e+02 3.107222222220000276e+02
1.178913043480000056e+02 3.114565217389999816e+02
1.577500000000000000e+02 3.130000000000000000e+02
4.133461538459999929e+02 3.122692307689999893e+02
1.795000000000000000e+02 3.125000000000000000e+02
3.563571428569999853e+02 3.139285714289999873e+02
5.529736842109999770e+02 3.155000000000000000e+02
7.116666666700000121e+01 3.162500000000000000e+02
2.390000000000000000e+02 3.157857142859999726e+02
2.855476190480000014e+02 3.168809523809999860e+02
3.903947368419999862e+02 3.175000000000000000e+02
4.311153846149999822e+02 3.168846153850000178e+02
3.368846153850000178e+02 3.188846153850000178e+02
4.955000000000000000e+02 3.190000000000000000e+02
5.868333333330000414e+02 3.189444444439999984e+02
5.425000000000000000e+01 3.198333333329999846e+02
8.300000000000000000e+01 3.202777777779999724e+02
3.159666666670000268e+02 3.203666666670000041e+02
2.735000000000000000e+02 3.220000000000000000e+02
2.642857143000000075e+00 3.236904761900000267e+02
2.532777777780000008e+02 3.230000000000000000e+02
5.107105263160000277e+02 3.235000000000000000e+02
3.530952381000000173e+01 3.254523809519999986e+02
2.166818181820000007e+02 3.253181818180000278e+02
4.666999999999999886e+02 3.250000000000000000e+02
1.741250000000000000e+02 3.282500000000000000e+02
3.468913043480000056e+02 3.290217391300000145e+02
5.700000000000000000e+02 3.282142857140000274e+02
1.072857142860000010e+02 3.289285714289999873e+02
3.776333333329999959e+02 3.290333333329999732e+02
1.969375000000000000e+02 3.298750000000000000e+02
2.295000000000000000e+02 3.300000000000000000e+02
4.430000000000000000e+02 3.302142857140000274e+02
1.294411764710000057e+02 3.313235294120000276e+02
4.831363636359999987e+02 3.305909090910000145e+02
3.003823529410000219e+02 3.319117647059999854e+02
5.001923076919999858e+02 3.324230769229999964e+02
1.437500000000000000e+02 3.350000000000000000e+02
4.126333333329999959e+02 3.339666666670000268e+02
5.311000000000000227e+02 3.361000000000000227e+02
5.470000000000000000e+02 3.355000000000000000e+02
6.703846153800000707e+01 3.366538461540000071e+02
2.137500000000000000e+02 3.371666666670000154e+02
3.150000000000000000e+01 3.391470588239999984e+02
2.470000000000000000e+02 3.390000000000000000e+02
3.263999999999999773e+02 3.390500000000000114e+02
5.718684210530000200e+02 3.389736842109999770e+02
4.563333333300000305e+01 3.400333333329999732e+02
1.650000000000000000e+02 3.405000000000000000e+02
8.777777778000000808e+00 3.416111111110000138e+02
2.746111111110000138e+02 3.427777777779999724e+02
3.565909090910000145e+02 3.421363636359999987e+02
3.955000000000000000e+02 3.419285714289999873e+02
8.485294117600000163e+01 3.439705882349999797e+02
1.890000000000000000e+02 3.465000000000000000e+02
3.731000000000000227e+02 3.461000000000000227e+02
4.301000000000000227e+02 3.461000000000000227e+02
4.602142857140000274e+02 3.460000000000000000e+02
5.201666666669999586e+02 3.472500000000000000e+02
1.312826086960000112e+02 3.491086956519999944e+02
1.462777777780000008e+02 3.478888888889999862e+02
3.344375000000000000e+02 3.507500000000000000e+02
4.405000000000000000e+02 3.505000000000000000e+02
9.900000000000000000e+01 3.510000000000000000e+02
2.255000000000000000e+02 3.513947368419999862e+02
4.813421052630000077e+02 3.513421052630000077e+02
5.567500000000000000e+02 3.518333333329999846e+02
2.610000000000000142e+01 3.538999999999999773e+02
6.359090909100000033e+01 3.541363636359999987e+02
2.550500000000000114e+02 3.543999999999999773e+02
4.043461538459999929e+02 3.539615384620000214e+02
2.922500000000000000e+02 3.554499999999999886e+02
2.082500000000000000e+02 3.558333333329999846e+02
4.960000000000000000e+02 3.560000000000000000e+02
5.143181818179999709e+02 3.583181818180000278e+02
5.390000000000000000e+02 3.585000000000000000e+02
1.625000000000000000e+02 3.600000000000000000e+02
2.831153846149999822e+02 3.601153846149999822e+02
3.185000000000000000e+02 3.600000000000000000e+02
5.669117647059999854e+02 3.603823529410000219e+02
3.687500000000000000e+02 3.617500000000000000e+02
4.086363636400000132e+01 3.614090909089999855e+02
7.750000000000000000e+01 3.636739130430000273e+02
4.225909090910000145e+02 3.638636363640000013e+02
1.885000000000000000e+02 3.660000000000000000e+02
3.908999999999999773e+02 3.661000000000000227e+02
4.588999999999999773e+02 3.661000000000000227e+02
2.164285714300000052e+01 3.678333333329999846e+02
2.370882352939999862e+02 3.687941176470000073e+02
1.182083333329999988e+02 3.697916666670000154e+02
1.376538461540000071e+02 3.687307692310000107e+02
5.950000000000000000e+01 3.720000000000000000e+02
1.550333333330000016e+02 3.726333333329999959e+02
2.267500000000000000e+02 3.718333333329999846e+02
3.827105263160000277e+02 3.725000000000000000e+02
4.102142857140000274e+02 3.720000000000000000e+02
5.495000000000000000e+02 3.718333333329999846e+02
9.225000000000000000e+01 3.728333333329999846e+02
4.780000000000000000e+02 3.730000000000000000e+02
4.985555555560000016e+02 3.732777777779999724e+02
1.805000000000000000e+02 3.745000000000000000e+02
3.436000000000000227e+02 3.745500000000000114e+02
5.282500000000000000e+02 3.745625000000000000e+02
3.850000000000000000e+01 3.758529411760000016e+02
7.134210526299999344e+01 3.769736842109999770e+02
4.480000000000000000e+02 3.762500000000000000e+02
2.610000000000000000e+02 3.790000000000000000e+02
2.912894736839999723e+02 3.805000000000000000e+02
2.027352941180000130e+02 3.812058823529999927e+02
3.207500000000000000e+02 3.818750000000000000e+02
1.586428571429999863e+02 3.831428571430000147e+02
4.565714285710000127e+02 3.833571428569999853e+02
5.693999999999999773e+02 3.835500000000000114e+02
3.062142857140000274e+02 3.840000000000000000e+02
3.466176470589999781e+02 3.860882352940000146e+02
5.203181818179999709e+02 3.863181818180000278e+02
3.610000000000000000e+02 3.875000000000000000e+02
4.843421052630000077e+02 3.876578947369999923e+02
1.170882352940000004e+02 3.886176470589999781e+02
1.353181818179999993e+02 3.903181818180000278e+02
3.863823529410000219e+02 3.900882352940000146e+02
5.017727272729999868e+02 3.904090909089999855e+02
5.750000000000000000e+01 3.915000000000000000e+02
4.065000000000000000e+02 3.915000000000000000e+02
2.115000000000000000e+02 3.915000000000000000e+02
3.040000000000000000e+02 3.937222222220000276e+02
4.308846153850000178e+02 3.941153846149999822e+02
5.378846153849999610e+02 3.941153846149999822e+02
1.713750000000000000e+02 3.946250000000000000e+02
5.516428571430000147e+02 3.953095238099999733e+02
2.549117647060000138e+02 3.966176470589999781e+02
2.746818181819999722e+02 3.973181818180000278e+02
1.050000000000000000e+01 3.981470588239999984e+02
2.400000000000000000e+01 3.980000000000000000e+02
1.881153846150000106e+02 3.981153846149999822e+02
9.827777777800000081e+01 3.992777777779999724e+02
2.343888888889999862e+02 3.990555555560000016e+02
8.362500000000000000e+01 3.993750000000000000e+02
4.723333333299999737e+01 4.011666666670000154e+02
4.541000000000000227e+02 4.008999999999999773e+02
5.875000000000000000e+02 4.010000000000000000e+02
1.567500000000000000e+02 4.036499999999999773e+02
4.717500000000000000e+02 4.037500000000000000e+02
3.809615384620000214e+02 4.043461538459999929e+02
5.148333333330000414e+02 4.033888888889999862e+02
2.391153846150000106e+02 4.052692307689999893e+02
4.048529411760000016e+02 4.055000000000000000e+02
3.620652173909999760e+02 4.063260869569999727e+02
4.270333333329999732e+02 4.063666666670000041e+02
5.677857142860000295e+02 4.060000000000000000e+02
3.475500000000000114e+02 4.073999999999999773e+02
3.074333333330000073e+02 4.078999999999999773e+02
3.222500000000000000e+02 4.085000000000000000e+02
8.366666667000000501e+00 4.090333333329999732e+02
1.211363636359999987e+02 4.100454545449999841e+02
9.090000000000000568e+01 4.108999999999999773e+02
2.838999999999999773e+02 4.108999999999999773e+02
1.387631578950000062e+02 4.121315789469999800e+02
5.200000000000000000e+01 4.132777777779999724e+02
2.046538461540000071e+02 4.130384615379999786e+02
2.631470588239999984e+02 4.129705882349999797e+02
5.292500000000000000e+02 4.131250000000000000e+02
3.713095238099999733e+02 4.145476190480000014e+02
4.918684210530000200e+02 4.152894736839999723e+02
7.509999999999999432e+01 4.161000000000000227e+02
1.875000000000000000e+02 4.155000000000000000e+02
5.376111111110000138e+02 4.167777777779999724e+02
5.861153846150000390e+02 4.178846153850000178e+02
4.368846153850000178e+02 4.188846153850000178e+02
1.738235294100000061e+01 4.200882352940000146e+02
1.630000000000000000e+02 4.207857142859999726e+02
2.172272727270000132e+02 4.213181818180000278e+02
4.097222222220000276e+02 4.210000000000000000e+02
4.604090909089999855e+02 4.215909090910000145e+02
1.525000000000000000e+02 4.215000000000000000e+02
3.201000000000000227e+02 4.218999999999999773e+02
5.647500000000000000e+02 4.231666666670000154e+02
2.431250000000000000e+02 4.267500000000000000e+02
3.915000000000000000e+02 4.257857142859999726e+02
5.077777777779999724e+02 4.263888888889999862e+02
1.125999999999999943e+02 4.275500000000000114e+02
3.450000000000000000e+01 4.275000000000000000e+02
2.097857142860000010e+02 4.280714285710000127e+02
2.925000000000000000e+02 4.280000000000000000e+02
1.353571428570000137e+02 4.306904761900000267e+02
3.631153846149999822e+02 4.298846153850000178e+02
6.350000000000000000e+01 4.315000000000000000e+02
8.927777777800000081e+01 4.310000000000000000e+02
2.626538461540000071e+02 4.310384615379999786e+02
3.442857142859999726e+02 4.307142857140000274e+02
4.845526315789999785e+02 4.314473684210000215e+02
2.492142857139999990e+02 4.320000000000000000e+02
1.923750000000000000e+02 4.323750000000000000e+02
2.775000000000000000e+02 4.322142857140000274e+02
4.238529411760000016e+02 4.335000000000000000e+02
5.722857142860000295e+02 4.341428571430000147e+02
3.233823529410000219e+02 4.367941176470000073e+02
3.851666666670000154e+02 4.363888888889999862e+02
4.991666666670000154e+02 4.367500000000000000e+02
5.305588235290000512e+02 4.374411764710000057e+02
5.585000000000000000e+02 4.366999999999999886e+02
2.333461538459999929e+02 4.389615384620000214e+02
2.169999999999999929e+01 4.405666666669999927e+02
4.650000000000000000e+02 4.396999999999999886e+02
1.690000000000000000e+02 4.410000000000000000e+02
1.175909090910000003e+02 4.425909090910000145e+02
5.000000000000000000e+01 4.430000000000000000e+02
2.133947368419999862e+02 4.429210526319999985e+02
3.516250000000000000e+02 4.423750000000000000e+02
3.775909090910000145e+02 4.431363636359999987e+02
4.433823529410000219e+02 4.429117647059999854e+02
3.962500000000000000e+02 4.450833333329999846e+02
5.108846153850000178e+02 4.448846153850000178e+02
4.336999999999999886e+02 4.455000000000000000e+02
2.758846153850000178e+02 4.471153846149999822e+02
2.964499999999999886e+02 4.473999999999999773e+02
3.336578947369999923e+02 4.476578947369999923e+02
4.765000000000000000e+02 4.471666666670000154e+02
5.017857142859999726e+02 4.471428571430000147e+02
8.922222222199999919e+01 4.483333333329999846e+02
1.505000000000000000e+02 4.486176470589999781e+02
2.580000000000000000e+02 4.480000000000000000e+02
5.342105262999999660e+00 4.503421052630000077e+02
2.444166666669999870e+02 4.513333333329999846e+02
3.138076923080000142e+02 4.515769230770000036e+02
6.007894736800000146e+01 4.526052631580000138e+02
5.428750000000000000e+02 4.522500000000000000e+02
4.630000000000000000e+02 4.547222222220000276e+02
5.685000000000000000e+02 4.545000000000000000e+02
5.850000000000000000e+02 4.555000000000000000e+02
1.305000000000000000e+02 4.565000000000000000e+02
4.145000000000000000e+02 4.568529411760000016e+02
3.770000000000000284e+01 4.571666666670000154e+02
1.683000000000000114e+02 4.565000000000000000e+02
1.885000000000000000e+02 4.598333333329999846e+02
3.660000000000000000e+02 4.620000000000000000e+02
5.200000000000000000e+02 4.620000000000000000e+02
9.990000000000000568e+01 4.634333333330000073e+02
3.963421052630000077e+02 4.633421052630000077e+02
8.040909090899999967e+01 4.641363636359999987e+02
2.815625000000000000e+02 4.647500000000000000e+02
4.882500000000000000e+02 4.641250000000000000e+02
5.560294117649999635e+02 4.648529411760000016e+02
1.453666666670000041e+02 4.659666666670000268e+02
3.466818181819999722e+02 4.656818181819999722e+02
2.278846153849999894e+02 4.671153846149999822e+02
4.403823529410000219e+02 4.669117647059999854e+02
2.164000000000000057e+02 4.684499999999999886e+02
3.131153846149999822e+02 4.678846153850000178e+02
3.790000000000000000e+02 4.676999999999999886e+02
5.668750000000000000e+02 4.682500000000000000e+02
2.586333333329999959e+02 4.689666666670000268e+02
2.992647058819999870e+02 4.697352941180000130e+02
1.202999999999999972e+02 4.700000000000000000e+02
5.065000000000000000e+02 4.703000000000000114e+02
4.916666666700000121e+01 4.707500000000000000e+02
1.978571428600000104e+01 4.720000000000000000e+02
1.870000000000000000e+02 4.726999999999999886e+02
6.600000000000000000e+01 4.755000000000000000e+02
7.857142860000000395e-01 4.776428571430000147e+02
1.375999999999999943e+02 4.774499999999999886e+02
3.443999999999999773e+02 4.775500000000000114e+02
5.428333333330000414e+02 4.778333333329999846e+02
4.973571428569999853e+02 4.794285714289999873e+02
2.342142857139999990e+02 4.800000000000000000e+02
4.169615384620000214e+02 4.803461538459999929e+02
1.581363636359999987e+02 4.805909090910000145e+02
1.007500000000000000e+02 4.818750000000000000e+02
5.230000000000000000e+02 4.820000000000000000e+02
1.756176470590000065e+02 4.830882352940000146e+02
4.509166666670000154e+02 4.832500000000000000e+02
4.738684210530000200e+02 4.835000000000000000e+02
4.006111111110000138e+02 4.852222222220000276e+02
3.656428571430000147e+02 4.852142857140000274e+02
3.803666666670000041e+02 4.869666666670000268e+02
2.094166666669999870e+02 4.878333333329999846e+02
3.244473684210000215e+02 4.884473684210000215e+02
5.666428571430000147e+02 4.898333333329999846e+02
8.050000000000000000e+01 4.900714285710000127e+02
2.480000000000000000e+02 4.907857142859999726e+02
2.755000000000000000e+02 4.910000000000000000e+02
5.831000000000000227e+02 4.911000000000000227e+02
5.600000000000000000e+01 4.935000000000000000e+02
1.867142857139999990e+02 4.934285714289999873e+02
4.386333333329999959e+02 4.929666666670000268e+02
4.819666666670000268e+02 4.936333333329999959e+02
2.171153846150000106e+02 4.937307692310000107e+02
1.499545454549999874e+02 4.948636363640000013e+02
1.655000000000000000e+02 4.950000000000000000e+02
3.012058823529999927e+02 4.956176470589999781e+02
3.300000000000000000e+01 4.960000000000000000e+02
3.471428571430000147e+02 4.967142857140000274e+02
3.665000000000000000e+02 4.960454545449999841e+02
3.968999999999999773e+02 4.958999999999999773e+02
1.188333333329999988e+02 4.977666666669999813e+02
5.345000000000000000e+02 4.975000000000000000e+02
1.399000000000000057e+02 4.994333333330000073e+02
2.612777777779999724e+02 4.994444444439999984e+02
4.617142857140000274e+02 5.007142857140000274e+02
5.621153846150000390e+02 4.997307692310000107e+02
1.097500000000000000e+02 5.017500000000000000e+02
2.360000000000000000e+02 5.010000000000000000e+02
3.747500000000000000e+02 5.016499999999999773e+02
4.227857142859999726e+02 5.010000000000000000e+02
5.230000000000000000e+02 5.010000000000000000e+02
6.950000000000000000e+01 5.023000000000000114e+02
8.609999999999999432e+01 5.018999999999999773e+02
5.031666666670000154e+02 5.022500000000000000e+02
2.768846153850000178e+02 5.028846153850000178e+02
4.790000000000000000e+02 5.050000000000000000e+02
5.805000000000000000e+02 5.055000000000000000e+02
1.350000000000000000e+01 5.065625000000000000e+02
3.175833333329999846e+02 5.058333333329999846e+02
4.559090909100000033e+01 5.078636363640000013e+02
2.075000000000000000e+02 5.080000000000000000e+02
4.933888888889999862e+02 5.089444444439999984e+02
1.545000000000000000e+02 5.105000000000000000e+02
1.763666666670000041e+02 5.120333333329999732e+02
2.985909090910000145e+02 5.121363636360000555e+02
2.294166666669999870e+02 5.138333333330000414e+02
3.282777777779999724e+02 5.149444444440000552e+02
2.496666666699999837e+01 5.163666666670000041e+02
3.478888888889999862e+02 5.161666666669999586e+02
5.080000000000000000e+02 5.160000000000000000e+02
1.910000000000000000e+02 5.185000000000000000e+02
3.830000000000000000e+02 5.177857142860000295e+02
4.471153846149999822e+02 5.177307692309999538e+02
5.568571428569999853e+02 5.183571428569999853e+02
4.336538461540000071e+02 5.199615384620000214e+02
5.327307692309999538e+02 5.201153846150000390e+02
4.005526315789999785e+02 5.215526315790000353e+02
6.559999999999999432e+01 5.234500000000000455e+02
1.280454545450000126e+02 5.231363636360000555e+02
4.611190476190000140e+02 5.242619047619999719e+02
2.645000000000000000e+02 5.260000000000000000e+02
3.661666666670000154e+02 5.278888888889999862e+02
9.650000000000000000e+01 5.288684210530000200e+02
2.402222222219999992e+02 5.283888888889999862e+02
3.105000000000000000e+02 5.281470588240000552e+02
4.857500000000000000e+02 5.281250000000000000e+02
1.105000000000000000e+02 5.291315789469999800e+02
5.585000000000000000e+02 5.287857142860000295e+02
4.591176470599999959e+01 5.316176470589999781e+02
2.761999999999999886e+02 5.316499999999999773e+02
4.382333333330000187e+02 5.311666666669999586e+02
1.422222222199999919e+01 5.333888888889999862e+02
1.722692307689999893e+02 5.341153846150000390e+02
4.230000000000000000e+02 5.342142857139999705e+02
5.155000000000000000e+02 5.342999999999999545e+02
2.935000000000000142e+01 5.352000000000000455e+02
4.956176470589999781e+02 5.349117647059999854e+02
5.765909090909999577e+02 5.355909090909999577e+02
2.123181818179999993e+02 5.363181818179999709e+02
1.431153846150000106e+02 5.378846153849999610e+02
3.493750000000000000e+02 5.388125000000000000e+02
1.921111111110000138e+02 5.401666666669999586e+02
7.550000000000000000e+01 5.417105263160000277e+02
2.944090909089999855e+02 5.408636363639999445e+02
4.076333333329999959e+02 5.409666666670000268e+02
5.333888888889999862e+02 5.412222222220000276e+02
3.314473684210000215e+02 5.423421052630000077e+02
3.882500000000000000e+02 5.425625000000000000e+02
9.509999999999999432e+01 5.431000000000000227e+02
2.299705882350000081e+02 5.438529411759999448e+02
3.050000000000000000e+02 5.430000000000000000e+02
1.310882352939999862e+02 5.456176470589999781e+02
2.071153846150000106e+02 5.448846153849999610e+02
2.637857142859999726e+02 5.470000000000000000e+02
4.258999999999999773e+02 5.468999999999999773e+02
5.783333333299999879e+01 5.483888888889999862e+02
4.528846153850000178e+02 5.498846153849999610e+02
2.515588235289999943e+02 5.507352941179999561e+02
5.298846153849999610e+02 5.511153846150000390e+02
5.520000000000000000e+02 5.517727272729999868e+02
3.200000000000000000e+01 5.522142857139999705e+02
2.884615385000000032e+00 5.531153846150000390e+02
3.705000000000000000e+02 5.530000000000000000e+02
4.660000000000000000e+02 5.530000000000000000e+02
5.090000000000000000e+02 5.545000000000000000e+02
1.670625000000000000e+02 5.551250000000000000e+02
2.261153846150000106e+02 5.548846153849999610e+02
5.665952380950000133e+02 5.563095238099999733e+02
2.967857142859999726e+02 5.570000000000000000e+02
8.178571428600000104e+01 5.580000000000000000e+02
3.578999999999999773e+02 5.584333333329999505e+02
3.975000000000000000e+02 5.579736842109999770e+02
4.976666666700000263e+01 5.598333333330000414e+02
4.926052631580000138e+02 5.590789473679999446e+02
1.158846153850000036e+02 5.601153846150000390e+02
2.802500000000000000e+02 5.599375000000000000e+02
3.387857142859999726e+02 5.610714285709999558e+02
1.385000000000000000e+02 5.615000000000000000e+02
