1.185000000000000000e+02 5.000000000000000000e-01
1.555909090909999861e+02 2.590909090999999886e+00
2.605000000000000000e+02 1.346153845999999987e+00
3.020000000000000000e+02 5.000000000000000000e-01
3.890000000000000000e+02 5.000000000000000000e-01
4.931470588239999984e+02 1.970588234999999910e+00
3.122894736839999723e+02 4.868421052999999610e+00
4.523181818180000278e+02 4.681818181999999773e+00
4.733333333329999846e+02 5.388888889000000404e+00
3.710000000000000142e+01 6.099999999999999645e+00
1.427500000000000000e+02 5.937500000000000000e+00
2.085000000000000000e+02 6.000000000000000000e+00
3.287857142859999726e+02 6.000000000000000000e+00
1.760000000000000000e+02 7.000000000000000000e+00
5.931818181799999934e+01 7.681818181999999773e+00
3.610789473680000015e+02 8.394736842000000365e+00
5.412272727270000132e+02 7.681818181999999773e+00
5.653888888889999862e+02 9.944444444000000161e+00
8.750000000000000000e+01 1.032608695699999934e+01
2.463888888889999862e+02 1.022222222199999919e+01
2.914090909089999855e+02 1.040909090899999967e+01
5.105588235289999943e+02 1.044117647100000035e+01
3.803750000000000000e+02 1.062500000000000000e+01
4.186111111110000138e+02 1.105555555599999984e+01
4.657894737000000340e+00 1.244736842100000018e+01
1.925555555560000016e+02 1.272222222199999919e+01
4.357307692310000107e+02 1.188461538500000003e+01
4.089117647059999854e+02 1.338235294100000061e+01
7.893750000000000000e+01 1.387500000000000000e+01
1.186111111109999996e+02 1.444444444400000016e+01
5.221875000000000000e+02 1.562500000000000000e+01
1.583181818179999993e+02 1.668181818200000066e+01
4.008823529400000041e+01 1.938235294100000061e+01
4.720000000000000000e+02 1.878571428600000104e+01
6.025000000000000000e+01 2.025000000000000000e+01
4.950000000000000000e+02 2.078571428600000104e+01
1.103421052629999934e+02 2.265789473699999945e+01
2.170999999999999943e+02 2.189999999999999858e+01
3.061250000000000000e+02 2.225000000000000000e+01
2.563999999999999773e+02 2.269999999999999929e+01
4.499117647059999854e+02 2.438235294100000061e+01
5.457777777779999724e+02 2.438888888900000040e+01
3.425000000000000000e+02 2.550000000000000000e+01
6.605263157999999635e+00 2.671052631599999927e+01
8.811538461499999642e+01 2.611538461499999997e+01
5.221923076919999858e+02 2.703846153799999996e+01
5.630555555559999448e+02 2.761111111099999960e+01
1.446176470590000065e+02 2.791176470599999959e+01
2.896333333329999959e+02 2.876666666699999908e+01
1.290000000000000000e+02 2.900000000000000000e+01
2.750333333329999732e+02 2.963333333299999950e+01
3.726111111110000138e+02 2.861111111099999960e+01
4.901315789469999800e+02 2.928947368400000073e+01
1.694000000000000057e+02 3.044999999999999929e+01
3.595000000000000000e+02 3.000000000000000000e+01
3.940333333329999732e+02 3.036666666700000050e+01
1.811153846150000106e+02 3.088461538500000003e+01
2.408636363640000013e+02 3.059090909100000033e+01
3.487500000000000000e+02 3.208333333299999879e+01
5.420000000000000000e+02 3.221428571399999896e+01
5.031250000000000000e+02 3.350000000000000000e+01
3.176764705879999724e+02 3.461764705899999939e+01
2.500000000000000000e+01 3.470000000000000284e+01
2.050000000000000000e+02 3.500000000000000000e+01
7.050000000000000000e+01 3.650000000000000000e+01
3.641363636359999987e+02 3.804545454499999835e+01
4.177222222220000276e+02 3.800000000000000000e+01
4.357105263160000277e+02 3.850000000000000000e+01
1.075000000000000000e+02 4.000000000000000000e+01
2.226666666669999870e+02 3.950000000000000000e+01
4.826923076900000353e+01 4.126923076900000353e+01
1.499000000000000057e+02 4.110000000000000142e+01
2.783750000000000000e+02 4.181250000000000000e+01
1.455882352899999965e+01 4.226470588200000122e+01
2.484000000000000057e+02 4.245000000000000284e+01
4.618888888889999862e+02 4.327777777800000081e+01
2.120652173910000045e+02 4.441304347799999874e+01
5.228999999999999773e+02 4.389999999999999858e+01
3.853823529410000219e+02 4.491176470599999959e+01
3.161764705899999939e+01 4.608823529400000041e+01
5.528750000000000000e+02 4.625000000000000000e+01
1.205000000000000000e+02 4.885294117600000163e+01
4.750000000000000000e+02 4.850000000000000000e+01
4.210000000000000000e+02 4.921428571399999896e+01
1.931666666669999870e+02 5.050000000000000000e+01
4.650000000000000000e+01 5.083333333299999879e+01
3.541250000000000000e+02 5.125000000000000000e+01
4.440000000000000000e+02 5.100000000000000000e+01
3.118636363640000013e+02 5.159090909100000033e+01
3.354375000000000000e+02 5.375000000000000000e+01
4.977500000000000000e+02 5.416666666700000121e+01
2.937857142859999726e+02 5.600000000000000000e+01
6.621428571399999896e+01 5.700000000000000000e+01
1.665434782609999900e+02 5.789130434799999847e+01
3.772142857140000274e+02 5.700000000000000000e+01
4.028684210530000200e+02 5.702631578900000164e+01
3.633888888889999862e+02 5.833333333299999879e+01
2.740000000000000000e+02 5.950000000000000000e+01
8.575000000000000000e+01 5.983333333299999879e+01
5.100000000000000000e+02 6.121428571399999896e+01
5.305476190480000014e+02 6.169047618999999827e+01
1.540000000000000000e+02 6.178571428600000104e+01
1.067999999999999972e+02 6.320000000000000284e+01
2.371470588239999984e+02 6.302941176499999898e+01
3.260000000000000000e+02 6.300000000000000000e+01
4.596818181819999722e+02 6.331818181799999934e+01
5.500000000000000000e+00 6.407142857099999844e+01
4.330000000000000000e+02 6.500000000000000000e+01
5.486176470589999781e+02 6.491176470599999959e+01
5.660000000000000000e+02 6.478571428600000104e+01
3.021428571430000147e+02 6.621428571399999896e+01
3.867222222220000276e+02 6.600000000000000000e+01
2.202368421049999938e+02 6.786842105300000583e+01
3.351666666670000154e+02 6.933333333299999879e+01
1.865000000000000000e+02 7.028947368400000073e+01
1.973666666670000041e+02 6.983333333299999879e+01
2.979411764700000020e+01 7.226470588200000122e+01
1.325666666669999927e+02 7.236666666700000405e+01
4.190000000000000000e+02 7.200000000000000000e+01
4.495714285710000127e+02 7.171428571399999896e+01
5.560000000000000000e+02 7.221428571399999896e+01
1.675000000000000000e+02 7.350000000000000000e+01
2.481153846150000106e+02 7.288461538500000358e+01
4.841153846149999822e+02 7.288461538500000358e+01
4.200000000000000000e+01 7.600000000000000000e+01
5.850000000000000000e+01 7.685294117600000163e+01
7.450000000000000000e+01 7.660526315799999963e+01
2.841666666670000154e+02 7.641666666700000121e+01
3.964444444439999984e+02 7.661111111099999960e+01
4.951875000000000000e+02 7.762500000000000000e+01
5.735000000000000000e+02 7.750000000000000000e+01
2.637500000000000000e+02 7.875000000000000000e+01
3.082222222220000276e+02 7.944444444399999838e+01
3.496600000000000250e+02 7.918000000000000682e+01
9.613636363599999868e+01 7.859090909100000033e+01
2.228333333330000130e+02 7.916666666700000121e+01
5.155000000000000000e+02 8.000000000000000000e+01
1.038235294100000061e+01 8.208823529400000041e+01
1.180384615380000071e+02 8.134615384600000709e+01
1.408529411760000016e+02 8.097058823499999392e+01
3.750000000000000000e+02 8.200000000000000000e+01
4.638999999999999773e+02 8.409999999999999432e+01
2.100000000000000000e+02 8.600000000000000000e+01
5.409117647059999854e+02 8.838235294099999351e+01
1.885000000000000000e+02 9.085294117600000163e+01
2.918999999999999773e+02 9.009999999999999432e+01
4.357307692310000107e+02 9.011538461499999642e+01
1.128846153850000036e+02 9.111538461499999642e+01
4.470000000000000000e+02 9.266666666700000121e+01
2.398636363640000013e+02 9.404545454499999835e+01
3.928999999999999773e+02 9.409999999999999432e+01
5.920000000000000284e+01 9.520000000000000284e+01
4.845714285710000127e+02 9.535714285699999948e+01
9.309999999999999432e+01 9.690000000000000568e+01
1.545666666669999927e+02 9.709999999999999432e+01
2.768999999999999773e+02 9.890000000000000568e+01
4.440909090899999967e+01 9.886363636400000132e+01
1.312272727270000132e+02 9.877272727300000099e+01
4.138809523809999860e+02 9.926190476200000035e+01
5.098846153850000178e+02 9.911538461499999642e+01
5.561315789469999800e+02 9.950000000000000000e+01
5.710789473679999446e+02 9.960526315799999963e+01
1.745000000000000000e+02 1.000000000000000000e+02
2.561153846149999822e+02 9.988461538500000358e+01
7.275000000000000000e+01 1.008750000000000000e+02
5.268500000000000227e+02 1.019000000000000057e+02
2.183823529409999935e+02 1.030294117650000061e+02
3.755909090910000145e+02 1.018636363640000013e+02
2.878571428600000104e+01 1.040000000000000000e+02
2.335909090909999861e+02 1.061363636359999987e+02
3.360000000000000000e+02 1.065000000000000000e+02
3.493125000000000000e+02 1.065625000000000000e+02
8.842307692299999644e+01 1.071923076920000000e+02
3.125500000000000114e+02 1.075999999999999943e+02
4.951250000000000000e+02 1.072500000000000000e+02
4.056176470589999781e+02 1.086176470590000065e+02
4.418999999999999773e+02 1.080999999999999943e+02
5.461428571430000147e+02 1.082857142860000010e+02
8.214285714000000738e+00 1.090000000000000000e+02
4.753421052630000077e+02 1.093421052629999934e+02
1.091153846149999964e+02 1.128846153850000036e+02
1.514166666669999870e+02 1.133333333329999988e+02
5.937500000000000000e+01 1.148333333329999988e+02
1.875769230770000036e+02 1.138076923080000000e+02
2.878999999999999773e+02 1.139000000000000057e+02
5.130000000000000000e+02 1.142142857139999990e+02
2.040000000000000000e+02 1.160000000000000000e+02
4.543888888889999862e+02 1.172222222219999992e+02
5.657500000000000000e+02 1.168333333329999988e+02
3.228846153850000178e+02 1.181153846149999964e+02
4.273000000000000114e+02 1.180000000000000000e+02
4.803999999999999773e+02 1.184500000000000028e+02
2.240000000000000000e+02 1.195000000000000000e+02
2.512894736840000007e+02 1.211315789469999942e+02
2.705526315789999785e+02 1.213421052629999934e+02
3.017307692310000107e+02 1.218846153850000036e+02
5.396333333329999959e+02 1.222999999999999972e+02
1.750000000000000000e+02 1.235000000000000000e+02
5.550384615379999786e+02 1.233461538460000071e+02
1.299375000000000000e+02 1.241250000000000000e+02
1.490555555560000016e+02 1.246111111109999996e+02
3.873823529410000219e+02 1.239117647059999996e+02
5.039117647059999854e+02 1.253823529409999935e+02
3.518750000000000000e+01 1.273750000000000000e+02
6.668181818200000066e+01 1.273181818179999993e+02
4.023000000000000114e+02 1.272999999999999972e+02
1.102142857139999990e+02 1.276428571430000005e+02
1.965000000000000000e+02 1.285000000000000000e+02
3.420000000000000000e+02 1.283000000000000114e+02
3.568846153850000178e+02 1.298846153849999894e+02
9.350000000000000000e+01 1.315000000000000000e+02
1.928571428600000104e+01 1.318571428570000137e+02
4.983333333299999879e+01 1.332500000000000000e+02
2.615000000000000000e+02 1.333000000000000114e+02
4.616999999999999886e+02 1.342333333329999903e+02
2.152333333329999903e+02 1.351666666669999870e+02
2.793666666670000041e+02 1.350333333330000016e+02
4.447142857140000274e+02 1.348571428570000137e+02
5.000000000000000000e-01 1.360000000000000000e+02
1.678846153849999894e+02 1.358846153849999894e+02
3.137777777779999724e+02 1.363888888889999862e+02
3.770000000000000000e+02 1.372142857139999990e+02
4.288846153850000178e+02 1.371153846150000106e+02
4.855000000000000000e+02 1.376333333329999959e+02
2.339166666669999870e+02 1.377500000000000000e+02
1.310000000000000000e+02 1.407857142860000010e+02
2.983181818180000278e+02 1.416818181820000007e+02
5.388999999999999773e+02 1.429000000000000057e+02
3.114999999999999858e+01 1.447500000000000000e+02
5.632500000000000000e+02 1.438333333330000130e+02
3.922058823529999927e+02 1.447941176470000073e+02
5.258529411759999448e+02 1.449705882350000081e+02
5.086842105299999872e+01 1.464473684209999931e+02
1.941363636359999987e+02 1.455909090909999861e+02
2.173947368419999862e+02 1.470789473680000015e+02
3.407105263160000277e+02 1.475000000000000000e+02
3.706666666670000154e+02 1.473888888889999862e+02
5.095714285710000127e+02 1.472857142860000010e+02
1.545000000000000000e+02 1.490652173910000045e+02
1.750000000000000000e+02 1.477857142860000010e+02
4.675526315789999785e+02 1.501315789470000084e+02
4.160000000000000000e+02 1.500000000000000000e+02
4.377105263160000277e+02 1.515000000000000000e+02
1.052333333330000045e+02 1.526999999999999886e+02
8.700000000000000000e+01 1.535000000000000000e+02
4.737173913039999888e+02 1.541956521740000028e+02
2.265588235289999943e+02 1.546764705880000008e+02
4.227857142859999726e+02 1.540000000000000000e+02
5.501363636360000555e+02 1.551363636359999987e+02
6.214999999999999858e+01 1.550999999999999943e+02
2.500263157889999945e+02 1.561315789470000084e+02
3.141666666670000154e+02 1.556428571429999863e+02
2.736333333329999959e+02 1.559666666669999984e+02
1.674130434779999916e+02 1.579347826089999955e+02
3.607857142859999726e+02 1.570000000000000000e+02
1.973000000000000114e+02 1.595000000000000000e+02
2.884090909089999855e+02 1.604090909090000139e+02
4.228846153850000178e+02 1.608846153849999894e+02
2.021428571399999896e+01 1.620000000000000000e+02
1.216176470590000065e+02 1.626176470590000065e+02
2.540000000000000000e+02 1.625000000000000000e+02
5.259166666669999586e+02 1.627500000000000000e+02
3.386538461540000071e+02 1.640384615380000071e+02
3.908636363640000013e+02 1.639545454549999874e+02
4.421875000000000000e+02 1.646875000000000000e+02
1.346818181820000007e+02 1.645909090909999861e+02
5.138888888900000040e+01 1.667777777780000008e+02
4.055000000000000000e+02 1.660000000000000000e+02
2.000000000000000000e+00 1.677222222219999992e+02
3.092857142859999726e+02 1.678571428570000137e+02
2.746250000000000000e+02 1.686250000000000000e+02
7.833333333299999879e+01 1.717777777780000008e+02
4.642500000000000000e+02 1.712500000000000000e+02
5.028529411760000016e+02 1.715000000000000000e+02
5.368999999999999773e+02 1.730999999999999943e+02
5.683421052630000077e+02 1.736578947369999923e+02
1.098846153850000036e+02 1.741153846150000106e+02
1.503750000000000000e+02 1.758125000000000000e+02
2.242142857139999990e+02 1.758809523809999860e+02
3.545000000000000000e+02 1.750000000000000000e+02
2.677777777779999724e+02 1.766111111110000138e+02
3.716052631580000138e+02 1.765000000000000000e+02
6.903333333300000163e+01 1.776333333329999959e+02
5.174473684209999647e+02 1.776578947369999923e+02
4.791315789469999800e+02 1.782894736840000007e+02
3.363333333329999846e+02 1.798888888889999862e+02
1.842500000000000000e+02 1.802500000000000000e+02
4.172222222220000276e+02 1.826666666669999870e+02
7.863636364000000434e+00 1.824090909090000139e+02
3.210000000000000000e+02 1.840000000000000000e+02
3.957500000000000000e+02 1.839166666669999870e+02
1.265909090910000003e+02 1.855909090909999861e+02
2.830000000000000000e+02 1.855000000000000000e+02
3.145238095199999862e+01 1.867380952379999997e+02
2.040999999999999943e+02 1.859000000000000057e+02
5.568999999999999773e+02 1.859000000000000057e+02
4.522142857140000274e+02 1.874285714289999873e+02
3.058571428569999853e+02 1.882142857139999990e+02
4.986111111110000138e+02 1.897777777780000008e+02
2.159090909100000033e+01 1.908636363640000013e+02
9.261764705900000649e+01 1.897941176470000073e+02
1.734090909090000139e+02 1.908636363640000013e+02
4.065000000000000000e+02 1.910000000000000000e+02
2.367500000000000000e+02 1.925000000000000000e+02
1.886176470590000065e+02 1.929117647060000138e+02
4.425909090910000145e+02 1.934090909090000139e+02
1.075909090910000003e+02 1.938636363640000013e+02
2.597500000000000000e+02 1.940833333330000130e+02
4.645500000000000114e+02 1.945999999999999943e+02
2.743666666670000041e+02 1.950333333330000016e+02
6.338235294100000061e+01 1.960882352939999862e+02
1.530000000000000000e+02 1.965000000000000000e+02
4.308846153850000178e+02 1.958846153849999894e+02
5.205526315790000353e+02 1.964473684209999931e+02
8.670000000000000284e+01 1.988333333330000130e+02
3.134583333329999846e+02 1.991666666669999870e+02
3.620000000000000000e+02 1.982777777780000008e+02
2.197857142860000010e+02 2.000000000000000000e+02
3.422222222220000276e+02 2.006111111110000138e+02
5.406250000000000000e+02 2.011875000000000000e+02
5.745000000000000000e+02 1.995000000000000000e+02
4.889999999999999858e+01 2.019000000000000057e+02
3.770000000000000000e+02 2.017857142860000010e+02
1.265000000000000000e+02 2.028333333330000130e+02
4.795000000000000000e+02 2.031470588239999984e+02
1.782647058819999870e+02 2.045000000000000000e+02
3.907105263160000277e+02 2.061315789470000084e+02
2.094090909090000139e+02 2.068636363640000013e+02
2.585000000000000000e+02 2.078809523809999860e+02
1.416428571429999863e+02 2.084285714289999873e+02
3.063333333299999950e+01 2.090333333330000016e+02
4.135769230770000036e+02 2.091153846150000106e+02
7.150000000000000000e+01 2.100000000000000000e+02
1.121875000000000000e+02 2.106875000000000000e+02
3.643888888889999862e+02 2.118333333330000130e+02
5.030000000000000000e+02 2.120000000000000000e+02
2.817500000000000000e+02 2.132500000000000000e+02
2.975526315789999785e+02 2.135526315790000069e+02
5.551153846150000390e+02 2.134230769229999964e+02
3.296111111110000138e+02 2.150555555560000016e+02
4.400454545449999841e+02 2.151363636359999987e+02
1.750000000000000000e+00 2.168000000000000114e+02
1.200000000000000000e+01 2.160000000000000000e+02
5.468181818200000066e+01 2.156818181820000007e+02
9.785714285699999948e+01 2.167142857139999990e+02
2.367222222219999992e+02 2.160000000000000000e+02
4.577941176470000073e+02 2.166176470590000065e+02
5.235000000000000000e+02 2.160000000000000000e+02
1.581111111110000138e+02 2.177222222219999992e+02
3.543823529410000219e+02 2.179117647060000138e+02
5.722142857139999705e+02 2.180000000000000000e+02
5.352142857139999705e+02 2.200000000000000000e+02
1.918333333330000130e+02 2.206111111110000138e+02
7.650000000000000000e+01 2.225000000000000000e+02
2.123461538459999929e+02 2.220384615380000071e+02
3.851000000000000227e+02 2.219000000000000057e+02
4.854090909089999855e+02 2.221363636359999987e+02
3.122500000000000000e+02 2.234499999999999886e+02
3.721818181819999722e+02 2.244545454549999874e+02
1.334545454549999874e+02 2.268181818179999993e+02
2.726904761900000267e+02 2.265476190480000014e+02
4.242500000000000000e+02 2.261666666669999870e+02
5.031666666670000154e+02 2.275833333330000130e+02
1.853888888889999862e+02 2.297777777780000008e+02
2.138888888900000040e+01 2.302222222219999992e+02
4.160000000000000142e+01 2.303000000000000114e+02
2.294473684209999931e+02 2.304473684209999931e+02
2.918999999999999773e+02 2.299000000000000057e+02
5.613947368420000430e+02 2.309210526319999985e+02
4.543500000000000227e+02 2.313499999999999943e+02
4.020000000000000000e+02 2.320000000000000000e+02
4.675000000000000000e+02 2.335000000000000000e+02
6.913157894699999417e+01 2.352894736840000007e+02
1.127500000000000000e+02 2.351250000000000000e+02
8.900000000000000000e+01 2.357857142860000010e+02
1.423823529409999935e+02 2.359117647060000138e+02
2.435000000000000000e+02 2.377105263159999993e+02
3.255909090910000145e+02 2.371363636359999987e+02
5.374473684209999647e+02 2.373421052630000077e+02
2.042777777780000008e+02 2.380000000000000000e+02
3.435000000000000000e+02 2.380000000000000000e+02
2.785000000000000000e+02 2.410000000000000000e+02
5.685555555559999448e+02 2.417222222219999992e+02
2.530000000000000000e+02 2.425000000000000000e+02
5.750000000000000000e+00 2.432500000000000000e+02
3.568846153850000178e+02 2.428846153849999894e+02
4.981153846149999822e+02 2.428846153849999894e+02
1.942857142860000010e+02 2.438571428570000137e+02
3.911842105260000153e+02 2.456578947369999923e+02
4.413421052630000077e+02 2.456578947369999923e+02
5.213823529410000219e+02 2.449117647060000138e+02
4.400000000000000000e+01 2.470000000000000000e+02
9.800000000000000000e+01 2.470000000000000000e+02
1.658846153849999894e+02 2.471153846150000106e+02
2.210789473680000015e+02 2.483947368419999862e+02
7.400000000000000000e+01 2.490000000000000000e+02
4.120000000000000000e+02 2.487857142860000010e+02
2.689999999999999858e+01 2.499000000000000057e+02
5.495000000000000000e+02 2.506052631580000138e+02
1.841086956519999944e+02 2.515434782609999900e+02
1.387666666670000097e+02 2.521666666669999870e+02
3.444090909089999855e+02 2.518636363640000013e+02
3.101470588239999984e+02 2.536176470590000065e+02
1.199000000000000057e+02 2.540999999999999943e+02
1.502333333329999903e+02 2.558333333330000130e+02
4.560000000000000000e+02 2.555000000000000000e+02
4.884499999999999886e+02 2.555999999999999943e+02
4.730000000000000000e+02 2.560000000000000000e+02
2.850882352940000146e+02 2.583823529410000219e+02
5.290000000000000000e+02 2.585000000000000000e+02
2.680000000000000000e+02 2.590000000000000000e+02
3.903888888889999862e+02 2.599444444439999984e+02
2.427500000000000000e+02 2.617500000000000000e+02
3.727352941180000130e+02 2.627941176470000073e+02
2.039117647060000138e+02 2.636176470589999781e+02
3.297857142859999726e+02 2.630000000000000000e+02
1.100000000000000089e+00 2.646999999999999886e+02
5.513157894700000128e+01 2.647105263160000277e+02
1.270000000000000000e+02 2.642142857140000274e+02
5.418846153849999610e+02 2.641153846149999822e+02
2.455263157899999982e+01 2.653421052630000077e+02
4.427500000000000000e+02 2.658333333329999846e+02
2.610333333329999732e+02 2.673666666670000041e+02
2.976428571430000147e+02 2.678809523809999860e+02
4.152058823529999927e+02 2.672647058819999870e+02
5.092857142859999726e+02 2.680714285710000127e+02
1.745000000000000000e+02 2.696363636359999987e+02
1.060000000000000000e+02 2.700000000000000000e+02
3.800000000000000000e+02 2.700000000000000000e+02
4.760000000000000000e+02 2.705000000000000000e+02
4.928684210530000200e+02 2.707631578950000062e+02
5.682058823529999927e+02 2.702647058819999870e+02
8.911904761899999983e+01 2.715000000000000000e+02
4.315769230770000036e+02 2.708846153850000178e+02
7.250000000000000000e+01 2.725000000000000000e+02
1.856578947369999923e+02 2.723421052630000077e+02
4.636333333329999959e+02 2.720333333329999732e+02
3.190384615379999786e+02 2.733461538459999929e+02
2.786250000000000000e+02 2.733750000000000000e+02
3.605000000000000000e+02 2.737857142859999726e+02
5.240909090899999967e+01 2.748636363640000013e+02
5.161153846150000390e+02 2.751153846149999822e+02
1.130000000000000000e+02 2.776428571430000147e+02
1.556538461540000071e+02 2.769615384620000214e+02
2.206818181820000007e+02 2.766818181819999722e+02
3.596666666699999837e+01 2.833666666670000041e+02
1.390000000000000000e+02 2.830000000000000000e+02
3.868846153850000178e+02 2.827307692310000107e+02
1.169047619000000005e+01 2.843571428569999853e+02
3.332142857140000274e+02 2.840000000000000000e+02
3.543461538459999929e+02 2.840384615379999786e+02
4.262647058819999870e+02 2.847352941180000130e+02
9.061764705900000649e+01 2.849117647059999854e+02
2.130999999999999943e+02 2.851000000000000227e+02
5.367857142860000295e+02 2.848571428569999853e+02
5.525000000000000000e+02 2.863947368419999862e+02
2.596111111110000138e+02 2.868333333329999846e+02
1.660000000000000000e+02 2.885000000000000000e+02
1.930000000000000000e+02 2.880000000000000000e+02
2.760000000000000000e+02 2.880000000000000000e+02
5.000000000000000000e-01 2.880000000000000000e+02
4.523500000000000227e+02 2.893500000000000227e+02
1.357631578950000062e+02 2.906578947369999923e+02
4.016764705879999724e+02 2.905588235289999943e+02
2.333499999999999943e+02 2.912500000000000000e+02
2.982692307689999893e+02 2.907307692310000107e+02
3.727500000000000000e+02 2.911250000000000000e+02
5.068999999999999773e+02 2.931000000000000227e+02
4.776428571430000147e+02 2.946904761900000267e+02
5.741666666669999586e+02 2.940000000000000000e+02
7.000000000000000000e+01 2.950000000000000000e+02
3.410000000000000000e+02 2.950000000000000000e+02
3.138999999999999773e+02 2.958999999999999773e+02
1.510000000000000000e+02 2.970000000000000000e+02
2.227307692310000107e+02 2.967307692310000107e+02
2.840500000000000114e+02 2.983999999999999773e+02
4.775000000000000000e+01 2.991666666670000154e+02
4.385909090910000145e+02 2.994090909089999855e+02
5.410499999999999545e+02 2.993999999999999773e+02
1.099444444439999984e+02 3.006111111110000138e+02
3.310454545449999841e+02 3.001363636359999987e+02
2.459705882350000081e+02 3.048529411760000016e+02
2.596428571430000147e+02 3.045714285710000127e+02
3.632333333330000187e+02 3.041666666670000154e+02
4.255000000000000000e+02 3.040000000000000000e+02
2.228571428600000104e+01 3.051428571430000147e+02
4.930000000000000000e+02 3.055000000000000000e+02
2.070882352939999862e+02 3.063823529410000219e+02
1.295000000000000000e+02 3.073947368419999862e+02
6.050000000000000000e+01 3.075000000000000000e+02
3.899210526319999985e+02 3.079210526319999985e+02
1.659545454549999874e+02 3.091363636359999987e+02
3.016499999999999773e+02 3.106499999999999773e+02
3.111111111000000040e+00 3.111666666670000154e+02
2.232142857139999990e+02 3.120000000000000000e+02
4.604473684210000215e+02 3.126578947369999923e+02
5.188684210530000200e+02 3.127105263160000277e+02
5.589166666669999586e+02 3.122500000000000000e+02
8.463333333299999595e+01 3.129666666670000268e+02
1.886578947369999923e+02 3.136578947369999923e+02
3.437272727270000132e+02 3.165909090910000145e+02
5.309117647059999854e+02 3.183823529410000219e+02
1.025476190480000014e+02 3.193095238099999733e+02
2.721999999999999886e+02 3.196000000000000227e+02
4.016818181819999722e+02 3.186818181819999722e+02
4.428846153850000178e+02 3.188846153850000178e+02
7.134210526299999344e+01 3.203421052630000077e+02
4.810384615379999786e+02 3.213461538459999929e+02
4.117307692310000107e+02 3.223461538459999929e+02
3.400000000000000000e+01 3.230000000000000000e+02
2.988846153850000178e+02 3.231153846149999822e+02
3.216538461540000071e+02 3.230384615379999786e+02
5.500000000000000000e+02 3.235000000000000000e+02
5.114285714300000052e+01 3.242857142859999726e+02
1.449545454549999874e+02 3.243636363640000013e+02
1.846176470590000065e+02 3.260882352940000146e+02
2.043181818179999993e+02 3.264090909089999855e+02
3.752368421049999938e+02 3.261315789469999800e+02
2.526999999999999886e+02 3.273000000000000114e+02
5.041000000000000227e+02 3.298500000000000227e+02
2.028947368400000073e+01 3.301315789469999800e+02
1.697777777780000008e+02 3.306111111110000138e+02
3.616176470589999781e+02 3.299117647059999854e+02
4.517307692310000107e+02 3.301153846149999822e+02
4.722857142859999726e+02 3.298571428569999853e+02
1.112647058820000012e+02 3.317352941180000130e+02
2.170000000000000000e+02 3.307857142859999726e+02
2.376578947369999923e+02 3.326578947369999923e+02
3.334090909089999855e+02 3.324090909089999855e+02
4.290000000000000000e+02 3.337857142859999726e+02
8.676470588000000816e+00 3.355588235289999943e+02
5.188461538499999648e+01 3.348846153850000178e+02
1.295500000000000114e+02 3.366000000000000227e+02
2.825000000000000000e+02 3.370000000000000000e+02
5.338846153849999610e+02 3.368846153850000178e+02
9.676666666699999553e+01 3.388333333329999846e+02
4.885000000000000000e+02 3.400000000000000000e+02
3.968181818200000066e+01 3.413181818180000278e+02
2.311111111110000138e+02 3.417222222220000276e+02
5.622500000000000000e+02 3.415500000000000114e+02
3.059499999999999886e+02 3.423999999999999773e+02
3.951000000000000227e+02 3.418999999999999773e+02
4.184499999999999886e+02 3.421999999999999886e+02
6.961764705900000649e+01 3.430882352940000146e+02
2.011153846150000106e+02 3.431153846149999822e+02
2.583421052630000077e+02 3.433421052630000077e+02
5.191153846150000390e+02 3.428846153850000178e+02
1.508125000000000000e+02 3.456250000000000000e+02
4.677222222220000276e+02 3.460000000000000000e+02
5.091923076919999858e+02 3.465769230770000036e+02
4.450000000000000000e+02 3.470000000000000000e+02
3.810000000000000000e+02 3.480000000000000000e+02
1.450000000000000000e+01 3.486538461540000071e+02
3.400454545449999841e+02 3.491363636359999987e+02
5.400000000000000000e+01 3.537857142859999726e+02
1.065454545449999983e+02 3.542272727270000132e+02
1.296052631580000138e+02 3.539210526319999985e+02
1.786578947369999923e+02 3.555526315789999785e+02
4.982777777779999724e+02 3.548333333329999846e+02
5.356000000000000227e+02 3.553999999999999773e+02
2.126500000000000057e+02 3.570500000000000114e+02
4.777857142859999726e+02 3.560000000000000000e+02
2.883333333299999879e+01 3.567500000000000000e+02
3.571153846149999822e+02 3.571153846149999822e+02
5.734333333329999505e+02 3.573666666670000041e+02
8.333333333299999879e+01 3.587777777779999724e+02
2.997307692310000107e+02 3.577307692310000107e+02
3.172222222220000276e+02 3.586666666670000154e+02
1.938846153849999894e+02 3.597307692310000107e+02
3.930000000000000000e+02 3.597857142859999726e+02
4.310217391300000145e+02 3.608913043480000056e+02
5.182999999999999545e+02 3.595000000000000000e+02
5.557222222220000276e+02 3.598888888889999862e+02
1.708846153849999894e+02 3.617307692310000107e+02
2.466052631580000138e+02 3.620789473680000015e+02
2.843333333329999846e+02 3.630000000000000000e+02
3.543000000000000114e+02 3.634200000000000159e+02
4.105000000000000000e+02 3.616999999999999886e+02
4.448333333329999846e+02 3.633666666670000041e+02
7.159999999999999432e+01 3.658000000000000114e+02
1.551428571429999863e+02 3.651428571430000147e+02
1.035909090910000003e+02 3.664090909089999855e+02
3.761111111110000138e+02 3.665000000000000000e+02
2.670000000000000000e+02 3.682142857140000274e+02
2.330000000000000000e+02 3.702777777779999724e+02
4.910789473680000015e+02 3.716052631580000138e+02
1.367857142860000010e+02 3.720000000000000000e+02
3.304333333330000073e+02 3.731000000000000227e+02
3.891304347999999802e+00 3.743695652170000017e+02
4.421428571399999896e+01 3.740000000000000000e+02
3.696176470589999781e+02 3.739117647059999854e+02
5.128999999999999773e+02 3.741000000000000227e+02
1.210000000000000000e+02 3.762142857140000274e+02
1.916250000000000000e+02 3.761875000000000000e+02
2.141153846150000106e+02 3.757307692310000107e+02
4.658999999999999773e+02 3.758999999999999773e+02
5.945000000000000284e+01 3.793999999999999773e+02
4.010000000000000000e+02 3.795000000000000000e+02
1.639210526319999985e+02 3.806052631580000138e+02
2.892142857140000274e+02 3.810000000000000000e+02
5.382894736839999723e+02 3.815000000000000000e+02
5.546000000000000227e+02 3.814499999999999886e+02
7.788461538500000358e+01 3.818846153850000178e+02
2.510882352939999862e+02 3.843823529410000219e+02
1.100000000000000000e+02 3.857222222220000276e+02
4.242368421049999938e+02 3.858684210530000200e+02
2.650000000000000000e+01 3.862500000000000000e+02
1.532777777780000008e+02 3.865555555560000016e+02
2.736428571430000147e+02 3.863095238099999733e+02
3.531153846149999822e+02 3.861153846149999822e+02
4.855000000000000000e+02 3.880000000000000000e+02
5.031000000000000227e+02 3.881000000000000227e+02
1.290000000000000000e+02 3.890000000000000000e+02
4.501250000000000000e+02 3.892500000000000000e+02
3.135000000000000000e+02 3.905000000000000000e+02
3.811000000000000227e+02 3.908999999999999773e+02
4.033750000000000000e+02 3.918333333329999846e+02
2.417500000000000000e+02 3.920625000000000000e+02
2.254499999999999886e+02 3.936000000000000227e+02
2.881999999999999886e+02 3.933500000000000227e+02
4.138333333329999846e+02 3.927500000000000000e+02
1.963000000000000114e+02 3.935000000000000000e+02
2.631923076919999858e+02 3.944230769229999964e+02
3.343750000000000000e+02 3.941250000000000000e+02
4.644090909089999855e+02 3.954090909089999855e+02
5.277142857139999705e+02 3.948571428569999853e+02
1.573888888889999862e+02 3.958333333329999846e+02
9.050000000000000000e+01 3.970000000000000000e+02
5.445000000000000000e+02 3.971666666670000154e+02
6.588461538500000358e+01 3.998846153850000178e+02
4.650000000000000000e+01 4.011315789469999800e+02
3.720000000000000000e+02 4.020000000000000000e+02
4.417105263160000277e+02 4.021315789469999800e+02
5.616176470589999781e+02 4.030882352940000146e+02
1.004545454500000012e+01 4.038636363640000013e+02
1.071153846149999964e+02 4.038846153850000178e+02
1.490000000000000000e+02 4.042777777779999724e+02
2.410000000000000142e+01 4.048999999999999773e+02
1.791153846150000106e+02 4.048846153850000178e+02
4.125000000000000000e+02 4.051666666670000154e+02
3.145000000000000000e+02 4.060000000000000000e+02
3.877222222220000276e+02 4.070000000000000000e+02
3.468999999999999773e+02 4.084599999999999795e+02
4.827727272729999868e+02 4.100000000000000000e+02
4.956999999999999886e+02 4.095000000000000000e+02
5.128571428569999853e+02 4.102857142859999726e+02
2.221153846150000106e+02 4.112692307689999893e+02
2.524000000000000057e+02 4.115500000000000114e+02
6.100000000000000000e+01 4.135000000000000000e+02
1.295000000000000000e+02 4.141499999999999773e+02
4.606428571430000147e+02 4.133095238099999733e+02
1.907857142860000010e+02 4.154285714289999873e+02
2.879285714289999873e+02 4.157142857140000274e+02
1.490000000000000000e+02 4.172142857140000274e+02
1.675909090909999861e+02 4.171363636359999987e+02
3.326000000000000227e+02 4.171999999999999886e+02
3.642777777779999724e+02 4.171111111110000138e+02
7.909999999999999432e+01 4.181000000000000227e+02
2.006304347829999983e+02 4.207173913039999888e+02
2.625625000000000000e+02 4.202500000000000000e+02
2.978999999999999773e+02 4.198999999999999773e+02
4.987941176470000073e+02 4.203823529410000219e+02
9.617647058999999388e+00 4.210882352940000146e+02
5.437500000000000000e+02 4.211666666670000154e+02
3.971052631599999927e+01 4.232368421049999938e+02
4.276428571430000147e+02 4.235714285710000127e+02
1.359545454549999874e+02 4.241363636359999987e+02
3.787857142859999726e+02 4.239285714289999873e+02
4.481190476190000140e+02 4.255000000000000000e+02
2.250000000000000000e+01 4.257857142859999726e+02
9.473809523799999965e+01 4.264047619049999867e+02
5.275588235290000512e+02 4.262647058819999870e+02
2.455000000000000000e+02 4.270714285710000127e+02
4.116111111110000138e+02 4.280555555560000016e+02
7.925000000000000000e+01 4.288750000000000000e+02
2.291470588239999984e+02 4.290294117650000203e+02
2.826250000000000000e+02 4.303750000000000000e+02
3.530000000000000000e+02 4.303000000000000114e+02
3.985000000000000000e+02 4.311190476190000140e+02
5.806000000000000227e+01 4.341000000000000227e+02
3.174047619049999867e+02 4.341666666670000154e+02
3.323181818180000278e+02 4.326818181819999722e+02
4.712777777779999724e+02 4.330000000000000000e+02
1.129210526319999985e+02 4.346052631580000138e+02
2.660555555560000016e+02 4.338333333329999846e+02
4.863333333329999846e+02 4.340000000000000000e+02
1.781666666669999870e+02 4.343888888889999862e+02
1.953750000000000000e+02 4.343750000000000000e+02
1.614000000000000057e+02 4.369499999999999886e+02
5.225000000000000000e+02 4.364444444439999984e+02
2.199545454549999874e+02 4.381363636359999987e+02
5.455000000000000000e+02 4.390714285710000127e+02
6.500000000000000000e+00 4.402142857140000274e+02
5.604333333329999505e+02 4.401000000000000227e+02
3.356111111110000138e+02 4.413888888889999862e+02
9.725000000000000000e+01 4.424499999999999886e+02
3.840000000000000000e+02 4.420000000000000000e+02
3.695909090910000145e+02 4.431363636359999987e+02
2.149166666669999870e+02 4.443333333329999846e+02
3.600000000000000000e+01 4.452777777779999724e+02
2.813421052630000077e+02 4.454473684210000215e+02
3.581923076919999858e+02 4.455769230770000036e+02
5.042692307689999893e+02 4.447307692310000107e+02
2.025952380950000133e+02 4.469285714289999873e+02
4.174090909089999855e+02 4.461363636359999987e+02
3.202599999999999909e+02 4.486999999999999886e+02
4.506250000000000000e+02 4.476250000000000000e+02
2.638846153850000178e+02 4.492692307689999893e+02
2.266818181820000007e+02 4.496818181819999722e+02
1.400999999999999943e+02 4.508999999999999773e+02
4.263500000000000227e+02 4.518000000000000114e+02
4.614090909089999855e+02 4.514090909089999855e+02
5.305555555559999448e+02 4.515000000000000000e+02
4.850000000000000000e+01 4.540000000000000000e+02
6.994444444399999838e+01 4.533888888889999862e+02
1.230789473680000015e+02 4.533947368419999862e+02
2.306250000000000000e+01 4.552500000000000000e+02
2.395000000000000000e+02 4.550000000000000000e+02
4.817777777779999724e+02 4.553333333329999846e+02
5.525000000000000000e+02 4.565000000000000000e+02
1.822222222219999992e+02 4.576111111110000138e+02
2.970454545449999841e+02 4.581363636359999987e+02
1.583181818179999993e+02 4.593181818180000278e+02
4.483500000000000227e+02 4.607500000000000000e+02
4.055588235289999943e+02 4.621470588239999984e+02
3.885000000000000000e+02 4.635000000000000000e+02
1.993421052630000077e+02 4.646578947369999923e+02
4.698809523809999860e+02 4.642142857140000274e+02
8.236666666700000405e+01 4.655000000000000000e+02
4.233823529410000219e+02 4.647941176470000073e+02
4.870000000000000000e+02 4.657857142859999726e+02
2.117142857139999990e+02 4.671428571430000147e+02
2.398529411760000016e+02 4.667941176470000073e+02
3.351428571430000147e+02 4.672857142859999726e+02
3.518571428569999853e+02 4.672857142859999726e+02
5.338684210530000200e+02 4.674473684210000215e+02
7.150000000000000000e+01 4.680000000000000000e+02
1.077500000000000000e+02 4.679166666670000154e+02
2.610714285710000127e+02 4.684285714289999873e+02
5.154444444440000552e+02 4.682777777779999724e+02
1.346818181820000007e+02 4.686818181819999722e+02
3.027142857140000274e+02 4.688571428569999853e+02
3.645000000000000000e+02 4.695000000000000000e+02
1.755909090909999861e+02 4.711363636359999987e+02
5.608999999999999773e+02 4.718999999999999773e+02
1.441875000000000000e+02 4.753750000000000000e+02
2.852142857140000274e+02 4.750000000000000000e+02
3.331818181799999934e+01 4.764090909089999855e+02
7.166666667000000324e+00 4.772500000000000000e+02
1.622777777780000008e+02 4.770000000000000000e+02
3.320789473680000015e+02 4.796052631580000138e+02
5.293823529410000219e+02 4.815000000000000000e+02
2.190000000000000000e+02 4.820000000000000000e+02
4.029615384620000214e+02 4.823461538459999929e+02
5.530000000000000000e+02 4.831923076919999858e+02
5.478571428600000104e+01 4.830000000000000000e+02
4.315833333329999846e+02 4.836666666670000154e+02
5.061363636359999987e+02 4.830454545449999841e+02
9.312500000000000000e+01 4.847500000000000000e+02
4.537222222220000276e+02 4.840000000000000000e+02
4.876250000000000000e+02 4.857500000000000000e+02
1.195000000000000000e+02 4.868529411760000016e+02
2.612222222220000276e+02 4.863888888889999862e+02
3.900882352940000146e+02 4.867941176470000073e+02
4.175000000000000000e+02 4.847500000000000000e+02
3.708999999999999773e+02 4.881000000000000227e+02
1.875000000000000000e+02 4.900000000000000000e+02
2.345769230770000036e+02 4.916538461540000071e+02
2.822857142859999726e+02 4.912857142859999726e+02
3.487857142859999726e+02 4.905000000000000000e+02
4.721000000000000227e+02 4.918999999999999773e+02
7.450000000000000000e+01 4.931470588239999984e+02
5.691250000000000000e+02 4.932500000000000000e+02
1.500000000000000000e+01 4.939444444439999984e+02
3.098750000000000000e+02 4.942500000000000000e+02
3.323571428569999853e+02 4.945714285710000127e+02
3.371428571399999896e+01 4.948571428569999853e+02
1.723461538459999929e+02 4.950384615379999786e+02
1.360000000000000000e+02 4.962142857140000274e+02
2.088076923079999858e+02 4.974230769229999964e+02
5.277272727300000099e+01 4.982272727270000132e+02
1.038846153850000036e+02 4.978846153850000178e+02
5.406538461540000071e+02 4.979615384620000214e+02
4.005000000000000000e+02 5.000000000000000000e+02
3.856578947369999923e+02 5.016578947369999923e+02
3.622368421049999938e+02 5.034473684210000215e+02
4.950000000000000000e+02 5.017857142859999726e+02
5.267000000000000455e+02 5.015000000000000000e+02
1.565000000000000000e+02 5.025000000000000000e+02
4.226428571430000147e+02 5.034285714289999873e+02
2.476176470590000065e+02 5.042058823529999927e+02
2.606333333329999959e+02 5.040333333329999732e+02
3.512500000000000000e+02 5.041666666670000154e+02
9.675000000000000000e+01 5.054499999999999886e+02
4.442142857140000274e+02 5.050000000000000000e+02
5.121666666669999586e+02 5.052500000000000000e+02
2.261153846150000106e+02 5.057307692310000107e+02
3.023000000000000114e+02 5.055000000000000000e+02
7.808823529400000041e+01 5.086176470589999781e+02
1.250000000000000000e+02 5.080000000000000000e+02
3.382352941000000168e+00 5.100882352940000146e+02
4.648999999999999773e+02 5.101000000000000227e+02
4.784444444439999984e+02 5.112777777779999724e+02
4.358846153850000178e+02 5.118846153850000178e+02
1.583333333330000130e+02 5.130000000000000000e+02
3.366363636359999987e+02 5.150454545449999841e+02
3.890000000000000000e+02 5.145000000000000000e+02
1.905000000000000000e+02 5.150000000000000000e+02
2.835909090910000145e+02 5.161363636360000555e+02
4.927500000000000000e+02 5.165499999999999545e+02
2.940909090899999967e+01 5.166818181820000291e+02
5.673999999999999773e+02 5.174500000000000455e+02
3.150000000000000000e+02 5.177857142860000295e+02
5.270000000000000000e+02 5.180000000000000000e+02
1.090000000000000000e+02 5.190000000000000000e+02
5.407307692309999538e+02 5.204230769230000533e+02
2.093000000000000114e+02 5.205000000000000000e+02
1.789999999999999858e+01 5.218999999999999773e+02
5.664999999999999858e+01 5.223500000000000227e+02
1.385000000000000000e+02 5.221190476189999572e+02
4.170384615379999786e+02 5.223461538459999929e+02
2.977631578950000062e+02 5.242894736839999723e+02
4.661428571430000147e+02 5.267142857139999705e+02
2.441666666669999870e+02 5.272500000000000000e+02
3.668333333329999846e+02 5.267500000000000000e+02
1.812500000000000000e+02 5.278750000000000000e+02
2.347777777780000008e+02 5.293888888889999862e+02
3.150000000000000000e+01 5.311470588240000552e+02
5.607999999999999545e+02 5.316000000000000227e+02
7.940000000000000568e+01 5.325499999999999545e+02
1.018913043480000056e+02 5.322826086960000112e+02
4.275000000000000000e+02 5.321315789469999800e+02
5.232368421050000507e+02 5.322894736839999723e+02
2.011153846150000106e+02 5.331153846150000390e+02
4.086176470589999781e+02 5.330882352940000146e+02
5.469666666670000268e+02 5.333666666670000041e+02
6.261764705899999939e+01 5.340882352940000146e+02
3.463571428569999853e+02 5.345000000000000000e+02
2.665000000000000000e+02 5.355000000000000000e+02
3.360000000000000000e+02 5.350000000000000000e+02
1.505000000000000000e+02 5.370000000000000000e+02
4.505500000000000114e+02 5.373999999999999773e+02
4.815000000000000000e+02 5.372333333330000187e+02
2.748846153850000178e+02 5.382692307690000462e+02
3.763666666670000041e+02 5.419666666670000268e+02
3.841666666670000154e+02 5.420555555559999448e+02
5.001363636359999987e+02 5.415909090909999577e+02
1.664285714300000052e+01 5.441190476189999572e+02
1.751315789470000084e+02 5.435000000000000000e+02
1.340000000000000000e+02 5.445000000000000000e+02
2.130882352939999862e+02 5.446176470589999781e+02
2.461153846150000106e+02 5.461153846150000390e+02
3.145434782610000184e+02 5.481086956520000513e+02
8.087500000000000000e+01 5.489375000000000000e+02
2.964166666670000154e+02 5.481666666669999586e+02
3.622647058819999870e+02 5.505000000000000000e+02
5.103666666670000041e+02 5.499666666670000268e+02
4.186363636400000132e+01 5.510454545449999841e+02
1.141315789469999942e+02 5.512894736839999723e+02
2.663888888889999862e+02 5.517777777779999724e+02
4.338846153850000178e+02 5.511153846150000390e+02
4.512500000000000000e+02 5.527500000000000000e+02
2.357500000000000000e+02 5.534375000000000000e+02
5.290000000000000000e+02 5.535000000000000000e+02
2.160000000000000000e+02 5.535000000000000000e+02
4.108846153850000178e+02 5.538846153849999610e+02
1.896333333329999959e+02 5.550333333329999732e+02
3.470000000000000000e+02 5.555000000000000000e+02
1.563333333299999950e+01 5.560333333329999732e+02
6.300000000000000000e+01 5.557857142860000295e+02
1.255000000000000000e+02 5.567916666669999586e+02
4.963666666670000041e+02 5.570333333329999732e+02
2.853750000000000000e+02 5.594375000000000000e+02
3.882142857140000274e+02 5.590714285709999558e+02
5.535000000000000000e+02 5.590000000000000000e+02
1.673666666670000041e+02 5.620333333329999732e+02
1.460000000000000000e+02 5.625000000000000000e+02
3.050000000000000000e+02 5.635000000000000000e+02
3.195000000000000000e+02 5.635000000000000000e+02
4.465000000000000000e+02 5.635000000000000000e+02
