4.400000000000000000e+01 1.000000000000000000e+00
1.280000000000000000e+02 8.333333330000000094e-01
3.150000000000000000e+02 8.333333330000000094e-01
3.502142857140000274e+02 9.285714290000000037e-01
4.830000000000000000e+02 5.000000000000000000e-01
5.200384615379999786e+02 1.653846154000000013e+00
5.580384615379999786e+02 1.653846154000000013e+00
5.853823529410000219e+02 1.911764706000000036e+00
3.645909090910000145e+02 4.136363635999999566e+00
4.685000000000000000e+02 2.700000000000000178e+00
1.903888888889999862e+02 4.222222222000000080e+00
2.220000000000000000e+02 3.700000000000000178e+00
4.086176470589999781e+02 3.911764706000000036e+00
1.555555555560000016e+02 5.388888889000000404e+00
3.239473684200000037e+01 5.921052632000000315e+00
5.031999999999999886e+02 6.599999999999999645e+00
2.756176470589999781e+02 6.911764705999999592e+00
4.188750000000000000e+02 7.750000000000000000e+00
4.446578947369999923e+02 7.342105262999999660e+00
3.261499999999999773e+02 9.849999999999999645e+00
6.800000000000000000e+01 1.000000000000000000e+01
2.977857142859999726e+02 1.111904761899999983e+01
9.203333333300000163e+01 1.136666666700000050e+01
1.703181818179999993e+02 1.131818181799999934e+01
2.085999999999999943e+02 1.155000000000000071e+01
1.340999999999999943e+02 1.190000000000000036e+01
5.347857142860000295e+02 1.200000000000000000e+01
2.546578947369999923e+02 1.334210526300000055e+01
4.575000000000000000e+02 1.330000000000000071e+01
1.075000000000000000e+02 1.550000000000000000e+01
5.155000000000000000e+02 1.500000000000000000e+01
2.292333333329999903e+02 1.616666666700000121e+01
3.888846153850000178e+02 1.611538461499999997e+01
4.890000000000000000e+02 1.778571428600000104e+01
3.564130434780000201e+02 2.028260869600000049e+01
5.628999999999999773e+02 1.910000000000000142e+01
5.200000000000000000e+01 2.000000000000000000e+01
6.977272727300000099e+01 2.100000000000000000e+01
3.180000000000000000e+02 2.127777777800000081e+01
5.783823529410000219e+02 2.191176470599999959e+01
1.626875000000000000e+02 2.331250000000000000e+01
3.908636363640000013e+02 2.259090909100000033e+01
1.361764705899999939e+01 2.508823529400000041e+01
1.983461538459999929e+02 2.473076923100000002e+01
3.766111111110000138e+02 2.550000000000000000e+01
4.703421052630000077e+02 2.534210526300000055e+01
1.200000000000000000e+02 2.677272727300000099e+01
2.695000000000000000e+02 2.600000000000000000e+01
2.890000000000000000e+02 2.600000000000000000e+01
1.056538461539999929e+02 2.896153846200000004e+01
1.359000000000000057e+02 2.910000000000000142e+01
3.098333333329999846e+02 2.875000000000000000e+01
4.069666666670000268e+02 2.963333333299999950e+01
5.063571428569999853e+02 2.930952381000000173e+01
2.332142857139999990e+02 3.000000000000000000e+01
5.212777777779999724e+02 3.100000000000000000e+01
5.338846153849999610e+02 3.157692307700000001e+01
3.550000000000000000e+01 3.169999999999999929e+01
2.125000000000000000e+02 3.229999999999999716e+01
3.364411764710000057e+02 3.267647058800000082e+01
5.856176470589999781e+02 3.191176470599999959e+01
4.224375000000000000e+02 3.337500000000000000e+01
4.457500000000000000e+02 3.325000000000000000e+01
2.492500000000000000e+02 3.408333333299999879e+01
3.649615384620000214e+02 3.365384615400000001e+01
1.777105263159999993e+02 3.513157894700000128e+01
8.500000000000000000e+00 3.650000000000000000e+01
5.560000000000000000e+02 3.650000000000000000e+01
6.600000000000000000e+01 3.821428571399999896e+01
1.572500000000000000e+02 3.806250000000000000e+01
2.934473684210000215e+02 3.944736842100000018e+01
3.820000000000000000e+02 3.900000000000000000e+01
3.812500000000000000e+01 4.025000000000000000e+01
2.059090909100000033e+01 4.113636363599999868e+01
2.246999999999999886e+02 4.300000000000000000e+01
3.663750000000000000e+02 4.275000000000000000e+01
4.046176470589999781e+02 4.291176470599999959e+01
4.783823529410000219e+02 4.308823529400000041e+01
8.689130434800000558e+01 4.454347826099999708e+01
1.157222222219999992e+02 4.444444444399999838e+01
5.657894737000000340e+00 4.665789473699999945e+01
1.983666666670000041e+02 4.596666666699999837e+01
5.755588235290000512e+02 4.644117647099999857e+01
2.666111111110000138e+02 4.777777777800000081e+01
3.436176470589999781e+02 4.691176470599999959e+01
1.799782608700000139e+02 4.889130434799999847e+01
4.213999999999999773e+02 4.854999999999999716e+01
4.865769230770000036e+02 4.865384615400000001e+01
5.362500000000000000e+02 4.850000000000000000e+01
6.540000000000000568e+01 5.054999999999999716e+01
5.123181818179999709e+02 4.968181818200000066e+01
1.048846153850000036e+02 5.088461538499999648e+01
3.266666666670000154e+02 5.041666666700000121e+01
1.340000000000000000e+02 5.227777777800000081e+01
3.861153846149999822e+02 5.311538461500000352e+01
4.380000000000000000e+02 5.321428571399999896e+01
3.137857142859999726e+02 5.400000000000000000e+01
8.636666666700000405e+01 5.496666666699999837e+01
1.195909090910000003e+02 5.613636363599999868e+01
4.620000000000000000e+02 5.600000000000000000e+01
2.801470588239999984e+02 5.850000000000000000e+01
4.818636363640000013e+02 5.895454545500000165e+01
2.344000000000000057e+02 6.054999999999999716e+01
3.418846153850000178e+02 5.988461538499999648e+01
5.228529411759999448e+02 6.050000000000000000e+01
3.722500000000000000e+02 6.125000000000000000e+01
5.670000000000000000e+02 6.100000000000000000e+01
3.990000000000000000e+02 6.250000000000000000e+01
5.840000000000000000e+02 6.200000000000000000e+01
4.754999999999999716e+01 6.339999999999999858e+01
2.563823529410000219e+02 6.308823529400000041e+01
3.121000000000000227e+02 6.310000000000000142e+01
5.486428571430000147e+02 6.369047618999999827e+01
2.778571428600000104e+01 6.500000000000000000e+01
1.660999999999999943e+02 6.609999999999999432e+01
4.515000000000000000e+02 6.629999999999999716e+01
2.149000000000000057e+02 6.790000000000000568e+01
3.503888888889999862e+02 6.833333333299999879e+01
2.690384615379999786e+02 6.865384615399999291e+01
4.252777777779999724e+02 6.955555555600000162e+01
1.455000000000000000e+02 7.100000000000000000e+01
1.920000000000000000e+02 7.172222222199999919e+01
4.608846153850000178e+02 7.111538461499999642e+01
5.871666666669999586e+02 7.100000000000000000e+01
1.285833333330000130e+02 7.183333333299999879e+01
4.913823529410000219e+02 7.191176470599999959e+01
3.125000000000000000e+00 7.350000000000000000e+01
6.923333333300000447e+01 7.316666666700000121e+01
4.133125000000000000e+02 7.300000000000000000e+01
2.985000000000000000e+02 7.400000000000000000e+01
5.160000000000000000e+02 7.521428571399999896e+01
5.477777777800000081e+01 7.638888888900000040e+01
3.275000000000000000e+02 7.583333333299999879e+01
5.656250000000000000e+02 7.618750000000000000e+01
1.105000000000000000e+02 7.670000000000000284e+01
2.895454545500000165e+01 7.845454545500000165e+01
3.640454545449999841e+02 7.836363636400000132e+01
9.708823529400000041e+01 7.961764705900000649e+01
1.791666666669999870e+02 7.945238095199999862e+01
2.822222222220000276e+02 7.938888888900000040e+01
3.885526315789999785e+02 7.955263157900000692e+01
5.305625000000000000e+02 8.118750000000000000e+01
2.340000000000000000e+02 8.100000000000000000e+01
4.438076923080000142e+02 8.242307692299999644e+01
2.204285714289999873e+02 8.314285714300000052e+01
4.781470588239999984e+02 8.350000000000000000e+01
2.513095238100000017e+02 8.535714285699999948e+01
5.547352941179999561e+02 8.526470588200000122e+01
3.148846153850000178e+02 8.611538461499999642e+01
1.551153846150000106e+02 8.788461538500000358e+01
4.956333333329999959e+02 9.003333333300000163e+01
2.080294117649999919e+02 9.285294117600000163e+01
1.047500000000000000e+02 9.287500000000000000e+01
4.235000000000000000e+02 9.350000000000000000e+01
6.250000000000000000e+00 9.406250000000000000e+01
7.450000000000000000e+01 9.350000000000000000e+01
1.682142857139999990e+02 9.400000000000000000e+01
2.976000000000000227e+02 9.445000000000000284e+01
1.239000000000000057e+02 9.509999999999999432e+01
4.270000000000000284e+01 9.670000000000000284e+01
1.849666666669999984e+02 9.663333333299999595e+01
4.003000000000000114e+02 9.629999999999999716e+01
5.212142857139999705e+02 9.600000000000000000e+01
5.658684210530000200e+02 9.650000000000000000e+01
1.407307692310000107e+02 9.688461538500000358e+01
4.638333333329999846e+02 9.675000000000000000e+01
3.292500000000000000e+02 9.793750000000000000e+01
2.771153846149999822e+02 9.888461538500000358e+01
3.405555555560000016e+02 9.972222222199999919e+01
4.877105263160000277e+02 9.913157894699999417e+01
5.586363636400000132e+01 9.995454545500000165e+01
2.506818181820000007e+02 1.003181818179999993e+02
3.643421052630000077e+02 1.003421052629999934e+02
2.222222222219999992e+02 1.013888888890000004e+02
8.363333333299999595e+01 1.019666666669999984e+02
5.395499999999999545e+02 1.024000000000000057e+02
3.914166666670000154e+02 1.028333333329999988e+02
5.100000000000000000e+02 1.030000000000000000e+02
4.561153846149999822e+02 1.041153846149999964e+02
2.418750000000000000e+01 1.064375000000000000e+02
4.262142857140000274e+02 1.080000000000000000e+02
7.454000000000000625e+01 1.109000000000000057e+02
2.071153846150000106e+02 1.098846153850000036e+02
3.022647058819999870e+02 1.102647058820000012e+02
5.332692307690000462e+02 1.102692307690000035e+02
2.835000000000000000e+02 1.110000000000000000e+02
5.870000000000000000e+02 1.105000000000000000e+02
9.900000000000000000e+01 1.120000000000000000e+02
1.643461538459999929e+02 1.118076923080000000e+02
1.178846153850000036e+02 1.128846153850000036e+02
5.611153846150000390e+02 1.138846153850000036e+02
4.752500000000000000e+02 1.150625000000000000e+02
2.375000000000000000e+02 1.155000000000000000e+02
3.982777777779999724e+02 1.167222222219999992e+02
4.416250000000000000e+02 1.153750000000000000e+02
5.002894736839999723e+02 1.168684210530000058e+02
3.542500000000000000e+02 1.172500000000000000e+02
3.408846153850000178e+02 1.178846153850000036e+02
3.160000000000000000e+02 1.187857142860000010e+02
1.839615384619999929e+02 1.203461538460000071e+02
2.578684210530000200e+02 1.200263157889999945e+02
1.406578947369999923e+02 1.213421052629999934e+02
5.687500000000000000e+02 1.211666666670000012e+02
1.128636363640000013e+02 1.228636363640000013e+02
2.230000000000000000e+02 1.222142857139999990e+02
1.121428571400000074e+01 1.230000000000000000e+02
5.187500000000000000e+01 1.247500000000000000e+02
1.680000000000000000e+02 1.260000000000000000e+02
1.230000000000000000e+02 1.280000000000000000e+02
2.037777777780000008e+02 1.286111111110000138e+02
4.465000000000000000e+02 1.290000000000000000e+02
5.513750000000000000e+02 1.295625000000000000e+02
6.361111111099999960e+01 1.301666666669999870e+02
8.850000000000000000e+01 1.303000000000000114e+02
2.761153846149999822e+02 1.301153846150000106e+02
3.771153846149999822e+02 1.298846153849999894e+02
4.249117647059999854e+02 1.306176470590000065e+02
1.421428571400000074e+01 1.310000000000000000e+02
2.356538461540000071e+02 1.309615384619999929e+02
4.597857142859999726e+02 1.310000000000000000e+02
4.824166666670000154e+02 1.311666666669999870e+02
2.560000000000000000e+02 1.317857142860000010e+02
3.855882352900000143e+01 1.343235294119999992e+02
3.857500000000000000e+02 1.344375000000000000e+02
5.203888888889999862e+02 1.342222222219999992e+02
1.460000000000000000e+02 1.352142857139999990e+02
3.500000000000000000e+00 1.365000000000000000e+02
1.804166666669999870e+02 1.366666666669999870e+02
2.879666666670000268e+02 1.366333333329999959e+02
4.035454545449999841e+02 1.387727272729999868e+02
3.316578947369999923e+02 1.396578947369999923e+02
1.953571428570000137e+02 1.402142857139999990e+02
4.560526315799999963e+01 1.409210526319999985e+02
3.062142857140000274e+02 1.410000000000000000e+02
3.603947368419999862e+02 1.410789473680000015e+02
5.428999999999999773e+02 1.409000000000000057e+02
1.573176100629999894e+02 1.487641509430000042e+02
5.830000000000000000e+02 1.415000000000000000e+02
2.269347826089999955e+02 1.434130434779999916e+02
4.530000000000000000e+02 1.430000000000000000e+02
5.041153846149999822e+02 1.438846153849999894e+02
2.137500000000000000e+02 1.450833333330000130e+02
4.308846153850000178e+02 1.451153846150000106e+02
5.934210526300000055e+01 1.473421052630000077e+02
2.451470588239999984e+02 1.470294117649999919e+02
3.306428571430000147e+02 1.473095238100000017e+02
4.693571428569999853e+02 1.473095238100000017e+02
5.590000000000000000e+02 1.467857142860000010e+02
3.915000000000000000e+02 1.483666666670000041e+02
5.255625000000000000e+02 1.480625000000000000e+02
1.227857142860000010e+02 1.500000000000000000e+02
4.400000000000000355e+00 1.535500000000000114e+02
2.875625000000000000e+02 1.536250000000000000e+02
4.953571428569999853e+02 1.533095238100000017e+02
1.828181818179999993e+02 1.546363636359999987e+02
3.025434782610000184e+02 1.548913043480000056e+02
7.945000000000000284e+01 1.554000000000000057e+02
9.511111111099999960e+01 1.552777777780000008e+02
2.623421052630000077e+02 1.553421052630000077e+02
3.760000000000000000e+02 1.575000000000000000e+02
5.362692307690000462e+02 1.573461538459999929e+02
1.390333333330000016e+02 1.586333333329999959e+02
2.083000000000000114e+02 1.585000000000000000e+02
5.723571428569999853e+02 1.593095238100000017e+02
2.239999999999999858e+01 1.605500000000000114e+02
3.800000000000000000e+01 1.602142857139999990e+02
4.433000000000000114e+02 1.606999999999999886e+02
3.550000000000000000e+02 1.610000000000000000e+02
5.172777777779999724e+02 1.630000000000000000e+02
2.736250000000000000e+02 1.636250000000000000e+02
6.322222222199999919e+01 1.653888888889999862e+02
1.495000000000000000e+02 1.653333333330000130e+02
4.265500000000000114e+02 1.655999999999999943e+02
1.195000000000000000e+02 1.670000000000000000e+02
4.020000000000000000e+02 1.663000000000000114e+02
5.510333333329999732e+02 1.676333333329999959e+02
4.729444444439999984e+02 1.683888888889999862e+02
2.888333333329999846e+02 1.686111111110000138e+02
5.088235294000000408e+00 1.718529411760000016e+02
8.131250000000000000e+01 1.718125000000000000e+02
1.729705882350000081e+02 1.721470588239999984e+02
2.474090909090000139e+02 1.724090909090000139e+02
3.215000000000000000e+02 1.720000000000000000e+02
4.558999999999999773e+02 1.719000000000000057e+02
3.745000000000000000e+02 1.741470588239999984e+02
3.882894736839999723e+02 1.758684210529999916e+02
9.520588235300000690e+01 1.762647058819999870e+02
8.333333330000000094e-01 1.770000000000000000e+02
5.760882352940000146e+02 1.773823529409999935e+02
1.982500000000000000e+02 1.782500000000000000e+02
5.410789473679999446e+02 1.786052631580000138e+02
1.916666666700000121e+01 1.783888888889999862e+02
2.777666666669999813e+02 1.791666666669999870e+02
4.642692307689999893e+02 1.788846153849999894e+02
4.995500000000000114e+02 1.815999999999999943e+02
3.157142857140000274e+02 1.820714285710000127e+02
3.351666666670000154e+02 1.815833333330000130e+02
5.195000000000000000e+02 1.825000000000000000e+02
1.059000000000000057e+02 1.835666666669999927e+02
1.418499999999999943e+02 1.835000000000000000e+02
3.038684210530000200e+02 1.841315789470000084e+02
3.535000000000000000e+02 1.835000000000000000e+02
4.121153846149999822e+02 1.831153846150000106e+02
3.000000000000000000e+01 1.850000000000000000e+02
2.187105263159999993e+02 1.841315789470000084e+02
4.437777777779999724e+02 1.846111111110000138e+02
7.590909091000000330e+00 1.861363636359999987e+02
4.650000000000000000e+01 1.861315789470000084e+02
7.579411764699999310e+01 1.867352941180000130e+02
2.532647058819999870e+02 1.872647058819999870e+02
1.875000000000000000e+02 1.886999999999999886e+02
4.260000000000000000e+02 1.890000000000000000e+02
4.758999999999999773e+02 1.899000000000000057e+02
1.225000000000000000e+02 1.910000000000000000e+02
4.645454545449999841e+02 1.917727272729999868e+02
5.563888888889999862e+02 1.927777777780000008e+02
5.700000000000000000e+02 1.925000000000000000e+02
2.707857142859999726e+02 1.930000000000000000e+02
4.965555555560000016e+02 1.933888888889999862e+02
2.823999999999999773e+02 1.945500000000000114e+02
3.290000000000000000e+02 1.947727272729999868e+02
5.296764705880000292e+02 1.945588235289999943e+02
4.422142857140000274e+02 1.950000000000000000e+02
1.085000000000000000e+02 1.960000000000000000e+02
2.010000000000000000e+02 1.962777777780000008e+02
2.415000000000000000e+02 1.970714285710000127e+02
5.654999999999999716e+01 1.984000000000000057e+02
2.241666666669999870e+02 1.982500000000000000e+02
3.733888888889999862e+02 1.997777777780000008e+02
2.055555555999999839e+00 2.003888888889999862e+02
3.548999999999999773e+02 1.999000000000000057e+02
1.400000000000000000e+02 2.015000000000000000e+02
3.941999999999999886e+02 2.011999999999999886e+02
1.642142857139999990e+02 2.020000000000000000e+02
4.118684210530000200e+02 2.037105263159999993e+02
8.000000000000000000e+01 2.045000000000000000e+02
2.502777777780000008e+02 2.064444444439999984e+02
2.902894736839999723e+02 2.068684210529999916e+02
3.138333333329999846e+02 2.071666666669999870e+02
5.115000000000000000e+02 2.070000000000000000e+02
2.050000000000000000e+01 2.095000000000000000e+02
1.525000000000000000e+02 2.086999999999999886e+02
4.375000000000000000e+01 2.126250000000000000e+02
1.895999999999999943e+02 2.125500000000000114e+02
2.078846153849999894e+02 2.117307692310000107e+02
5.685000000000000000e+02 2.120000000000000000e+02
3.830000000000000000e+02 2.126999999999999886e+02
4.705555555560000016e+02 2.132777777780000008e+02
2.421428571399999896e+01 2.140000000000000000e+02
1.172333333330000045e+02 2.151666666669999870e+02
2.672826086960000112e+02 2.153695652170000017e+02
3.687352941180000130e+02 2.152647058819999870e+02
4.478846153850000178e+02 2.151153846150000106e+02
7.359090909100000033e+01 2.158636363640000013e+02
1.300999999999999943e+02 2.160999999999999943e+02
4.308846153850000178e+02 2.161153846150000106e+02
5.037500000000000000e+02 2.158333333330000130e+02
2.820510204079999994e+02 2.223163265309999872e+02
3.472619047619999719e+02 2.191190476190000140e+02
1.500000000000000000e+00 2.185000000000000000e+02
2.469705882350000081e+02 2.198529411760000016e+02
2.275000000000000000e+02 2.200714285710000127e+02
5.487857142860000295e+02 2.200000000000000000e+02
5.875000000000000000e+02 2.190000000000000000e+02
1.422222222219999992e+02 2.216111111110000138e+02
5.450000000000000000e+01 2.220000000000000000e+02
9.425000000000000000e+01 2.218750000000000000e+02
1.755000000000000000e+02 2.221666666669999870e+02
5.364500000000000455e+02 2.225999999999999943e+02
3.873181818180000278e+02 2.252272727270000132e+02
3.975909090910000145e+02 2.241363636359999987e+02
1.905999999999999943e+02 2.265500000000000114e+02
4.240000000000000000e+02 2.260000000000000000e+02
4.408333333329999846e+02 2.255833333330000130e+02
5.121153846150000390e+02 2.261153846150000106e+02
4.915000000000000000e+02 2.275000000000000000e+02
8.100000000000000000e+01 2.283000000000000114e+02
3.850000000000000000e+01 2.307105263159999993e+02
3.308684210530000200e+02 2.302894736840000007e+02
1.202894736840000007e+02 2.311315789470000084e+02
2.635000000000000000e+02 2.320000000000000000e+02
4.678333333329999846e+02 2.325000000000000000e+02
1.550000000000000000e+02 2.335000000000000000e+02
3.028333333329999846e+02 2.339666666669999984e+02
3.618846153850000178e+02 2.338846153849999894e+02
5.705000000000000000e+02 2.345000000000000000e+02
5.281000000000000227e+02 2.349000000000000057e+02
1.500000000000000000e+00 2.360000000000000000e+02
9.596666666699999837e+01 2.363666666670000041e+02
2.181315789470000084e+02 2.362894736840000007e+02
3.408846153850000178e+02 2.371153846150000106e+02
5.553888888889999862e+02 2.377777777780000008e+02
2.833421052630000077e+02 2.386578947369999923e+02
5.086538461540000071e+02 2.382692307689999893e+02
4.031315789469999800e+02 2.390263157889999945e+02
6.550000000000000000e+01 2.411470588239999984e+02
2.078333333330000130e+02 2.422500000000000000e+02
2.440217391299999861e+02 2.428913043480000056e+02
2.592105263199999854e+01 2.433947368419999862e+02
1.483461538459999929e+02 2.440384615380000071e+02
2.718684210530000200e+02 2.442894736840000007e+02
5.719705882350000365e+02 2.468529411760000016e+02
1.770000000000000000e+02 2.465000000000000000e+02
3.750000000000000000e+02 2.467857142860000010e+02
3.279117647059999854e+02 2.483823529409999935e+02
3.017105263160000277e+02 2.495000000000000000e+02
4.288333333329999846e+02 2.492333333329999903e+02
4.668846153850000178e+02 2.492692307689999893e+02
4.505000000000000000e+02 2.508684210529999916e+02
4.865000000000000000e+02 2.510000000000000000e+02
1.115000000000000000e+02 2.520000000000000000e+02
3.600000000000000000e+02 2.515000000000000000e+02
4.500000000000000000e+01 2.532142857139999990e+02
1.295000000000000000e+02 2.540000000000000000e+02
2.200882352939999862e+02 2.540882352939999862e+02
2.822142857140000274e+02 2.540000000000000000e+02
5.375434782610000184e+02 2.545869565220000084e+02
8.500000000000000000e+00 2.550000000000000000e+02
7.965789473700000656e+01 2.556578947369999923e+02
1.681250000000000000e+02 2.557500000000000000e+02
1.920000000000000000e+02 2.570000000000000000e+02
5.707894736800000146e+01 2.576052631580000138e+02
4.065500000000000114e+02 2.573999999999999773e+02
3.460000000000000000e+02 2.585000000000000000e+02
3.811315789469999800e+02 2.585000000000000000e+02
4.235952380950000133e+02 2.590714285710000127e+02
4.966000000000000227e+02 2.594499999999999886e+02
5.230000000000000000e+02 2.590000000000000000e+02
2.471666666669999870e+02 2.618888888889999862e+02
5.581153846150000390e+02 2.618846153850000178e+02
5.800882352940000146e+02 2.623823529410000219e+02
3.065789473699999945e+01 2.636578947369999923e+02
4.551153846149999822e+02 2.648846153850000178e+02
1.047727272730000010e+02 2.667272727270000132e+02
1.136818181820000007e+02 2.663181818180000278e+02
1.401153846150000106e+02 2.658846153850000178e+02
1.809210526319999985e+02 2.663947368419999862e+02
2.657777777779999724e+02 2.663888888889999862e+02
4.902777777779999724e+02 2.660000000000000000e+02
7.872222222199999919e+01 2.670000000000000000e+02
2.014047619049999867e+02 2.679285714289999873e+02
4.394285714289999873e+02 2.672142857140000274e+02
3.324333333330000073e+02 2.681000000000000227e+02
3.135000000000000000e+02 2.700000000000000000e+02
3.951363636359999987e+02 2.684090909089999855e+02
2.340000000000000000e+02 2.710000000000000000e+02
4.740384615379999786e+02 2.713461538459999929e+02
5.345000000000000000e+02 2.723000000000000114e+02
3.735000000000000000e+02 2.730000000000000000e+02
1.507727272729999868e+02 2.753181818180000278e+02
1.717857142860000010e+02 2.750000000000000000e+02
5.052222222220000276e+02 2.753888888889999862e+02
6.309523809999999955e+00 2.765476190480000014e+02
6.925000000000000000e+01 2.771666666670000154e+02
2.264333333330000073e+02 2.776999999999999886e+02
5.662222222220000276e+02 2.773888888889999862e+02
4.200000000000000000e+01 2.777857142859999726e+02
1.298529411760000016e+02 2.789705882349999797e+02
2.960000000000000000e+02 2.783000000000000114e+02
3.513421052630000077e+02 2.808157894739999847e+02
3.861470588239999984e+02 2.815000000000000000e+02
4.015000000000000000e+02 2.808750000000000000e+02
4.684090909089999855e+02 2.825909090910000145e+02
2.418421052600000110e+01 2.841842105260000153e+02
2.501086956519999944e+02 2.832826086960000112e+02
3.625000000000000000e+02 2.843333333329999846e+02
1.056333333329999959e+02 2.848333333329999846e+02
2.692142857140000274e+02 2.839285714289999873e+02
2.822500000000000000e+02 2.851666666670000154e+02
4.310000000000000000e+02 2.850000000000000000e+02
5.432333333330000187e+02 2.853000000000000114e+02
4.847777777779999724e+02 2.873888888889999862e+02
2.008846153849999894e+02 2.881153846149999822e+02
1.791470588239999984e+02 2.889705882349999797e+02
3.126333333329999959e+02 2.890333333329999732e+02
4.555000000000000000e+02 2.900000000000000000e+02
5.267500000000000000e+02 2.890625000000000000e+02
6.111538461500000352e+01 2.912692307689999893e+02
9.150000000000000000e+01 2.920000000000000000e+02
3.250000000000000000e+02 2.935000000000000000e+02
4.165000000000000000e+02 2.941470588239999984e+02
8.750000000000000000e-01 2.955000000000000000e+02
5.632058823529999927e+02 2.957941176470000073e+02
5.843666666670000041e+02 2.950333333329999732e+02
1.505588235289999943e+02 2.962647058819999870e+02
3.661250000000000000e+02 2.960625000000000000e+02
1.690882352939999862e+02 2.978529411760000016e+02
1.225999999999999943e+02 2.994499999999999886e+02
2.346666666669999870e+02 2.984166666670000154e+02
2.563999999999999773e+02 3.004499999999999886e+02
3.154444444439999984e+02 3.006111111110000138e+02
5.010000000000000000e+02 3.005000000000000000e+02
9.821428571399999896e+01 3.010000000000000000e+02
7.700000000000000000e+01 3.020000000000000000e+02
1.380263157889999945e+02 3.028684210530000200e+02
2.988684210530000200e+02 3.032894736839999723e+02
3.496666666670000154e+02 3.035000000000000000e+02
4.804473684210000215e+02 3.034473684210000215e+02
2.735000000000000000e+02 3.050000000000000000e+02
2.185000000000000000e+02 3.060000000000000000e+02
4.012777777779999724e+02 3.060000000000000000e+02
3.800000000000000000e+01 3.067857142859999726e+02
4.420333333329999732e+02 3.073666666670000041e+02
4.607857142859999726e+02 3.070000000000000000e+02
1.891176470599999959e+01 3.086176470589999781e+02
3.781153846149999822e+02 3.081153846149999822e+02
1.135000000000000000e+02 3.105000000000000000e+02
5.533888888889999862e+02 3.107777777779999724e+02
5.720384615379999786e+02 3.103461538459999929e+02
1.731363636359999987e+02 3.105909090910000145e+02
1.975000000000000000e+02 3.112894736839999723e+02
3.608809523809999860e+02 3.137380952380000281e+02
5.256578947369999923e+02 3.133421052630000077e+02
6.690000000000000568e+01 3.138999999999999773e+02
2.886904761900000267e+02 3.144523809519999986e+02
4.164230769229999964e+02 3.138076923080000142e+02
4.933750000000000000e+02 3.151875000000000000e+02
8.622222222199999919e+01 3.176111111110000138e+02
2.397307692310000107e+02 3.168846153850000178e+02
2.155000000000000000e+02 3.183000000000000114e+02
2.693666666670000041e+02 3.189666666670000268e+02
5.316666666700000121e+01 3.197500000000000000e+02
5.670000000000000000e+02 3.202142857140000274e+02
9.388888889000000404e+00 3.210555555560000016e+02
4.260000000000000000e+02 3.212142857140000274e+02
1.618333333330000130e+02 3.226428571430000147e+02
3.351153846149999822e+02 3.221153846149999822e+02
4.828846153850000178e+02 3.221153846149999822e+02
5.186428571430000147e+02 3.223095238099999733e+02
1.900000000000000000e+02 3.245000000000000000e+02
3.935909090910000145e+02 3.251363636359999987e+02
3.137857142859999726e+02 3.260000000000000000e+02
5.853999999999999773e+02 3.264499999999999886e+02
3.340909090899999967e+01 3.285909090910000145e+02
2.470000000000000000e+02 3.280000000000000000e+02
4.641666666670000154e+02 3.277500000000000000e+02
2.317307692310000107e+02 3.288846153850000178e+02
4.503823529410000219e+02 3.289117647059999854e+02
3.488478260869999872e+02 3.304130434780000201e+02
5.510000000000000000e+02 3.297857142859999726e+02
1.275000000000000000e+02 3.320000000000000000e+02
3.780000000000000000e+02 3.325000000000000000e+02
4.070000000000000000e+02 3.320000000000000000e+02
4.990000000000000000e+02 3.317857142859999726e+02
6.800000000000000000e+01 3.337857142859999726e+02
1.455000000000000000e+02 3.345000000000000000e+02
1.773636363640000013e+02 3.345000000000000000e+02
5.380000000000000000e+02 3.342142857140000274e+02
2.639473684200000037e+01 3.359210526319999985e+02
1.012500000000000000e+02 3.360625000000000000e+02
2.138333333330000130e+02 3.367500000000000000e+02
1.669000000000000057e+02 3.378999999999999773e+02
2.525000000000000000e+02 3.388809523809999860e+02
4.245526315789999785e+02 3.383421052630000077e+02
3.265909090910000145e+02 3.394090909089999855e+02
2.742500000000000000e+02 3.407500000000000000e+02
5.684523809519999986e+02 3.411190476190000140e+02
3.026250000000000000e+02 3.411875000000000000e+02
3.968750000000000000e+02 3.417500000000000000e+02
5.165384615400000001e+01 3.420384615379999786e+02
5.168846153849999610e+02 3.424230769229999964e+02
8.444444444399999838e+01 3.436111111110000138e+02
3.753571428569999853e+02 3.435714285710000127e+02
4.597857142859999726e+02 3.440000000000000000e+02
1.422222222199999919e+01 3.456111111110000138e+02
4.754047619049999867e+02 3.474523809519999986e+02
6.110000000000000142e+01 3.478999999999999773e+02
1.207173913040000031e+02 3.491086956519999944e+02
1.940000000000000000e+02 3.480000000000000000e+02
2.352894736840000007e+02 3.495000000000000000e+02
3.568846153850000178e+02 3.501153846149999822e+02
1.528529411760000016e+02 3.519705882349999797e+02
5.492692307690000462e+02 3.522692307689999893e+02
4.125769230770000036e+02 3.529615384620000214e+02
5.135000000000000000e+02 3.540000000000000000e+02
5.353181818179999709e+02 3.536818181819999722e+02
4.486000000000000227e+02 3.554499999999999886e+02
2.589999999999999858e+01 3.558999999999999773e+02
4.925000000000000000e+02 3.555000000000000000e+02
3.358750000000000000e+02 3.572500000000000000e+02
9.939473684200000037e+01 3.579210526319999985e+02
2.146818181820000007e+02 3.583181818180000278e+02
5.687222222220000276e+02 3.580000000000000000e+02
8.550000000000000000e+01 3.601190476190000140e+02
2.946000000000000227e+02 3.605500000000000114e+02
3.715000000000000000e+02 3.613636363640000013e+02
2.615000000000000000e+02 3.615000000000000000e+02
2.820000000000000000e+02 3.610000000000000000e+02
3.111363636359999987e+02 3.610454545449999841e+02
1.908846153849999894e+02 3.618846153850000178e+02
4.400000000000000000e+01 3.630000000000000000e+02
4.223750000000000000e+02 3.626250000000000000e+02
2.439999999999999858e+01 3.641999999999999886e+02
3.891250000000000000e+02 3.642500000000000000e+02
3.406333333329999959e+02 3.655666666669999927e+02
1.331666666669999870e+02 3.664166666670000154e+02
1.660000000000000000e+02 3.660000000000000000e+02
4.600000000000000000e+02 3.660000000000000000e+02
4.776333333329999959e+02 3.659666666670000268e+02
1.115454545449999983e+02 3.702272727270000132e+02
2.280000000000000000e+02 3.730000000000000000e+02
5.811538461500000352e+01 3.738846153850000178e+02
5.470789473679999446e+02 3.743947368419999862e+02
5.870000000000000000e+02 3.745000000000000000e+02
2.427500000000000000e+02 3.757500000000000000e+02
2.100882352939999862e+02 3.763823529410000219e+02
2.895909090910000145e+02 3.765909090910000145e+02
5.035000000000000000e+02 3.765000000000000000e+02
5.253823529410000219e+02 3.760882352940000146e+02
1.479375000000000000e+02 3.772500000000000000e+02
2.694499999999999886e+02 3.773999999999999773e+02
3.753888888889999862e+02 3.777777777779999724e+02
4.136428571430000147e+02 3.775714285710000127e+02
4.381666666670000154e+02 3.776428571430000147e+02
3.255555555600000162e+01 3.783888888889999862e+02
1.810882352939999862e+02 3.783823529410000219e+02
3.629666666670000268e+02 3.783666666670000041e+02
7.100000000000000000e+01 3.790000000000000000e+02
9.788461538500000358e+01 3.811153846149999822e+02
3.071153846149999822e+02 3.848846153850000178e+02
3.177105263160000277e+02 3.855000000000000000e+02
3.408684210530000200e+02 3.860263157890000230e+02
4.781111111110000138e+02 3.851111111110000138e+02
5.692222222220000276e+02 3.856111111110000138e+02
5.336538461540000071e+02 3.859615384620000214e+02
1.243888888890000004e+02 3.877777777779999724e+02
1.619117647060000138e+02 3.876176470589999781e+02
3.966666666670000154e+02 3.876111111110000138e+02
4.578750000000000000e+02 3.882500000000000000e+02
4.940000000000000000e+02 3.896999999999999886e+02
2.489000000000000057e+02 3.908999999999999773e+02
4.153000000000000114e+02 3.930000000000000000e+02
1.766999999999999886e+02 3.925000000000000000e+02
2.377777777780000008e+02 3.933888888889999862e+02
1.410000000000000000e+02 3.942142857140000274e+02
5.208846153849999610e+02 3.941153846149999822e+02
1.234210526300000055e+01 3.953421052630000077e+02
6.211111111099999960e+01 3.958333333329999846e+02
1.580555555560000016e+02 3.957222222220000276e+02
4.418750000000000000e+01 3.966250000000000000e+02
2.747857142859999726e+02 3.960000000000000000e+02
4.321153846149999822e+02 3.961153846149999822e+02
2.120000000000000000e+02 3.970000000000000000e+02
8.150000000000000000e+01 3.983000000000000114e+02
1.970000000000000000e+02 3.992142857140000274e+02
5.525000000000000000e+02 3.995000000000000000e+02
1.011470588239999984e+02 3.999705882349999797e+02
2.990294117650000203e+02 4.001470588239999984e+02
4.541000000000000227e+02 4.001000000000000227e+02
5.131666666669999586e+02 4.012500000000000000e+02
2.750000000000000000e+01 4.025000000000000000e+02
1.171153846149999964e+02 4.038846153850000178e+02
1.383888888889999862e+02 4.042222222220000276e+02
3.815000000000000000e+02 4.043000000000000114e+02
3.622083333329999846e+02 4.055000000000000000e+02
4.913999999999999773e+02 4.058000000000000114e+02
5.781000000000000227e+02 4.048999999999999773e+02
2.617647058999999832e+00 4.069117647059999854e+02
2.590000000000000000e+02 4.077222222220000276e+02
3.410294117650000203e+02 4.091470588239999984e+02
4.232500000000000000e+02 4.091250000000000000e+02
4.693999999999999773e+02 4.108000000000000114e+02
6.800000000000000000e+01 4.115000000000000000e+02
3.263666666670000041e+02 4.109666666670000268e+02
4.040000000000000000e+02 4.125000000000000000e+02
4.420000000000000000e+02 4.135000000000000000e+02
5.312142857139999705e+02 4.131428571430000147e+02
9.690000000000000568e+01 4.148999999999999773e+02
2.399615384619999929e+02 4.146538461540000071e+02
1.995000000000000000e+02 4.170000000000000000e+02
2.781428571430000147e+02 4.174285714289999873e+02
1.808636363640000013e+02 4.180454545449999841e+02
3.702500000000000000e+02 4.187500000000000000e+02
5.865909090909999577e+02 4.198636363640000013e+02
4.914705882399999837e+01 4.209705882349999797e+02
2.213095238100000017e+02 4.214047619049999867e+02
3.042142857140000274e+02 4.208571428569999853e+02
5.444500000000000455e+02 4.223999999999999773e+02
5.677142857139999705e+02 4.219285714289999873e+02
1.152894736840000007e+02 4.231315789469999800e+02
1.640384615380000071e+02 4.226538461540000071e+02
4.577222222220000276e+02 4.228888888889999862e+02
2.350000000000000000e+01 4.247105263160000277e+02
3.122142857140000274e+02 4.240000000000000000e+02
2.392222222219999992e+02 4.253888888889999862e+02
3.856111111110000138e+02 4.248333333329999846e+02
1.287727272729999868e+02 4.264545454550000159e+02
4.175000000000000000e+02 4.265000000000000000e+02
3.794444444399999838e+01 4.272777777779999724e+02
1.539545454549999874e+02 4.266818181819999722e+02
3.421153846149999822e+02 4.271153846149999822e+02
2.623333333329999846e+02 4.285000000000000000e+02
5.156578947369999923e+02 4.283421052630000077e+02
2.936250000000000000e+02 4.283750000000000000e+02
5.793461538459999929e+02 4.294230769229999964e+02
4.935000000000000000e+02 4.305000000000000000e+02
9.500000000000000000e+01 4.310000000000000000e+02
3.682142857140000274e+02 4.310000000000000000e+02
2.500000000000000000e+00 4.315000000000000000e+02
2.115000000000000000e+02 4.316999999999999886e+02
2.758333333329999846e+02 4.329444444439999984e+02
3.297105263160000277e+02 4.331315789469999800e+02
4.816000000000000227e+02 4.331999999999999886e+02
4.230000000000000000e+02 4.345000000000000000e+02
1.889444444439999984e+02 4.358333333329999846e+02
6.559523809499999913e+01 4.378333333329999846e+02
3.516111111110000138e+02 4.388333333329999846e+02
5.350384615379999786e+02 4.403461538459999929e+02
1.764523809519999986e+02 4.416904761900000267e+02
3.915909090910000145e+02 4.408636363640000013e+02
5.561153846150000390e+02 4.411153846149999822e+02
4.656538461540000071e+02 4.420384615379999786e+02
2.326818181820000007e+02 4.426818181819999722e+02
3.968999999999999773e+02 4.428999999999999773e+02
1.411538461499999997e+01 4.438846153850000178e+02
2.595666666669999927e+02 4.441000000000000227e+02
5.172500000000000000e+02 4.438333333329999846e+02
4.850000000000000000e+01 4.451250000000000000e+02
2.096052631580000138e+02 4.449210526319999985e+02
8.950000000000000000e+01 4.461470588239999984e+02
3.010555555560000016e+02 4.466111111110000138e+02
4.802500000000000000e+02 4.466499999999999773e+02
2.778333333329999846e+02 4.465833333329999846e+02
1.512142857139999990e+02 4.480000000000000000e+02
1.905999999999999943e+02 4.495500000000000114e+02
3.750000000000000000e+02 4.492142857140000274e+02
4.285000000000000000e+02 4.490000000000000000e+02
1.141190476189999998e+02 4.502619047619999719e+02
1.368809523809999860e+02 4.502619047619999719e+02
3.382083333329999846e+02 4.505000000000000000e+02
4.500000000000000000e+02 4.507222222220000276e+02
4.167222222220000276e+02 4.524444444439999984e+02
4.936111111110000138e+02 4.522222222220000276e+02
2.796666666699999837e+01 4.536333333329999959e+02
4.617105263160000277e+02 4.535000000000000000e+02
5.645909090909999577e+02 4.535909090910000145e+02
2.899999999999999911e+00 4.538999999999999773e+02
3.104166666670000154e+02 4.540833333329999846e+02
5.447105263160000277e+02 4.545000000000000000e+02
5.808823529400000041e+01 4.553823529410000219e+02
2.377857142860000010e+02 4.550000000000000000e+02
2.552857142860000010e+02 4.561428571430000147e+02
1.670000000000000000e+02 4.572142857140000274e+02
3.627857142859999726e+02 4.570000000000000000e+02
9.665384615399999291e+01 4.600384615379999786e+02
3.438846153850000178e+02 4.598846153850000178e+02
1.458846153849999894e+02 4.611153846149999822e+02
8.113636363599999868e+01 4.634090909089999855e+02
1.210000000000000000e+02 4.640000000000000000e+02
4.017173913039999888e+02 4.651086956519999944e+02
5.048846153850000178e+02 4.638846153850000178e+02
2.256666666669999870e+02 4.655000000000000000e+02
5.472894736839999723e+02 4.688684210530000200e+02
2.583333333299999879e+01 4.692500000000000000e+02
4.351000000000000227e+02 4.688999999999999773e+02
5.228529411759999448e+02 4.695000000000000000e+02
2.742142857140000274e+02 4.700000000000000000e+02
3.142692307689999893e+02 4.697307692310000107e+02
5.730333333329999732e+02 4.708333333329999846e+02
4.855000000000000000e+02 4.718529411760000016e+02
1.867857142860000010e+02 4.730000000000000000e+02
2.986333333329999959e+02 4.730333333329999732e+02
4.711538461500000352e+01 4.738846153850000178e+02
2.075000000000000000e+02 4.740000000000000000e+02
4.273461538459999929e+02 4.739615384620000214e+02
1.333333333330000130e+02 4.757777777779999724e+02
1.550000000000000000e+02 4.747857142859999726e+02
3.749545454550000159e+02 4.748636363640000013e+02
2.000000000000000000e+00 4.762777777779999724e+02
2.560333333329999732e+02 4.763666666670000041e+02
5.423888888889999862e+02 4.767777777779999724e+02
1.779117647060000138e+02 4.776176470589999781e+02
6.800000000000000000e+01 4.780000000000000000e+02
3.990000000000000000e+02 4.787222222220000276e+02
3.456000000000000227e+02 4.798000000000000114e+02
3.798999999999999773e+02 4.794333333330000073e+02
4.969666666670000268e+02 4.793666666670000041e+02
4.762368421049999938e+02 4.811315789469999800e+02
8.490000000000000568e+01 4.828999999999999773e+02
2.280000000000000000e+02 4.830000000000000000e+02
4.515000000000000000e+02 4.830000000000000000e+02
2.515000000000000000e+02 4.840000000000000000e+02
1.052500000000000000e+02 4.851250000000000000e+02
2.020000000000000000e+02 4.866999999999999886e+02
4.833666666670000041e+02 4.869666666670000268e+02
5.693095238099999733e+02 4.876428571430000147e+02
3.155666666669999927e+02 4.891666666670000154e+02
5.191666666669999586e+02 4.882500000000000000e+02
2.803823529410000219e+02 4.890882352940000146e+02
3.636250000000000000e+02 4.886250000000000000e+02
1.520000000000000000e+02 4.893000000000000114e+02
5.808333333330000414e+02 4.901666666670000154e+02
4.778571428600000104e+01 4.920000000000000000e+02
3.033461538459999929e+02 4.920384615379999786e+02
3.114705882399999837e+01 4.939705882349999797e+02
1.180999999999999943e+02 4.941000000000000227e+02
1.927500000000000000e+02 4.939375000000000000e+02
3.421000000000000227e+02 4.965666666669999927e+02
2.241153846150000106e+02 4.968846153850000178e+02
3.670000000000000000e+02 4.966999999999999886e+02
4.143235294120000276e+02 4.984411764710000057e+02
4.328846153850000178e+02 4.978846153850000178e+02
1.654000000000000057e+02 4.993000000000000114e+02
1.375000000000000000e+01 5.007500000000000000e+02
5.071153846149999822e+02 4.998846153850000178e+02
7.050000000000000000e+01 5.005000000000000000e+02
1.353666666670000041e+02 5.010333333329999732e+02
5.258846153849999610e+02 5.008846153850000178e+02
1.097222222219999992e+02 5.018888888889999862e+02
3.762777777779999724e+02 5.020000000000000000e+02
4.595000000000000000e+02 5.020714285710000127e+02
5.373999999999999773e+02 5.023000000000000114e+02
8.161111111099999960e+01 5.037777777779999724e+02
2.810000000000000000e+02 5.042142857140000274e+02
3.966052631580000138e+02 5.039210526319999985e+02
3.309523809999999955e+00 5.056428571430000147e+02
2.341153846150000106e+02 5.051153846149999822e+02
5.553666666670000041e+02 5.049666666670000268e+02
4.375000000000000000e+01 5.067500000000000000e+02
4.800333333329999732e+02 5.073666666670000041e+02
2.555000000000000000e+02 5.078750000000000000e+02
3.134090909089999855e+02 5.101363636359999987e+02
4.943947368419999862e+02 5.100789473680000015e+02
2.250000000000000000e+02 5.118333333329999846e+02
3.348636363640000013e+02 5.120454545449999841e+02
3.503823529410000219e+02 5.120882352940000146e+02
5.860882352940000146e+02 5.127941176470000073e+02
2.940000000000000000e+02 5.150000000000000000e+02
5.400000000000000000e+02 5.150000000000000000e+02
2.040000000000000000e+02 5.160000000000000000e+02
5.080000000000000000e+02 5.165000000000000000e+02
5.540000000000000000e+02 5.157857142860000295e+02
6.340909090899999967e+01 5.175909090909999577e+02
4.520000000000000000e+02 5.170000000000000000e+02
2.421428571399999896e+01 5.180000000000000000e+02
3.828999999999999773e+02 5.181000000000000227e+02
4.280000000000000000e+02 5.182142857139999705e+02
1.528913043480000056e+02 5.197173913039999888e+02
1.769615384619999929e+02 5.196538461540000071e+02
4.096578947369999923e+02 5.206578947369999923e+02
1.284285714289999873e+02 5.222857142860000295e+02
2.650000000000000000e+02 5.250000000000000000e+02
9.765000000000000568e+01 5.272000000000000455e+02
1.936578947369999923e+02 5.276578947369999923e+02
2.725909090910000145e+02 5.274090909090000423e+02
2.130000000000000000e+02 5.280000000000000000e+02
1.534210526300000055e+01 5.296578947369999923e+02
4.678571428600000104e+01 5.290000000000000000e+02
2.490000000000000000e+02 5.297222222220000276e+02
4.398999999999999773e+02 5.288999999999999773e+02
5.587666666669999813e+02 5.291666666669999586e+02
1.716818181820000007e+02 5.303181818179999709e+02
3.133421052630000077e+02 5.301842105260000153e+02
5.354523809519999986e+02 5.310714285709999558e+02
1.085000000000000000e+02 5.333636363639999445e+02
1.479375000000000000e+02 5.321250000000000000e+02
2.716666666700000121e+01 5.336250000000000000e+02
4.595000000000000000e+02 5.341470588240000552e+02
4.780882352940000146e+02 5.356176470589999781e+02
5.172000000000000455e+02 5.347999999999999545e+02
5.773421052630000077e+02 5.359210526320000554e+02
3.403571428569999853e+02 5.367857142860000295e+02
4.158999999999999773e+02 5.361000000000000227e+02
5.006176470589999781e+02 5.360882352940000146e+02
7.934210526299999344e+01 5.376578947369999923e+02
3.628529411760000016e+02 5.369705882350000365e+02
4.040384615379999786e+02 5.366538461540000071e+02
3.276904761900000267e+02 5.384047619049999867e+02
3.791428571430000147e+02 5.382857142860000295e+02
2.958846153850000178e+02 5.401153846150000390e+02
1.319705882350000081e+02 5.428529411759999448e+02
2.350000000000000000e+02 5.420000000000000000e+02
1.007941176469999931e+02 5.432647058820000439e+02
1.905500000000000114e+02 5.436000000000000227e+02
2.655714285710000127e+02 5.483571428569999853e+02
3.096999999999999886e+02 5.475000000000000000e+02
4.478846153850000178e+02 5.481153846150000390e+02
2.009000000000000057e+02 5.488999999999999773e+02
7.214285713999999849e+00 5.500000000000000000e+02
5.683333333299999879e+01 5.496111111110000138e+02
1.639000000000000057e+02 5.501000000000000227e+02
2.805526315789999785e+02 5.506578947369999923e+02
4.321470588239999984e+02 5.509705882350000365e+02
5.444500000000000455e+02 5.513999999999999773e+02
5.637173913039999888e+02 5.521086956520000513e+02
4.689705882349999797e+02 5.541470588240000552e+02
5.229615384620000214e+02 5.553461538459999929e+02
2.253000000000000114e+02 5.555000000000000000e+02
3.496333333329999959e+02 5.560333333329999732e+02
1.446739130429999989e+02 5.580652173910000329e+02
3.730000000000000000e+02 5.570000000000000000e+02
5.117857142859999726e+02 5.570000000000000000e+02
2.509705882350000081e+02 5.581470588240000552e+02
2.992857142859999726e+02 5.578571428569999853e+02
3.988809523809999860e+02 5.597380952380000281e+02
3.455882352900000143e+01 5.602647058820000439e+02
7.378571428600000104e+01 5.600000000000000000e+02
4.700000000000000000e+01 5.610000000000000000e+02
2.122777777780000008e+02 5.610555555559999448e+02
4.840000000000000000e+02 5.615000000000000000e+02
