3.276315789499999909e+01 2.131578946999999946e+00
5.250000000000000000e+01 5.000000000000000000e-01
2.796875000000000000e+02 1.687500000000000000e+00
3.470000000000000000e+02 5.000000000000000000e-01
4.097727272729999868e+02 1.227272726999999897e+00
4.625000000000000000e+02 5.000000000000000000e-01
5.795000000000000000e+02 1.346153845999999987e+00
5.087500000000000000e+02 3.250000000000000000e+00
2.598529411760000016e+02 5.500000000000000000e+00
3.706000000000000227e+02 5.450000000000000178e+00
4.401666666670000154e+02 5.166666667000000324e+00
5.578846153849999610e+02 5.269230768999999981e+00
1.356176470590000065e+02 6.088235294000000408e+00
5.248999999999999773e+02 6.900000000000000355e+00
4.836111111110000138e+02 8.222222221999999192e+00
8.612500000000000000e+01 9.250000000000000000e+00
1.930000000000000000e+02 9.500000000000000000e+00
3.297777777779999724e+02 9.611111110999999596e+00
7.031818181799999934e+01 1.131818181799999934e+01
2.981666666670000154e+02 1.250000000000000000e+01
1.087777777780000008e+02 1.338888888900000040e+01
4.218333333329999846e+02 1.338888888900000040e+01
3.863000000000000114e+02 1.400000000000000000e+01
5.620000000000000000e+02 1.400000000000000000e+01
4.519615384620000214e+02 1.534615384599999999e+01
1.766818181820000007e+02 1.631818181799999934e+01
2.103888888889999862e+02 1.677777777800000081e+01
5.428571428569999853e+02 1.578571428599999926e+01
2.300000000000000000e+02 1.700000000000000000e+01
3.548913043480000056e+02 1.802173913000000027e+01
4.958846153850000178e+02 1.888461538500000003e+01
5.743888888889999862e+02 1.922222222199999919e+01
1.237222222219999992e+02 2.100000000000000000e+01
1.638750000000000000e+02 2.175000000000000000e+01
3.782500000000000000e+02 2.256250000000000000e+01
4.725555555560000016e+02 2.272222222199999919e+01
5.072777777779999724e+02 2.255555555600000162e+01
2.720000000000000000e+02 2.300000000000000000e+01
4.116538461540000071e+02 2.396153846200000004e+01
2.000000000000000000e+01 2.550000000000000000e+01
5.338888888900000040e+01 2.505555555600000162e+01
2.806538461540000071e+02 2.496153846200000004e+01
3.916999999999999886e+02 2.500000000000000000e+01
7.393478260899999555e+01 2.676086956500000014e+01
1.938846153849999894e+02 2.611538461499999997e+01
3.204473684210000215e+02 2.634210526300000055e+01
2.498846153849999894e+02 2.711538461499999997e+01
5.365833333330000414e+02 2.691666666700000121e+01
9.878571428600000104e+01 2.900000000000000000e+01
3.475000000000000000e+01 3.091666666700000121e+01
2.196999999999999886e+02 3.100000000000000000e+01
3.335000000000000000e+02 3.083333333299999879e+01
5.501000000000000227e+02 3.110000000000000142e+01
3.080000000000000000e+02 3.221428571399999896e+01
4.989736842109999770e+02 3.313157894700000128e+01
5.156578947369999923e+02 3.265789473699999945e+01
1.273809523799999965e+01 3.411904761899999983e+01
3.601428571430000147e+02 3.328571428600000104e+01
4.309117647059999854e+02 3.361764705899999939e+01
1.812647058819999870e+02 3.426470588200000122e+01
1.415000000000000000e+02 3.500000000000000000e+01
2.374090909090000139e+02 3.577272727300000099e+01
4.012777777779999724e+02 3.544444444399999838e+01
6.088461538499999648e+01 3.611538461500000352e+01
4.483888888889999862e+02 3.705555555600000162e+01
5.855000000000000000e+02 3.700000000000000000e+01
4.790000000000000000e+02 3.800000000000000000e+01
3.785000000000000000e+02 3.866666666700000121e+01
1.200000000000000000e+02 4.127777777800000081e+01
5.407857142860000295e+02 4.200000000000000000e+01
2.287222222219999992e+02 4.300000000000000000e+01
8.393478260899999555e+01 4.432608695700000112e+01
1.559117647060000138e+02 4.438235294100000061e+01
2.929117647059999854e+02 4.461764705899999939e+01
5.767857142860000295e+02 4.500000000000000000e+01
2.696000000000000227e+02 4.654999999999999716e+01
3.603666666670000041e+02 4.603333333300000163e+01
4.184499999999999886e+02 4.660000000000000142e+01
4.421153846149999822e+02 4.588461538499999648e+01
3.638235294100000061e+01 4.691176470599999959e+01
3.263000000000000114e+02 4.650000000000000000e+01
4.621250000000000000e+02 4.737500000000000000e+01
2.226923076899999998e+01 4.773076923099999647e+01
1.800000000000000000e+02 4.825000000000000000e+01
5.961764705899999939e+01 4.891176470599999959e+01
3.505000000000000000e+02 4.985294117600000163e+01
3.081666666670000154e+02 4.975000000000000000e+01
1.333333332999999898e+00 5.133333333299999879e+01
3.855833333329999846e+02 5.116666666700000121e+01
1.056818181820000007e+02 5.168181818200000066e+01
1.989117647060000138e+02 5.238235294100000061e+01
1.353421052630000077e+02 5.334210526300000055e+01
4.893750000000000000e+02 5.318750000000000000e+01
8.209999999999999432e+01 5.510000000000000142e+01
5.652777777779999724e+02 5.500000000000000000e+01
5.088846153850000178e+02 5.588461538499999648e+01
5.810000000000000000e+02 5.550000000000000000e+01
1.620000000000000000e+02 5.678571428600000104e+01
3.790000000000000000e+02 6.000000000000000000e+01
4.746250000000000000e+02 5.962500000000000000e+01
2.344000000000000057e+02 6.145000000000000284e+01
2.830000000000000000e+02 6.150000000000000000e+01
3.405000000000000000e+02 6.100000000000000000e+01
1.241363636359999987e+02 6.159090909100000033e+01
2.579705882349999797e+02 6.214705882399999837e+01
5.301428571430000147e+02 6.271428571399999896e+01
5.494523809519999986e+02 6.369047618999999827e+01
4.865789473699999945e+01 6.555263157900000692e+01
2.589999999999999858e+01 6.609999999999999432e+01
3.440000000000000000e+02 6.650000000000000000e+01
1.495000000000000000e+02 6.700000000000000000e+01
2.113461538459999929e+02 6.657692307700000356e+01
2.621428571430000147e+02 6.757142857099999844e+01
7.656666666700000690e+01 6.890000000000000568e+01
1.062500000000000000e+02 7.008333333299999879e+01
3.112857142859999726e+02 6.971428571399999896e+01
3.967222222220000276e+02 7.011111111099999960e+01
4.300000000000000000e+02 7.100000000000000000e+01
2.771190476190000140e+02 7.259523809499999913e+01
4.485000000000000000e+02 7.150000000000000000e+01
1.807105263159999993e+02 7.386842105300000583e+01
5.091666666670000154e+02 7.325000000000000000e+01
3.279705882349999797e+02 7.485294117600000163e+01
4.948333333329999846e+02 7.416666666700000121e+01
9.509999999999999432e+01 7.509999999999999432e+01
1.945000000000000000e+02 7.514705882399999837e+01
4.071470588239999984e+02 7.544117647100000568e+01
2.945909090910000145e+02 7.586363636400000132e+01
2.342105263000000104e+00 7.765789473700000656e+01
4.623125000000000000e+02 7.731250000000000000e+01
1.266333333329999959e+02 7.896666666699999837e+01
2.263571428570000137e+02 7.942857142900000156e+01
3.672619047619999719e+02 8.088095238100000017e+01
3.810882352940000146e+02 8.038235294099999351e+01
4.843666666670000041e+02 8.003333333300000163e+01
5.360000000000000000e+02 8.021428571399999896e+01
2.402631578900000164e+01 8.213157894699999417e+01
5.196666666699999837e+01 8.136666666700000405e+01
1.548529411760000016e+02 8.150000000000000000e+01
2.340000000000000000e+02 8.000000000000000000e+01
5.536111111110000138e+02 8.144444444399999838e+01
5.700000000000000000e+02 8.150000000000000000e+01
2.490789473680000015e+02 8.460526315799999963e+01
3.076875000000000000e+02 8.537500000000000000e+01
2.126111111110000138e+02 8.622222222199999919e+01
7.150000000000000000e+01 8.829999999999999716e+01
5.826428571430000147e+02 9.007142857099999844e+01
4.458846153850000178e+02 8.988461538500000358e+01
4.050000000000000000e+01 9.463333333299999595e+01
1.125000000000000000e+02 9.400000000000000000e+01
1.687857142860000010e+02 9.400000000000000000e+01
4.235000000000000000e+02 9.450000000000000000e+01
4.976428571430000147e+02 9.400000000000000000e+01
4.222222222000000080e+00 9.538888888900000040e+01
5.850000000000000000e+01 9.500000000000000000e+01
4.715000000000000000e+02 9.529999999999999716e+01
5.298846153849999610e+02 9.488461538500000358e+01
2.436111111110000138e+02 9.716666666700000121e+01
2.697142857140000274e+02 9.714285714300000052e+01
2.961666666670000154e+02 9.783333333299999879e+01
3.286578947369999923e+02 9.734210526299999344e+01
1.292142857139999990e+02 9.800000000000000000e+01
1.920000000000000000e+02 9.878571428600000104e+01
3.639705882349999797e+02 9.914705882399999837e+01
4.063750000000000000e+02 9.981250000000000000e+01
4.526875000000000000e+02 9.881250000000000000e+01
2.300555555560000016e+02 1.003888888890000004e+02
5.674090909090000423e+02 1.004090909089999997e+02
9.050000000000000000e+01 1.017352941179999988e+02
5.395909090909999577e+02 1.030000000000000000e+02
3.404523809519999986e+02 1.033095238100000017e+02
3.830000000000000000e+02 1.027857142860000010e+02
2.051666666669999870e+02 1.042500000000000000e+02
1.440000000000000000e+02 1.052142857139999990e+02
4.216250000000000000e+02 1.051875000000000000e+02
1.045000000000000000e+02 1.060000000000000000e+02
1.681153846150000106e+02 1.071153846149999964e+02
4.885000000000000000e+02 1.075000000000000000e+02
5.646666666669999586e+02 1.070000000000000000e+02
7.259090909100000033e+01 1.105909090910000003e+02
5.090000000000000000e+02 1.107222222219999992e+02
2.138888888900000040e+01 1.122222222219999992e+02
1.235909090910000003e+02 1.121363636359999987e+02
3.105000000000000000e+02 1.121666666670000012e+02
5.273461538459999929e+02 1.119615384619999929e+02
3.360333333329999732e+02 1.136333333329999959e+02
4.753235294120000276e+02 1.135588235289999943e+02
2.376250000000000000e+02 1.136250000000000000e+02
1.078571428599999926e+01 1.150000000000000000e+02
2.835000000000000000e+02 1.150000000000000000e+02
5.801428571430000147e+02 1.157142857139999990e+02
4.427857142859999726e+02 1.155000000000000000e+02
1.908846153849999894e+02 1.168846153850000036e+02
4.985000000000000000e+02 1.175000000000000000e+02
1.484000000000000057e+02 1.184500000000000028e+02
3.527631578950000062e+02 1.188684210530000058e+02
4.700000000000000000e+01 1.187857142860000010e+02
2.630555555560000016e+02 1.196111111109999996e+02
2.260000000000000000e+02 1.202142857139999990e+02
4.005526315789999785e+02 1.206578947370000066e+02
1.088636363640000013e+02 1.218636363640000013e+02
1.629000000000000057e+02 1.209000000000000057e+02
3.110000000000000000e+02 1.210000000000000000e+02
5.527857142860000295e+02 1.220000000000000000e+02
4.246111111110000138e+02 1.234444444439999984e+02
3.708846153850000178e+02 1.258846153850000036e+02
6.686363636400000132e+01 1.269545454550000017e+02
2.035000000000000000e+02 1.286428571429999863e+02
5.237500000000000000e+02 1.284499999999999886e+02
5.651666666669999586e+02 1.282500000000000000e+02
8.500000000000000000e+01 1.286999999999999886e+02
1.219666666669999984e+02 1.296333333329999959e+02
2.286250000000000000e+02 1.301875000000000000e+02
1.740999999999999943e+02 1.320999999999999943e+02
4.674090909089999855e+02 1.321363636359999987e+02
3.889999999999999858e+01 1.339000000000000057e+02
4.408999999999999773e+02 1.344333333330000073e+02
2.489000000000000057e+02 1.350999999999999943e+02
2.720000000000000000e+02 1.350000000000000000e+02
3.366666666670000154e+02 1.353333333330000130e+02
5.390000000000000000e+02 1.350000000000000000e+02
5.798846153849999610e+02 1.351153846150000106e+02
2.963000000000000114e+02 1.365666666669999927e+02
3.890714285710000127e+02 1.365000000000000000e+02
1.370000000000000000e+02 1.375000000000000000e+02
4.780714285710000127e+02 1.367857142860000010e+02
5.000000000000000000e-01 1.380000000000000000e+02
1.703846153799999996e+01 1.376538461540000071e+02
1.635909090909999861e+02 1.492370129870000142e+02
5.541000000000000227e+02 1.389000000000000057e+02
4.465789473699999945e+01 1.405526315790000069e+02
5.071000000000000227e+02 1.410999999999999943e+02
3.155000000000000000e+02 1.420000000000000000e+02
3.545500000000000114e+02 1.425999999999999943e+02
4.034499999999999886e+02 1.425999999999999943e+02
1.200000000000000000e+02 1.440000000000000000e+02
2.241190476190000140e+02 1.452619047620000003e+02
3.868999999999999773e+02 1.479000000000000057e+02
5.185625000000000000e+02 1.486250000000000000e+02
5.850000000000000000e+01 1.496052631580000138e+02
3.450000000000000178e+00 1.505999999999999943e+02
2.657631578950000062e+02 1.508684210529999916e+02
4.290000000000000000e+02 1.500000000000000000e+02
4.510000000000000000e+02 1.505000000000000000e+02
2.065000000000000000e+02 1.510000000000000000e+02
2.813333333329999846e+02 1.516111111110000138e+02
3.287799999999999727e+02 1.516200000000000045e+02
4.944090909089999855e+02 1.525909090909999861e+02
4.760000000000000000e+02 1.532777777780000008e+02
8.075000000000000000e+01 1.547500000000000000e+02
2.456904761899999983e+02 1.557380952379999997e+02
4.350000000000000000e+02 1.565000000000000000e+02
2.988000000000000114e+02 1.575999999999999943e+02
3.470000000000000000e+02 1.570000000000000000e+02
9.700000000000000000e+01 1.587222222219999992e+02
1.320999999999999943e+02 1.579000000000000057e+02
5.431000000000000227e+02 1.580999999999999943e+02
5.522857142860000295e+02 1.581428571429999863e+02
1.783461538459999929e+02 1.598846153849999894e+02
3.689666666670000268e+02 1.593666666670000041e+02
5.705000000000000000e+02 1.605000000000000000e+02
2.080000000000000000e+02 1.626999999999999886e+02
2.685000000000000000e+02 1.622142857139999990e+02
5.110000000000000000e+02 1.630000000000000000e+02
3.235000000000000000e+02 1.639285714289999873e+02
2.885000000000000000e+02 1.645000000000000000e+02
4.003888888889999862e+02 1.648333333330000130e+02
4.597857142859999726e+02 1.650000000000000000e+02
1.775000000000000000e+01 1.662500000000000000e+02
4.225000000000000000e+02 1.667105263159999993e+02
4.036666666699999695e+01 1.670333333330000016e+02
2.458750000000000000e+02 1.688333333330000130e+02
4.707631578950000062e+02 1.702368421049999938e+02
1.261153846149999964e+02 1.698846153849999894e+02
6.264705882000000337e+00 1.712647058819999870e+02
9.920588235300000690e+01 1.716176470590000065e+02
3.738529411760000016e+02 1.715000000000000000e+02
6.250000000000000000e+01 1.725000000000000000e+02
1.741315789470000084e+02 1.737631578950000062e+02
3.378846153850000178e+02 1.732692307689999893e+02
5.558999999999999773e+02 1.739000000000000057e+02
5.832647058820000439e+02 1.747352941180000130e+02
2.843823529410000219e+02 1.749117647060000138e+02
3.577222222220000276e+02 1.760000000000000000e+02
5.420000000000000000e+02 1.764000000000000057e+02
3.940000000000000000e+02 1.775000000000000000e+02
1.115000000000000000e+02 1.786333333329999959e+02
2.038000000000000114e+02 1.784000000000000057e+02
7.797058823499999392e+01 1.790294117649999919e+02
1.412500000000000000e+02 1.792500000000000000e+02
4.628333333329999846e+02 1.790000000000000000e+02
5.125000000000000000e+00 1.807500000000000000e+02
1.688461538500000003e+01 1.808846153849999894e+02
4.452222222220000276e+02 1.816111111110000138e+02
2.967777777779999724e+02 1.826111111110000138e+02
5.020000000000000000e+02 1.820000000000000000e+02
2.236578947369999923e+02 1.836578947369999923e+02
4.123181818180000278e+02 1.826818181820000007e+02
5.146578947369999923e+02 1.836578947369999923e+02
1.808846153849999894e+02 1.844230769229999964e+02
2.475000000000000000e+02 1.850000000000000000e+02
5.731499999999999773e+02 1.854499999999999886e+02
2.646000000000000085e+01 1.865399999999999920e+02
7.250000000000000000e+00 1.872500000000000000e+02
5.275000000000000000e+01 1.890000000000000000e+02
2.746000000000000227e+02 1.876999999999999886e+02
3.137857142859999726e+02 1.880000000000000000e+02
4.746052631580000138e+02 1.905000000000000000e+02
5.527000000000000455e+02 1.910000000000000000e+02
4.192142857140000274e+02 1.910000000000000000e+02
4.648181818180000278e+02 1.924545454549999874e+02
5.868999999999999773e+02 1.931999999999999886e+02
7.733333333299999879e+01 1.942222222219999992e+02
3.926999999999999886e+02 1.935000000000000000e+02
4.933888888889999862e+02 1.947777777780000008e+02
5.131578947000000390e+00 1.952894736840000007e+02
3.287727272729999868e+02 1.952727272729999868e+02
2.408333333330000130e+02 1.972500000000000000e+02
3.776250000000000000e+02 1.978125000000000000e+02
2.016904761899999983e+02 1.983571428570000137e+02
3.559705882349999797e+02 1.981470588239999984e+02
1.238846153850000036e+02 1.991153846150000106e+02
1.445000000000000000e+02 1.998529411760000016e+02
2.176999999999999886e+02 1.990000000000000000e+02
2.848750000000000000e+02 1.997500000000000000e+02
5.544736842100000018e+01 2.006578947369999923e+02
1.055000000000000000e+02 2.008529411760000016e+02
1.679285714289999873e+02 2.015000000000000000e+02
4.063095238099999733e+02 2.029285714289999873e+02
4.441363636359999987e+02 2.020454545450000126e+02
5.297500000000000000e+02 2.021250000000000000e+02
1.639999999999999858e+01 2.054499999999999886e+02
4.588461538499999648e+01 2.071153846150000106e+02
8.788461538500000358e+01 2.071153846150000106e+02
2.520000000000000000e+02 2.092272727270000132e+02
2.910789473680000015e+02 2.096052631580000138e+02
3.590909090999999886e+00 2.098636363640000013e+02
3.650625000000000000e+02 2.102500000000000000e+02
4.346538461540000071e+02 2.110384615380000071e+02
5.171428571430000147e+02 2.112857142860000010e+02
1.891999999999999886e+02 2.126999999999999886e+02
3.117941176470000073e+02 2.126176470590000065e+02
4.992500000000000000e+02 2.119166666669999870e+02
5.730625000000000000e+02 2.122500000000000000e+02
1.109666666669999984e+02 2.133666666670000041e+02
3.438809523809999860e+02 2.132619047620000003e+02
1.326764705880000008e+02 2.146764705880000008e+02
1.723888888889999862e+02 2.142222222219999992e+02
2.240000000000000000e+02 2.137857142860000010e+02
2.691363636359999987e+02 2.153181818179999993e+02
3.803750000000000000e+02 2.133750000000000000e+02
4.700000000000000000e+02 2.142777777780000008e+02
5.498636363639999445e+02 2.140454545450000126e+02
9.965789473700000656e+01 2.153421052630000077e+02
1.535000000000000000e+02 2.150000000000000000e+02
2.827475247520000039e+02 2.219059405939999863e+02
4.551666666670000154e+02 2.164166666669999870e+02
2.103750000000000000e+02 2.166250000000000000e+02
5.821000000000000227e+02 2.180999999999999943e+02
6.938888888900000040e+01 2.192777777780000008e+02
2.668750000000000000e+01 2.223125000000000000e+02
1.400882352939999862e+02 2.223823529409999935e+02
2.430000000000000000e+02 2.225000000000000000e+02
5.347999999999999545e+02 2.235999999999999943e+02
3.872619047619999719e+02 2.251190476190000140e+02
4.875000000000000000e+02 2.245000000000000000e+02
5.178333333330000414e+02 2.235833333330000130e+02
4.208750000000000000e+02 2.256250000000000000e+02
4.052142857140000274e+02 2.275000000000000000e+02
4.689444444439999984e+02 2.275555555560000016e+02
3.377777777800000081e+01 2.296111111110000138e+02
5.550000000000000000e+01 2.293000000000000114e+02
1.895000000000000000e+02 2.300000000000000000e+02
8.261764705900000649e+01 2.310882352939999862e+02
3.303421052630000077e+02 2.313421052630000077e+02
3.120000000000000000e+02 2.320000000000000000e+02
3.548846153850000178e+02 2.318846153849999894e+02
4.425909090910000145e+02 2.321363636359999987e+02
1.291470588239999984e+02 2.329705882350000081e+02
5.515000000000000000e+02 2.347105263159999993e+02
5.688809523810000428e+02 2.347380952379999997e+02
1.036875000000000000e+02 2.351875000000000000e+02
2.575500000000000114e+02 2.352500000000000000e+02
2.907777777779999724e+02 2.363888888889999862e+02
1.588846153849999894e+02 2.371153846150000106e+02
5.861000000000000227e+02 2.369000000000000057e+02
8.277777778000000808e+00 2.380000000000000000e+02
6.011538461500000352e+01 2.378846153849999894e+02
2.326470588200000122e+01 2.398529411760000016e+02
2.243823529409999935e+02 2.390882352939999862e+02
3.990789473680000015e+02 2.433947368419999862e+02
5.270000000000000000e+02 2.427857142860000010e+02
1.821153846150000106e+02 2.441153846150000106e+02
2.433181818179999993e+02 2.450000000000000000e+02
5.061153846149999822e+02 2.441153846150000106e+02
4.731363636359999987e+02 2.450454545450000126e+02
5.680882352940000146e+02 2.456176470590000065e+02
4.311538461500000352e+01 2.458846153849999894e+02
1.295000000000000000e+02 2.461470588239999984e+02
2.130000000000000000e+02 2.457857142860000010e+02
3.431363636359999987e+02 2.454090909090000139e+02
3.784090909089999855e+02 2.458636363640000013e+02
1.050333333330000016e+02 2.473666666670000041e+02
2.658684210530000200e+02 2.479736842110000055e+02
3.666818181819999722e+02 2.473181818179999993e+02
4.298846153850000178e+02 2.471153846150000106e+02
4.801153846149999822e+02 2.468846153849999894e+02
1.518846153849999894e+02 2.491153846150000106e+02
2.982647058819999870e+02 2.497352941180000130e+02
3.220000000000000000e+02 2.500000000000000000e+02
4.493421052630000077e+02 2.506578947369999923e+02
1.642142857139999990e+02 2.540000000000000000e+02
8.306250000000000000e+01 2.562500000000000000e+02
1.905909090909999861e+02 2.564090909089999855e+02
2.878571428569999853e+02 2.567142857140000274e+02
3.881666666670000154e+02 2.565555555560000016e+02
2.180000000000000000e+02 2.575000000000000000e+02
4.243500000000000227e+02 2.577500000000000000e+02
3.466111111110000138e+02 2.582222222220000276e+02
5.386739130429999705e+02 2.585000000000000000e+02
4.993888888889999862e+02 2.599444444439999984e+02
8.500000000000000000e+00 2.625000000000000000e+02
1.217500000000000000e+02 2.621666666670000154e+02
4.052222222220000276e+02 2.626111111110000138e+02
5.794444444399999838e+01 2.643888888889999862e+02
9.954999999999999716e+01 2.643999999999999773e+02
5.178846153849999610e+02 2.638846153850000178e+02
2.483095238100000017e+02 2.655952380950000133e+02
2.877777777800000081e+01 2.663888888889999862e+02
1.469117647060000138e+02 2.663823529410000219e+02
5.868333333330000414e+02 2.659444444439999984e+02
5.620384615379999786e+02 2.666538461540000071e+02
7.600000000000000000e+01 2.685000000000000000e+02
1.807380952379999997e+02 2.688809523809999860e+02
5.036999999999999886e+02 2.690000000000000000e+02
2.015000000000000000e+02 2.695000000000000000e+02
2.400000000000000000e+02 2.690000000000000000e+02
3.143421052630000077e+02 2.693421052630000077e+02
4.605769230770000036e+02 2.688076923080000142e+02
4.781000000000000227e+02 2.688999999999999773e+02
4.461000000000000227e+02 2.704333333330000073e+02
2.713888888889999862e+02 2.717777777779999724e+02
3.271000000000000227e+02 2.708999999999999773e+02
3.776250000000000000e+02 2.703750000000000000e+02
4.879666666670000268e+02 2.716333333329999959e+02
1.331666666669999870e+02 2.732333333330000187e+02
3.008999999999999773e+02 2.731000000000000227e+02
3.905000000000000000e+02 2.729545454550000159e+02
1.519545454549999874e+02 2.738636363640000013e+02
6.131818181799999934e+01 2.766818181819999722e+02
3.642857143000000075e+00 2.798809523809999860e+02
3.420333333329999732e+02 2.793666666670000041e+02
5.315909090909999577e+02 2.788636363640000013e+02
5.487857142860000295e+02 2.810000000000000000e+02
1.720000000000000000e+02 2.815000000000000000e+02
2.227307692310000107e+02 2.818846153850000178e+02
3.152857142859999726e+02 2.821428571430000147e+02
5.657999999999999545e+02 2.826000000000000227e+02
3.685909090910000145e+02 2.828636363640000013e+02
2.318421052600000110e+01 2.845526315789999785e+02
4.316666666700000121e+01 2.842500000000000000e+02
9.090000000000000568e+01 2.848999999999999773e+02
4.028076923080000142e+02 2.855769230770000036e+02
4.656499999999999773e+02 2.866499999999999773e+02
2.065000000000000000e+02 2.869285714289999873e+02
2.480000000000000000e+02 2.880000000000000000e+02
2.735000000000000000e+02 2.865000000000000000e+02
3.830000000000000000e+02 2.870000000000000000e+02
4.313421052630000077e+02 2.881842105260000153e+02
2.848846153850000178e+02 2.887307692310000107e+02
5.238999999999999773e+02 2.888999999999999773e+02
5.865000000000000000e+02 2.890000000000000000e+02
4.566111111110000138e+02 2.909444444439999984e+02
1.071666666670000012e+02 2.911666666670000154e+02
4.893999999999999773e+02 2.924499999999999886e+02
1.800000000000000000e+02 2.935000000000000000e+02
2.382142857139999990e+02 2.930000000000000000e+02
3.607352941180000130e+02 2.937352941180000130e+02
4.238125000000000000e+02 2.932500000000000000e+02
1.550000000000000000e+02 2.950000000000000000e+02
2.995000000000000000e+02 2.955000000000000000e+02
5.545000000000000000e+02 2.950000000000000000e+02
1.281315789470000084e+02 2.985000000000000000e+02
1.626764705880000008e+02 2.996764705879999724e+02
3.298529411760000016e+02 2.996764705879999724e+02
6.088461538499999648e+01 3.001153846149999822e+02
2.225625000000000000e+02 3.023750000000000000e+02
3.850000000000000000e+02 3.025000000000000000e+02
1.585294117599999986e+01 3.035000000000000000e+02
3.119705882349999797e+02 3.038529411760000016e+02
4.769285714289999873e+02 3.032619047619999719e+02
5.076111111110000138e+02 3.037777777779999724e+02
7.050000000000000000e+01 3.040000000000000000e+02
9.200000000000000000e+01 3.045000000000000000e+02
1.464090909090000139e+02 3.050000000000000000e+02
2.614473684210000215e+02 3.046578947369999923e+02
2.805000000000000000e+02 3.045000000000000000e+02
3.410000000000000000e+02 3.037857142859999726e+02
5.755000000000000000e+02 3.045000000000000000e+02
4.444117647099999857e+01 3.063235294120000276e+02
4.025000000000000000e+02 3.065000000000000000e+02
4.351666666670000154e+02 3.063666666670000041e+02
2.012500000000000000e+02 3.077500000000000000e+02
1.726111111110000138e+02 3.088333333329999846e+02
5.514500000000000455e+02 3.096000000000000227e+02
2.380000000000000000e+02 3.100000000000000000e+02
1.117500000000000000e+02 3.127500000000000000e+02
4.565909090910000145e+02 3.121363636359999987e+02
3.595000000000000000e+02 3.135000000000000000e+02
1.625476190480000014e+02 3.146904761900000267e+02
2.880416666670000154e+02 3.151250000000000000e+02
3.334333333330000073e+02 3.148999999999999773e+02
5.256578947369999923e+02 3.163421052630000077e+02
4.711538461500000352e+01 3.171153846149999822e+02
2.680000000000000000e+02 3.172142857140000274e+02
4.078846153850000178e+02 3.168846153850000178e+02
3.947631578950000062e+02 3.188684210530000200e+02
4.998750000000000000e+02 3.182500000000000000e+02
3.122692307689999893e+02 3.191153846149999822e+02
4.333461538459999929e+02 3.197307692310000107e+02
7.034615384600000709e+01 3.210384615379999786e+02
2.195000000000000000e+02 3.206999999999999886e+02
2.657894736999999896e+00 3.226578947369999923e+02
2.980000000000000071e+01 3.226000000000000227e+02
5.197222222220000276e+02 3.240000000000000000e+02
5.638571428569999853e+02 3.247142857140000274e+02
3.755500000000000114e+02 3.256000000000000227e+02
1.327500000000000000e+02 3.261250000000000000e+02
4.613888888889999862e+02 3.258333333329999846e+02
8.750000000000000000e+01 3.275000000000000000e+02
5.867999999999999545e+02 3.276000000000000227e+02
4.858846153850000178e+02 3.278846153850000178e+02
1.962058823529999927e+02 3.293823529410000219e+02
3.483260869569999727e+02 3.300652173909999760e+02
4.426764705879999724e+02 3.294411764710000057e+02
2.512500000000000000e+02 3.300625000000000000e+02
7.100000000000000000e+01 3.315000000000000000e+02
1.822222222219999992e+02 3.333888888889999862e+02
3.016176470589999781e+02 3.329117647059999854e+02
5.550384615379999786e+02 3.336538461540000071e+02
4.731818181799999934e+01 3.353181818180000278e+02
1.461666666669999870e+02 3.351666666670000154e+02
2.299615384619999929e+02 3.353461538459999929e+02
4.056333333329999959e+02 3.350333333329999732e+02
5.385000000000000000e+02 3.360000000000000000e+02
1.679117647060000138e+02 3.386176470589999781e+02
3.268000000000000114e+02 3.386499999999999773e+02
2.531250000000000000e+01 3.400000000000000000e+02
1.032500000000000000e+02 3.398750000000000000e+02
2.537222222219999992e+02 3.400000000000000000e+02
3.965714285710000127e+02 3.401428571430000147e+02
5.002142857140000274e+02 3.400000000000000000e+02
2.093461538459999929e+02 3.409615384620000214e+02
5.670000000000000000e+02 3.420000000000000000e+02
2.806578947369999923e+02 3.423421052630000077e+02
3.748846153850000178e+02 3.417307692310000107e+02
8.490000000000000568e+01 3.441000000000000227e+02
1.889705882350000081e+02 3.458529411760000016e+02
3.600454545449999841e+02 3.448636363640000013e+02
4.237500000000000000e+02 3.450625000000000000e+02
4.661923076919999858e+02 3.454230769229999964e+02
1.485000000000000000e+02 3.473823529410000219e+02
5.200384615379999786e+02 3.473461538459999929e+02
6.277777777999999920e+00 3.480000000000000000e+02
4.831875000000000000e+02 3.486875000000000000e+02
3.352500000000000000e+02 3.501250000000000000e+02
4.453947368419999862e+02 3.499210526319999985e+02
2.266578947369999923e+02 3.513421052630000077e+02
4.064285714289999873e+02 3.510714285710000127e+02
4.933181818180000278e+02 3.506818181819999722e+02
1.232727272730000010e+02 3.525909090910000145e+02
2.965000000000000000e+02 3.535000000000000000e+02
5.566818181820000291e+02 3.526818181819999722e+02
1.028529411760000016e+02 3.539705882349999797e+02
3.677500000000000000e+02 3.543500000000000227e+02
6.203846153799999996e+01 3.546538461540000071e+02
2.087500000000000000e+02 3.551666666670000154e+02
3.285714285699999948e+01 3.564285714289999873e+02
4.341666666700000121e+01 3.561666666670000154e+02
2.643181818180000278e+02 3.567727272729999868e+02
8.100000000000000000e+01 3.574090909089999855e+02
5.684500000000000455e+02 3.583999999999999773e+02
2.743181818180000278e+02 3.589545454550000159e+02
4.635666666669999927e+02 3.595666666669999927e+02
5.092142857140000274e+02 3.600000000000000000e+02
5.348846153849999610e+02 3.608846153850000178e+02
3.157727272729999868e+02 3.631363636359999987e+02
4.320454545449999841e+02 3.628636363640000013e+02
2.250000000000000000e+01 3.641190476190000140e+02
1.706764705880000008e+02 3.646764705879999724e+02
5.900000000000000000e+01 3.662142857140000274e+02
1.841153846150000106e+02 3.658846153850000178e+02
3.965000000000000000e+02 3.658333333329999846e+02
1.105909090910000003e+02 3.675909090910000145e+02
1.310000000000000000e+02 3.690000000000000000e+02
4.134333333330000073e+02 3.688999999999999773e+02
3.383333333329999846e+02 3.707777777779999724e+02
5.292333333330000187e+02 3.711666666670000154e+02
2.056176470590000065e+02 3.720882352940000146e+02
4.798333333329999846e+02 3.722333333330000187e+02
2.213333333330000130e+02 3.735000000000000000e+02
2.470294117649999919e+02 3.731470588239999984e+02
5.061999999999999886e+02 3.736000000000000227e+02
2.880416666670000154e+02 3.744583333329999846e+02
9.678571428600000104e+01 3.750000000000000000e+02
5.875000000000000000e+02 3.745000000000000000e+02
1.549000000000000057e+02 3.758999999999999773e+02
2.641250000000000000e+02 3.762500000000000000e+02
3.808000000000000114e+02 3.766000000000000227e+02
5.485000000000000000e+02 3.780000000000000000e+02
1.795000000000000000e+02 3.796052631580000138e+02
1.643000000000000114e+02 3.797666666669999813e+02
3.080000000000000000e+02 3.795000000000000000e+02
7.018750000000000000e+01 3.813125000000000000e+02
4.621000000000000227e+02 3.821000000000000227e+02
3.238235294100000061e+01 3.829117647059999854e+02
1.237941176469999931e+02 3.837352941180000130e+02
3.915000000000000000e+02 3.830000000000000000e+02
4.407631578950000062e+02 3.831315789469999800e+02
3.583666666670000041e+02 3.840333333329999732e+02
4.137727272729999868e+02 3.856818181819999722e+02
5.187857142860000295e+02 3.860000000000000000e+02
3.187105263160000277e+02 3.885000000000000000e+02
3.385000000000000000e+02 3.886052631580000138e+02
4.752500000000000000e+02 3.887500000000000000e+02
5.715476190480000014e+02 3.886904761900000267e+02
4.330000000000000000e+02 3.890000000000000000e+02
5.003000000000000114e+02 3.885000000000000000e+02
6.261764705899999939e+01 3.900882352940000146e+02
1.433181818179999993e+02 3.896818181819999722e+02
1.155000000000000071e+01 3.913999999999999773e+02
2.110000000000000000e+02 3.910000000000000000e+02
1.020882352940000004e+02 3.933823529410000219e+02
2.743333333329999846e+02 3.935000000000000000e+02
1.611315789470000084e+02 3.942894736839999723e+02
2.307105263159999993e+02 3.941315789469999800e+02
5.320625000000000000e+02 3.941250000000000000e+02
8.329999999999999716e+01 3.945000000000000000e+02
3.850000000000000000e+01 3.960000000000000000e+02
3.048809523809999860e+02 3.969761904759999993e+02
1.775000000000000000e+02 3.965000000000000000e+02
1.897857142860000010e+02 3.980000000000000000e+02
2.316666666700000121e+01 3.986111111110000138e+02
4.541250000000000000e+02 3.997500000000000000e+02
5.751000000000000227e+02 3.991000000000000227e+02
5.527999999999999545e+02 4.016000000000000227e+02
3.262857142859999726e+02 4.028571428569999853e+02
4.280000000000000000e+02 4.035000000000000000e+02
1.429736842110000055e+02 4.048684210530000200e+02
5.280000000000000000e+02 4.055000000000000000e+02
3.620000000000000000e+02 4.065000000000000000e+02
3.893000000000000114e+02 4.055000000000000000e+02
4.076176470589999781e+02 4.070882352940000146e+02
1.245000000000000000e+02 4.075000000000000000e+02
5.080000000000000000e+02 4.080000000000000000e+02
5.000000000000000000e-01 4.085000000000000000e+02
9.485714285699999948e+01 4.097857142859999726e+02
4.742272727270000132e+02 4.114545454550000159e+02
4.885500000000000114e+02 4.113999999999999773e+02
3.406904761900000267e+02 4.125476190480000014e+02
1.961666666669999870e+02 4.130555555560000016e+02
2.451666666669999870e+02 4.125833333329999846e+02
2.622222222220000276e+02 4.146111111110000138e+02
3.059666666670000268e+02 4.146333333329999959e+02
1.872142857139999990e+02 4.150000000000000000e+02
5.446499999999999773e+02 4.157500000000000000e+02
7.236666666700000405e+01 4.166999999999999886e+02
5.618999999999999773e+02 4.168999999999999773e+02
2.210675675679999870e+02 4.200405405409999844e+02
3.856250000000000000e+02 4.183750000000000000e+02
4.157500000000000000e+02 4.193500000000000227e+02
1.138888888890000004e+02 4.208333333329999846e+02
2.841153846149999822e+02 4.198846153850000178e+02
2.538235294100000061e+01 4.209117647059999854e+02
5.372222222199999919e+01 4.211111111110000138e+02
1.501666666669999870e+02 4.203888888889999862e+02
4.562142857140000274e+02 4.218809523809999860e+02
1.657307692310000107e+02 4.224230769229999964e+02
3.720652173909999760e+02 4.223260869569999727e+02
4.376538461540000071e+02 4.215769230770000036e+02
3.171000000000000227e+02 4.265666666669999927e+02
3.625000000000000000e+01 4.272500000000000000e+02
5.143421052630000077e+02 4.273421052630000077e+02
2.651923076919999858e+02 4.281923076919999858e+02
2.920714285710000127e+02 4.296428571430000147e+02
3.258684210530000200e+02 4.307105263160000277e+02
5.725000000000000000e+02 4.308333333329999846e+02
8.700000000000000000e+01 4.310000000000000000e+02
1.275952380949999991e+02 4.323095238099999733e+02
3.471000000000000227e+02 4.311000000000000227e+02
2.377777777780000008e+02 4.323888888889999862e+02
4.819666666670000268e+02 4.323666666670000041e+02
4.297222222220000276e+02 4.330000000000000000e+02
2.070555555560000016e+02 4.338333333329999846e+02
5.550454545449999841e+02 4.338636363640000013e+02
3.681153846149999822e+02 4.352692307689999893e+02
3.888333333329999846e+02 4.352500000000000000e+02
2.776250000000000000e+02 4.356250000000000000e+02
6.872222222199999919e+01 4.371111111110000138e+02
1.773499999999999943e+02 4.378000000000000114e+02
1.885000000000000000e+02 4.365000000000000000e+02
4.949545454550000159e+02 4.365000000000000000e+02
5.382142857139999705e+02 4.375000000000000000e+02
3.551666666670000154e+02 4.375000000000000000e+02
2.089999999999999858e+01 4.391000000000000227e+02
2.540384615380000071e+02 4.393461538459999929e+02
5.164285714290000442e+02 4.401428571430000147e+02
4.811111111099999960e+01 4.442222222220000276e+02
8.916666666700000121e+01 4.435000000000000000e+02
2.282142857139999990e+02 4.430000000000000000e+02
4.048999999999999773e+02 4.431000000000000227e+02
4.280000000000000000e+02 4.436999999999999886e+02
3.028529411760000016e+02 4.449705882349999797e+02
4.645000000000000000e+02 4.450000000000000000e+02
4.801842105260000153e+02 4.465526315789999785e+02
2.092894736840000007e+02 4.471315789469999800e+02
3.783888888889999862e+02 4.466111111110000138e+02
1.515666666669999927e+02 4.481000000000000227e+02
1.121818181820000007e+02 4.496818181819999722e+02
1.301315789470000084e+02 4.492368421049999938e+02
1.923421052630000077e+02 4.496578947369999923e+02
3.365000000000000000e+02 4.497916666670000154e+02
4.929117647059999854e+02 4.493823529410000219e+02
2.593461538459999929e+02 4.510384615379999786e+02
5.724130434779999632e+02 4.522826086960000112e+02
5.871666666669999586e+02 4.510000000000000000e+02
3.500000000000000000e+01 4.525000000000000000e+02
4.175555555560000016e+02 4.525000000000000000e+02
4.475000000000000000e+02 4.520000000000000000e+02
2.748846153850000178e+02 4.528846153850000178e+02
3.175000000000000000e+02 4.533000000000000114e+02
4.602500000000000000e+02 4.532500000000000000e+02
5.450333333329999732e+02 4.533666666670000041e+02
2.435000000000000000e+02 4.560000000000000000e+02
2.166666666999999880e+00 4.575000000000000000e+02
3.645000000000000000e+02 4.570000000000000000e+02
5.827777777800000081e+01 4.580000000000000000e+02
1.055000000000000000e+02 4.600000000000000000e+02
4.016428571430000147e+02 4.613095238099999733e+02
1.717307692310000107e+02 4.618846153850000178e+02
5.266578947369999923e+02 4.643421052630000077e+02
5.675555555559999448e+02 4.647222222220000276e+02
2.960333333329999732e+02 4.653666666670000041e+02
5.005909090910000145e+02 4.648636363640000013e+02
4.600000000000000000e+01 4.657857142859999726e+02
3.482500000000000000e+02 4.661666666670000154e+02
2.330000000000000000e+02 4.670000000000000000e+02
4.413888888889999862e+02 4.679444444439999984e+02
4.877500000000000000e+02 4.672500000000000000e+02
1.479615384619999929e+02 4.678846153850000178e+02
3.151428571430000147e+02 4.692857142859999726e+02
2.587142857140000274e+02 4.698571428569999853e+02
4.151428571430000147e+02 4.707142857140000274e+02
1.181923076920000000e+02 4.715769230770000036e+02
2.148684210529999916e+02 4.712368421049999938e+02
2.807857142859999726e+02 4.710000000000000000e+02
3.776250000000000000e+02 4.703750000000000000e+02
8.211538461499999642e+01 4.718846153850000178e+02
5.513947368420000430e+02 4.720789473680000015e+02
1.888461538500000003e+01 4.728846153850000178e+02
2.500000000000000000e+00 4.755000000000000000e+02
1.885833333330000130e+02 4.756666666670000154e+02
4.521666666670000154e+02 4.752500000000000000e+02
5.966666666700000121e+01 4.765000000000000000e+02
5.412647058820000439e+02 4.765000000000000000e+02
1.299117647060000138e+02 4.776176470589999781e+02
1.730999999999999943e+02 4.795666666669999927e+02
3.455000000000000000e+02 4.795000000000000000e+02
4.758333333329999846e+02 4.795000000000000000e+02
1.528846153849999894e+02 4.798846153850000178e+02
1.070999999999999943e+02 4.808999999999999773e+02
2.350000000000000000e+02 4.806999999999999886e+02
2.806578947369999923e+02 4.846578947369999923e+02
5.238846153849999610e+02 4.841153846149999822e+02
5.697608695650000072e+02 4.853260869569999727e+02
5.845000000000000000e+02 4.840000000000000000e+02
3.778846153850000178e+02 4.848846153850000178e+02
3.601666666670000154e+02 4.856111111110000138e+02
4.006578947369999923e+02 4.866578947369999923e+02
4.962142857140000274e+02 4.860000000000000000e+02
3.518750000000000000e+01 4.876250000000000000e+02
7.900000000000000000e+01 4.882142857140000274e+02
2.966538461540000071e+02 4.879615384620000214e+02
3.198999999999999773e+02 4.878999999999999773e+02
4.790000000000000000e+02 4.895000000000000000e+02
2.480000000000000000e+02 4.900000000000000000e+02
2.090384615380000071e+02 4.906538461540000071e+02
5.578571428600000104e+01 4.940000000000000000e+02
6.600000000000000000e+01 4.940000000000000000e+02
1.557500000000000000e+02 4.938333333329999846e+02
2.173181818179999993e+02 4.936818181819999722e+02
4.610000000000000000e+02 4.947857142859999726e+02
5.388636363639999445e+02 4.945909090910000145e+02
1.715909090909999861e+02 4.958636363640000013e+02
1.232142857139999990e+02 4.981428571430000147e+02
1.857142857139999990e+02 4.977142857140000274e+02
2.600000000000000089e+00 4.998000000000000114e+02
5.001153846149999822e+02 4.991153846149999822e+02
1.527777777800000081e+01 5.000000000000000000e+02
1.099500000000000028e+02 5.003999999999999773e+02
4.373181818180000278e+02 4.996818181819999722e+02
2.610882352940000146e+02 5.013823529410000219e+02
3.431428571430000147e+02 5.012857142859999726e+02
5.646333333329999959e+02 5.025666666669999927e+02
1.418750000000000000e+02 5.037500000000000000e+02
3.628636363640000013e+02 5.025909090910000145e+02
3.760000000000000000e+02 5.037222222220000276e+02
4.022272727270000132e+02 5.037272727270000132e+02
3.158333333329999846e+02 5.037500000000000000e+02
4.156176470589999781e+02 5.037941176470000073e+02
5.181000000000000227e+02 5.038999999999999773e+02
7.973529411799999878e+01 5.057352941180000130e+02
2.736333333329999959e+02 5.049666666670000268e+02
4.783888888889999862e+02 5.070555555560000016e+02
2.355000000000000000e+02 5.080000000000000000e+02
4.923823529410000219e+02 5.080882352940000146e+02
2.915000000000000000e+02 5.100000000000000000e+02
4.470000000000000000e+02 5.113000000000000114e+02
4.350000000000000000e+01 5.140000000000000000e+02
1.783461538459999929e+02 5.140384615379999786e+02
5.348999999999999773e+02 5.138999999999999773e+02
1.277857142860000010e+02 5.150000000000000000e+02
2.090625000000000000e+02 5.152500000000000000e+02
5.592692307690000462e+02 5.148846153849999610e+02
6.359523809499999913e+01 5.166904761900000267e+02
4.097222222220000276e+02 5.158888888889999862e+02
5.826176470589999781e+02 5.159117647059999854e+02
1.589347826089999955e+02 5.183260869570000295e+02
3.338636363640000013e+02 5.182272727270000132e+02
4.351153846149999822e+02 5.177307692309999538e+02
5.067352941180000130e+02 5.185588235290000512e+02
2.265000000000000000e+02 5.192999999999999545e+02
3.289999999999999858e+01 5.201000000000000227e+02
2.580000000000000000e+02 5.202142857139999705e+02
3.505909090910000145e+02 5.204090909090000423e+02
1.990625000000000000e+02 5.237500000000000000e+02
9.934999999999999432e+01 5.242500000000000000e+02
2.474473684209999931e+02 5.244473684209999647e+02
2.731999999999999886e+02 5.263999999999999773e+02
3.841363636359999987e+02 5.260454545449999841e+02
1.311111111099999960e+01 5.271666666669999586e+02
3.164090909089999855e+02 5.295909090909999577e+02
5.234210526300000055e+01 5.323421052630000077e+02
4.659210526319999985e+02 5.326052631579999570e+02
5.296000000000000227e+02 5.325499999999999545e+02
5.528999999999999773e+02 5.321000000000000227e+02
7.506250000000000000e+01 5.337500000000000000e+02
2.930000000000000000e+02 5.330000000000000000e+02
2.141153846150000106e+02 5.351153846150000390e+02
3.683421052630000077e+02 5.356578947369999923e+02
4.233666666670000041e+02 5.349666666670000268e+02
4.853000000000000114e+02 5.347666666669999813e+02
2.500000000000000000e+01 5.367500000000000000e+02
1.097777777780000008e+02 5.367777777779999724e+02
1.658846153849999894e+02 5.358846153849999610e+02
4.388125000000000000e+02 5.363750000000000000e+02
5.797777777779999724e+02 5.366111111110000138e+02
1.420333333330000016e+02 5.373666666670000041e+02
2.357777777780000008e+02 5.376111111110000138e+02
5.172272727270000132e+02 5.372272727270000132e+02
1.856111111110000138e+02 5.397777777779999724e+02
4.932500000000000000e+02 5.401250000000000000e+02
1.306176470590000065e+02 5.410882352940000146e+02
2.620000000000000000e+02 5.415000000000000000e+02
3.240000000000000000e+02 5.417222222220000276e+02
3.471153846149999822e+02 5.408846153849999610e+02
3.053888888889999862e+02 5.431666666669999586e+02
3.846333333329999959e+02 5.440333333329999732e+02
4.010384615379999786e+02 5.443461538459999929e+02
1.011315789469999942e+02 5.457105263160000277e+02
4.485714285710000127e+02 5.468571428569999853e+02
5.250000000000000000e+01 5.482999999999999545e+02
4.260000000000000000e+02 5.480000000000000000e+02
1.615000000000000000e+02 5.500000000000000000e+02
2.508750000000000000e+02 5.507500000000000000e+02
2.755000000000000000e+02 5.508333333330000414e+02
5.643750000000000000e+02 5.518333333330000414e+02
3.487500000000000000e+01 5.529375000000000000e+02
2.031428571429999863e+02 5.522857142860000295e+02
2.325000000000000000e+02 5.516666666669999586e+02
1.411086956519999944e+02 5.547173913039999888e+02
5.477500000000000000e+02 5.547500000000000000e+02
1.016666666699999944e+01 5.552500000000000000e+02
4.697222222220000276e+02 5.550000000000000000e+02
5.291000000000000227e+02 5.548999999999999773e+02
3.386176470589999781e+02 5.560882352940000146e+02
3.763666666670000041e+02 5.570333333329999732e+02
5.040000000000000000e+02 5.577857142860000295e+02
1.785500000000000114e+02 5.596000000000000227e+02
8.021428571399999896e+01 5.600000000000000000e+02
3.576538461540000071e+02 5.602692307690000462e+02
3.991999999999999886e+02 5.607000000000000455e+02
2.091250000000000000e+02 5.611250000000000000e+02
3.220000000000000000e+02 5.615000000000000000e+02
