3.950000000000000000e+01 5.000000000000000000e-01
8.750000000000000000e+01 5.000000000000000000e-01
3.510000000000000000e+02 1.500000000000000000e+00
4.550000000000000000e+02 5.000000000000000000e-01
5.588461538499999648e+01 2.884615385000000032e+00
1.302500000000000000e+02 2.937500000000000000e+00
3.665434782610000184e+02 5.239130434999999864e+00
5.105500000000000114e+02 4.599999999999999645e+00
3.704999999999999716e+01 6.250000000000000000e+00
1.766818181820000007e+02 5.772727273000000103e+00
1.605000000000000000e+02 6.147058824000000143e+00
4.665833333329999846e+02 6.166666667000000324e+00
4.842222222220000276e+02 6.388888889000000404e+00
2.235000000000000000e+02 6.700000000000000178e+00
4.128333333329999846e+02 6.766666666999999968e+00
6.250000000000000000e+00 8.250000000000000000e+00
2.747105263160000277e+02 8.500000000000000000e+00
4.440000000000000000e+02 8.277777778000000808e+00
5.606666666669999586e+02 9.500000000000000000e+00
5.810000000000000000e+02 1.072222222199999919e+01
7.138888888900000040e+01 1.116666666699999944e+01
1.988125000000000000e+02 1.337500000000000000e+01
5.247857142860000295e+02 1.300000000000000000e+01
3.330882352940000146e+02 1.438235294100000061e+01
2.400384615380000071e+02 1.465384615400000001e+01
2.553823529409999935e+02 1.508823529400000041e+01
4.603000000000000114e+02 1.450000000000000000e+01
3.885000000000000000e+02 1.550000000000000000e+01
9.285714290000000037e-01 1.678571428600000104e+01
8.778571428600000104e+01 1.700000000000000000e+01
1.357500000000000000e+02 1.725000000000000000e+01
2.995909090910000145e+02 1.740909090899999967e+01
5.383666666670000041e+02 1.703333333300000163e+01
5.596176470589999781e+02 1.691176470599999959e+01
5.102333333330000187e+02 1.883333333299999879e+01
2.180999999999999943e+02 1.910000000000000142e+01
4.214473684210000215e+02 1.934210526300000055e+01
1.100000000000000000e+02 2.000000000000000000e+01
1.759545454549999874e+02 2.050000000000000000e+01
2.134210526300000055e+01 2.265789473699999945e+01
4.962142857140000274e+02 2.200000000000000000e+01
1.200294117650000061e+02 2.485294117600000163e+01
8.171739130400000306e+01 2.541304347799999874e+01
5.737105263160000277e+02 2.586842105299999872e+01
2.902857142859999726e+02 2.614285714300000052e+01
2.753000000000000114e+02 2.650000000000000000e+01
3.565476190480000014e+02 2.783333333299999879e+01
3.726111111110000138e+02 2.722222222199999919e+01
3.933000000000000114e+02 2.700000000000000000e+01
5.380000000000000000e+02 2.750000000000000000e+01
6.126470588200000122e+01 2.979411764700000020e+01
4.693999999999999773e+02 2.955000000000000071e+01
1.643888888889999862e+02 3.066666666700000121e+01
3.270882352940000146e+02 3.038235294100000061e+01
4.092500000000000000e+02 3.016666666700000121e+01
1.483125000000000000e+02 3.162500000000000000e+01
1.961153846150000106e+02 3.311538461500000352e+01
2.221153846150000106e+02 3.411538461500000352e+01
2.373333333330000130e+02 3.450000000000000000e+01
3.350333333329999732e+02 3.463333333300000305e+01
1.571052631599999927e+01 3.550000000000000000e+01
3.685833333329999846e+02 3.516666666700000121e+01
4.368999999999999773e+02 3.510000000000000142e+01
5.200000000000000000e+02 3.550000000000000000e+01
5.532142857139999705e+02 3.550000000000000000e+01
1.062857142860000010e+02 3.585714285699999948e+01
2.575000000000000000e+02 3.729999999999999716e+01
3.080000000000000000e+02 3.721428571399999896e+01
4.100000000000000000e+01 3.770000000000000284e+01
4.058750000000000000e+02 3.875000000000000000e+01
4.791315789469999800e+02 3.802631578900000164e+01
3.801666666670000154e+02 3.900000000000000000e+01
4.546578947369999923e+02 3.965789473699999945e+01
1.827500000000000000e+02 3.987500000000000000e+01
5.093999999999999773e+02 4.054999999999999716e+01
5.880000000000000000e+02 4.072222222199999919e+01
1.242222222219999992e+02 4.261111111099999960e+01
9.469047618999999827e+01 4.335714285699999948e+01
6.700000000000000000e+01 4.350000000000000000e+01
1.385000000000000000e+02 4.750000000000000000e+01
3.078571428600000104e+01 4.800000000000000000e+01
3.479117647059999854e+02 4.838235294100000061e+01
4.702941176499999898e+01 4.985294117600000163e+01
3.330000000000000000e+02 4.900000000000000000e+01
9.099999999999999645e+00 4.989999999999999858e+01
2.263499999999999943e+02 5.025000000000000000e+01
1.632500000000000000e+02 5.112500000000000000e+01
2.995000000000000000e+02 5.100000000000000000e+01
5.452500000000000000e+02 5.083333333299999879e+01
5.736333333329999959e+02 5.103333333300000163e+01
2.670333333329999732e+02 5.236666666699999695e+01
4.465000000000000000e+02 5.270000000000000284e+01
4.223421052630000077e+02 5.465789473699999945e+01
5.934210526300000055e+01 5.534210526300000055e+01
1.080000000000000000e+02 5.500000000000000000e+01
2.079117647060000138e+02 5.538235294100000061e+01
3.654444444439999984e+02 5.561111111099999960e+01
5.002142857140000274e+02 5.500000000000000000e+01
5.118846153850000178e+02 5.688461538499999648e+01
3.151363636359999987e+02 5.740909090899999967e+01
3.760000000000000000e+02 5.800000000000000000e+01
3.900000000000000000e+02 5.800000000000000000e+01
4.683823529410000219e+02 5.791176470599999959e+01
5.470555555559999448e+02 6.061111111099999960e+01
8.373529411799999878e+01 6.173529411799999878e+01
1.862272727270000132e+02 6.231818181799999934e+01
5.622222222220000276e+02 6.261111111099999960e+01
2.837352941180000130e+02 6.326470588200000122e+01
3.446111111110000138e+02 6.316666666700000121e+01
5.887857142860000295e+02 6.400000000000000000e+01
4.714705882399999837e+01 6.502941176500000608e+01
1.272000000000000028e+02 6.479999999999999716e+01
2.111538461499999997e+01 6.588461538500000358e+01
5.267222222220000276e+02 6.644444444399999838e+01
1.511153846150000106e+02 6.711538461499999642e+01
2.141666666669999870e+02 6.736666666700000405e+01
2.560000000000000000e+02 6.700000000000000000e+01
2.459736842110000055e+02 6.886842105300000583e+01
4.480000000000000000e+02 6.790000000000000568e+01
4.854090909089999855e+02 6.786363636400000132e+01
2.688571428569999853e+02 6.928571428600000104e+01
1.650000000000000000e+02 7.078571428600000104e+01
4.020000000000000000e+02 7.127777777800000081e+01
7.778571428600000104e+01 7.200000000000000000e+01
3.213461538459999929e+02 7.196153846199999293e+01
3.453421052630000077e+02 7.244736842099999308e+01
4.340000000000000000e+02 7.221428571399999896e+01
2.968636363640000013e+02 7.304545454499999835e+01
1.950294117649999919e+02 7.714705882399999837e+01
4.978076923080000142e+02 7.703846153800000707e+01
1.832777777780000008e+02 7.800000000000000000e+01
5.381000000000000227e+02 7.790000000000000568e+01
1.073750000000000000e+02 7.862500000000000000e+01
1.372142857139999990e+02 7.900000000000000000e+01
4.709666666670000268e+02 7.936666666700000405e+01
4.073823529410000219e+02 8.097058823499999392e+01
5.788999999999999773e+02 7.990000000000000568e+01
9.850000000000000000e+01 8.100000000000000000e+01
3.685909090910000145e+02 8.259090909100000033e+01
7.666666667000000324e+00 8.477777777800000081e+01
2.380000000000000000e+02 8.350000000000000000e+01
5.164285714290000442e+02 8.435714285699999948e+01
3.349117647059999854e+02 8.561764705900000649e+01
2.508823529400000041e+01 8.661764705900000649e+01
2.638809523809999860e+02 8.626190476200000035e+01
4.505000000000000000e+02 8.550000000000000000e+01
2.247142857139999990e+02 8.685714285699999948e+01
2.818529411760000016e+02 8.750000000000000000e+01
3.814499999999999886e+02 8.740000000000000568e+01
4.875000000000000000e+02 8.714705882399999837e+01
5.785294117600000163e+01 8.797058823499999392e+01
2.060882352939999862e+02 8.838235294099999351e+01
4.337105263160000277e+02 8.986842105300000583e+01
5.562777777779999724e+02 9.100000000000000000e+01
1.770384615380000071e+02 9.234615384600000709e+01
4.706666666670000154e+02 9.141666666700000121e+01
1.546176470590000065e+02 9.308823529400000041e+01
3.003999999999999773e+02 9.454999999999999716e+01
3.158076923080000142e+02 9.542307692299999644e+01
4.072857142859999726e+02 9.585714285699999948e+01
7.470000000000000284e+01 9.650000000000000000e+01
5.231428571430000147e+02 9.771428571399999896e+01
1.050000000000000000e+01 9.800000000000000000e+01
1.349000000000000057e+02 9.856666666700000690e+01
5.026999999999999886e+02 9.829999999999999716e+01
1.089000000000000057e+02 9.909999999999999432e+01
9.150000000000000000e+01 1.000000000000000000e+02
1.877666666670000097e+02 1.011666666670000012e+02
2.518333333330000130e+02 1.007500000000000000e+02
5.686578947369999923e+02 1.013421052629999934e+02
2.247105263159999993e+02 1.025000000000000000e+02
5.456176470589999781e+02 1.029117647059999996e+02
5.750000000000000000e+01 1.035000000000000000e+02
3.420000000000000000e+02 1.045000000000000000e+02
4.576666666700000263e+01 1.051666666670000012e+02
1.430000000000000000e+02 1.050000000000000000e+02
1.661923076920000142e+02 1.054230769229999964e+02
3.937857142859999726e+02 1.050000000000000000e+02
4.508999999999999773e+02 1.060999999999999943e+02
4.240000000000000000e+02 1.072142857139999990e+02
2.794090909089999855e+02 1.078636363640000013e+02
3.738750000000000000e+02 1.082500000000000000e+02
5.145000000000000000e+02 1.090000000000000000e+02
3.308529411760000016e+02 1.100294117650000061e+02
2.029000000000000057e+02 1.109000000000000057e+02
4.903888888889999862e+02 1.122222222219999992e+02
5.681666666669999586e+02 1.127500000000000000e+02
3.071250000000000000e+02 1.147500000000000000e+02
9.996153846199999293e+01 1.153461538460000071e+02
1.181666666670000012e+02 1.154166666670000012e+02
5.900000000000000000e+02 1.160000000000000000e+02
2.865000000000000000e+02 1.170000000000000000e+02
5.311000000000000227e+02 1.169000000000000057e+02
4.515000000000000000e+02 1.175000000000000000e+02
7.367391304299999888e+01 1.195000000000000000e+02
2.408333333330000130e+02 1.189444444439999984e+02
2.961111111099999960e+01 1.212222222219999992e+02
3.568809523809999860e+02 1.217380952379999997e+02
4.753888888889999862e+02 1.219444444439999984e+02
1.700000000000000000e+01 1.217857142860000010e+02
1.868846153849999894e+02 1.228846153850000036e+02
4.015000000000000000e+02 1.240000000000000000e+02
2.263333333330000130e+02 1.245833333329999988e+02
2.655000000000000000e+02 1.251666666670000012e+02
3.398333333329999846e+02 1.255833333329999988e+02
5.712142857139999705e+02 1.260000000000000000e+02
5.500000000000000000e+01 1.277857142860000010e+02
8.800000000000000000e+01 1.275000000000000000e+02
1.157727272730000010e+02 1.283181818179999993e+02
1.451470588239999984e+02 1.285000000000000000e+02
1.743275862069999960e+02 1.474350912779999874e+02
2.089444444439999984e+02 1.293888888889999862e+02
3.773333333329999846e+02 1.295000000000000000e+02
5.007631578950000062e+02 1.298684210529999916e+02
3.150000000000000000e+02 1.305000000000000000e+02
4.226250000000000000e+02 1.318125000000000000e+02
1.280000000000000000e+02 1.325000000000000000e+02
1.670999999999999943e+02 1.320999999999999943e+02
2.349000000000000057e+02 1.319000000000000057e+02
4.482857142859999726e+02 1.321428571429999863e+02
5.170000000000000000e+02 1.320000000000000000e+02
2.957777777779999724e+02 1.336111111110000138e+02
4.615000000000000000e+02 1.330000000000000000e+02
5.511363636360000555e+02 1.334090909090000139e+02
1.550000000000000000e+01 1.350000000000000000e+02
7.370000000000000284e+01 1.345000000000000000e+02
3.369705882349999797e+02 1.351470588239999984e+02
2.590000000000000000e+02 1.362142857139999990e+02
2.805000000000000000e+02 1.373000000000000114e+02
1.491666666669999870e+02 1.377500000000000000e+02
4.840000000000000000e+02 1.375000000000000000e+02
2.264705881999999892e+00 1.392647058819999870e+02
3.938846153850000178e+02 1.401153846150000106e+02
3.216666666700000121e+01 1.412333333329999903e+02
5.358999999999999773e+02 1.410999999999999943e+02
4.075000000000000000e+02 1.430000000000000000e+02
5.880000000000000000e+02 1.427857142860000010e+02
5.588999999999999773e+02 1.449000000000000057e+02
3.192142857140000274e+02 1.460000000000000000e+02
1.771666666669999870e+02 1.474166666669999870e+02
5.089166666670000154e+02 1.474166666669999870e+02
4.606999999999999886e+02 1.493000000000000114e+02
1.168750000000000000e+02 1.507500000000000000e+02
2.335500000000000114e+02 1.504000000000000057e+02
3.646578947369999923e+02 1.503421052630000077e+02
4.728684210530000200e+02 1.506578947369999923e+02
5.334210526300000055e+01 1.523421052630000077e+02
6.638888888900000040e+01 1.520555555560000016e+02
4.266999999999999886e+02 1.515000000000000000e+02
2.911764706000000036e+00 1.536176470590000065e+02
7.976315789500000619e+01 1.544473684209999931e+02
2.677105263160000277e+02 1.535000000000000000e+02
3.881666666670000154e+02 1.535000000000000000e+02
5.288125000000000000e+02 1.533125000000000000e+02
2.112142857139999990e+02 1.550000000000000000e+02
5.756739130429999705e+02 1.555000000000000000e+02
2.910882352940000146e+02 1.566176470590000065e+02
2.510999999999999943e+02 1.571500000000000057e+02
3.330000000000000000e+02 1.576999999999999886e+02
9.820000000000000284e+01 1.584000000000000057e+02
3.570000000000000000e+02 1.590000000000000000e+02
5.400384615379999786e+02 1.593461538459999929e+02
3.038684210530000200e+02 1.607105263159999993e+02
1.375000000000000000e+02 1.620000000000000000e+02
4.378846153850000178e+02 1.618846153849999894e+02
4.955909090910000145e+02 1.644090909090000139e+02
1.955000000000000071e+01 1.655999999999999943e+02
2.775000000000000000e+02 1.667857142860000010e+02
3.768846153850000178e+02 1.671153846150000106e+02
4.034615384599999999e+01 1.680384615380000071e+02
1.834090909090000139e+02 1.695909090909999861e+02
2.170000000000000000e+02 1.695000000000000000e+02
4.056818181819999722e+02 1.696818181820000007e+02
6.600000000000000000e+01 1.712777777780000008e+02
9.597368421100000546e+01 1.718684210529999916e+02
4.630294117650000203e+02 1.711470588239999984e+02
4.782500000000000000e+02 1.712500000000000000e+02
4.966666667000000146e+00 1.726333333329999959e+02
3.199615384620000214e+02 1.728076923079999858e+02
4.260000000000000000e+02 1.722777777780000008e+02
5.538999999999999773e+02 1.720999999999999943e+02
5.152647058820000439e+02 1.737352941180000130e+02
1.290333333330000016e+02 1.746333333329999959e+02
2.875000000000000000e+02 1.745000000000000000e+02
5.773888888889999862e+02 1.755555555560000016e+02
8.065384615399999291e+01 1.780384615380000071e+02
2.079117647060000138e+02 1.783823529409999935e+02
2.497631578950000062e+02 1.782894736840000007e+02
3.946904761900000267e+02 1.784047619049999867e+02
8.884615385000000032e+00 1.811153846150000106e+02
3.785000000000000000e+02 1.818333333330000130e+02
2.488461538500000003e+01 1.831153846150000106e+02
2.812222222220000276e+02 1.836666666669999870e+02
1.690000000000000000e+02 1.840000000000000000e+02
3.410000000000000000e+02 1.840000000000000000e+02
5.415000000000000000e+02 1.845000000000000000e+02
4.983095238099999733e+02 1.856428571429999863e+02
3.597777777779999724e+02 1.866111111110000138e+02
4.690000000000000000e+02 1.855000000000000000e+02
5.168333333330000414e+02 1.861666666669999870e+02
3.684782608700000139e+01 1.874130434779999916e+02
5.939999999999999858e+01 1.875500000000000114e+02
1.453421052630000077e+02 1.874473684209999931e+02
4.882058823529999927e+02 1.877352941180000130e+02
1.366666666699999944e+01 1.885833333330000130e+02
2.260000000000000000e+02 1.890000000000000000e+02
4.088846153850000178e+02 1.888846153849999894e+02
4.445500000000000114e+02 1.894000000000000057e+02
8.344117647100000568e+01 1.913235294119999992e+02
1.180000000000000000e+02 1.910000000000000000e+02
1.910000000000000000e+02 1.917857142860000010e+02
2.775000000000000000e+02 1.916999999999999886e+02
3.057941176470000073e+02 1.937941176470000073e+02
3.239666666670000268e+02 1.933666666670000041e+02
5.688684210530000200e+02 1.937105263159999993e+02
6.277777777999999920e+00 1.940000000000000000e+02
1.445625000000000000e+02 1.955000000000000000e+02
2.497857142860000010e+02 1.950000000000000000e+02
1.087857142860000010e+02 1.970000000000000000e+02
1.241428571430000005e+02 1.972857142860000010e+02
2.027777777780000008e+02 1.977777777780000008e+02
5.605000000000000000e+02 1.985000000000000000e+02
3.803125000000000000e+02 1.991875000000000000e+02
4.212647058819999870e+02 1.992647058819999870e+02
5.380000000000000000e+02 1.990000000000000000e+02
2.921250000000000000e+02 2.007500000000000000e+02
4.953235294120000276e+02 2.004411764710000057e+02
6.193750000000000000e+01 2.017500000000000000e+02
3.938636363640000013e+02 2.004090909090000139e+02
4.431153846149999822e+02 2.008846153849999894e+02
3.385000000000000000e+02 2.025000000000000000e+02
5.870000000000000000e+02 2.022142857139999990e+02
3.499705882349999797e+02 2.041470588239999984e+02
4.640000000000000000e+02 2.057727272729999868e+02
1.680000000000000000e+02 2.067857142860000010e+02
1.912777777780000008e+02 2.070000000000000000e+02
4.075000000000000000e+02 2.071315789470000084e+02
5.162500000000000000e+02 2.078333333330000130e+02
2.714705882399999837e+01 2.090294117649999919e+02
2.377857142860000010e+02 2.090000000000000000e+02
2.245000000000000000e+02 2.096666666669999870e+02
2.934499999999999886e+02 2.104000000000000057e+02
4.816764705879999724e+02 2.104411764710000057e+02
8.978571428600000104e+01 2.120000000000000000e+02
2.559117647060000138e+02 2.123823529409999935e+02
5.770000000000000000e+02 2.137857142860000010e+02
4.400000000000000000e+01 2.145000000000000000e+02
3.626176470589999781e+02 2.149117647060000138e+02
3.818000000000000114e+02 2.151999999999999886e+02
8.884615385000000032e+00 2.162692307689999893e+02
1.622142857139999990e+02 2.160000000000000000e+02
4.525000000000000000e+02 2.160000000000000000e+02
7.450000000000000000e+01 2.167857142860000010e+02
1.795000000000000000e+02 2.180000000000000000e+02
2.698181818180000278e+02 2.195454545450000126e+02
2.689999999999999858e+01 2.200999999999999943e+02
1.197857142860000010e+02 2.198571428570000137e+02
1.325000000000000000e+02 2.208529411760000016e+02
3.170000000000000000e+02 2.200000000000000000e+02
4.346333333329999959e+02 2.200333333330000016e+02
5.324500000000000455e+02 2.204000000000000057e+02
4.979545454550000159e+02 2.208636363640000013e+02
2.087500000000000000e+02 2.212500000000000000e+02
2.860981308409999997e+02 2.257710280370000078e+02
2.296538461540000071e+02 2.239615384619999929e+02
3.445000000000000000e+02 2.245000000000000000e+02
5.502142857139999705e+02 2.238571428570000137e+02
1.009000000000000057e+02 2.259000000000000057e+02
1.500000000000000000e+02 2.260000000000000000e+02
2.546428571429999863e+02 2.276904761899999983e+02
4.893999999999999773e+02 2.274499999999999886e+02
5.705000000000000000e+02 2.275000000000000000e+02
3.272777777779999724e+02 2.278888888889999862e+02
4.695000000000000000e+02 2.280000000000000000e+02
1.978750000000000000e+02 2.292500000000000000e+02
4.248529411760000016e+02 2.300294117649999919e+02
5.811538461500000352e+01 2.328846153849999894e+02
7.934210526299999344e+01 2.333421052630000077e+02
4.030000000000000000e+02 2.330000000000000000e+02
4.421153846149999822e+02 2.331153846150000106e+02
5.137857142860000295e+02 2.330000000000000000e+02
5.147058824000000143e+00 2.339705882350000081e+02
1.233888888890000004e+02 2.347777777780000008e+02
3.921999999999999886e+02 2.345999999999999943e+02
3.361111111099999960e+01 2.367777777780000008e+02
2.298684210529999916e+02 2.377631578950000062e+02
5.541666666669999586e+02 2.372333333329999903e+02
2.615500000000000114e+02 2.394000000000000057e+02
2.928157894739999847e+02 2.395526315790000069e+02
3.640000000000000000e+02 2.387857142860000010e+02
1.652142857139999990e+02 2.410000000000000000e+02
3.100000000000000000e+02 2.407857142860000010e+02
5.888333333330000414e+02 2.407666666670000097e+02
3.428846153850000178e+02 2.421153846150000106e+02
1.048529411760000016e+02 2.435000000000000000e+02
1.841153846150000106e+02 2.441153846150000106e+02
2.385000000000000000e+02 2.443571428570000137e+02
5.380000000000000000e+02 2.440000000000000000e+02
2.808823529400000041e+01 2.452647058819999870e+02
2.137142857139999990e+02 2.461428571429999863e+02
4.535000000000000000e+02 2.475000000000000000e+02
4.716818181819999722e+02 2.466818181820000007e+02
1.500000000000000000e+02 2.477857142860000010e+02
2.719117647059999854e+02 2.486176470590000065e+02
6.100000000000000000e+01 2.497857142860000010e+02
4.083421052630000077e+02 2.503421052630000077e+02
4.290000000000000000e+02 2.505000000000000000e+02
5.693823529410000219e+02 2.499117647060000138e+02
4.923333333299999737e+01 2.515666666669999927e+02
1.088846153850000036e+02 2.511153846150000106e+02
1.982083333330000130e+02 2.520416666669999870e+02
5.151153846150000390e+02 2.508846153849999894e+02
1.300000000000000000e+02 2.522142857139999990e+02
3.325000000000000000e+02 2.520000000000000000e+02
3.785769230770000036e+02 2.521923076920000142e+02
3.055500000000000114e+02 2.535999999999999943e+02
4.821153846149999822e+02 2.541153846150000106e+02
3.667500000000000000e+02 2.561666666670000154e+02
1.734210526300000055e+01 2.586578947369999923e+02
8.259999999999999432e+01 2.585500000000000114e+02
2.903181818180000278e+02 2.583181818180000278e+02
1.661428571429999863e+02 2.592857142859999726e+02
2.194444444439999984e+02 2.602777777779999724e+02
5.415000000000000000e+02 2.605000000000000000e+02
6.659090909100000033e+01 2.635909090910000145e+02
5.002894736839999723e+02 2.631315789469999800e+02
3.848999999999999773e+02 2.641000000000000227e+02
1.231363636359999987e+02 2.645909090910000145e+02
3.595000000000000000e+02 2.657105263160000277e+02
3.297058823500000102e+01 2.661470588239999984e+02
2.485500000000000114e+02 2.666000000000000227e+02
8.209999999999999432e+01 2.681000000000000227e+02
5.305769230769999467e+02 2.686538461540000071e+02
2.786000000000000227e+02 2.694499999999999886e+02
3.133999999999999773e+02 2.691999999999999886e+02
3.385000000000000000e+02 2.693333333329999846e+02
4.093235294120000276e+02 2.693235294120000276e+02
4.457142857140000274e+02 2.691428571430000147e+02
4.611153846149999822e+02 2.688846153850000178e+02
4.915000000000000000e+02 2.696250000000000000e+02
5.890555555559999448e+02 2.700000000000000000e+02
4.313125000000000000e+02 2.698125000000000000e+02
4.801153846149999822e+02 2.701153846149999822e+02
5.661153846150000390e+02 2.701153846149999822e+02
9.887500000000000000e+01 2.717500000000000000e+02
1.845909090909999861e+02 2.714090909089999855e+02
3.978999999999999773e+02 2.711000000000000227e+02
1.450384615380000071e+02 2.716538461540000071e+02
2.961363636359999987e+02 2.715909090910000145e+02
2.137173913039999888e+02 2.781086956519999944e+02
1.558636363640000013e+02 2.774090909089999855e+02
3.768999999999999773e+02 2.780000000000000000e+02
8.599999999999999645e+00 2.795500000000000114e+02
5.050000000000000000e+02 2.792142857140000274e+02
1.360999999999999943e+02 2.811000000000000227e+02
2.405000000000000000e+02 2.806999999999999886e+02
7.300000000000000000e+01 2.820000000000000000e+02
2.248846153849999894e+02 2.821153846149999822e+02
3.481153846149999822e+02 2.818846153850000178e+02
5.344090909090000423e+02 2.821363636359999987e+02
5.263333333300000305e+01 2.828333333329999846e+02
1.760999999999999943e+02 2.855666666669999927e+02
2.707222222220000276e+02 2.871666666670000154e+02
4.351000000000000227e+02 2.871000000000000227e+02
3.720833333329999846e+02 2.877500000000000000e+02
1.071428571430000005e+02 2.897142857140000274e+02
1.556111111110000138e+02 2.895555555560000016e+02
3.931000000000000227e+02 2.891000000000000227e+02
5.477857142860000295e+02 2.890000000000000000e+02
5.712500000000000000e+02 2.891250000000000000e+02
4.100000000000000000e+02 2.912142857140000274e+02
5.268529411759999448e+02 2.910294117650000203e+02
3.269047618999999827e+01 2.925476190480000014e+02
3.158846153850000178e+02 2.921153846149999822e+02
4.686000000000000227e+02 2.924499999999999886e+02
8.711538461499999642e+01 2.927307692310000107e+02
2.507727272729999868e+02 2.933181818180000278e+02
2.891153846149999822e+02 2.928846153850000178e+02
5.895000000000000000e+02 2.930000000000000000e+02
4.535000000000000000e+02 2.956052631580000138e+02
4.955500000000000114e+02 2.966000000000000227e+02
2.055000000000000000e+02 2.965000000000000000e+02
3.621666666670000154e+02 2.967666666669999813e+02
3.286333333329999959e+02 2.979666666670000268e+02
2.000000000000000000e+00 2.990000000000000000e+02
1.850000000000000000e+02 2.990000000000000000e+02
2.420000000000000000e+02 2.992142857140000274e+02
1.317777777780000008e+02 3.013888888889999862e+02
5.070000000000000000e+02 3.007857142859999726e+02
6.011538461500000352e+01 3.018846153850000178e+02
4.000000000000000000e+02 3.027222222220000276e+02
5.643999999999999773e+02 3.028000000000000114e+02
2.271666666669999870e+02 3.035000000000000000e+02
2.987380952380000281e+02 3.038809523809999860e+02
4.223888888889999862e+02 3.037777777779999724e+02
4.638235294100000061e+01 3.049117647059999854e+02
7.334615384600000709e+01 3.050384615379999786e+02
1.504090909090000139e+02 3.057272727270000132e+02
4.823888888889999862e+02 3.059444444439999984e+02
1.642222222219999992e+02 3.066111111110000138e+02
1.661111111099999960e+01 3.077777777779999724e+02
2.053888888889999862e+02 3.079444444439999984e+02
3.508846153850000178e+02 3.071153846149999822e+02
5.765000000000000000e+02 3.072500000000000000e+02
3.136578947369999923e+02 3.086578947369999923e+02
3.879615384620000214e+02 3.103461538459999929e+02
4.395000000000000000e+02 3.100000000000000000e+02
2.590000000000000000e+02 3.125000000000000000e+02
2.797857142859999726e+02 3.120000000000000000e+02
1.022142857139999990e+02 3.140000000000000000e+02
1.175000000000000000e+02 3.155000000000000000e+02
5.541470588240000552e+02 3.150294117650000203e+02
2.432142857139999990e+02 3.160000000000000000e+02
4.160000000000000000e+02 3.165000000000000000e+02
4.612692307689999893e+02 3.158846153850000178e+02
5.285000000000000000e+02 3.165000000000000000e+02
1.798846153849999894e+02 3.181153846149999822e+02
5.396153846200000004e+01 3.193461538459999929e+02
4.951250000000000000e+02 3.197500000000000000e+02
3.014090909089999855e+02 3.215909090910000145e+02
3.919499999999999886e+02 3.216000000000000227e+02
4.311153846149999822e+02 3.218846153850000178e+02
2.755714285710000127e+02 3.233571428569999853e+02
5.203999999999999773e+02 3.235500000000000114e+02
1.595869565220000084e+02 3.252826086960000112e+02
3.400000000000000000e+02 3.240000000000000000e+02
3.655909090910000145e+02 3.244090909089999855e+02
1.971666666669999870e+02 3.250333333329999732e+02
7.216666666700000121e+01 3.257500000000000000e+02
8.691176470599999959e+01 3.263823529410000219e+02
2.149545454549999874e+02 3.258636363640000013e+02
4.676999999999999886e+02 3.260000000000000000e+02
4.851666666670000154e+02 3.262500000000000000e+02
3.169615384620000214e+02 3.296538461540000071e+02
5.680000000000000000e+02 3.305000000000000000e+02
3.764285714300000052e+01 3.316904761900000267e+02
1.472222222219999992e+02 3.313888888889999862e+02
5.900000000000000000e+02 3.310000000000000000e+02
2.581000000000000227e+02 3.321000000000000227e+02
1.138888888900000040e+01 3.337777777779999724e+02
2.331153846150000106e+02 3.328846153850000178e+02
1.856111111110000138e+02 3.357777777779999724e+02
7.719230769199999997e+01 3.365769230770000036e+02
1.312222222219999992e+02 3.363333333329999846e+02
3.772142857140000274e+02 3.360000000000000000e+02
4.095000000000000000e+02 3.390000000000000000e+02
4.505000000000000000e+02 3.390000000000000000e+02
5.498333333330000414e+02 3.392500000000000000e+02
2.970882352940000146e+02 3.406176470589999781e+02
5.029999999999999716e+01 3.405000000000000000e+02
4.994230769229999964e+02 3.408846153850000178e+02
5.319666666670000268e+02 3.416333333329999959e+02
8.800000000000000000e+01 3.420000000000000000e+02
3.210000000000000000e+02 3.425000000000000000e+02
3.472272727270000132e+02 3.429090909089999855e+02
5.770000000000000000e+02 3.420000000000000000e+02
1.065000000000000000e+02 3.430000000000000000e+02
2.118333333330000130e+02 3.435833333329999846e+02
5.240000000000000000e+02 3.442142857140000274e+02
3.105000000000000071e+01 3.463999999999999773e+02
2.770000000000000000e+02 3.460000000000000000e+02
4.617500000000000000e+02 3.458333333329999846e+02
4.801000000000000227e+02 3.465666666669999927e+02
2.491666666669999870e+02 3.472333333330000187e+02
4.348333333329999846e+02 3.482222222220000276e+02
3.760833333329999846e+02 3.504166666670000154e+02
3.970000000000000000e+02 3.497857142859999726e+02
1.750000000000000000e+02 3.510000000000000000e+02
1.251315789469999942e+02 3.522368421049999938e+02
3.545909090910000145e+02 3.518636363640000013e+02
1.947222222219999992e+02 3.534444444439999984e+02
1.697058823500000102e+01 3.541470588239999984e+02
7.059090909100000033e+01 3.538636363640000013e+02
5.577000000000000455e+02 3.535000000000000000e+02
1.010000000000000000e+02 3.553999999999999773e+02
1.000000000000000000e+00 3.555000000000000000e+02
2.645000000000000000e+02 3.565000000000000000e+02
5.005909090910000145e+02 3.561363636359999987e+02
1.490000000000000000e+02 3.580000000000000000e+02
2.972777777779999724e+02 3.578888888889999862e+02
2.377777777780000008e+02 3.595555555560000016e+02
4.445000000000000000e+02 3.593947368419999862e+02
3.204090909089999855e+02 3.601363636359999987e+02
3.325000000000000000e+02 3.608529411760000016e+02
4.725000000000000000e+01 3.611666666670000154e+02
2.810000000000000000e+02 3.605000000000000000e+02
4.108846153850000178e+02 3.621153846149999822e+02
2.992857142900000156e+01 3.635000000000000000e+02
3.751190476190000140e+02 3.636428571430000147e+02
5.155000000000000000e+02 3.640000000000000000e+02
5.412500000000000000e+02 3.641666666670000154e+02
8.008333333299999879e+01 3.666250000000000000e+02
2.121153846150000106e+02 3.658846153850000178e+02
4.688999999999999773e+02 3.661000000000000227e+02
1.747857142860000010e+02 3.680000000000000000e+02
1.874333333330000073e+02 3.688999999999999773e+02
1.370000000000000000e+02 3.697857142859999726e+02
1.234090909089999997e+02 3.715909090910000145e+02
4.310000000000000000e+02 3.706999999999999886e+02
3.941000000000000227e+02 3.718999999999999773e+02
4.891000000000000227e+02 3.718999999999999773e+02
5.803947368420000430e+02 3.719210526319999985e+02
2.800000000000000000e+01 3.750000000000000000e+02
1.551666666669999870e+02 3.737666666669999813e+02
2.516333333329999959e+02 3.739666666670000268e+02
3.823666666670000041e+02 3.739666666670000268e+02
6.403333333300000163e+01 3.763666666670000041e+02
2.298846153849999894e+02 3.757307692310000107e+02
1.874499999999999886e+02 3.776000000000000227e+02
2.050000000000000000e+02 3.785000000000000000e+02
3.466578947369999923e+02 3.786578947369999923e+02
4.137857142859999726e+02 3.780000000000000000e+02
5.074523809519999986e+02 3.792619047619999719e+02
5.261000000000000227e+02 3.781000000000000227e+02
2.936428571430000147e+02 3.803095238099999733e+02
7.467647058800000082e+01 3.824411764710000057e+02
5.506176470589999781e+02 3.820882352940000146e+02
1.640000000000000000e+02 3.832142857140000274e+02
9.540909090899999967e+01 3.841363636359999987e+02
3.128571428569999853e+02 3.842142857140000274e+02
5.750294117649999635e+02 3.841470588239999984e+02
4.438333333329999846e+02 3.851666666670000154e+02
4.633823529410000219e+02 3.850882352940000146e+02
1.253823529409999935e+02 3.860882352940000146e+02
3.928529411760000016e+02 3.865000000000000000e+02
3.526470588200000122e+01 3.872647058819999870e+02
2.686111111110000138e+02 3.877777777779999724e+02
4.132500000000000000e+02 3.877500000000000000e+02
1.500000000000000000e+00 3.890000000000000000e+02
3.210882352940000146e+02 3.896176470589999781e+02
3.455000000000000000e+02 3.895000000000000000e+02
3.676333333329999959e+02 3.900333333329999732e+02
5.054523809519999986e+02 3.903095238099999733e+02
1.454285714289999873e+02 3.913571428569999853e+02
6.172222222199999919e+01 3.920000000000000000e+02
4.787105263160000277e+02 3.925000000000000000e+02
4.971363636359999987e+02 3.930454545449999841e+02
1.534210526300000055e+01 3.966578947369999923e+02
2.782500000000000000e+02 3.961666666670000154e+02
4.394090909089999855e+02 3.961363636359999987e+02
3.036578947369999923e+02 3.976578947369999923e+02
5.421250000000000000e+02 3.992500000000000000e+02
4.200000000000000000e+01 4.002142857140000274e+02
1.755000000000000000e+02 3.995000000000000000e+02
3.625000000000000000e+02 4.010000000000000000e+02
5.206333333329999959e+02 3.999666666670000268e+02
9.061111111099999960e+01 4.008333333329999846e+02
2.146111111110000138e+02 4.008333333329999846e+02
5.546052631579999570e+02 4.010789473680000015e+02
5.768846153849999610e+02 4.021153846149999822e+02
1.096111111109999996e+02 4.034444444439999984e+02
2.295999999999999943e+02 4.035500000000000114e+02
1.612619047620000003e+02 4.061190476190000140e+02
1.990000000000000000e+02 4.050000000000000000e+02
1.233181818179999993e+02 4.056818181819999722e+02
2.900000000000000000e+01 4.070000000000000000e+02
3.304166666670000154e+02 4.068333333329999846e+02
5.105909090910000145e+02 4.071363636359999987e+02
2.643421052630000077e+02 4.083421052630000077e+02
4.020000000000000000e+02 4.105000000000000000e+02
4.228999999999999773e+02 4.101000000000000227e+02
5.333666666670000041e+02 4.099666666670000268e+02
6.214285713999999849e+00 4.110000000000000000e+02
3.859615384620000214e+02 4.113461538459999929e+02
4.535000000000000000e+02 4.110000000000000000e+02
7.834615384600000709e+01 4.122692307689999893e+02
2.442142857139999990e+02 4.120000000000000000e+02
4.789285714289999873e+02 4.138809523809999860e+02
1.402647058819999870e+02 4.140882352940000146e+02
9.521428571399999896e+01 4.150000000000000000e+02
2.062500000000000000e+02 4.171666666670000154e+02
3.435000000000000000e+02 4.175000000000000000e+02
2.914285714289999873e+02 4.181428571430000147e+02
4.972222222220000276e+02 4.186111111110000138e+02
5.440000000000000000e+02 4.182777777779999724e+02
1.848846153849999894e+02 4.201153846149999822e+02
4.407857142859999726e+02 4.200000000000000000e+02
1.651153846150000106e+02 4.212692307689999893e+02
5.634090909090000423e+02 4.208636363640000013e+02
2.194090909090000139e+02 4.234090909089999855e+02
3.188999999999999773e+02 4.228999999999999773e+02
3.723333333329999846e+02 4.247777777779999724e+02
2.700000000000000000e+01 4.250000000000000000e+02
5.608823529400000041e+01 4.257941176470000073e+02
3.056176470589999781e+02 4.250882352940000146e+02
4.133999999999999773e+02 4.255500000000000114e+02
1.189117647059999996e+02 4.282058823529999927e+02
3.452142857140000274e+02 4.290000000000000000e+02
4.653095238099999733e+02 4.294523809519999986e+02
4.137500000000000000e+01 4.296250000000000000e+02
2.462333333329999903e+02 4.301666666670000154e+02
3.936250000000000000e+02 4.296250000000000000e+02
4.755526315789999785e+02 4.308684210530000200e+02
2.953888888889999862e+02 4.311666666670000154e+02
5.171000000000000227e+02 4.328999999999999773e+02
1.531363636359999987e+02 4.345909090910000145e+02
2.648846153850000178e+02 4.358846153850000178e+02
9.100000000000000000e+01 4.370000000000000000e+02
1.314090909090000139e+02 4.374090909089999855e+02
2.073750000000000000e+02 4.363750000000000000e+02
3.653461538459999929e+02 4.370384615379999786e+02
5.046538461540000071e+02 4.370384615379999786e+02
2.846111111110000138e+02 4.378333333329999846e+02
3.242894736839999723e+02 4.388684210530000200e+02
2.625000000000000000e+00 4.383750000000000000e+02
5.418750000000000000e+02 4.392500000000000000e+02
7.075000000000000000e+01 4.406499999999999773e+02
5.802142857139999705e+02 4.400000000000000000e+02
1.500000000000000000e+01 4.415000000000000000e+02
1.795500000000000114e+02 4.413999999999999773e+02
1.953888888889999862e+02 4.408333333329999846e+02
2.323000000000000114e+02 4.415000000000000000e+02
2.619615384620000214e+02 4.423461538459999929e+02
3.872500000000000000e+02 4.422500000000000000e+02
4.305000000000000000e+02 4.420000000000000000e+02
1.545000000000000000e+02 4.440000000000000000e+02
5.160000000000000000e+02 4.440000000000000000e+02
4.370000000000000284e+01 4.456999999999999886e+02
1.195999999999999943e+02 4.459499999999999886e+02
3.602777777779999724e+02 4.451666666670000154e+02
5.560384615379999786e+02 4.453461538459999929e+02
4.503823529410000219e+02 4.469117647059999854e+02
3.805000000000000000e+02 4.475000000000000000e+02
2.165000000000000000e+02 4.490000000000000000e+02
4.645000000000000000e+02 4.495000000000000000e+02
5.370000000000000284e+01 4.501000000000000227e+02
2.778636363640000013e+02 4.504090909089999855e+02
4.040384615379999786e+02 4.506538461540000071e+02
3.040882352940000146e+02 4.523823529410000219e+02
4.369545454550000159e+02 4.521363636359999987e+02
5.682826086960000112e+02 4.531086956519999944e+02
2.450384615380000071e+02 4.526538461540000071e+02
6.359090909100000033e+01 4.554090909089999855e+02
8.909999999999999432e+01 4.551000000000000227e+02
3.191363636359999987e+02 4.554090909089999855e+02
3.403333333300000163e+01 4.576333333329999959e+02
1.303000000000000114e+02 4.580000000000000000e+02
2.587142857140000274e+02 4.571428571430000147e+02
3.418809523809999860e+02 4.580238095240000007e+02
4.835500000000000114e+02 4.573999999999999773e+02
7.552631578999999817e+00 4.587105263160000277e+02
4.975000000000000000e+02 4.580000000000000000e+02
4.688000000000000114e+02 4.596000000000000227e+02
5.372857142860000295e+02 4.611428571430000147e+02
3.501666666670000154e+02 4.622500000000000000e+02
3.646818181819999722e+02 4.623181818180000278e+02
1.516538461540000071e+02 4.630384615379999786e+02
4.195000000000000000e+02 4.642894736839999723e+02
5.905000000000000000e+02 4.630000000000000000e+02
1.962500000000000000e+02 4.649375000000000000e+02
4.033095238099999733e+02 4.655952380950000133e+02
5.270000000000000000e+02 4.650000000000000000e+02
1.008846153850000036e+02 4.661153846149999822e+02
1.708846153849999894e+02 4.668846153850000178e+02
2.840000000000000000e+02 4.682142857140000274e+02
4.391250000000000000e+02 4.687500000000000000e+02
5.033461538459999929e+02 4.690384615379999786e+02
8.150000000000000000e+01 4.713000000000000114e+02
2.101111111110000138e+02 4.717222222220000276e+02
5.712777777779999724e+02 4.710000000000000000e+02
2.290000000000000000e+02 4.720000000000000000e+02
4.837352941180000130e+02 4.727941176470000073e+02
5.588333333330000414e+02 4.735000000000000000e+02
3.725000000000000000e+02 4.736999999999999886e+02
3.050000000000000000e+02 4.755000000000000000e+02
4.265666666669999927e+02 4.748999999999999773e+02
6.785714285699999948e+01 4.762857142859999726e+02
1.923181818179999993e+02 4.756818181819999722e+02
2.911538461499999997e+01 4.771153846149999822e+02
1.247500000000000000e+02 4.768333333329999846e+02
2.540333333330000016e+02 4.773666666670000041e+02
3.255000000000000000e+02 4.770000000000000000e+02
5.068181818200000066e+01 4.786818181819999722e+02
1.341470588239999984e+02 4.799705882349999797e+02
4.568846153850000178e+02 4.808846153850000178e+02
4.047222222220000276e+02 4.820000000000000000e+02
1.093888888890000004e+02 4.833333333329999846e+02
2.348636363640000013e+02 4.825909090910000145e+02
1.612692307689999893e+02 4.842692307689999893e+02
5.197500000000000000e+02 4.850833333329999846e+02
5.473750000000000000e+02 4.851250000000000000e+02
4.787105263160000277e+02 4.865000000000000000e+02
3.406176470589999781e+02 4.869117647059999854e+02
3.877142857140000274e+02 4.875714285710000127e+02
1.743000000000000114e+02 4.883000000000000114e+02
4.963666666670000041e+02 4.880333333329999732e+02
7.777777777999999920e+00 4.896111111110000138e+02
2.835000000000000000e+02 4.900000000000000000e+02
3.233500000000000227e+02 4.903500000000000227e+02
3.680555555560000016e+02 4.900555555560000016e+02
2.089615384619999929e+02 4.906538461540000071e+02
3.028125000000000000e+02 4.916250000000000000e+02
5.648913043479999487e+02 4.914565217389999816e+02
5.628571428600000104e+01 4.928571428569999853e+02
9.171428571399999896e+01 4.931428571430000147e+02
5.847222222220000276e+02 4.937222222220000276e+02
2.556333333329999959e+02 4.940333333329999732e+02
1.506111111110000138e+02 4.971666666670000154e+02
7.183333333299999879e+01 4.973888888889999862e+02
4.858529411760000016e+02 4.979705882349999797e+02
3.722222222199999919e+01 4.993888888889999862e+02
2.657894736999999896e+00 5.006578947369999923e+02
1.222142857139999990e+02 5.000000000000000000e+02
1.746999999999999886e+02 4.995000000000000000e+02
1.965769230770000036e+02 5.001923076919999858e+02
5.388333333330000414e+02 5.000555555560000016e+02
5.641666666669999586e+02 4.995833333329999846e+02
4.446333333329999959e+02 5.020333333329999732e+02
5.240454545449999841e+02 5.031363636359999987e+02
2.231666666669999870e+02 5.035833333329999846e+02
3.491428571430000147e+02 5.044285714289999873e+02
3.636000000000000227e+02 5.053000000000000114e+02
4.627142857140000274e+02 5.050714285710000127e+02
5.050000000000000000e+02 5.050000000000000000e+02
8.750000000000000000e+01 5.060000000000000000e+02
1.450000000000000000e+02 5.065000000000000000e+02
3.886739130430000273e+02 5.062391304349999928e+02
4.041111111110000138e+02 5.071111111110000138e+02
2.570000000000000000e+02 5.085000000000000000e+02
4.218999999999999773e+02 5.078999999999999773e+02
2.374090909090000139e+02 5.101363636359999987e+02
2.508823529400000041e+01 5.113823529410000219e+02
2.841875000000000000e+02 5.116250000000000000e+02
2.131428571429999863e+02 5.132857142860000295e+02
1.120000000000000000e+02 5.140000000000000000e+02
3.005909090910000145e+02 5.138636363639999445e+02
3.134166666670000154e+02 5.138333333330000414e+02
5.891666666669999586e+02 5.145000000000000000e+02
4.506250000000000000e+02 5.146250000000000000e+02
3.334090909089999855e+02 5.158636363639999445e+02
3.516000000000000227e+02 5.165499999999999545e+02
8.333333330000000094e-01 5.183333333330000414e+02
4.529999999999999716e+01 5.175000000000000000e+02
4.746333333329999959e+02 5.179666666670000268e+02
5.162777777779999724e+02 5.185555555559999448e+02
1.635000000000000000e+02 5.195000000000000000e+02
1.320000000000000000e+02 5.197857142860000295e+02
4.134473684210000215e+02 5.204473684209999647e+02
4.968157894739999847e+02 5.208157894739999847e+02
1.741363636359999987e+02 5.218636363639999445e+02
5.368846153849999610e+02 5.221153846150000390e+02
1.960882352939999862e+02 5.233823529410000219e+02
4.335000000000000000e+02 5.232142857139999705e+02
2.648636363640000013e+02 5.234090909090000423e+02
5.577857142860000295e+02 5.238571428569999853e+02
3.587500000000000000e+01 5.257500000000000000e+02
2.280000000000000000e+02 5.247000000000000455e+02
7.350000000000000000e+01 5.260000000000000000e+02
2.475588235289999943e+02 5.273235294119999708e+02
3.837307692310000107e+02 5.291153846150000390e+02
4.680263157890000230e+02 5.301842105260000153e+02
5.797500000000000000e+02 5.307500000000000000e+02
9.564285714300000052e+01 5.313095238099999733e+02
4.865000000000000000e+02 5.312894736839999723e+02
2.180000000000000000e+02 5.330000000000000000e+02
3.697500000000000000e+02 5.337500000000000000e+02
5.557666666669999813e+02 5.335000000000000000e+02
2.852619047619999719e+02 5.351190476189999572e+02
3.152894736839999723e+02 5.341315789469999800e+02
2.050000000000000000e+01 5.355000000000000000e+02
5.073529411799999878e+01 5.352647058820000439e+02
4.191153846149999822e+02 5.348846153849999610e+02
4.403999999999999773e+02 5.354500000000000455e+02
3.521153846149999822e+02 5.381153846150000390e+02
3.005769230770000036e+02 5.388846153849999610e+02
3.878750000000000000e+02 5.392500000000000000e+02
5.320000000000000000e+02 5.392777777779999724e+02
8.034210526299999344e+01 5.406578947369999923e+02
1.541250000000000000e+02 5.407500000000000000e+02
5.008999999999999773e+02 5.401000000000000227e+02
1.127500000000000000e+02 5.412500000000000000e+02
1.682777777780000008e+02 5.411666666669999586e+02
5.188333333330000414e+02 5.426111111110000138e+02
2.935714285699999948e+01 5.443095238099999733e+02
1.915000000000000000e+02 5.455000000000000000e+02
2.656333333329999959e+02 5.449666666670000268e+02
3.270294117650000203e+02 5.451470588240000552e+02
2.357222222219999992e+02 5.465555555559999448e+02
4.080000000000000000e+02 5.467857142860000295e+02
5.748809523810000428e+02 5.494523809519999986e+02
5.583333333299999879e+01 5.503888888889999862e+02
9.783333333299999879e+01 5.515000000000000000e+02
4.688888888889999862e+02 5.517222222220000276e+02
3.111153846149999822e+02 5.518846153849999610e+02
1.325588235289999943e+02 5.532647058820000439e+02
1.688571428570000137e+02 5.537142857139999705e+02
5.283666666670000041e+02 5.529666666670000268e+02
1.096666666700000015e+01 5.543666666670000041e+02
4.486666666670000154e+02 5.545000000000000000e+02
2.336818181820000007e+02 5.556818181820000291e+02
5.547500000000000000e+02 5.567500000000000000e+02
2.062142857139999990e+02 5.570000000000000000e+02
3.591666666670000154e+02 5.572333333330000187e+02
7.900000000000000000e+01 5.577857142860000295e+02
2.770000000000000000e+02 5.585000000000000000e+02
3.008823529400000041e+01 5.603823529410000219e+02
2.482647058819999870e+02 5.607352941179999561e+02
4.319666666670000268e+02 5.603666666670000041e+02
3.002142857140000274e+02 5.610000000000000000e+02
5.143666666670000041e+02 5.610333333329999732e+02
3.781000000000000227e+02 5.631000000000000227e+02
4.865000000000000000e+02 5.645000000000000000e+02
