2.650000000000000000e+01 1.346153845999999987e+00
1.770000000000000000e+02 5.000000000000000000e-01
3.455000000000000000e+02 1.500000000000000000e+00
3.740000000000000000e+02 5.000000000000000000e-01
4.090000000000000000e+02 5.000000000000000000e-01
5.847222222220000276e+02 2.000000000000000000e+00
2.266818181820000007e+02 3.318181817999999783e+00
4.610000000000000142e+01 3.899999999999999911e+00
1.486333333329999959e+02 4.033333332999999854e+00
2.730625000000000000e+02 4.750000000000000000e+00
5.070000000000000000e+02 4.722222222000000080e+00
3.308333333329999846e+02 5.500000000000000000e+00
4.397777777779999724e+02 5.611111110999999596e+00
1.890000000000000000e+02 6.500000000000000000e+00
5.570384615379999786e+02 6.346153845999999987e+00
1.076176470590000065e+02 7.088235294000000408e+00
3.890000000000000000e+02 7.000000000000000000e+00
2.518125000000000000e+02 8.375000000000000000e+00
4.846176470589999781e+02 8.088235294000000408e+00
5.225666666670000495e+02 9.300000000000000711e+00
5.417307692309999538e+02 8.730769231000000019e+00
7.100000000000000000e+01 1.000000000000000000e+01
9.200000000000000000e+01 1.100000000000000000e+01
1.781666666669999870e+02 1.125000000000000000e+01
1.373888888889999862e+02 1.394444444400000016e+01
2.070882352939999862e+02 1.361764705899999939e+01
2.389117647060000138e+02 1.338235294100000061e+01
4.277105263160000277e+02 1.350000000000000000e+01
4.585000000000000000e+02 1.269999999999999929e+01
4.694473684210000215e+02 1.528947368400000073e+01
1.566578947369999923e+02 1.665789473699999945e+01
3.024523809519999986e+02 1.707142857099999844e+01
3.479545454550000159e+02 1.845454545500000165e+01
3.721875000000000000e+02 1.812500000000000000e+01
4.910000000000000000e+02 1.821428571399999896e+01
5.200000000000000000e+01 1.950000000000000000e+01
7.045238095199999862e+01 2.011904761899999983e+01
5.628750000000000000e+02 1.975000000000000000e+01
1.400000000000000000e+01 2.050000000000000000e+01
5.151000000000000227e+02 1.989999999999999858e+01
3.180000000000000000e+02 2.172222222199999919e+01
5.782222222220000276e+02 2.261111111099999960e+01
1.175000000000000000e+02 2.313157894700000128e+01
2.661363636359999987e+02 2.340909090899999967e+01
1.002999999999999972e+02 2.556666666699999979e+01
1.371470588239999984e+02 2.550000000000000000e+01
1.941153846150000106e+02 2.588461538500000003e+01
5.032777777779999724e+02 2.700000000000000000e+01
5.370000000000000000e+02 2.721428571399999896e+01
4.179999999999999716e+01 2.919999999999999929e+01
2.383461538459999929e+02 2.926923076899999998e+01
2.821428571430000147e+02 2.928571428600000104e+01
3.903000000000000114e+02 2.960000000000000142e+01
5.563823529410000219e+02 2.991176470599999959e+01
1.827777777780000008e+02 3.161111111099999960e+01
3.028846153850000178e+02 3.111538461499999997e+01
3.330333333329999732e+02 3.163333333299999950e+01
4.111153846149999822e+02 3.088461538500000003e+01
5.180333333329999732e+02 3.136666666700000050e+01
2.502272727270000132e+02 3.331818181799999934e+01
3.650000000000000000e+02 3.300000000000000000e+01
4.290000000000000000e+02 3.450000000000000000e+01
2.186999999999999886e+02 3.450000000000000000e+01
4.482894736839999723e+02 3.586842105299999872e+01
1.040000000000000036e+01 3.645000000000000284e+01
6.563333333299999595e+01 3.596666666699999837e+01
8.154999999999999716e+01 3.675000000000000000e+01
3.770000000000000000e+02 3.621428571399999896e+01
1.586176470590000065e+02 3.691176470599999959e+01
3.981000000000000227e+02 3.856666666699999979e+01
5.733823529410000219e+02 3.808823529400000041e+01
5.866818181820000291e+02 3.822727272699999901e+01
1.210294117650000061e+02 3.985294117600000163e+01
2.685000000000000000e+02 3.900000000000000000e+01
3.838235294100000061e+01 4.008823529400000041e+01
2.920294117650000203e+02 4.085294117600000163e+01
2.150000000000000000e+01 4.100000000000000000e+01
3.466111111110000138e+02 4.277777777800000081e+01
4.787777777779999724e+02 4.261111111099999960e+01
5.408636363639999445e+02 4.259090909100000033e+01
2.285500000000000114e+02 4.439999999999999858e+01
3.675000000000000000e+02 4.400000000000000000e+01
1.986176470590000065e+02 4.491176470599999959e+01
4.410000000000000000e+02 4.550000000000000000e+01
3.266999999999999886e+02 4.700000000000000000e+01
4.135500000000000114e+02 4.760000000000000142e+01
4.606111111110000138e+02 4.777777777800000081e+01
9.099999999999999645e+00 4.889999999999999858e+01
6.138888888900000040e+01 4.994444444399999838e+01
1.444000000000000057e+02 4.954999999999999716e+01
3.920000000000000000e+02 4.900000000000000000e+01
3.145909090910000145e+02 4.986363636400000132e+01
4.871000000000000227e+02 4.989999999999999858e+01
1.871190476190000140e+02 5.250000000000000000e+01
2.556111111110000138e+02 5.477777777800000081e+01
8.400000000000000000e+01 5.478571428600000104e+01
3.718125000000000000e+02 5.556250000000000000e+01
5.519583333330000414e+02 5.545833333299999879e+01
1.028846153850000036e+02 5.688461538499999648e+01
5.293666666670000041e+02 5.703333333300000163e+01
5.778846153849999610e+02 5.711538461500000352e+01
3.346538461540000071e+02 5.803846153799999996e+01
5.111153846149999822e+02 5.788461538499999648e+01
2.848529411760000016e+02 6.097058823500000102e+01
5.672222222220000276e+02 6.161111111099999960e+01
1.205000000000000000e+02 6.200000000000000000e+01
3.125000000000000000e+02 6.296153846200000004e+01
4.818999999999999773e+02 6.279999999999999716e+01
3.945000000000000000e+02 6.387500000000000000e+01
1.597857142860000010e+02 6.500000000000000000e+01
2.431111111110000138e+02 6.527777777800000081e+01
3.479117647059999854e+02 6.614705882399999837e+01
2.008333333299999879e+01 6.725000000000000000e+01
2.095000000000000000e+02 6.714705882399999837e+01
2.598999999999999773e+02 6.743333333299999310e+01
4.526999999999999886e+02 6.800000000000000000e+01
1.485000000000000000e+02 6.900000000000000000e+01
4.700000000000000000e+01 7.000000000000000000e+01
4.600384615379999786e+02 7.034615384600000709e+01
1.135000000000000000e+02 7.050000000000000000e+01
4.300333333329999732e+02 7.136666666700000405e+01
1.326666666669999870e+02 7.258333333299999879e+01
4.965000000000000000e+02 7.314705882399999837e+01
7.581250000000000000e+01 7.468750000000000000e+01
9.391176470599999959e+01 7.438235294099999351e+01
1.814130434779999916e+02 7.528260869599999694e+01
4.103823529410000219e+02 7.379411764699999310e+01
5.644444444440000552e+02 7.450000000000000000e+01
1.967941176470000073e+02 7.508823529400000041e+01
2.264705881999999892e+00 7.620588235300000690e+01
5.550000000000000000e+01 7.600000000000000000e+01
2.952142857140000274e+02 7.600000000000000000e+01
2.195909090909999861e+02 7.713636363599999868e+01
3.867222222220000276e+02 7.800000000000000000e+01
2.465789473699999945e+01 7.965789473700000656e+01
2.358333333330000130e+02 7.783333333299999879e+01
3.660000000000000000e+02 7.977272727300000099e+01
4.840000000000000000e+02 7.950000000000000000e+01
5.158999999999999773e+02 7.909999999999999432e+01
4.480384615379999786e+02 8.065384615399999291e+01
5.302333333330000187e+02 8.116666666700000121e+01
5.450882352940000146e+02 8.138235294099999351e+01
2.586000000000000227e+02 8.279999999999999716e+01
2.778684210530000200e+02 8.402631578899999454e+01
3.280000000000000000e+02 8.450000000000000000e+01
1.495000000000000000e+02 8.614705882399999837e+01
4.334090909089999855e+02 8.840909090899999967e+01
1.102500000000000000e+02 8.893750000000000000e+01
3.138999999999999773e+02 8.990000000000000568e+01
5.215000000000000000e+02 8.964285714300000052e+01
7.659090909100000033e+01 9.086363636400000132e+01
1.751153846150000106e+02 9.111538461499999642e+01
1.876333333329999959e+02 9.103333333300000163e+01
2.055000000000000000e+02 9.350000000000000000e+01
4.004375000000000000e+02 9.350000000000000000e+01
4.973666666670000041e+02 9.396666666699999837e+01
1.250000000000000000e+02 9.478571428600000104e+01
5.159090909100000033e+01 9.586363636400000132e+01
4.632500000000000000e+02 9.583333333299999879e+01
3.363333333300000305e+01 9.703333333300000163e+01
2.213823529409999935e+02 9.708823529400000041e+01
2.938500000000000227e+02 9.784999999999999432e+01
3.202058823529999927e+02 9.961764705900000649e+01
5.697777777779999724e+02 9.938888888900000040e+01
5.645000000000000000e+02 9.850000000000000000e+01
8.236666666700000405e+01 1.010333333330000016e+02
1.477307692310000107e+02 1.018846153850000036e+02
7.617647059000000276e+00 1.030882352940000004e+02
2.424090909090000139e+02 1.031363636359999987e+02
4.558846153850000178e+02 1.027307692309999965e+02
2.741923076919999858e+02 1.044230769229999964e+02
5.487999999999999545e+02 1.043499999999999943e+02
4.239666666670000268e+02 1.053666666670000041e+02
3.060000000000000000e+02 1.060000000000000000e+02
3.434499999999999886e+02 1.064000000000000057e+02
5.182500000000000000e+02 1.058750000000000000e+02
5.631153846150000390e+02 1.058846153850000036e+02
6.620833333299999879e+01 1.075000000000000000e+02
4.691875000000000000e+02 1.076250000000000000e+02
4.874473684210000215e+02 1.076578947370000066e+02
2.250000000000000000e+01 1.079285714290000016e+02
3.736428571430000147e+02 1.082142857139999990e+02
3.865833333329999846e+02 1.079166666670000012e+02
1.162142857139999990e+02 1.090000000000000000e+02
1.665909090909999861e+02 1.108636363640000013e+02
5.292142857139999705e+02 1.110000000000000000e+02
2.058846153849999894e+02 1.121153846149999964e+02
1.047307692309999965e+02 1.138846153850000036e+02
1.832500000000000000e+02 1.139166666670000012e+02
1.425000000000000000e+02 1.157105263159999993e+02
2.258846153849999894e+02 1.148846153850000036e+02
2.825000000000000000e+02 1.155000000000000000e+02
2.443750000000000000e+02 1.156250000000000000e+02
5.875000000000000000e+02 1.155000000000000000e+02
8.214285714000000738e+00 1.170000000000000000e+02
4.453750000000000000e+02 1.163750000000000000e+02
2.637105263160000277e+02 1.192368421049999938e+02
3.143666666670000041e+02 1.189666666669999984e+02
3.995000000000000000e+02 1.200000000000000000e+02
3.377307692310000107e+02 1.216538461539999929e+02
4.300000000000000000e+01 1.230000000000000000e+02
1.104090909089999997e+02 1.244090909089999997e+02
3.521315789469999800e+02 1.257105263159999993e+02
4.985909090910000145e+02 1.254090909089999997e+02
8.350000000000000000e+01 1.255000000000000000e+02
3.718333333329999846e+02 1.262500000000000000e+02
6.550000000000000000e+01 1.272999999999999972e+02
4.443666666670000041e+02 1.270333333330000016e+02
4.660000000000000000e+02 1.272142857139999990e+02
5.471153846150000390e+02 1.271153846149999964e+02
5.741666666669999586e+02 1.263888888890000004e+02
1.615000000000000000e+02 1.285000000000000000e+02
1.802857142860000010e+02 1.291428571429999863e+02
2.710000000000000000e+02 1.290000000000000000e+02
4.811153846149999822e+02 1.291153846150000106e+02
5.160294117649999635e+02 1.313823529409999935e+02
2.290999999999999943e+02 1.320999999999999943e+02
4.221000000000000227e+02 1.320999999999999943e+02
2.870882352940000146e+02 1.336176470590000065e+02
2.078571428600000104e+01 1.340000000000000000e+02
1.240000000000000000e+02 1.337857142860000010e+02
2.060652173910000045e+02 1.346739130429999989e+02
2.575000000000000000e+02 1.359285714289999873e+02
3.895666666669999927e+02 1.359000000000000057e+02
2.989999999999999858e+01 1.370999999999999943e+02
5.763461538459999929e+02 1.369615384619999929e+02
9.444444440000000496e-01 1.387222222219999992e+02
5.063750000000000000e+02 1.388125000000000000e+02
5.418529411759999448e+02 1.385000000000000000e+02
5.551153846150000390e+02 1.378846153849999894e+02
3.306578947369999923e+02 1.405526315790000069e+02
1.605260869569999898e+02 1.468217391299999974e+02
1.396764705880000008e+02 1.423235294119999992e+02
1.941153846150000106e+02 1.427307692310000107e+02
3.120000000000000000e+02 1.430000000000000000e+02
2.095000000000000000e+02 1.453000000000000114e+02
3.618529411760000016e+02 1.450294117649999919e+02
3.905000000000000000e+02 1.458529411760000016e+02
4.061363636359999987e+02 1.455909090909999861e+02
4.583666666670000041e+02 1.450333333330000016e+02
8.116666666700000121e+01 1.462777777780000008e+02
1.219000000000000057e+02 1.489000000000000057e+02
4.290000000000000000e+02 1.488333333330000130e+02
4.586842105299999872e+01 1.512368421049999938e+02
3.282272727270000132e+02 1.520000000000000000e+02
5.206578947369999923e+02 1.513421052630000077e+02
5.000000000000000000e-01 1.510000000000000000e+02
3.729615384620000214e+02 1.526538461540000071e+02
2.409210526319999985e+02 1.546052631580000138e+02
2.645000000000000000e+02 1.545000000000000000e+02
4.391000000000000227e+02 1.540999999999999943e+02
4.726578947369999923e+02 1.543421052630000077e+02
6.227777777800000081e+01 1.550000000000000000e+02
1.317307692310000107e+02 1.551153846150000106e+02
1.805869565220000084e+02 1.555434782609999900e+02
2.245999999999999943e+02 1.554499999999999886e+02
1.004565217389999958e+02 1.581086956519999944e+02
2.835000000000000000e+02 1.577352941180000130e+02
2.995000000000000000e+02 1.585000000000000000e+02
5.646304347830000552e+02 1.587173913039999888e+02
2.085000000000000000e+02 1.586999999999999886e+02
3.455000000000000000e+02 1.586999999999999886e+02
4.028333333329999846e+02 1.606111111110000138e+02
4.947380952380000281e+02 1.612142857139999990e+02
5.412272727270000132e+02 1.608636363640000013e+02
4.265384615400000001e+01 1.620384615380000071e+02
1.551363636359999987e+02 1.615909090909999861e+02
1.561111111099999960e+01 1.640555555560000016e+02
2.735000000000000000e+02 1.635000000000000000e+02
4.226578947369999923e+02 1.645526315790000069e+02
5.193235294119999708e+02 1.645588235289999943e+02
1.000000000000000000e+01 1.657222222219999992e+02
4.623823529410000219e+02 1.649117647060000138e+02
2.423571428570000137e+02 1.666904761899999983e+02
2.880555555560000016e+02 1.676111111110000138e+02
5.582142857139999705e+02 1.690000000000000000e+02
3.697500000000000000e+02 1.698750000000000000e+02
5.376363636360000555e+02 1.705000000000000000e+02
6.513157894699999417e+01 1.712894736840000007e+02
3.170000000000000000e+02 1.712142857139999990e+02
1.252142857139999990e+02 1.720000000000000000e+02
5.020000000000000000e+02 1.732777777780000008e+02
5.721315789469999800e+02 1.737105263159999993e+02
9.555555555600000162e+01 1.746111111110000138e+02
3.573888888889999862e+02 1.757777777780000008e+02
4.432500000000000000e+02 1.752500000000000000e+02
4.740000000000000000e+02 1.750000000000000000e+02
3.321153846149999822e+02 1.758846153849999894e+02
7.785294117600000163e+01 1.775000000000000000e+02
1.405000000000000000e+02 1.785000000000000000e+02
1.993000000000000114e+02 1.790000000000000000e+02
1.079000000000000057e+02 1.799000000000000057e+02
3.890000000000000000e+02 1.800000000000000000e+02
1.680000000000000000e+02 1.810000000000000000e+02
2.800333333329999732e+02 1.816333333329999959e+02
3.152857142859999726e+02 1.818571428570000137e+02
4.037142857140000274e+02 1.819285714289999873e+02
5.140882352940000146e+02 1.826176470590000065e+02
5.000000000000000000e-01 1.825000000000000000e+02
4.619285714289999873e+02 1.835000000000000000e+02
1.488461538500000003e+01 1.838846153849999894e+02
2.223823529409999935e+02 1.840882352939999862e+02
7.909999999999999432e+01 1.859000000000000057e+02
2.535500000000000114e+02 1.874000000000000057e+02
4.238125000000000000e+02 1.873750000000000000e+02
6.884615385000000032e+00 1.881153846150000106e+02
4.650000000000000000e+01 1.878333333330000130e+02
4.857500000000000000e+02 1.887500000000000000e+02
1.816818181820000007e+02 1.893181818179999993e+02
3.021000000000000227e+02 1.890999999999999943e+02
2.755000000000000000e+02 1.900000000000000000e+02
5.650000000000000000e+02 1.917222222219999992e+02
3.489117647059999854e+02 1.923823529409999935e+02
2.992307692299999999e+01 1.936538461540000071e+02
1.090625000000000000e+02 1.937500000000000000e+02
2.826176470589999781e+02 1.929117647060000138e+02
3.906538461540000071e+02 1.939615384619999929e+02
5.467500000000000000e+02 1.942500000000000000e+02
2.104000000000000057e+02 1.955500000000000114e+02
5.284473684209999647e+02 1.953421052630000077e+02
3.944444444000000161e+00 1.963888888889999862e+02
1.280000000000000000e+02 1.960000000000000000e+02
3.766578947369999923e+02 1.976578947369999923e+02
4.483181818180000278e+02 1.973181818179999993e+02
4.922500000000000000e+02 1.970625000000000000e+02
1.423666666670000041e+02 1.989666666669999984e+02
1.713461538459999929e+02 1.990384615380000071e+02
2.263000000000000114e+02 1.995000000000000000e+02
4.603095238099999733e+02 2.013571428570000137e+02
5.591176470599999959e+01 2.036176470590000065e+02
1.856578947369999923e+02 2.036578947369999923e+02
3.350500000000000114e+02 2.034000000000000057e+02
4.078500000000000227e+02 2.030999999999999943e+02
5.158846153849999610e+02 2.041153846150000106e+02
2.370333333330000016e+02 2.066333333329999959e+02
1.244999999999999929e+01 2.084000000000000057e+02
1.513461538459999929e+02 2.081153846150000106e+02
8.496153846199999293e+01 2.088846153849999894e+02
1.333571428570000137e+02 2.094285714289999873e+02
4.810000000000000000e+02 2.095000000000000000e+02
3.111666666670000154e+02 2.102333333329999903e+02
3.787222222220000276e+02 2.102777777780000008e+02
2.941315789469999800e+02 2.109736842110000055e+02
5.710333333329999732e+02 2.116333333329999959e+02
3.978571428600000104e+01 2.121428571429999863e+02
2.077500000000000000e+02 2.119166666669999870e+02
2.517380952379999997e+02 2.131190476190000140e+02
2.745869565219999799e+02 2.132826086960000112e+02
1.172142857139999990e+02 2.130000000000000000e+02
3.100000000000000000e+01 2.145000000000000000e+02
9.336666666700000405e+01 2.140999999999999943e+02
1.738333333330000130e+02 2.142333333329999903e+02
3.690000000000000000e+02 2.140000000000000000e+02
4.288333333329999846e+02 2.137500000000000000e+02
5.044166666670000154e+02 2.158333333330000130e+02
5.280000000000000000e+02 2.160000000000000000e+02
7.283333333299999879e+01 2.166111111110000138e+02
2.320999999999999943e+02 2.179000000000000057e+02
4.488846153850000178e+02 2.178846153849999894e+02
2.813666666670000041e+02 2.226466666670000052e+02
3.423095238099999733e+02 2.206428571429999863e+02
5.545666666670000495e+02 2.210999999999999943e+02
4.047500000000000000e+02 2.221666666669999870e+02
2.505999999999999943e+02 2.234499999999999886e+02
1.223888888890000004e+02 2.249444444439999984e+02
4.846739130430000273e+02 2.245000000000000000e+02
5.863461538459999929e+02 2.239615384619999929e+02
4.166111111110000138e+02 2.252222222219999992e+02
5.659090909090000423e+02 2.261363636359999987e+02
3.217105263160000277e+02 2.266052631580000138e+02
5.110000000000000000e+02 2.270000000000000000e+02
3.550000000000000000e+01 2.290000000000000000e+02
5.429999999999999716e+01 2.285000000000000000e+02
3.099615384620000214e+02 2.293461538459999929e+02
4.678999999999999773e+02 2.290999999999999943e+02
3.611111111000000040e+00 2.300555555560000016e+02
1.406578947369999923e+02 2.303421052630000077e+02
3.620000000000000000e+02 2.305000000000000000e+02
8.328947368400000073e+01 2.325000000000000000e+02
3.830000000000000000e+02 2.330000000000000000e+02
4.438636363640000013e+02 2.314090909090000139e+02
1.041153846149999964e+02 2.341153846150000106e+02
2.576176470589999781e+02 2.339117647060000138e+02
5.320000000000000000e+02 2.345000000000000000e+02
1.943666666670000041e+02 2.349666666669999984e+02
5.535555555559999448e+02 2.356111111110000138e+02
1.560999999999999943e+02 2.359000000000000057e+02
2.183421052630000077e+02 2.373421052630000077e+02
5.861000000000000227e+02 2.370999999999999943e+02
3.786666666670000154e+02 2.385000000000000000e+02
2.208823529400000041e+01 2.396176470590000065e+02
2.902619047619999719e+02 2.401190476190000140e+02
4.035000000000000000e+02 2.390000000000000000e+02
5.084090909089999855e+02 2.391363636359999987e+02
3.467500000000000000e+02 2.409166666669999870e+02
4.467222222220000276e+02 2.410000000000000000e+02
4.284333333330000073e+02 2.419000000000000057e+02
6.409999999999999432e+01 2.440999999999999943e+02
3.283888888889999862e+02 2.447777777780000008e+02
1.100000000000000000e+02 2.452142857139999990e+02
1.467857142860000010e+02 2.450000000000000000e+02
1.808333333330000130e+02 2.447500000000000000e+02
2.070000000000000000e+02 2.455000000000000000e+02
3.637500000000000000e+02 2.449166666669999870e+02
5.680000000000000000e+02 2.460000000000000000e+02
4.300000000000000000e+01 2.467857142860000010e+02
1.905869565220000084e+02 2.482826086960000112e+02
2.727631578950000062e+02 2.472894736840000007e+02
2.382777777780000008e+02 2.490000000000000000e+02
1.347857142860000010e+02 2.500000000000000000e+02
3.835000000000000000e+02 2.520000000000000000e+02
4.731363636359999987e+02 2.520454545450000126e+02
1.660000000000000000e+02 2.530000000000000000e+02
4.868846153850000178e+02 2.531153846150000106e+02
1.338888888900000040e+01 2.542222222219999992e+02
8.861111111099999960e+01 2.542222222219999992e+02
2.971250000000000000e+02 2.542500000000000000e+02
6.175000000000000000e+01 2.565500000000000114e+02
2.167777777780000008e+02 2.586111111110000138e+02
5.022500000000000000e+02 2.582500000000000000e+02
5.384565217389999816e+02 2.591086956519999944e+02
4.052500000000000000e+02 2.591250000000000000e+02
4.316363636359999987e+02 2.599545454550000159e+02
1.459666666669999984e+02 2.606333333329999959e+02
2.830384615379999786e+02 2.596538461540000071e+02
5.256818181820000291e+02 2.606818181819999722e+02
3.166428571430000147e+02 2.636904761900000267e+02
3.537857142859999726e+02 2.630000000000000000e+02
2.686578947369999923e+02 2.643421052630000077e+02
1.030499999999999972e+02 2.666000000000000227e+02
1.211153846149999964e+02 2.662692307689999893e+02
2.517727272729999868e+02 2.672727272729999868e+02
5.558636363639999445e+02 2.665909090910000145e+02
3.755000000000000000e+02 2.693000000000000114e+02
4.540000000000000000e+02 2.687857142859999726e+02
4.771153846149999822e+02 2.692692307689999893e+02
4.944411764710000057e+02 2.696764705879999724e+02
5.855526315790000353e+02 2.696578947369999923e+02
2.363750000000000000e+02 2.693750000000000000e+02
3.538235294100000061e+01 2.710882352940000146e+02
1.823947368419999862e+02 2.710789473680000015e+02
4.390000000000000000e+02 2.707857142859999726e+02
1.310000000000000000e+02 2.717857142859999726e+02
2.098636363640000013e+02 2.739090909089999855e+02
5.007105263160000277e+02 2.735000000000000000e+02
8.009999999999999432e+01 2.748999999999999773e+02
1.675000000000000000e+02 2.750000000000000000e+02
3.335625000000000000e+02 2.755000000000000000e+02
3.955909090910000145e+02 2.748636363640000013e+02
4.316666666700000121e+01 2.762500000000000000e+02
2.958636363640000013e+02 2.769545454550000159e+02
5.302999999999999545e+02 2.765000000000000000e+02
1.554090909090000139e+02 2.798636363640000013e+02
3.437857142859999726e+02 2.800000000000000000e+02
5.662999999999999545e+02 2.818000000000000114e+02
3.874333333330000073e+02 2.825666666669999927e+02
4.001153846149999822e+02 2.818846153850000178e+02
6.511538461499999642e+01 2.828846153850000178e+02
2.232142857139999990e+02 2.830000000000000000e+02
3.102142857140000274e+02 2.830000000000000000e+02
3.697857142859999726e+02 2.830000000000000000e+02
2.675000000000000000e+02 2.840000000000000000e+02
5.166666667000000324e+00 2.856428571430000147e+02
4.187500000000000000e+02 2.851250000000000000e+02
4.658888888889999862e+02 2.851666666670000154e+02
1.110999999999999943e+02 2.871000000000000227e+02
2.474583333330000130e+02 2.881666666670000154e+02
5.431000000000000227e+02 2.868999999999999773e+02
1.785000000000000000e+02 2.895000000000000000e+02
2.006538461540000071e+02 2.890384615379999786e+02
2.861153846149999822e+02 2.891153846149999822e+02
4.387105263160000277e+02 2.892368421049999938e+02
5.210000000000000000e+02 2.895000000000000000e+02
3.295000000000000000e+02 2.900000000000000000e+02
4.847631578950000062e+02 2.902368421049999938e+02
2.786842105299999872e+01 2.925526315789999785e+02
3.607666666669999813e+02 2.925000000000000000e+02
9.100000000000000000e+01 2.930000000000000000e+02
1.623125000000000000e+02 2.946875000000000000e+02
2.390384615380000071e+02 2.936538461540000071e+02
1.473750000000000000e+02 2.964375000000000000e+02
4.027222222220000276e+02 2.970000000000000000e+02
4.580000000000000000e+02 2.970000000000000000e+02
5.057857142859999726e+02 2.970000000000000000e+02
6.183333333299999879e+01 2.982500000000000000e+02
1.815789474000000014e+00 3.000789473680000015e+02
1.234000000000000057e+02 2.995500000000000114e+02
2.779666666670000268e+02 2.996333333329999959e+02
5.627105263160000277e+02 2.998684210530000200e+02
3.811000000000000227e+02 3.001000000000000227e+02
4.370333333329999732e+02 3.023666666670000041e+02
1.002142857139999990e+02 3.030000000000000000e+02
2.955500000000000114e+02 3.033999999999999773e+02
4.749117647059999854e+02 3.036176470589999781e+02
7.086363636400000132e+01 3.050454545449999841e+02
1.445500000000000114e+02 3.057500000000000000e+02
2.210999999999999943e+02 3.051000000000000227e+02
3.126250000000000000e+02 3.051875000000000000e+02
1.768333333330000130e+02 3.055833333329999846e+02
2.530555555560000016e+02 3.063888888889999862e+02
1.928947368400000073e+01 3.075000000000000000e+02
3.750000000000000000e+01 3.070000000000000000e+02
3.441153846149999822e+02 3.068846153850000178e+02
2.016176470590000065e+02 3.090882352940000146e+02
2.381153846150000106e+02 3.091153846149999822e+02
5.777307692309999538e+02 3.103461538459999929e+02
5.468529411759999448e+02 3.109705882349999797e+02
4.992500000000000000e+02 3.121250000000000000e+02
4.540000000000000000e+02 3.142142857140000274e+02
1.104000000000000057e+02 3.165500000000000114e+02
4.733333333299999879e+01 3.185000000000000000e+02
2.147500000000000000e+02 3.180833333329999846e+02
2.640000000000000000e+02 3.185000000000000000e+02
5.320555555559999448e+02 3.182777777779999724e+02
3.295000000000000000e+02 3.190000000000000000e+02
1.932222222219999992e+02 3.216111111110000138e+02
2.935000000000000000e+02 3.215000000000000000e+02
4.120000000000000000e+02 3.210000000000000000e+02
5.644375000000000000e+02 3.208125000000000000e+02
9.227777777800000081e+01 3.220000000000000000e+02
1.617500000000000000e+02 3.222500000000000000e+02
3.081153846149999822e+02 3.218846153850000178e+02
1.100000000000000000e+01 3.230000000000000000e+02
6.741666666700000121e+01 3.231666666670000154e+02
3.597272727270000132e+02 3.235909090910000145e+02
4.817857142859999726e+02 3.230000000000000000e+02
1.279000000000000057e+02 3.238999999999999773e+02
4.296666666670000154e+02 3.234166666670000154e+02
2.700000000000000000e+01 3.255000000000000000e+02
3.935500000000000114e+02 3.253999999999999773e+02
4.611999999999999886e+02 3.258000000000000114e+02
5.174473684209999647e+02 3.282894736839999723e+02
5.875000000000000000e+02 3.275000000000000000e+02
1.517105263159999993e+02 3.301315789469999800e+02
5.518333333330000414e+02 3.297666666669999813e+02
6.916666666700000121e+01 3.307500000000000000e+02
1.835000000000000000e+02 3.317352941180000130e+02
2.505000000000000000e+02 3.310000000000000000e+02
4.511000000000000227e+02 3.308999999999999773e+02
2.354230769229999964e+02 3.328076923080000142e+02
3.187222222220000276e+02 3.345555555560000016e+02
3.722777777779999724e+02 3.344444444439999984e+02
3.405000000000000000e+02 3.355000000000000000e+02
2.350000000000000000e+01 3.370000000000000000e+02
5.286363636400000132e+01 3.365909090910000145e+02
2.785000000000000000e+02 3.370000000000000000e+02
9.091176470599999959e+01 3.387352941180000130e+02
4.043666666670000041e+02 3.379666666670000268e+02
4.266176470589999781e+02 3.379117647059999854e+02
1.072142857139999990e+02 3.390000000000000000e+02
4.630000000000000000e+02 3.390000000000000000e+02
5.190384615379999786e+02 3.393461538459999929e+02
3.872142857140000274e+02 3.401428571430000147e+02
5.003461538459999929e+02 3.404230769229999964e+02
3.007941176470000073e+02 3.417352941180000130e+02
5.383666666670000041e+02 3.410333333329999732e+02
2.106999999999999886e+02 3.425000000000000000e+02
4.783888888889999862e+02 3.436666666670000154e+02
1.211363636359999987e+02 3.458636363640000013e+02
1.722222222219999992e+02 3.453888888889999862e+02
6.370000000000000284e+01 3.465000000000000000e+02
1.947857142860000010e+02 3.470000000000000000e+02
2.507105263159999993e+02 3.475000000000000000e+02
5.728809523810000428e+02 3.472619047619999719e+02
5.860333333329999732e+02 3.473666666670000041e+02
1.100000000000000000e+01 3.500000000000000000e+02
3.761000000000000227e+02 3.501000000000000227e+02
3.568000000000000114e+02 3.508000000000000114e+02
3.357692307699999645e+01 3.518076923080000142e+02
4.915000000000000000e+02 3.520000000000000000e+02
2.345999999999999943e+02 3.534499999999999886e+02
1.510000000000000000e+02 3.540000000000000000e+02
4.125000000000000000e+02 3.545000000000000000e+02
5.082500000000000000e+02 3.538333333329999846e+02
4.480000000000000000e+02 3.557222222220000276e+02
4.450000000000000000e+01 3.553461538459999929e+02
2.991666666670000154e+02 3.578333333329999846e+02
3.626904761900000267e+02 3.576428571430000147e+02
9.938888888900000040e+01 3.583333333329999846e+02
5.520833333330000414e+02 3.575833333329999846e+02
2.624090909089999855e+02 3.595909090910000145e+02
3.350000000000000000e+02 3.587857142859999726e+02
4.305000000000000000e+02 3.590000000000000000e+02
4.618750000000000000e+02 3.592500000000000000e+02
8.518181818200000066e+01 3.603636363640000013e+02
3.107500000000000000e+02 3.598333333329999846e+02
3.950000000000000000e+02 3.600000000000000000e+02
5.324090909090000423e+02 3.598636363640000013e+02
1.488095238100000017e+01 3.619761904759999993e+02
1.831153846150000106e+02 3.611153846149999822e+02
1.131800000000000068e+02 3.627400000000000091e+02
2.130000000000000000e+02 3.622142857140000274e+02
1.699000000000000057e+02 3.638999999999999773e+02
2.760000000000000000e+02 3.637857142859999726e+02
4.807857142859999726e+02 3.640000000000000000e+02
5.771470588240000552e+02 3.639705882349999797e+02
3.386499999999999773e+02 3.670500000000000114e+02
5.450000000000000000e+01 3.673000000000000114e+02
5.079444444439999984e+02 3.707777777779999724e+02
1.290000000000000000e+02 3.722142857140000274e+02
2.469210526319999985e+02 3.723947368419999862e+02
4.190000000000000000e+02 3.720000000000000000e+02
5.222142857139999705e+02 3.720000000000000000e+02
2.070000000000000000e+02 3.735000000000000000e+02
3.740000000000000000e+02 3.747222222220000276e+02
1.460000000000000000e+02 3.752142857140000274e+02
2.220000000000000000e+02 3.770000000000000000e+02
2.837500000000000000e+02 3.787500000000000000e+02
3.064166666670000154e+02 3.781666666670000154e+02
3.635000000000000000e+02 3.790000000000000000e+02
5.496904761900000267e+02 3.795952380950000133e+02
2.691250000000000000e+02 3.802500000000000000e+02
9.640909090899999967e+01 3.808636363640000013e+02
4.385000000000000000e+02 3.812894736839999723e+02
1.660000000000000000e+02 3.825000000000000000e+02
1.867105263159999993e+02 3.825000000000000000e+02
3.310000000000000142e+01 3.838999999999999773e+02
7.508823529400000041e+01 3.843823529410000219e+02
1.250000000000000000e+02 3.845000000000000000e+02
4.638999999999999773e+02 3.838999999999999773e+02
3.948529411760000016e+02 3.849705882349999797e+02
5.790555555559999448e+02 3.856111111110000138e+02
5.358846153849999610e+02 3.861153846149999822e+02
5.000000000000000000e-01 3.875000000000000000e+02
4.275833333329999846e+02 3.878333333329999846e+02
1.012500000000000000e+01 3.892500000000000000e+02
2.490882352939999862e+02 3.893823529410000219e+02
4.166363636359999987e+02 3.901818181819999722e+02
1.440000000000000000e+02 3.902142857140000274e+02
2.375000000000000000e+02 3.915000000000000000e+02
3.236666666670000154e+02 3.913888888889999862e+02
4.757105263160000277e+02 3.915000000000000000e+02
4.948846153850000178e+02 3.908846153850000178e+02
2.762857142859999726e+02 3.918571428569999853e+02
8.329999999999999716e+01 3.935000000000000000e+02
1.030000000000000000e+02 3.945000000000000000e+02
1.771666666669999870e+02 3.936111111110000138e+02
3.407222222220000276e+02 3.940000000000000000e+02
5.170000000000000000e+02 3.945000000000000000e+02
1.954285714289999873e+02 3.958571428569999853e+02
3.676250000000000000e+02 3.968333333329999846e+02
6.450000000000000000e+01 3.971470588239999984e+02
1.637500000000000000e+02 3.977500000000000000e+02
2.152500000000000000e+02 3.969166666670000154e+02
3.800000000000000000e+01 3.985000000000000000e+02
2.971999999999999886e+02 3.983999999999999773e+02
2.934615384599999999e+01 4.001923076919999858e+02
4.447777777779999724e+02 4.023888888889999862e+02
5.577500000000000000e+02 4.021250000000000000e+02
5.771153846150000390e+02 4.021153846149999822e+02
3.300000000000000000e+02 4.042142857140000274e+02
3.890833333329999846e+02 4.042500000000000000e+02
4.190000000000000000e+02 4.045000000000000000e+02
1.158333333329999988e+02 4.047500000000000000e+02
2.611470588239999984e+02 4.050294117650000203e+02
5.280000000000000000e+02 4.052142857140000274e+02
4.942500000000000000e+02 4.062500000000000000e+02
1.473333333330000130e+02 4.081666666670000154e+02
5.075000000000000000e+02 4.075000000000000000e+02
7.009999999999999432e+01 4.091000000000000227e+02
2.228000000000000114e+02 4.116499999999999773e+02
3.992647058819999870e+02 4.122647058819999870e+02
4.698000000000000114e+02 4.123999999999999773e+02
5.000000000000000000e-01 4.135000000000000000e+02
9.700000000000000000e+01 4.137857142859999726e+02
2.388636363640000013e+02 4.135909090910000145e+02
3.421363636359999987e+02 4.150909090910000145e+02
4.445625000000000000e+02 4.147500000000000000e+02
3.088571428569999853e+02 4.162857142859999726e+02
1.992142857139999990e+02 4.170000000000000000e+02
5.607500000000000000e+02 4.171666666670000154e+02
1.706999999999999886e+02 4.180000000000000000e+02
2.783333333329999846e+02 4.195000000000000000e+02
1.106111111109999996e+02 4.200555555560000016e+02
2.575000000000000000e+01 4.209375000000000000e+02
5.465789473699999945e+01 4.216578947369999923e+02
1.830000000000000000e+02 4.205000000000000000e+02
3.126250000000000000e+02 4.218125000000000000e+02
3.766000000000000227e+02 4.215500000000000114e+02
5.447105263160000277e+02 4.215000000000000000e+02
3.400000000000000000e+01 4.223000000000000114e+02
4.763823529410000219e+02 4.236764705879999724e+02
9.250000000000000000e+01 4.240000000000000000e+02
3.479666666670000268e+02 4.246333333329999959e+02
5.184444444440000552e+02 4.242777777779999724e+02
2.563461538459999929e+02 4.250384615379999786e+02
4.168529411760000016e+02 4.270294117650000203e+02
3.875000000000000000e+02 4.275000000000000000e+02
3.000000000000000000e+00 4.290000000000000000e+02
4.301470588239999984e+02 4.290294117650000203e+02
4.558181818180000278e+02 4.297727272729999868e+02
4.968846153850000178e+02 4.287307692310000107e+02
1.255000000000000000e+02 4.305000000000000000e+02
1.496818181820000007e+02 4.296818181819999722e+02
2.377777777780000008e+02 4.313888888889999862e+02
2.490999999999999943e+02 4.308999999999999773e+02
3.285000000000000000e+02 4.310000000000000000e+02
5.810000000000000000e+02 4.320000000000000000e+02
2.920555555560000016e+02 4.332777777779999724e+02
2.066111111110000138e+02 4.338333333329999846e+02
2.805000000000000000e+02 4.332142857140000274e+02
3.690000000000000000e+02 4.340000000000000000e+02
4.550000000000000000e+01 4.356176470589999781e+02
5.383666666670000041e+02 4.350333333329999732e+02
6.935714285699999948e+01 4.373095238099999733e+02
1.755000000000000000e+02 4.372894736839999723e+02
3.533750000000000000e+02 4.366250000000000000e+02
1.935000000000000000e+02 4.375000000000000000e+02
1.250000000000000000e+01 4.407666666669999813e+02
1.560000000000000000e+02 4.405000000000000000e+02
3.030882352940000146e+02 4.406176470589999781e+02
5.503888888889999862e+02 4.398333333329999846e+02
4.030000000000000000e+02 4.410000000000000000e+02
8.000000000000000000e+01 4.427222222220000276e+02
3.903750000000000000e+02 4.416250000000000000e+02
2.293181818179999993e+02 4.426818181819999722e+02
5.173666666670000041e+02 4.428333333329999846e+02
1.076500000000000057e+02 4.448000000000000114e+02
4.639545454550000159e+02 4.455000000000000000e+02
5.667999999999999545e+02 4.456499999999999773e+02
1.354000000000000057e+02 4.471999999999999886e+02
4.273181818180000278e+02 4.466818181819999722e+02
3.725000000000000000e+02 4.475000000000000000e+02
4.940000000000000000e+02 4.490000000000000000e+02
2.105000000000000000e+02 4.506363636359999987e+02
4.813500000000000227e+02 4.519499999999999886e+02
1.962894736840000007e+02 4.535000000000000000e+02
4.418333333329999846e+02 4.527666666669999813e+02
5.335000000000000000e+02 4.531923076919999858e+02
2.978571428600000104e+01 4.540000000000000000e+02
1.040000000000000000e+02 4.542142857140000274e+02
2.368846153849999894e+02 4.538846153850000178e+02
2.788846153850000178e+02 4.541153846149999822e+02
2.602142857140000274e+02 4.550000000000000000e+02
3.291250000000000000e+02 4.568333333329999846e+02
3.485000000000000000e+02 4.570714285710000127e+02
4.225000000000000000e+02 4.571470588239999984e+02
1.490333333330000016e+02 4.586333333329999959e+02
4.560000000000000000e+02 4.582777777779999724e+02
3.146111111110000138e+02 4.588333333329999846e+02
6.289473683999999842e+00 4.611315789469999800e+02
6.565789473700000656e+01 4.615526315789999785e+02
1.728846153849999894e+02 4.611153846149999822e+02
2.311153846150000106e+02 4.608846153850000178e+02
4.034130434780000201e+02 4.622826086960000112e+02
3.614090909089999855e+02 4.621363636359999987e+02
1.165833333329999988e+02 4.638333333329999846e+02
5.004090909089999855e+02 4.648636363640000013e+02
5.740000000000000000e+02 4.652142857140000274e+02
4.335000000000000000e+02 4.680000000000000000e+02
5.468333333330000414e+02 4.685000000000000000e+02
2.064444444439999984e+02 4.697222222220000276e+02
5.263823529410000219e+02 4.690882352940000146e+02
4.088461538499999648e+01 4.698846153850000178e+02
2.742142857140000274e+02 4.700000000000000000e+02
4.825000000000000000e+02 4.701470588239999984e+02
8.483333333299999879e+01 4.714166666670000154e+02
2.918750000000000000e+02 4.727500000000000000e+02
2.810000000000000142e+01 4.728999999999999773e+02
2.505666666669999927e+02 4.733000000000000114e+02
1.540000000000000000e+02 4.745000000000000000e+02
1.926666666669999870e+02 4.745000000000000000e+02
3.728636363640000013e+02 4.734090909089999855e+02
1.749117647060000138e+02 4.752647058819999870e+02
4.717222222220000276e+02 4.750000000000000000e+02
3.172142857140000274e+02 4.760000000000000000e+02
4.495909090910000145e+02 4.761363636359999987e+02
4.045000000000000000e+02 4.772894736839999723e+02
4.275000000000000000e+02 4.770000000000000000e+02
3.358333333329999846e+02 4.791666666670000154e+02
4.320000000000000000e+02 4.775000000000000000e+02
3.828999999999999773e+02 4.801000000000000227e+02
5.635000000000000000e+02 4.805000000000000000e+02
8.227272727000000785e+00 4.820000000000000000e+02
1.295526315790000069e+02 4.815526315789999785e+02
6.011538461500000352e+01 4.821153846149999822e+02
2.778888888889999862e+02 4.821111111110000138e+02
5.355000000000000000e+02 4.826052631580000138e+02
5.798750000000000000e+02 4.827500000000000000e+02
1.080000000000000000e+02 4.827857142859999726e+02
8.765384615399999291e+01 4.835769230770000036e+02
2.475666666669999927e+02 4.841000000000000227e+02
2.314166666669999870e+02 4.861666666670000154e+02
4.988999999999999773e+02 4.858999999999999773e+02
4.841428571430000147e+02 4.866428571430000147e+02
3.150000000000000000e+01 4.880000000000000000e+02
2.975000000000000000e+02 4.877500000000000000e+02
5.165000000000000000e+02 4.876999999999999886e+02
3.161666666670000154e+02 4.895000000000000000e+02
3.616250000000000000e+02 4.883750000000000000e+02
1.536999999999999886e+02 4.895000000000000000e+02
2.240000000000000000e+02 4.902142857140000274e+02
2.020000000000000000e+02 4.916666666670000154e+02
1.240000000000000000e+02 4.930000000000000000e+02
3.410000000000000000e+02 4.945000000000000000e+02
6.779999999999999716e+01 4.948000000000000114e+02
5.059166666670000154e+02 4.962500000000000000e+02
4.800000000000000000e+01 4.977857142859999726e+02
4.545000000000000000e+02 4.980000000000000000e+02
4.150000000000000000e+02 4.987857142859999726e+02
5.416250000000000000e+02 4.983750000000000000e+02
3.500000000000000000e+00 5.005000000000000000e+02
1.706250000000000000e+02 4.993750000000000000e+02
1.923666666670000041e+02 5.001000000000000227e+02
4.331666666670000154e+02 5.000333333329999732e+02
3.640000000000000000e+02 5.020000000000000000e+02
3.991666666670000154e+02 5.038333333329999846e+02
5.532142857139999705e+02 5.030000000000000000e+02
2.223333333300000092e+01 5.041666666670000154e+02
2.520000000000000000e+02 5.040000000000000000e+02
1.027631578950000062e+02 5.071842105260000153e+02
1.392500000000000000e+02 5.058750000000000000e+02
3.844523809519999986e+02 5.061190476190000140e+02
3.096666666670000154e+02 5.070000000000000000e+02
2.380000000000000000e+02 5.081666666670000154e+02
4.697666666669999813e+02 5.088333333329999846e+02
5.206538461540000071e+02 5.079615384620000214e+02
2.802222222220000276e+02 5.093333333329999846e+02
4.500000000000000000e+02 5.100000000000000000e+02
8.468750000000000000e+01 5.110000000000000000e+02
3.343000000000000114e+02 5.105000000000000000e+02
4.316428571430000147e+02 5.125714285709999558e+02
5.546538461540000071e+02 5.127307692309999538e+02
4.200000000000000000e+01 5.142142857139999705e+02
2.924090909089999855e+02 5.141363636360000555e+02
7.065789473700000656e+01 5.153421052630000077e+02
1.277857142860000010e+02 5.150000000000000000e+02
5.401153846150000390e+02 5.151153846150000390e+02
5.815000000000000000e+02 5.153947368420000430e+02
2.050000000000000000e+02 5.157857142860000295e+02
3.572500000000000000e+02 5.167500000000000000e+02
4.083823529410000219e+02 5.159117647059999854e+02
4.884473684210000215e+02 5.168684210530000200e+02
9.512500000000000000e+01 5.187500000000000000e+02
1.537727272729999868e+02 5.196818181820000291e+02
1.731666666669999870e+02 5.192500000000000000e+02
2.242272727270000132e+02 5.193181818179999709e+02
5.154444444440000552e+02 5.213888888889999862e+02
3.196666666699999837e+01 5.223666666670000041e+02
2.581153846149999822e+02 5.217307692309999538e+02
3.180789473680000015e+02 5.243947368420000430e+02
2.839545454550000159e+02 5.257272727270000132e+02
3.808846153850000178e+02 5.251153846150000390e+02
1.972222222219999992e+02 5.263333333330000414e+02
2.490000000000000000e+02 5.277222222220000276e+02
6.833333332999999676e+00 5.281666666669999586e+02
5.226470588200000122e+01 5.282647058820000439e+02
5.859210526320000554e+02 5.300789473679999446e+02
2.095000000000000000e+02 5.295000000000000000e+02
5.355000000000000000e+02 5.315000000000000000e+02
1.646818181820000007e+02 5.323181818179999709e+02
4.157857142859999726e+02 5.320000000000000000e+02
4.773750000000000000e+02 5.321875000000000000e+02
7.660526315799999963e+01 5.330789473679999446e+02
1.515714285710000127e+02 5.346428571430000147e+02
2.307777777780000008e+02 5.343888888889999862e+02
2.907500000000000000e+02 5.340833333330000414e+02
3.415000000000000000e+02 5.340000000000000000e+02
4.622777777779999724e+02 5.340000000000000000e+02
4.449117647059999854e+02 5.353823529410000219e+02
3.625000000000000000e+02 5.365000000000000000e+02
3.827857142859999726e+02 5.360000000000000000e+02
5.552142857139999705e+02 5.360000000000000000e+02
1.134500000000000028e+02 5.383999999999999773e+02
2.620000000000000000e+02 5.392142857139999705e+02
5.145000000000000000e+02 5.395000000000000000e+02
1.836111111110000138e+02 5.422222222220000276e+02
3.228000000000000114e+02 5.426499999999999773e+02
5.015000000000000000e+02 5.422894736839999723e+02
3.120000000000000000e+02 5.430000000000000000e+02
3.992692307689999893e+02 5.428846153849999610e+02
2.492857142900000156e+01 5.443095238099999733e+02
1.210000000000000000e+02 5.447222222220000276e+02
5.872999999999999545e+02 5.461000000000000227e+02
5.726739130429999705e+02 5.479347826089999671e+02
4.748684210530000200e+02 5.487105263160000277e+02
5.350000000000000000e+01 5.492999999999999545e+02
9.750000000000000000e+00 5.501666666669999586e+02
1.578571428570000137e+02 5.502857142860000295e+02
2.786333333329999959e+02 5.499666666670000268e+02
9.950000000000000000e+01 5.510000000000000000e+02
3.508529411760000016e+02 5.515000000000000000e+02
5.450000000000000000e+02 5.530000000000000000e+02
1.427083333330000130e+02 5.542916666669999586e+02
2.030000000000000000e+02 5.527857142860000295e+02
2.325909090909999861e+02 5.528636363639999445e+02
4.310000000000000000e+02 5.535000000000000000e+02
3.782142857140000274e+02 5.541428571430000147e+02
5.218846153849999610e+02 5.538846153849999610e+02
4.487142857140000274e+02 5.551428571430000147e+02
3.326333333329999959e+02 5.560333333329999732e+02
7.300000000000000000e+01 5.572142857139999705e+02
1.788125000000000000e+02 5.576250000000000000e+02
2.485000000000000000e+02 5.581470588240000552e+02
3.055882352900000143e+01 5.602647058820000439e+02
3.166111111110000138e+02 5.598333333330000414e+02
2.060000000000000000e+02 5.615000000000000000e+02
3.020000000000000000e+02 5.615000000000000000e+02
5.100000000000000000e+02 5.615000000000000000e+02
