8.807692308000000025e+00 1.500000000000000000e+00
3.950000000000000000e+01 5.000000000000000000e-01
7.650000000000000000e+01 5.000000000000000000e-01
8.750000000000000000e+01 5.000000000000000000e-01
2.490000000000000000e+02 1.785714285999999928e+00
2.965000000000000000e+02 5.000000000000000000e-01
4.293000000000000114e+02 1.100000000000000089e+00
5.482142857139999705e+02 9.285714290000000037e-01
1.520294117649999919e+02 3.852941175999999857e+00
2.305000000000000000e+02 3.299999999999999822e+00
4.732142857140000274e+02 3.000000000000000000e+00
5.881250000000000000e+02 4.750000000000000000e+00
4.787500000000000000e+01 5.250000000000000000e+00
1.965000000000000000e+02 5.852941175999999857e+00
3.150000000000000000e+02 5.000000000000000000e+00
5.591153846150000390e+02 4.884615385000000032e+00
3.295500000000000114e+02 6.599999999999999645e+00
4.035588235289999943e+02 6.441176471000000348e+00
5.268333333330000414e+02 6.233333333000000032e+00
2.789999999999999858e+01 8.099999999999999645e+00
2.622222222220000276e+02 8.611111110999999596e+00
2.826176470589999781e+02 7.911764705999999592e+00
5.020000000000000000e+02 8.277777778000000808e+00
3.743999999999999773e+02 9.449999999999999289e+00
3.501000000000000227e+02 9.900000000000000355e+00
4.918125000000000000e+02 1.037500000000000000e+01
1.030000000000000000e+02 1.150000000000000000e+01
1.415000000000000000e+02 1.350000000000000000e+01
2.115588235289999943e+02 1.338235294100000061e+01
4.251000000000000227e+02 1.390000000000000036e+01
7.470000000000000284e+01 1.450000000000000000e+01
9.500000000000000000e+01 1.621428571399999896e+01
4.535000000000000000e+02 1.630000000000000071e+01
1.821153846150000106e+02 1.688461538500000003e+01
3.076363636359999987e+02 1.750000000000000000e+01
3.973000000000000114e+02 1.800000000000000000e+01
4.431470588239999984e+02 1.850000000000000000e+01
5.472857142860000295e+02 1.785714285699999948e+01
3.504090909089999855e+02 2.059090909100000033e+01
4.736176470589999781e+02 2.008823529400000041e+01
1.595000000000000000e+02 2.100000000000000000e+01
3.791153846149999822e+02 2.111538461499999997e+01
3.229705882349999797e+02 2.214705882399999837e+01
5.178529411759999448e+02 2.350000000000000000e+01
5.589999999999999858e+01 2.389999999999999858e+01
2.370000000000000000e+02 2.450000000000000000e+01
5.658999999999999773e+02 2.489999999999999858e+01
2.708636363640000013e+02 2.604545454499999835e+01
5.820000000000000000e+02 2.727777777800000081e+01
7.340909090899999967e+01 2.840909090899999967e+01
1.273888888890000004e+02 2.822222222199999919e+01
4.908846153850000178e+02 2.788461538500000003e+01
1.060000000000000000e+02 2.850000000000000000e+01
1.816666666700000121e+01 3.011111111099999960e+01
1.808529411760000016e+02 3.050000000000000000e+01
3.120000000000000000e+02 3.100000000000000000e+01
3.873750000000000000e+02 3.062500000000000000e+01
2.050000000000000000e+02 3.250000000000000000e+01
2.528636363640000013e+02 3.195454545500000165e+01
4.509210526319999985e+02 3.239473684200000037e+01
4.158846153850000178e+02 3.311538461500000352e+01
5.028809523809999860e+02 3.326190476200000035e+01
4.416666666700000121e+01 3.361111111099999960e+01
2.848333333329999846e+02 3.375000000000000000e+01
3.635000000000000000e+02 3.400000000000000000e+01
5.340333333329999732e+02 3.436666666699999695e+01
7.500000000000000000e+00 3.650000000000000000e+01
4.273823529410000219e+02 3.620588235299999980e+01
6.957692307700000356e+01 3.796153846200000004e+01
1.402142857139999990e+02 3.800000000000000000e+01
2.165000000000000000e+02 3.770000000000000284e+01
5.599666666670000268e+02 3.936666666699999695e+01
1.638529411760000016e+02 4.102941176499999898e+01
2.405909090909999861e+02 4.113636363599999868e+01
3.383421052630000077e+02 4.134210526300000055e+01
5.270000000000000000e+02 4.150000000000000000e+01
2.681666666670000154e+02 4.223333333299999737e+01
2.993235294120000276e+02 4.255882352900000143e+01
3.854090909089999855e+02 4.213636363599999868e+01
5.750000000000000000e+02 4.221428571399999896e+01
1.140000000000000000e+02 4.450000000000000000e+01
3.826470588200000122e+01 4.673529411799999878e+01
8.631818181799999934e+01 4.704545454499999835e+01
3.697500000000000000e+02 4.612500000000000000e+01
4.033823529410000219e+02 4.591176470599999959e+01
4.795000000000000000e+02 4.671052631599999927e+01
2.200000000000000000e+01 4.721428571399999896e+01
5.371428571430000147e+02 4.742857142900000156e+01
1.687500000000000000e+00 4.943750000000000000e+01
1.995000000000000000e+02 5.100000000000000000e+01
3.170000000000000000e+02 5.050000000000000000e+01
4.920000000000000000e+02 5.150000000000000000e+01
3.551000000000000227e+02 5.210000000000000142e+01
1.826666666669999870e+02 5.377777777800000081e+01
4.377500000000000000e+02 5.316666666700000121e+01
2.352500000000000000e+02 5.475000000000000000e+01
3.304090909089999855e+02 5.413636363599999868e+01
4.607500000000000000e+02 5.412500000000000000e+01
1.447105263159999993e+02 5.550000000000000000e+01
2.882647058819999870e+02 5.532352941199999918e+01
3.961153846149999822e+02 5.488461538499999648e+01
1.025909090910000003e+02 5.813636363599999868e+01
4.136578947369999923e+02 5.834210526300000055e+01
2.592500000000000000e+02 5.912500000000000000e+01
1.215000000000000000e+02 5.970000000000000284e+01
5.186538461540000071e+02 6.003846153799999996e+01
6.713157894699999417e+01 6.128947368400000073e+01
1.641153846150000106e+02 6.088461538499999648e+01
3.390000000000000000e+02 6.200000000000000000e+01
5.702647058820000439e+02 6.273529411799999878e+01
5.813461538459999929e+02 6.196153846200000004e+01
4.785000000000000000e+02 6.300000000000000000e+01
5.350000000000000000e+02 6.350000000000000000e+01
9.178571428600000104e+01 6.400000000000000000e+01
5.563571428569999853e+02 6.430952381000000173e+01
3.805000000000000000e+02 6.514705882399999837e+01
3.957666666669999813e+02 6.883333333299999879e+01
4.266111111110000138e+02 6.833333333299999879e+01
2.360294117649999919e+02 6.914705882399999837e+01
4.960000000000000000e+02 6.878571428600000104e+01
2.840909090899999967e+01 6.986363636400000132e+01
2.016333333329999959e+02 7.043333333299999310e+01
3.130000000000000000e+02 7.021428571399999896e+01
2.178333333330000130e+02 7.229999999999999716e+01
4.794444444399999838e+01 7.461111111099999960e+01
1.453000000000000114e+02 7.443333333299999310e+01
3.538333333329999846e+02 7.411111111099999960e+01
9.852941175999999857e+00 7.597058823499999392e+01
4.502142857140000274e+02 7.550000000000000000e+01
4.627857142859999726e+02 7.585714285699999948e+01
5.691000000000000227e+02 7.609999999999999432e+01
1.152777777780000008e+02 7.705555555600000162e+01
2.711153846149999822e+02 7.688461538500000358e+01
5.125000000000000000e+02 7.736666666700000405e+01
7.350000000000000000e+01 7.819230769199999997e+01
2.861470588239999984e+02 7.797058823499999392e+01
5.800000000000000000e+01 7.921428571399999896e+01
1.283181818179999993e+02 8.031818181799999934e+01
1.732500000000000000e+02 8.075000000000000000e+01
2.989166666670000154e+02 7.975000000000000000e+01
2.291153846150000106e+02 8.111538461499999642e+01
3.263666666670000041e+02 8.303333333300000163e+01
4.172500000000000000e+02 8.343750000000000000e+01
4.811000000000000227e+02 8.309999999999999432e+01
3.500000000000000000e+01 8.550000000000000000e+01
5.335000000000000000e+02 8.500000000000000000e+01
1.590000000000000000e+02 8.621428571399999896e+01
3.918750000000000000e+02 8.693750000000000000e+01
5.473750000000000000e+02 8.681250000000000000e+01
9.150000000000000000e+01 8.783333333299999879e+01
3.120833333329999846e+02 8.825000000000000000e+01
2.380000000000000000e+02 8.900000000000000000e+01
2.542727272729999868e+02 9.159090909100000033e+01
3.667173913039999888e+02 9.158695652199999415e+01
5.018846153850000178e+02 9.073076923099999647e+01
5.876111111110000138e+02 9.277777777800000081e+01
2.150000000000000000e+02 9.400000000000000000e+01
4.493461538459999929e+02 9.403846153800000707e+01
5.733421052630000077e+02 9.465789473700000656e+01
1.150000000000000000e+02 9.478571428600000104e+01
8.061111111099999960e+01 9.583333333299999879e+01
5.320000000000000000e+02 9.800000000000000000e+01
6.116666666700000121e+01 9.861111111099999960e+01
1.952142857139999990e+02 9.900000000000000000e+01
3.696666666699999837e+01 1.006333333329999959e+02
1.260384615380000071e+02 9.965384615399999291e+01
1.747857142860000010e+02 1.000000000000000000e+02
4.327500000000000000e+02 1.007500000000000000e+02
4.680000000000000000e+02 1.005000000000000000e+02
2.720000000000000000e+02 1.025000000000000000e+02
3.255000000000000000e+02 1.020000000000000000e+02
2.956428571430000147e+02 1.036904761899999983e+02
3.520000000000000000e+02 1.030000000000000000e+02
2.342777777780000008e+02 1.040000000000000000e+02
4.066875000000000000e+02 1.041875000000000000e+02
4.946176470589999781e+02 1.050882352940000004e+02
1.512692307689999893e+02 1.063461538460000071e+02
1.138235294100000061e+01 1.070882352940000004e+02
2.470000000000000000e+02 1.070000000000000000e+02
3.625000000000000000e+02 1.078529411760000016e+02
4.595769230770000036e+02 1.070384615380000071e+02
8.956666666700000690e+01 1.079000000000000057e+02
6.767391304299999888e+01 1.110652173910000045e+02
3.014705882399999837e+01 1.115000000000000000e+02
3.865909090910000145e+02 1.108636363640000013e+02
5.465000000000000000e+02 1.111666666670000012e+02
3.150000000000000000e+02 1.120000000000000000e+02
4.713888888889999862e+02 1.137777777780000008e+02
2.108846153849999894e+02 1.141153846149999964e+02
1.657857142860000010e+02 1.150000000000000000e+02
5.606538461540000071e+02 1.150384615380000071e+02
1.930384615380000071e+02 1.163461538460000071e+02
2.220000000000000000e+02 1.165000000000000000e+02
2.612500000000000000e+02 1.160625000000000000e+02
4.268846153850000178e+02 1.161153846149999964e+02
5.173421052630000077e+02 1.164473684209999931e+02
1.085000000000000000e+02 1.165000000000000000e+02
1.263181818179999993e+02 1.173181818179999993e+02
4.072500000000000000e+02 1.171250000000000000e+02
3.375000000000000000e+02 1.180000000000000000e+02
4.473750000000000000e+02 1.173750000000000000e+02
4.953571428569999853e+02 1.206904761899999983e+02
1.494473684209999931e+02 1.214473684209999931e+02
8.884615385000000032e+00 1.221153846149999964e+02
2.463888888889999862e+02 1.218333333329999988e+02
5.397857142860000295e+02 1.220000000000000000e+02
5.838846153849999610e+02 1.218846153850000036e+02
2.927941176470000073e+02 1.232647058820000012e+02
4.716666666700000121e+01 1.243666666670000041e+02
1.662058823529999927e+02 1.239117647059999996e+02
3.211363636359999987e+02 1.245909090910000003e+02
5.539615384620000214e+02 1.253461538460000071e+02
1.731317991630000108e+02 1.472259414229999948e+02
3.606111111110000138e+02 1.307777777780000008e+02
4.302333333330000187e+02 1.311666666669999870e+02
6.800000000000000000e+01 1.320000000000000000e+02
2.760000000000000000e+02 1.330000000000000000e+02
3.900000000000000000e+02 1.330000000000000000e+02
4.413750000000000000e+02 1.331875000000000000e+02
8.961111111099999960e+01 1.341666666669999870e+02
4.704090909089999855e+02 1.341363636359999987e+02
5.254500000000000455e+02 1.345999999999999943e+02
5.708333333330000414e+02 1.342500000000000000e+02
3.720000000000000000e+02 1.350000000000000000e+02
3.943750000000000000e+01 1.358125000000000000e+02
2.140000000000000000e+02 1.367222222219999992e+02
1.158809523810000002e+02 1.384523809519999986e+02
2.183333333299999879e+01 1.397500000000000000e+02
1.309545454549999874e+02 1.398636363640000013e+02
2.362142857139999990e+02 1.396428571429999863e+02
4.792692307689999893e+02 1.411153846150000106e+02
5.026538461540000071e+02 1.409615384619999929e+02
1.728750000000000000e+02 1.425000000000000000e+02
2.520000000000000000e+02 1.417857142860000010e+02
2.978846153850000178e+02 1.418846153849999894e+02
9.676470588000000816e+00 1.436764705880000008e+02
3.130000000000000000e+02 1.427857142860000010e+02
3.363947368419999862e+02 1.429210526319999985e+02
5.800000000000000000e+02 1.432142857139999990e+02
3.595000000000000000e+02 1.441470588239999984e+02
1.442500000000000000e+02 1.451250000000000000e+02
4.156052631580000138e+02 1.459210526319999985e+02
2.141153846150000106e+02 1.471153846150000106e+02
5.441000000000000227e+02 1.469000000000000057e+02
4.371052631599999927e+01 1.504473684209999931e+02
2.007500000000000000e+02 1.511250000000000000e+02
2.460999999999999943e+02 1.510999999999999943e+02
3.405000000000000000e+02 1.515000000000000000e+02
4.328636363640000013e+02 1.507727272729999868e+02
4.530000000000000000e+02 1.510000000000000000e+02
8.788095238100000017e+01 1.539761904759999993e+02
1.251875000000000000e+02 1.534375000000000000e+02
5.558999999999999773e+02 1.529000000000000057e+02
4.925909090910000145e+02 1.554090909090000139e+02
5.217857142860000295e+02 1.550000000000000000e+02
3.962333333330000187e+02 1.561666666669999870e+02
1.078181818179999993e+02 1.575909090909999861e+02
2.587352941180000130e+02 1.577352941180000130e+02
2.836176470589999781e+02 1.580882352939999862e+02
3.761000000000000227e+02 1.589000000000000057e+02
6.850000000000000000e+01 1.601666666669999870e+02
1.865909090909999861e+02 1.604090909090000139e+02
4.757631578950000062e+02 1.603947368419999862e+02
3.447368421000000183e+00 1.616578947369999923e+02
2.290652173910000045e+02 1.623260869570000011e+02
2.121999999999999886e+02 1.631999999999999886e+02
2.733333333329999846e+02 1.633333333330000130e+02
3.498636363640000013e+02 1.635909090909999861e+02
4.457857142859999726e+02 1.640000000000000000e+02
5.720000000000000000e+02 1.647727272729999868e+02
3.112500000000000000e+02 1.652500000000000000e+02
5.431153846150000390e+02 1.655769230770000036e+02
1.250000000000000000e+01 1.661666666669999870e+02
5.168999999999999773e+02 1.660999999999999943e+02
4.107857142859999726e+02 1.665000000000000000e+02
2.722222222199999919e+01 1.686111111110000138e+02
3.277307692310000107e+02 1.683461538459999929e+02
4.721428571399999896e+01 1.700000000000000000e+02
2.916250000000000000e+02 1.696250000000000000e+02
1.240000000000000000e+02 1.705000000000000000e+02
4.555000000000000000e+02 1.718529411760000016e+02
1.550999999999999943e+02 1.729000000000000057e+02
2.400789473680000015e+02 1.736052631580000138e+02
7.245000000000000284e+01 1.744000000000000057e+02
4.335000000000000000e+02 1.745000000000000000e+02
5.371470588240000552e+02 1.744411764710000057e+02
1.746666666669999870e+02 1.753888888889999862e+02
5.607857142860000295e+02 1.760000000000000000e+02
1.477857142860000010e+02 1.781190476190000140e+02
3.385000000000000000e+02 1.766999999999999886e+02
4.822894736839999723e+02 1.778684210529999916e+02
5.023823529410000219e+02 1.770882352939999862e+02
1.006578947370000066e+02 1.786578947369999923e+02
5.862222222220000276e+02 1.783888888889999862e+02
1.988333333330000130e+02 1.798333333330000130e+02
3.565000000000000000e+02 1.791470588239999984e+02
3.707857142859999726e+02 1.790000000000000000e+02
4.453947368419999862e+02 1.795000000000000000e+02
1.857142856999999925e+00 1.804285714289999873e+02
2.400000000000000000e+01 1.800000000000000000e+02
2.220882352939999862e+02 1.803823529409999935e+02
8.563333333299999595e+01 1.830333333330000016e+02
1.139000000000000057e+02 1.829000000000000057e+02
2.882142857140000274e+02 1.830000000000000000e+02
3.902222222220000276e+02 1.836111111110000138e+02
4.140000000000000000e+02 1.830000000000000000e+02
4.936363636400000132e+01 1.869545454549999874e+02
3.016764705879999724e+02 1.863235294119999992e+02
3.172142857140000274e+02 1.880000000000000000e+02
2.551875000000000000e+02 1.893750000000000000e+02
4.641666666670000154e+02 1.886111111110000138e+02
5.767500000000000000e+02 1.900625000000000000e+02
9.863636363999999546e+00 1.910454545450000126e+02
1.826538461540000071e+02 1.910384615380000071e+02
5.240294117649999635e+02 1.928529411760000016e+02
2.115000000000000000e+02 1.935000000000000000e+02
4.296999999999999886e+02 1.956999999999999886e+02
4.653260869569999727e+02 1.955000000000000000e+02
2.726999999999999886e+02 1.955000000000000000e+02
3.563666666670000041e+02 1.960333333330000016e+02
4.830000000000000000e+02 1.962142857139999990e+02
3.210000000000000142e+01 1.974600000000000080e+02
2.852333333330000187e+02 1.978333333330000130e+02
7.981250000000000000e+01 1.983750000000000000e+02
1.712142857139999990e+02 1.980000000000000000e+02
3.721000000000000227e+02 1.999000000000000057e+02
5.507777777779999724e+02 2.006111111110000138e+02
1.785714285999999928e+00 2.010000000000000000e+02
2.239615384619999929e+02 2.013461538459999929e+02
2.431153846150000106e+02 2.014230769229999964e+02
1.306538461540000071e+02 2.019615384619999929e+02
1.049666666669999984e+02 2.033666666670000041e+02
1.449666666669999984e+02 2.036333333329999959e+02
5.041470588239999984e+02 2.035000000000000000e+02
3.292500000000000000e+02 2.047500000000000000e+02
5.317352941179999561e+02 2.042647058819999870e+02
4.499666666670000268e+02 2.056333333329999959e+02
3.986999999999999886e+02 2.060000000000000000e+02
8.300000000000000000e+01 2.077857142860000010e+02
4.788461538499999648e+01 2.088846153849999894e+02
6.450000000000000000e+01 2.090000000000000000e+02
2.640294117650000203e+02 2.101470588239999984e+02
2.754047619049999867e+02 2.110714285710000127e+02
3.027352941180000130e+02 2.102058823529999927e+02
5.690000000000000000e+02 2.105000000000000000e+02
1.319000000000000057e+02 2.119000000000000057e+02
3.216176470589999781e+02 2.120882352939999862e+02
4.339545454550000159e+02 2.128636363640000013e+02
1.167142857139999990e+02 2.141428571429999863e+02
1.546538461540000071e+02 2.140384615380000071e+02
4.140789473680000015e+02 2.146052631580000138e+02
5.198636363639999445e+02 2.139545454549999874e+02
2.344999999999999929e+01 2.155999999999999943e+02
8.333333330000000094e-01 2.160000000000000000e+02
1.930999999999999943e+02 2.160999999999999943e+02
3.495909090910000145e+02 2.175909090909999861e+02
9.590000000000000568e+01 2.179000000000000057e+02
2.340454545450000126e+02 2.185000000000000000e+02
3.872777777779999724e+02 2.176111111110000138e+02
4.777222222220000276e+02 2.205555555560000016e+02
5.066538461540000071e+02 2.200384615380000071e+02
7.050000000000000000e+01 2.210000000000000000e+02
5.580000000000000000e+02 2.210000000000000000e+02
2.152500000000000000e+02 2.218333333330000130e+02
2.859158415840000202e+02 2.267079207920000101e+02
3.700000000000000000e+02 2.220000000000000000e+02
5.860000000000000000e+02 2.230000000000000000e+02
4.541363636359999987e+02 2.234090909090000139e+02
5.900000000000000000e+01 2.260000000000000000e+02
1.755000000000000000e+02 2.261666666669999870e+02
2.474444444439999984e+02 2.267222222219999992e+02
4.080000000000000000e+02 2.262142857139999990e+02
5.405499999999999545e+02 2.275999999999999943e+02
2.450000000000000000e+01 2.280714285710000127e+02
5.205000000000000000e+02 2.305000000000000000e+02
1.634375000000000000e+02 2.326250000000000000e+02
3.099615384620000214e+02 2.316538461540000071e+02
3.631666666670000154e+02 2.324166666669999870e+02
4.496999999999999886e+02 2.330000000000000000e+02
1.320999999999999943e+02 2.339000000000000057e+02
2.670789473680000015e+02 2.346052631580000138e+02
3.839736842109999770e+02 2.351315789470000084e+02
4.365789473699999945e+01 2.355526315790000069e+02
1.020000000000000000e+02 2.352142857139999990e+02
1.459705882350000081e+02 2.351470588239999984e+02
2.200294117649999919e+02 2.368529411760000016e+02
3.330000000000000000e+02 2.365000000000000000e+02
4.645000000000000000e+02 2.361470588239999984e+02
5.748999999999999773e+02 2.368499999999999943e+02
4.211470588239999984e+02 2.375000000000000000e+02
4.913421052630000077e+02 2.373421052630000077e+02
1.986111111110000138e+02 2.387777777780000008e+02
8.550000000000000000e+01 2.390000000000000000e+02
7.657894737000000340e+00 2.416578947369999923e+02
2.860882352940000146e+02 2.426176470590000065e+02
6.683333333299999879e+01 2.432333333329999903e+02
3.806818181819999722e+02 2.432272727270000132e+02
5.287000000000000455e+02 2.433000000000000114e+02
4.043947368419999862e+02 2.439210526319999985e+02
5.105833333329999846e+02 2.438333333330000130e+02
5.549375000000000000e+02 2.461250000000000000e+02
4.368846153850000178e+02 2.468846153849999894e+02
3.488846153850000178e+02 2.481153846150000106e+02
1.768333333330000130e+02 2.487500000000000000e+02
2.455909090909999861e+02 2.494090909090000139e+02
2.655555555560000016e+02 2.497222222219999992e+02
3.660000000000000000e+02 2.486999999999999886e+02
3.244444444439999984e+02 2.503888888889999862e+02
4.879545454550000159e+02 2.501363636359999987e+02
9.000000000000000000e+01 2.510000000000000000e+02
2.100000000000000000e+02 2.515000000000000000e+02
2.255555555600000162e+01 2.526111111110000138e+02
5.905000000000000000e+02 2.515000000000000000e+02
1.503000000000000114e+02 2.545000000000000000e+02
4.703000000000000114e+02 2.545000000000000000e+02
5.007500000000000000e+02 2.550625000000000000e+02
4.278571428600000104e+01 2.560000000000000000e+02
1.137857142860000010e+02 2.560000000000000000e+02
2.831153846149999822e+02 2.571153846149999822e+02
4.525500000000000114e+02 2.576000000000000227e+02
1.360000000000000000e+02 2.580000000000000000e+02
3.920000000000000000e+02 2.595000000000000000e+02
5.741000000000000227e+02 2.591000000000000227e+02
1.963636363640000013e+02 2.605000000000000000e+02
5.497857142860000295e+02 2.607380952380000281e+02
2.300000000000000000e+02 2.617222222220000276e+02
3.042500000000000000e+02 2.619375000000000000e+02
4.140333333329999732e+02 2.626333333329999959e+02
4.273421052630000077e+02 2.623421052630000077e+02
2.583421052630000077e+02 2.633421052630000077e+02
1.087500000000000000e+01 2.652500000000000000e+02
1.480000000000000000e+02 2.652142857140000274e+02
3.210789473680000015e+02 2.653947368419999862e+02
5.223461538459999929e+02 2.650384615379999786e+02
5.835555555559999448e+02 2.655000000000000000e+02
1.705588235289999943e+02 2.666764705879999724e+02
5.876315789499999909e+01 2.671315789469999800e+02
3.514333333330000073e+02 2.682333333330000187e+02
1.166818181820000007e+02 2.693181818180000278e+02
5.597500000000000000e+02 2.688333333329999846e+02
1.067727272730000010e+02 2.713181818180000278e+02
5.062500000000000000e+02 2.721250000000000000e+02
1.915000000000000000e+02 2.745000000000000000e+02
2.438333333330000130e+02 2.737500000000000000e+02
3.775000000000000000e+01 2.748750000000000000e+02
2.712777777779999724e+02 2.750000000000000000e+02
3.341666666670000154e+02 2.752500000000000000e+02
3.803888888889999862e+02 2.748333333329999846e+02
4.581153846149999822e+02 2.751153846149999822e+02
4.728846153850000178e+02 2.748846153850000178e+02
2.033095238100000017e+02 2.766428571430000147e+02
4.444285714289999873e+02 2.759285714289999873e+02
4.936333333329999959e+02 2.760333333329999732e+02
8.490000000000000568e+01 2.768999999999999773e+02
1.308333333330000130e+02 2.775833333329999846e+02
3.001363636359999987e+02 2.790454545449999841e+02
3.963181818180000278e+02 2.786818181819999722e+02
5.401363636360000555e+02 2.794090909089999855e+02
1.710714285710000127e+02 2.815000000000000000e+02
5.746111111110000138e+02 2.812222222220000276e+02
1.530000000000000000e+02 2.823000000000000114e+02
6.486363636400000132e+01 2.835909090910000145e+02
4.074333333330000073e+02 2.838999999999999773e+02
4.403333333300000163e+01 2.853666666670000041e+02
2.879166666670000154e+02 2.852500000000000000e+02
3.156538461540000071e+02 2.849615384620000214e+02
3.653461538459999929e+02 2.850384615379999786e+02
2.586363636359999987e+02 2.869090909089999855e+02
5.537307692309999538e+02 2.858846153850000178e+02
2.293461538459999929e+02 2.875000000000000000e+02
3.856250000000000000e+02 2.873125000000000000e+02
1.359999999999999964e+01 2.881999999999999886e+02
1.880000000000000000e+02 2.892142857140000274e+02
3.464473684210000215e+02 2.896578947369999923e+02
4.770000000000000000e+02 2.892777777779999724e+02
4.917222222220000276e+02 2.890000000000000000e+02
4.432222222220000276e+02 2.906111111110000138e+02
2.087500000000000000e+02 2.911250000000000000e+02
9.532352941199999918e+01 2.936764705879999724e+02
1.139000000000000057e+02 2.928999999999999773e+02
2.400000000000000000e+01 2.950000000000000000e+02
2.725000000000000000e+02 2.942142857140000274e+02
4.240000000000000000e+02 2.962142857140000274e+02
4.608333333329999846e+02 2.968333333329999846e+02
1.532058823529999927e+02 2.977941176470000073e+02
3.026052631580000138e+02 2.970789473680000015e+02
1.233421052629999934e+02 2.983421052630000077e+02
6.796153846199999293e+01 2.986538461540000071e+02
2.352142857139999990e+02 2.990000000000000000e+02
5.558684210530000200e+02 2.992894736839999723e+02
5.863666666670000041e+02 2.988333333329999846e+02
5.282500000000000000e+02 3.008750000000000000e+02
1.713125000000000000e+02 3.036875000000000000e+02
9.834615384600000709e+01 3.049615384620000214e+02
2.580000000000000000e+02 3.050000000000000000e+02
2.808846153850000178e+02 3.048846153850000178e+02
3.648529411760000016e+02 3.050294117650000203e+02
3.821000000000000227e+02 3.048999999999999773e+02
4.090000000000000000e+02 3.052777777779999724e+02
3.313823529410000219e+02 3.060882352940000146e+02
8.750000000000000000e-01 3.075000000000000000e+02
5.103823529410000219e+02 3.080882352940000146e+02
3.963333333300000305e+01 3.089666666670000268e+02
2.189117647060000138e+02 3.093823529410000219e+02
7.795454545500000165e+01 3.108636363640000013e+02
1.451842105259999869e+02 3.113421052630000077e+02
1.770000000000000000e+02 3.106999999999999886e+02
3.440000000000000000e+02 3.112142857140000274e+02
4.460000000000000000e+02 3.107857142859999726e+02
1.970000000000000000e+02 3.127222222220000276e+02
3.222222222220000276e+02 3.133888888889999862e+02
5.781153846150000390e+02 3.128846153850000178e+02
2.050000000000000000e+01 3.140000000000000000e+02
4.833888888889999862e+02 3.152222222220000276e+02
7.088461538500000358e+01 3.171153846149999822e+02
2.922500000000000000e+02 3.197500000000000000e+02
3.337500000000000000e+02 3.190833333329999846e+02
4.677500000000000000e+02 3.188333333329999846e+02
5.379705882350000365e+02 3.198529411760000016e+02
5.030000000000000000e+02 3.205000000000000000e+02
5.485000000000000000e+02 3.207105263160000277e+02
2.388846153849999894e+02 3.208846153850000178e+02
1.209444444439999984e+02 3.228333333329999846e+02
1.688684210529999916e+02 3.222894736839999723e+02
3.565000000000000000e+02 3.225000000000000000e+02
3.127307692310000107e+02 3.228846153850000178e+02
9.444444444000000161e+00 3.252777777779999724e+02
4.137500000000000000e+02 3.249166666670000154e+02
5.760000000000000000e+02 3.255000000000000000e+02
5.296153846200000004e+01 3.263461538459999929e+02
9.591176470599999959e+01 3.273823529410000219e+02
2.225000000000000000e+02 3.266999999999999886e+02
2.657857142859999726e+02 3.270000000000000000e+02
3.976499999999999773e+02 3.277500000000000000e+02
3.083333333299999879e+01 3.285000000000000000e+02
3.765000000000000000e+02 3.280000000000000000e+02
4.309285714289999873e+02 3.282857142859999726e+02
1.335000000000000000e+02 3.290000000000000000e+02
2.500999999999999943e+02 3.288999999999999773e+02
1.773125000000000000e+02 3.306875000000000000e+02
4.486176470589999781e+02 3.309117647059999854e+02
5.208529411759999448e+02 3.315000000000000000e+02
4.655909090910000145e+02 3.318636363640000013e+02
1.973666666670000041e+02 3.330333333329999732e+02
3.475000000000000000e+02 3.331190476190000140e+02
4.845909090910000145e+02 3.331363636359999987e+02
7.211538461499999642e+01 3.338846153850000178e+02
1.138529411760000016e+02 3.365000000000000000e+02
1.547105263159999993e+02 3.368684210530000200e+02
5.392857142860000295e+02 3.365714285710000127e+02
3.290000000000000000e+02 3.380000000000000000e+02
4.185000000000000000e+02 3.391470588239999984e+02
2.348636363640000013e+02 3.399545454550000159e+02
5.076538461540000071e+02 3.399615384620000214e+02
5.571153846150000390e+02 3.397307692310000107e+02
3.940000000000000000e+02 3.412142857140000274e+02
4.289666666670000268e+02 3.411666666670000154e+02
2.573999999999999773e+02 3.425500000000000114e+02
2.831000000000000227e+02 3.421000000000000227e+02
3.070000000000000000e+02 3.420000000000000000e+02
3.955263157899999982e+01 3.435526315789999785e+02
3.743461538459999929e+02 3.440384615379999786e+02
5.734615384599999999e+01 3.449615384620000214e+02
1.683666666670000041e+02 3.459666666670000268e+02
2.175000000000000000e+02 3.456999999999999886e+02
1.965000000000000000e+02 3.478529411760000016e+02
9.196666666699999837e+01 3.493666666670000041e+02
4.691153846149999822e+02 3.491153846149999822e+02
5.746578947369999923e+02 3.504473684210000215e+02
5.221666666669999586e+02 3.512500000000000000e+02
5.890333333329999732e+02 3.516333333329999959e+02
1.541875000000000000e+02 3.523750000000000000e+02
4.851000000000000227e+02 3.525666666669999927e+02
1.351086956519999944e+02 3.550217391300000145e+02
3.630000000000000000e+02 3.542142857140000274e+02
4.128846153850000178e+02 3.542692307689999893e+02
8.852941175999999857e+00 3.565000000000000000e+02
2.298529411760000016e+02 3.559705882349999797e+02
3.400000000000000000e+02 3.560000000000000000e+02
4.530294117650000203e+02 3.561470588239999984e+02
4.941923076919999858e+02 3.565769230770000036e+02
3.350000000000000000e+01 3.570000000000000000e+02
6.383333333299999879e+01 3.572500000000000000e+02
5.133999999999999773e+02 3.573000000000000114e+02
5.382142857139999705e+02 3.578571428569999853e+02
2.148636363640000013e+02 3.584090909089999855e+02
5.541153846150000390e+02 3.601153846149999822e+02
3.660000000000000000e+02 3.620555555560000016e+02
4.318636363640000013e+02 3.614090909089999855e+02
1.017352941179999988e+02 3.637352941180000130e+02
1.672500000000000000e+02 3.641666666670000154e+02
2.618000000000000114e+02 3.643999999999999773e+02
3.007500000000000000e+02 3.647500000000000000e+02
8.830952381000000173e+01 3.654047619049999867e+02
1.937500000000000000e+02 3.659166666670000154e+02
5.709444444440000552e+02 3.663888888889999862e+02
3.155000000000000000e+02 3.665000000000000000e+02
4.002857142859999726e+02 3.675714285710000127e+02
4.711538461500000352e+01 3.678846153850000178e+02
2.801666666670000154e+02 3.684166666670000154e+02
4.610000000000000000e+02 3.680000000000000000e+02
3.458999999999999773e+02 3.698999999999999773e+02
1.142894736840000007e+02 3.718684210530000200e+02
2.418888888889999862e+02 3.732222222220000276e+02
4.796176470589999781e+02 3.720882352940000146e+02
5.758333333299999879e+01 3.731666666670000154e+02
4.998529411760000016e+02 3.740294117650000203e+02
4.493421052630000077e+02 3.753421052630000077e+02
5.565588235290000512e+02 3.757352941180000130e+02
1.950000000000000000e+01 3.782083333329999846e+02
1.400384615380000071e+02 3.783461538459999929e+02
5.332500000000000000e+02 3.778750000000000000e+02
2.715000000000000000e+02 3.798684210530000200e+02
3.653666666670000041e+02 3.810333333329999732e+02
4.215000000000000000e+02 3.810000000000000000e+02
1.538846153849999894e+02 3.821153846149999822e+02
2.261153846150000106e+02 3.818846153850000178e+02
1.040000000000000000e+02 3.825000000000000000e+02
2.118750000000000000e+02 3.835000000000000000e+02
3.816176470589999781e+02 3.829117647059999854e+02
4.485294117600000163e+01 3.845000000000000000e+02
2.873571428569999853e+02 3.853095238099999733e+02
3.063333333329999846e+02 3.855000000000000000e+02
1.892222222219999992e+02 3.873888888889999862e+02
7.950000000000000000e+01 3.888529411760000016e+02
3.311470588239999984e+02 3.879705882349999797e+02
5.223333333330000414e+02 3.895833333329999846e+02
1.658846153849999894e+02 3.908846153850000178e+02
5.378750000000000000e+02 3.917500000000000000e+02
5.823999999999999773e+02 3.914499999999999886e+02
4.631666666670000154e+02 3.923666666670000041e+02
4.885000000000000000e+02 3.925000000000000000e+02
3.993235294120000276e+02 3.936764705879999724e+02
1.233823529409999935e+02 3.949117647059999854e+02
2.168333333330000130e+02 3.953888888889999862e+02
4.319615384620000214e+02 3.956538461540000071e+02
6.777777777999999920e+00 3.976111111110000138e+02
1.382692307689999893e+02 3.973461538459999929e+02
5.045000000000000000e+02 3.966999999999999886e+02
1.958636363640000013e+02 3.974090909089999855e+02
3.486578947369999923e+02 3.986578947369999923e+02
4.140000000000000000e+02 3.986818181819999722e+02
5.193947368420000430e+02 3.990789473680000015e+02
1.039000000000000057e+02 3.991000000000000227e+02
1.666578947369999923e+02 3.993421052630000077e+02
6.308823529400000041e+01 4.003823529410000219e+02
1.816111111110000138e+02 3.998333333329999846e+02
2.377777777780000008e+02 4.003888888889999862e+02
2.886363636400000132e+01 4.005909090910000145e+02
8.413636363599999868e+01 4.009545454550000159e+02
2.808846153850000178e+02 4.011153846149999822e+02
4.518999999999999773e+02 4.011000000000000227e+02
3.900000000000000000e+02 4.040000000000000000e+02
5.632500000000000000e+02 4.042500000000000000e+02
3.073823529410000219e+02 4.050882352940000146e+02
3.706363636359999987e+02 4.081818181819999722e+02
1.476111111110000138e+02 4.085555555560000016e+02
4.663333333300000305e+01 4.090333333329999732e+02
4.307857142859999726e+02 4.100000000000000000e+02
4.927500000000000000e+02 4.102500000000000000e+02
3.504090909089999855e+02 4.115909090910000145e+02
4.708684210530000200e+02 4.122894736839999723e+02
5.177999999999999545e+02 4.121999999999999886e+02
5.792142857139999705e+02 4.120000000000000000e+02
3.247857142859999726e+02 4.130000000000000000e+02
1.205909090910000003e+02 4.141363636359999987e+02
2.280000000000000000e+02 4.157727272729999868e+02
2.819117647059999854e+02 4.153823529410000219e+02
4.091000000000000227e+02 4.151000000000000227e+02
5.344736842100000018e+01 4.165526315789999785e+02
5.287857142860000295e+02 4.160000000000000000e+02
1.996250000000000000e+02 4.163750000000000000e+02
2.626111111110000138e+02 4.175555555560000016e+02
7.100000000000000000e+01 4.182142857140000274e+02
3.107857142859999726e+02 4.190000000000000000e+02
3.797105263160000277e+02 4.198684210530000200e+02
1.000999999999999943e+02 4.201000000000000227e+02
2.465909090909999861e+02 4.198636363640000013e+02
6.038461537999999962e+00 4.213461538459999929e+02
5.888999999999999773e+02 4.215666666669999927e+02
1.736999999999999886e+02 4.230000000000000000e+02
5.177500000000000000e+02 4.228750000000000000e+02
1.897058823500000102e+01 4.258529411760000016e+02
3.950000000000000000e+01 4.246999999999999886e+02
1.893461538459999929e+02 4.250384615379999786e+02
3.940000000000000000e+02 4.240000000000000000e+02
5.478333333330000414e+02 4.255000000000000000e+02
1.528000000000000114e+02 4.258000000000000114e+02
5.680000000000000000e+02 4.272142857140000274e+02
4.215000000000000000e+02 4.291666666670000154e+02
4.430000000000000000e+02 4.287857142859999726e+02
1.105999999999999943e+02 4.304499999999999886e+02
1.380000000000000000e+02 4.307727272729999868e+02
3.220000000000000000e+02 4.300000000000000000e+02
9.625000000000000000e+01 4.311250000000000000e+02
2.625000000000000000e+00 4.313750000000000000e+02
4.868125000000000000e+02 4.323125000000000000e+02
5.770000000000000000e+02 4.322142857140000274e+02
6.900000000000000000e+01 4.332777777779999724e+02
4.582368421049999938e+02 4.340789473680000015e+02
2.680000000000000000e+02 4.340000000000000000e+02
2.139000000000000057e+02 4.346000000000000227e+02
2.835000000000000000e+02 4.342142857140000274e+02
3.492142857140000274e+02 4.350000000000000000e+02
4.268999999999999773e+02 4.351000000000000227e+02
2.408333333330000130e+02 4.367777777779999724e+02
1.938333333330000130e+02 4.362777777779999724e+02
2.965000000000000000e+02 4.360000000000000000e+02
4.967500000000000000e+02 4.370833333329999846e+02
5.565000000000000000e+02 4.370000000000000000e+02
5.083333333299999879e+01 4.401190476190000140e+02
3.333999999999999773e+02 4.408000000000000114e+02
3.711666666670000154e+02 4.402500000000000000e+02
5.330000000000000000e+02 4.405000000000000000e+02
3.557500000000000000e+02 4.411250000000000000e+02
3.943888888889999862e+02 4.428333333329999846e+02
4.040000000000000000e+02 4.432142857140000274e+02
2.983999999999999773e+02 4.444499999999999886e+02
2.350000000000000000e+01 4.450000000000000000e+02
8.334210526299999344e+01 4.463421052630000077e+02
4.689444444439999984e+02 4.458333333329999846e+02
2.300000000000000000e+02 4.463000000000000114e+02
1.747105263159999993e+02 4.481315789469999800e+02
2.581000000000000227e+02 4.488999999999999773e+02
4.305000000000000000e+02 4.503000000000000114e+02
4.820263157890000230e+02 4.508157894739999847e+02
5.005000000000000000e+02 4.503823529410000219e+02
5.190000000000000000e+02 4.500000000000000000e+02
1.589000000000000057e+02 4.518999999999999773e+02
1.135000000000000000e+02 4.535000000000000000e+02
5.762000000000000455e+02 4.533999999999999773e+02
3.766818181819999722e+02 4.536818181819999722e+02
1.405000000000000000e+02 4.555000000000000000e+02
1.933235294119999992e+02 4.552647058819999870e+02
4.495000000000000000e+02 4.561666666670000154e+02
5.450000000000000000e+02 4.562142857140000274e+02
2.146428571429999863e+02 4.573095238099999733e+02
4.187500000000000000e+02 4.568750000000000000e+02
2.811153846149999822e+02 4.578846153850000178e+02
3.138999999999999773e+02 4.591999999999999886e+02
1.080000000000000000e+02 4.597857142859999726e+02
3.314090909089999855e+02 4.604090909089999855e+02
4.085294117600000163e+01 4.615000000000000000e+02
1.740000000000000000e+02 4.610000000000000000e+02
2.428636363640000013e+02 4.605909090910000145e+02
6.950000000000000000e+01 4.641666666670000154e+02
2.612692307689999893e+02 4.638846153850000178e+02
4.627500000000000000e+02 4.652500000000000000e+02
1.413157894699999950e+01 4.667105263160000277e+02
3.676999999999999886e+02 4.655000000000000000e+02
2.361153846150000106e+02 4.681153846149999822e+02
5.510882352940000146e+02 4.683823529410000219e+02
3.983333333329999846e+02 4.703888888889999862e+02
5.790625000000000000e+02 4.701250000000000000e+02
4.641666666700000121e+01 4.709166666670000154e+02
1.204166666670000012e+02 4.706666666670000154e+02
1.513181818179999993e+02 4.713181818180000278e+02
2.971250000000000000e+02 4.717500000000000000e+02
3.518333333329999846e+02 4.707500000000000000e+02
9.003846153800000707e+01 4.716538461540000071e+02
4.920000000000000000e+02 4.730000000000000000e+02
5.108846153850000178e+02 4.721153846149999822e+02
2.188461538500000003e+01 4.731153846149999822e+02
5.235499999999999545e+02 4.736000000000000227e+02
4.437352941180000130e+02 4.742647058819999870e+02
2.778846153850000178e+02 4.748846153850000178e+02
2.638846153850000178e+02 4.771153846149999822e+02
3.170000000000000000e+02 4.767857142859999726e+02
1.570000000000000000e+02 4.782142857140000274e+02
2.169705882350000081e+02 4.781470588239999984e+02
3.445500000000000114e+02 4.783999999999999773e+02
3.800000000000000000e+02 4.773000000000000114e+02
6.147058824000000143e+00 4.799705882349999797e+02
1.804000000000000057e+02 4.825500000000000114e+02
1.941363636359999987e+02 4.815909090910000145e+02
4.704444444439999984e+02 4.832777777779999724e+02
5.676000000000000227e+02 4.831999999999999886e+02
5.388999999999999773e+02 4.841000000000000227e+02
6.503846153800000707e+01 4.853461538459999929e+02
3.801428571430000147e+02 4.857142857140000274e+02
4.280000000000000000e+02 4.850000000000000000e+02
4.510000000000000000e+02 4.845000000000000000e+02
5.833823529410000219e+02 4.859117647059999854e+02
1.036875000000000000e+02 4.876250000000000000e+02
1.396578947369999923e+02 4.876578947369999923e+02
2.542142857139999990e+02 4.873571428569999853e+02
5.030000000000000000e+02 4.867857142859999726e+02
8.359090909100000033e+01 4.878636363640000013e+02
3.579411764700000020e+01 4.907352941180000130e+02
2.335909090909999861e+02 4.898636363640000013e+02
3.620000000000000000e+02 4.896250000000000000e+02
4.021250000000000000e+02 4.900625000000000000e+02
4.866176470589999781e+02 4.899117647059999854e+02
5.251153846150000390e+02 4.918846153850000178e+02
2.766111111110000138e+02 4.952222222220000276e+02
4.382692307689999893e+02 4.951153846149999822e+02
2.272272727270000132e+02 4.971363636359999987e+02
2.070000000000000000e+02 4.978333333329999846e+02
3.197500000000000000e+02 4.978750000000000000e+02
4.605000000000000000e+02 4.980000000000000000e+02
1.575833333330000130e+02 4.989166666670000154e+02
2.991153846149999822e+02 4.988846153850000178e+02
3.438999999999999773e+02 4.994333333330000073e+02
5.189999999999999858e+01 5.001000000000000227e+02
1.294285714289999873e+02 4.997142857140000274e+02
4.212500000000000000e+02 5.001250000000000000e+02
3.997500000000000000e+02 5.016250000000000000e+02
1.683000000000000114e+02 5.015000000000000000e+02
1.888571428570000137e+02 5.027142857140000274e+02
5.104166666670000154e+02 5.018333333329999846e+02
1.081470588239999984e+02 5.050882352940000146e+02
6.929999999999999716e+01 5.045000000000000000e+02
5.450000000000000000e+02 5.045000000000000000e+02
1.633333333299999879e+01 5.066111111110000138e+02
1.944444443999999939e+00 5.090000000000000000e+02
1.379000000000000057e+02 5.078999999999999773e+02
2.660000000000000000e+02 5.080000000000000000e+02
3.191000000000000227e+02 5.078999999999999773e+02
3.702500000000000000e+02 5.079166666670000154e+02
4.775000000000000000e+02 5.080000000000000000e+02
2.450454545450000126e+02 5.088636363640000013e+02
2.768999999999999773e+02 5.088999999999999773e+02
5.657142857139999705e+02 5.089285714289999873e+02
5.251666666669999586e+02 5.104166666670000154e+02
5.003846153799999996e+01 5.118846153850000178e+02
3.801470588239999984e+02 5.119705882349999797e+02
4.915555555560000016e+02 5.135000000000000000e+02
9.020588235300000690e+01 5.142647058820000439e+02
2.942500000000000000e+02 5.141666666669999586e+02
2.310454545450000126e+02 5.168636363639999445e+02
4.368846153850000178e+02 5.168846153849999610e+02
5.802222222220000276e+02 5.186111111110000138e+02
6.683333333299999879e+01 5.195000000000000000e+02
1.545909090909999861e+02 5.195909090909999577e+02
2.080000000000000000e+02 5.190000000000000000e+02
5.450384615379999786e+02 5.191923076919999858e+02
2.961764705899999939e+01 5.197941176470000073e+02
1.818636363640000013e+02 5.197727272729999868e+02
5.631153846150000390e+02 5.201153846150000390e+02
9.750000000000000000e+01 5.220000000000000000e+02
4.541153846149999822e+02 5.218846153849999610e+02
3.325000000000000000e+02 5.225000000000000000e+02
3.570000000000000000e+02 5.240000000000000000e+02
3.886000000000000227e+02 5.237000000000000455e+02
3.190000000000000000e+02 5.260000000000000000e+02
4.060000000000000000e+02 5.260000000000000000e+02
5.153750000000000000e+02 5.274375000000000000e+02
5.000000000000000000e-01 5.280000000000000000e+02
1.297666666670000097e+02 5.281666666669999586e+02
2.630000000000000000e+02 5.310000000000000000e+02
2.763999999999999773e+02 5.315499999999999545e+02
5.621428571399999896e+01 5.320000000000000000e+02
1.980999999999999943e+02 5.331000000000000227e+02
1.188809523810000002e+02 5.342619047619999719e+02
2.490625000000000000e+02 5.362500000000000000e+02
4.610000000000000000e+02 5.360000000000000000e+02
1.746999999999999886e+02 5.370000000000000000e+02
2.115000000000000000e+02 5.370000000000000000e+02
5.880000000000000000e+02 5.377222222220000276e+02
3.722222222199999919e+01 5.383888888889999862e+02
5.185000000000000000e+02 5.375000000000000000e+02
1.238888888900000040e+01 5.397777777779999724e+02
2.290000000000000000e+02 5.390000000000000000e+02
5.415000000000000000e+02 5.395000000000000000e+02
5.612333333330000187e+02 5.392999999999999545e+02
1.455000000000000000e+02 5.407666666669999813e+02
4.050000000000000000e+02 5.397857142860000295e+02
4.250000000000000000e+02 5.402142857139999705e+02
4.836111111110000138e+02 5.402222222220000276e+02
3.441153846149999822e+02 5.414230769230000533e+02
3.643823529410000219e+02 5.409117647059999854e+02
4.450000000000000000e+02 5.415000000000000000e+02
2.942500000000000000e+02 5.431666666669999586e+02
5.000000000000000000e-01 5.435000000000000000e+02
1.300000000000000000e+02 5.440000000000000000e+02
7.361111111099999960e+01 5.472222222220000276e+02
1.835000000000000000e+02 5.478529411759999448e+02
3.840000000000000000e+02 5.467857142860000295e+02
3.175909090910000145e+02 5.478636363639999445e+02
4.972500000000000000e+02 5.478750000000000000e+02
2.097307692310000107e+02 5.491153846150000390e+02
1.070000000000000000e+02 5.505000000000000000e+02
3.341666666670000154e+02 5.505000000000000000e+02
4.288846153850000178e+02 5.521153846150000390e+02
6.000000000000000000e+01 5.537000000000000455e+02
2.652142857140000274e+02 5.540000000000000000e+02
5.476499999999999773e+02 5.542500000000000000e+02
3.777500000000000000e+02 5.548750000000000000e+02
4.785000000000000000e+02 5.550000000000000000e+02
2.265909090909999861e+02 5.558636363639999445e+02
4.549166666670000154e+02 5.562500000000000000e+02
2.557666666670000097e+02 5.571666666669999586e+02
2.877352941180000130e+02 5.587352941179999561e+02
5.705000000000000000e+02 5.585000000000000000e+02
1.600000000000000000e+01 5.592142857139999705e+02
3.850000000000000000e+01 5.600000000000000000e+02
1.445999999999999943e+02 5.609500000000000455e+02
3.391250000000000000e+02 5.602500000000000000e+02
5.282142857139999705e+02 5.610000000000000000e+02
1.650000000000000000e+02 5.630000000000000000e+02
5.278571428600000104e+01 5.640714285709999558e+02
5.070000000000000000e+02 5.640000000000000000e+02
8.100000000000000000e+01 5.645000000000000000e+02
1.775000000000000000e+02 5.645000000000000000e+02
