3.273823529410000219e+02 2.088235293999999964e+00
4.805000000000000000e+02 2.147058824000000143e+00
5.072142857140000274e+02 9.285714290000000037e-01
2.713888888889999862e+02 3.222222222000000080e+00
3.684130434780000201e+02 3.847826087000000062e+00
5.200000000000000000e+02 2.785714286000000151e+00
5.845000000000000000e+02 4.500000000000000000e+00
6.850000000000000000e+01 4.500000000000000000e+00
2.537500000000000000e+02 5.125000000000000000e+00
3.442333333330000187e+02 5.166666667000000324e+00
1.383823529409999935e+02 7.088235294000000408e+00
1.886578947369999923e+02 7.342105262999999660e+00
5.551153846150000390e+02 6.884615385000000032e+00
3.928636363640000013e+02 7.590909091000000330e+00
4.340000000000000000e+02 8.722222221999999192e+00
4.565000000000000000e+02 7.500000000000000000e+00
2.013157894700000128e+01 9.289473684000000731e+00
1.009117647059999996e+02 9.617647058999999388e+00
9.190000000000000568e+01 1.009999999999999964e+01
3.055000000000000000e+02 1.050000000000000000e+01
2.078750000000000000e+02 1.425000000000000000e+01
5.434166666669999586e+02 1.408333333300000056e+01
2.290999999999999943e+02 1.490000000000000036e+01
4.200789473680000015e+02 1.539473684200000037e+01
1.776538461540000071e+02 1.596153846200000004e+01
1.850000000000000000e+01 1.900000000000000000e+01
1.180882352940000004e+02 1.961764705899999939e+01
4.633823529410000219e+02 1.891176470599999959e+01
5.136666666699999695e+01 1.996666666699999837e+01
6.986842105300000583e+01 2.028947368400000073e+01
5.132500000000000000e+02 2.012500000000000000e+01
5.635000000000000000e+02 2.000000000000000000e+01
2.830000000000000000e+02 2.100000000000000000e+01
5.780000000000000000e+02 2.172222222199999919e+01
3.181666666670000154e+02 2.250000000000000000e+01
1.561315789470000084e+02 2.428947368400000073e+01
3.520000000000000000e+02 2.477272727300000099e+01
4.125000000000000000e+02 2.340909090899999967e+01
5.351000000000000227e+02 2.410000000000000142e+01
1.387500000000000000e+02 2.487500000000000000e+01
4.870000000000000000e+02 2.450000000000000000e+01
2.690000000000000000e+02 2.600000000000000000e+01
3.706578947369999923e+02 2.634210526300000055e+01
5.015000000000000000e+02 2.650000000000000000e+01
1.830000000000000000e+02 2.700000000000000000e+01
3.020333333329999732e+02 2.863333333299999950e+01
3.869545454550000159e+02 2.813636363599999868e+01
1.940000000000000000e+02 2.900000000000000000e+01
2.128636363640000013e+02 2.995454545500000165e+01
3.650384615379999786e+02 3.165384615400000001e+01
5.160000000000000000e+02 3.250000000000000000e+01
4.050000000000000000e+01 3.250000000000000000e+01
1.032692307690000035e+02 3.273076923099999647e+01
2.550000000000000000e+02 3.300000000000000000e+01
3.298529411760000016e+02 3.350000000000000000e+01
1.128947368400000073e+01 3.586842105299999872e+01
5.988461538499999648e+01 3.511538461500000352e+01
2.410000000000000000e+02 3.450000000000000000e+01
1.203823529409999935e+02 3.591176470599999959e+01
3.773461538459999929e+02 3.596153846200000004e+01
4.300000000000000000e+02 3.672222222199999919e+01
5.525000000000000000e+02 3.600000000000000000e+01
1.607500000000000000e+02 3.687500000000000000e+01
4.516578947369999923e+02 3.765789473699999945e+01
9.058695652199999415e+01 3.871739130400000306e+01
4.065000000000000000e+02 3.800000000000000000e+01
2.265384615400000001e+01 3.950000000000000000e+01
4.061111111099999960e+01 3.977777777800000081e+01
2.633421052630000077e+02 3.934210526300000055e+01
4.786111111110000138e+02 4.133333333299999879e+01
2.913421052630000077e+02 4.265789473699999945e+01
5.672857142860000295e+02 4.314285714300000052e+01
1.363888888889999862e+02 4.477777777800000081e+01
2.020000000000000000e+02 4.450000000000000000e+01
3.522142857140000274e+02 4.500000000000000000e+01
3.671153846149999822e+02 4.511538461500000352e+01
3.090454545449999841e+02 4.831818181799999934e+01
3.263000000000000114e+02 4.750000000000000000e+01
4.870000000000000000e+02 4.950000000000000000e+01
1.780000000000000000e+02 5.050000000000000000e+01
5.380000000000000000e+02 5.000000000000000000e+01
1.034210526300000055e+01 5.165789473699999945e+01
5.889999999999999858e+01 5.189999999999999858e+01
2.293095238100000017e+02 5.264285714300000052e+01
3.950000000000000000e+02 5.321428571399999896e+01
4.420000000000000000e+02 5.321428571399999896e+01
4.155000000000000000e+02 5.471052631599999927e+01
4.641000000000000227e+02 5.410000000000000142e+01
8.012500000000000000e+01 5.525000000000000000e+01
1.225000000000000000e+02 5.450000000000000000e+01
3.725000000000000000e+02 5.514705882399999837e+01
5.057857142859999726e+02 5.500000000000000000e+01
3.395000000000000000e+02 5.550000000000000000e+01
5.443999999999999773e+02 5.745000000000000284e+01
5.851666666669999586e+02 5.675000000000000000e+01
2.887857142859999726e+02 5.800000000000000000e+01
1.007000000000000028e+02 5.850000000000000000e+01
1.602142857139999990e+02 5.900000000000000000e+01
2.505000000000000000e+02 5.900000000000000000e+01
2.592857142900000156e+01 6.050000000000000000e+01
2.352333333329999903e+02 6.083333333299999879e+01
3.125714285710000127e+02 6.264285714300000052e+01
5.663823529410000219e+02 6.208823529400000041e+01
3.950000000000000000e+01 6.400000000000000000e+01
4.526111111110000138e+02 6.416666666700000121e+01
5.286333333329999959e+02 6.403333333300000163e+01
4.788333333329999846e+02 6.450000000000000000e+01
2.681666666670000154e+02 6.625000000000000000e+01
3.480000000000000000e+02 6.650000000000000000e+01
7.216666666700000121e+01 6.725000000000000000e+01
2.108846153849999894e+02 6.688461538500000358e+01
1.481666666669999870e+02 6.841666666700000121e+01
2.002647058819999870e+02 6.826470588200000122e+01
4.338125000000000000e+02 6.937500000000000000e+01
1.055909090910000003e+02 7.013636363599999868e+01
1.796500000000000057e+02 7.079999999999999716e+01
3.970000000000000000e+02 7.000000000000000000e+01
4.982142857140000274e+02 7.000000000000000000e+01
5.670333333329999732e+02 7.063333333299999595e+01
4.599615384620000214e+02 7.134615384600000709e+01
8.877777777800000081e+01 7.561111111099999960e+01
3.273125000000000000e+02 7.518750000000000000e+01
4.092777777779999724e+02 7.544444444399999838e+01
5.436666666699999695e+01 7.603333333300000163e+01
1.340000000000000000e+02 7.621428571399999896e+01
2.963181818180000278e+02 7.631818181799999934e+01
2.875000000000000000e+00 7.793750000000000000e+01
2.250000000000000000e+02 7.750000000000000000e+01
2.725000000000000000e+02 7.828947368400000073e+01
3.855000000000000000e+02 7.855555555600000162e+01
2.376999999999999886e+02 7.809999999999999432e+01
5.141153846150000390e+02 7.988461538500000358e+01
5.305000000000000000e+02 8.114705882399999837e+01
2.300000000000000000e+01 8.250000000000000000e+01
1.500000000000000000e+02 8.250000000000000000e+01
4.505000000000000000e+02 8.266666666700000121e+01
4.832142857140000274e+02 8.500000000000000000e+01
2.490000000000000000e+02 8.700000000000000000e+01
3.652826086960000112e+02 8.658695652199999415e+01
7.150000000000000000e+01 8.750000000000000000e+01
2.891999999999999886e+02 8.859999999999999432e+01
5.505000000000000000e+02 8.900000000000000000e+01
5.261153846150000390e+02 9.111538461499999642e+01
1.120000000000000000e+02 9.178571428600000104e+01
1.242142857139999990e+02 9.200000000000000000e+01
1.671153846150000106e+02 9.226923076900000353e+01
4.014411764710000057e+02 9.244117647100000568e+01
4.237105263160000277e+02 9.286842105300000583e+01
5.408333333299999879e+01 9.275000000000000000e+01
2.053947368419999862e+02 9.350000000000000000e+01
3.111153846149999822e+02 9.288461538500000358e+01
1.923666666670000041e+02 9.403333333300000163e+01
5.007857142859999726e+02 9.400000000000000000e+01
2.265000000000000000e+02 9.528947368400000073e+01
4.625000000000000000e+02 9.500000000000000000e+01
5.703999999999999773e+02 9.654999999999999716e+01
1.250000000000000000e+01 9.939473684200000037e+01
2.465000000000000000e+02 9.850000000000000000e+01
4.862500000000000000e+02 9.912500000000000000e+01
5.432000000000000455e+02 9.959999999999999432e+01
8.356250000000000000e+01 1.003750000000000000e+02
3.665000000000000000e+02 1.005555555560000016e+02
1.412857142860000010e+02 1.031428571430000005e+02
2.690000000000000000e+02 1.032142857139999990e+02
3.822500000000000000e+02 1.031666666670000012e+02
4.557857142859999726e+02 1.030000000000000000e+02
3.950000000000000000e+01 1.040000000000000000e+02
3.497352941180000130e+02 1.047941176469999931e+02
3.252500000000000000e+02 1.054375000000000000e+02
1.077000000000000028e+02 1.070000000000000000e+02
1.200833333329999988e+02 1.067500000000000000e+02
4.202142857140000274e+02 1.070000000000000000e+02
2.055000000000000071e+01 1.095999999999999943e+02
1.677857142860000010e+02 1.100000000000000000e+02
3.093666666670000041e+02 1.100333333330000016e+02
2.051153846150000106e+02 1.115769230770000036e+02
5.129117647059999854e+02 1.122647058820000012e+02
2.190000000000000000e+02 1.135000000000000000e+02
1.887857142860000010e+02 1.140000000000000000e+02
4.680882352940000146e+02 1.146176470590000065e+02
5.002500000000000000e+02 1.145499999999999972e+02
5.260000000000000000e+02 1.140000000000000000e+02
7.029166666700000121e+01 1.157083333329999988e+02
5.630833333330000414e+02 1.147500000000000000e+02
2.669210526319999985e+02 1.173947368420000004e+02
1.488750000000000000e+02 1.182500000000000000e+02
5.853666666670000041e+02 1.180333333330000016e+02
4.900000000000000000e+01 1.187857142860000010e+02
2.405000000000000000e+02 1.190000000000000000e+02
2.866176470589999781e+02 1.189117647059999996e+02
4.412142857140000274e+02 1.185000000000000000e+02
3.124166666670000154e+02 1.201666666670000012e+02
1.388461538500000003e+01 1.208846153850000036e+02
3.325000000000000000e+02 1.210000000000000000e+02
4.023823529410000219e+02 1.219117647059999996e+02
5.464090909090000423e+02 1.221363636359999987e+02
1.077380952379999997e+02 1.241190476189999998e+02
8.186363636400000132e+01 1.239545454550000017e+02
1.589117647060000138e+02 1.263823529409999935e+02
3.553421052630000077e+02 1.263421052629999934e+02
2.350000000000000000e+02 1.275000000000000000e+02
4.775000000000000000e+02 1.270000000000000000e+02
1.270999999999999943e+02 1.279000000000000057e+02
2.123499999999999943e+02 1.288000000000000114e+02
6.416666666700000121e+01 1.283888888889999862e+02
5.148529411759999448e+02 1.289705882350000081e+02
5.703181818179999709e+02 1.293181818179999993e+02
3.781363636359999987e+02 1.300454545450000126e+02
4.381000000000000227e+02 1.300999999999999943e+02
2.885000000000000000e+02 1.311470588239999984e+02
4.178999999999999773e+02 1.309000000000000057e+02
4.657857142859999726e+02 1.320000000000000000e+02
3.850000000000000000e+01 1.331470588239999984e+02
3.926999999999999886e+02 1.342333333329999903e+02
5.024333333330000073e+02 1.340999999999999943e+02
1.743461538459999929e+02 1.354230769229999964e+02
2.710000000000000000e+02 1.350000000000000000e+02
1.370000000000000000e+02 1.357857142860000010e+02
5.830000000000000000e+02 1.362142857139999990e+02
3.080000000000000000e+02 1.372142857139999990e+02
1.665384615400000001e+01 1.394230769229999964e+02
2.538750000000000000e+02 1.397500000000000000e+02
3.283999999999999773e+02 1.395500000000000114e+02
5.414285714290000442e+02 1.387142857139999990e+02
1.610882352939999862e+02 1.484495798320000119e+02
1.000000000000000000e+00 1.430000000000000000e+02
4.872222222199999919e+01 1.430000000000000000e+02
1.930000000000000000e+02 1.445000000000000000e+02
5.597857142860000295e+02 1.451428571429999863e+02
4.079375000000000000e+02 1.458750000000000000e+02
6.514705882399999837e+01 1.469705882350000081e+02
1.202333333330000045e+02 1.473000000000000114e+02
3.588529411760000016e+02 1.470294117649999919e+02
3.850000000000000000e+02 1.470000000000000000e+02
5.175000000000000000e+02 1.480714285710000127e+02
2.328809523809999860e+02 1.495000000000000000e+02
4.286250000000000000e+02 1.483750000000000000e+02
4.568999999999999773e+02 1.489000000000000057e+02
2.476578947369999923e+02 1.505526315790000069e+02
4.800000000000000000e+02 1.507222222219999992e+02
7.450000000000000000e+01 1.515000000000000000e+02
1.025952380949999991e+02 1.523095238100000017e+02
1.386333333329999959e+02 1.510999999999999943e+02
2.653999999999999773e+02 1.515500000000000114e+02
2.806764705879999724e+02 1.516764705880000008e+02
4.945909090910000145e+02 1.514090909090000139e+02
2.127500000000000000e+02 1.521666666669999870e+02
5.714565217389999816e+02 1.528913043480000056e+02
3.490833333329999846e+02 1.535833333330000130e+02
5.389615384620000214e+02 1.543461538459999929e+02
3.295000000000000000e+02 1.555000000000000000e+02
1.787727272729999868e+02 1.583181818179999993e+02
2.725000000000000000e+02 1.587857142860000010e+02
2.087222222219999992e+02 1.598333333330000130e+02
4.358846153850000178e+02 1.598846153849999894e+02
2.297368421099999836e+01 1.619210526319999985e+02
3.023095238099999733e+02 1.613571428570000137e+02
3.710000000000000000e+02 1.612142857139999990e+02
4.041666666670000154e+02 1.616111111110000138e+02
6.657894737000000340e+00 1.644473684209999931e+02
1.220000000000000000e+02 1.657857142860000010e+02
2.815000000000000000e+02 1.652142857139999990e+02
3.160000000000000000e+02 1.665000000000000000e+02
4.187777777779999724e+02 1.663888888889999862e+02
5.196000000000000227e+02 1.665500000000000114e+02
3.900000000000000000e+01 1.670000000000000000e+02
5.759705882350000365e+02 1.691470588239999984e+02
6.034210526300000055e+01 1.706578947369999923e+02
8.016666666700000121e+01 1.697666666670000097e+02
1.533000000000000114e+02 1.695000000000000000e+02
1.705000000000000000e+02 1.705555555560000016e+02
2.375500000000000114e+02 1.704000000000000057e+02
4.558999999999999773e+02 1.699000000000000057e+02
4.783999999999999773e+02 1.714499999999999886e+02
3.673750000000000000e+02 1.728125000000000000e+02
4.940263157890000230e+02 1.731315789470000084e+02
9.508823529400000041e+01 1.733823529409999935e+02
5.317222222220000276e+02 1.738333333330000130e+02
5.569666666670000268e+02 1.733666666670000041e+02
3.385000000000000000e+02 1.740000000000000000e+02
3.916052631580000138e+02 1.745000000000000000e+02
1.482619047620000003e+02 1.758809523809999860e+02
4.333999999999999773e+02 1.785500000000000114e+02
2.007105263159999993e+02 1.791315789470000084e+02
2.849117647059999854e+02 1.793823529409999935e+02
3.600000000000000000e+02 1.797222222219999992e+02
1.058529411760000016e+02 1.825000000000000000e+02
2.000000000000000000e+00 1.832142857139999990e+02
3.157307692310000107e+02 1.828846153849999894e+02
1.762500000000000000e+01 1.833750000000000000e+02
1.830000000000000000e+02 1.840000000000000000e+02
2.230000000000000000e+02 1.840000000000000000e+02
4.100000000000000000e+02 1.842142857139999990e+02
4.657307692310000107e+02 1.848846153849999894e+02
5.643333333330000414e+02 1.862777777780000008e+02
4.750000000000000000e+01 1.875000000000000000e+02
2.533888888889999862e+02 1.877777777780000008e+02
4.752222222220000276e+02 1.873888888889999862e+02
8.050000000000000000e+01 1.880000000000000000e+02
2.051999999999999886e+02 1.885999999999999943e+02
5.120000000000000000e+02 1.880000000000000000e+02
1.250000000000000000e+01 1.885000000000000000e+02
3.577272727300000099e+01 1.900000000000000000e+02
4.195000000000000000e+02 1.890000000000000000e+02
2.684090909089999855e+02 1.901363636359999987e+02
2.981000000000000227e+02 1.900999999999999943e+02
2.846250000000000000e+02 1.914375000000000000e+02
4.646904761900000267e+02 1.914047619049999867e+02
1.040000000000000000e+02 1.925000000000000000e+02
1.833333332999999898e+00 1.935000000000000000e+02
3.314090909089999855e+02 1.945909090909999861e+02
1.680000000000000000e+02 1.945000000000000000e+02
3.770882352940000146e+02 1.953823529409999935e+02
5.298999999999999773e+02 1.950999999999999943e+02
2.390999999999999943e+02 1.960999999999999943e+02
3.975909090910000145e+02 1.958636363640000013e+02
1.221153846149999964e+02 1.981153846150000106e+02
5.875000000000000000e+02 1.965000000000000000e+02
1.416176470590000065e+02 1.999117647060000138e+02
3.507222222220000276e+02 2.005555555560000016e+02
5.515499999999999545e+02 2.004000000000000057e+02
6.225000000000000000e+01 2.017500000000000000e+02
2.256818181820000007e+02 2.007727272729999868e+02
4.413181818180000278e+02 2.006818181820000007e+02
4.933888888889999862e+02 2.017777777780000008e+02
7.968750000000000000e+01 2.028125000000000000e+02
4.035952380950000133e+02 2.047380952379999997e+02
1.550000000000000000e+01 2.058684210529999916e+02
5.180000000000000000e+02 2.050000000000000000e+02
1.269375000000000000e+02 2.077500000000000000e+02
2.738999999999999773e+02 2.070999999999999943e+02
1.940999999999999943e+02 2.080999999999999943e+02
3.823333333299999737e+01 2.096999999999999886e+02
1.521153846150000106e+02 2.088846153849999894e+02
1.130000000000000000e+02 2.100000000000000000e+02
2.956052631580000138e+02 2.100789473680000015e+02
3.788000000000000114e+02 2.101999999999999886e+02
5.721000000000000227e+02 2.105666666669999927e+02
4.700882352940000146e+02 2.116176470590000065e+02
3.683888888889999862e+02 2.127777777780000008e+02
4.268333333329999846e+02 2.124166666669999870e+02
3.000000000000000000e+00 2.130000000000000000e+02
2.258846153849999894e+02 2.131153846150000106e+02
2.532272727270000132e+02 2.134545454549999874e+02
2.923333333300000092e+01 2.148333333330000130e+02
7.150000000000000000e+01 2.136999999999999886e+02
3.121666666670000154e+02 2.141666666669999870e+02
2.041363636359999987e+02 2.160454545450000126e+02
5.564166666669999586e+02 2.158333333330000130e+02
5.030000000000000000e+02 2.166999999999999886e+02
2.813732394369999952e+02 2.219084507039999892e+02
3.389705882349999797e+02 2.181470588239999984e+02
4.570000000000000000e+02 2.186999999999999886e+02
5.406000000000000227e+02 2.194499999999999886e+02
9.900000000000000000e+01 2.200000000000000000e+02
5.820000000000000000e+02 2.205000000000000000e+02
5.500000000000000000e+01 2.213000000000000114e+02
1.758888888889999862e+02 2.232777777780000008e+02
3.308000000000000114e+02 2.244000000000000057e+02
1.276176470590000065e+02 2.270882352939999862e+02
2.493095238100000017e+02 2.276428571429999863e+02
3.897173913039999888e+02 2.275869565220000084e+02
4.673888888889999862e+02 2.272222222219999992e+02
7.277777777999999920e+00 2.285555555560000016e+02
3.361111111099999960e+01 2.285555555560000016e+02
4.003000000000000114e+02 2.280000000000000000e+02
1.472894736840000007e+02 2.295000000000000000e+02
1.993421052630000077e+02 2.293421052630000077e+02
3.551666666670000154e+02 2.287500000000000000e+02
4.160000000000000000e+02 2.305000000000000000e+02
4.802894736839999723e+02 2.301315789470000084e+02
5.153181818179999709e+02 2.303181818179999993e+02
2.637222222220000276e+02 2.314444444439999984e+02
4.358636363640000013e+02 2.319545454549999874e+02
5.725476190480000014e+02 2.348809523809999860e+02
7.638235294099999351e+01 2.349117647060000138e+02
5.344375000000000000e+02 2.365000000000000000e+02
5.503666666670000041e+02 2.359666666669999984e+02
1.570000000000000000e+02 2.370000000000000000e+02
2.840294117650000203e+02 2.378529411760000016e+02
3.070000000000000000e+02 2.375000000000000000e+02
2.200000000000000000e+02 2.380000000000000000e+02
9.786363636400000132e+01 2.385909090909999861e+02
3.708846153850000178e+02 2.388846153849999894e+02
4.041190476190000140e+02 2.397380952379999997e+02
5.820000000000000000e+02 2.400000000000000000e+02
1.914705882399999837e+01 2.409705882350000081e+02
2.387105263159999993e+02 2.411315789470000084e+02
5.078846153850000178e+02 2.411153846150000106e+02
6.257142857099999844e+01 2.433571428570000137e+02
1.817857142860000010e+02 2.430000000000000000e+02
2.721666666670000154e+02 2.432333333329999903e+02
2.135000000000000000e+02 2.450000000000000000e+02
3.409545454550000159e+02 2.448636363640000013e+02
3.220000000000000000e+02 2.460000000000000000e+02
4.681666666670000154e+02 2.457500000000000000e+02
8.791176470599999959e+01 2.476176470590000065e+02
4.227857142859999726e+02 2.470000000000000000e+02
4.523823529410000219e+02 2.490882352939999862e+02
1.256333333329999959e+02 2.499666666669999984e+02
1.469615384619999929e+02 2.503461538459999929e+02
5.647500000000000000e+02 2.501250000000000000e+02
1.100384615380000071e+02 2.516538461540000071e+02
3.655000000000000000e+02 2.515000000000000000e+02
5.023421052630000077e+02 2.526578947369999923e+02
4.756250000000000000e+01 2.536250000000000000e+02
3.878529411760000016e+02 2.535000000000000000e+02
1.626333333329999959e+02 2.539666666669999984e+02
1.966428571429999863e+02 2.546904761899999983e+02
2.880000000000000000e+02 2.537857142860000010e+02
3.488999999999999773e+02 2.546333333329999959e+02
4.863461538459999929e+02 2.547307692310000107e+02
1.540000000000000036e+01 2.565500000000000114e+02
6.650000000000000000e+01 2.572894736839999723e+02
3.001000000000000227e+02 2.568999999999999773e+02
5.430000000000000000e+02 2.575000000000000000e+02
2.573095238099999733e+02 2.606428571430000147e+02
4.045000000000000000e+02 2.600000000000000000e+02
5.813888888889999862e+02 2.607777777779999724e+02
2.185999999999999943e+02 2.625500000000000114e+02
4.235000000000000000e+02 2.635000000000000000e+02
5.267857142860000295e+02 2.630000000000000000e+02
1.127000000000000028e+02 2.640000000000000000e+02
2.696176470589999781e+02 2.639117647059999854e+02
1.475000000000000000e+02 2.655625000000000000e+02
3.117105263160000277e+02 2.651315789469999800e+02
3.977777777800000081e+01 2.665555555560000016e+02
1.013947368420000004e+02 2.660789473680000015e+02
2.005000000000000000e+02 2.663260869569999727e+02
5.606538461540000071e+02 2.659615384620000214e+02
1.874047619049999867e+02 2.683095238099999733e+02
4.622142857140000274e+02 2.670000000000000000e+02
4.787857142859999726e+02 2.682142857140000274e+02
5.014473684210000215e+02 2.694473684210000215e+02
2.340000000000000000e+02 2.720000000000000000e+02
3.776111111110000138e+02 2.721666666670000154e+02
8.496666666699999837e+01 2.733666666670000041e+02
4.426333333329999959e+02 2.730333333329999732e+02
3.908636363640000013e+02 2.735909090910000145e+02
4.906176470589999781e+02 2.739117647059999854e+02
4.510000000000000142e+01 2.753666666670000041e+02
3.525625000000000000e+02 2.757500000000000000e+02
5.370000000000000000e+02 2.755000000000000000e+02
6.068181818200000066e+01 2.773181818180000278e+02
2.242142857139999990e+02 2.770000000000000000e+02
2.946250000000000000e+02 2.763750000000000000e+02
3.310000000000000000e+02 2.767857142859999726e+02
1.340000000000000000e+02 2.777857142859999726e+02
1.713000000000000114e+02 2.800000000000000000e+02
1.541153846150000106e+02 2.811153846149999822e+02
4.406111111110000138e+02 2.824444444439999984e+02
3.995833333329999846e+02 2.833333333329999846e+02
2.969047618999999827e+01 2.845476190480000014e+02
3.176538461540000071e+02 2.850384615379999786e+02
3.615000000000000000e+02 2.850000000000000000e+02
3.891000000000000227e+02 2.848999999999999773e+02
5.683823529410000219e+02 2.847941176470000073e+02
1.150000000000000000e+01 2.865000000000000000e+02
2.897500000000000000e+02 2.861666666670000154e+02
5.481153846150000390e+02 2.868846153850000178e+02
2.496200000000000045e+02 2.902200000000000273e+02
4.230000000000000000e+02 2.890000000000000000e+02
4.666578947369999923e+02 2.893421052630000077e+02
2.683750000000000000e+02 2.896250000000000000e+02
5.888461538499999648e+01 2.907307692310000107e+02
1.068125000000000000e+02 2.916250000000000000e+02
1.515000000000000000e+02 2.910000000000000000e+02
1.790000000000000000e+02 2.910000000000000000e+02
2.066538461540000071e+02 2.905769230770000036e+02
4.518888888889999862e+02 2.917777777779999724e+02
4.898684210530000200e+02 2.925000000000000000e+02
5.198750000000000000e+02 2.927500000000000000e+02
3.356999999999999886e+02 2.933000000000000114e+02
5.826538461540000071e+02 2.930384615379999786e+02
3.571875000000000000e+02 2.946250000000000000e+02
5.000000000000000000e-01 2.950000000000000000e+02
8.809999999999999432e+01 2.951000000000000227e+02
1.260555555560000016e+02 2.986111111110000138e+02
5.082058823529999927e+02 2.987352941180000130e+02
2.949210526319999985e+02 2.996052631580000138e+02
7.500000000000000000e+01 3.000000000000000000e+02
1.680000000000000000e+02 3.010000000000000000e+02
2.218125000000000000e+02 3.013125000000000000e+02
2.378571428570000137e+02 3.012857142859999726e+02
5.600789473679999446e+02 3.013947368419999862e+02
3.398571428569999853e+02 3.024285714289999873e+02
1.369117647060000138e+02 3.043823529410000219e+02
2.787666666669999813e+02 3.051666666670000154e+02
3.993421052630000077e+02 3.056578947369999923e+02
5.740000000000000000e+02 3.050000000000000000e+02
1.860000000000000142e+01 3.065500000000000114e+02
1.010000000000000000e+02 3.060000000000000000e+02
3.803333333300000163e+01 3.073666666670000041e+02
2.535000000000000000e+02 3.070000000000000000e+02
4.550000000000000000e+02 3.080000000000000000e+02
2.026578947369999923e+02 3.093421052630000077e+02
3.160000000000000000e+02 3.090000000000000000e+02
3.798571428569999853e+02 3.092857142859999726e+02
4.740294117650000203e+02 3.091470588239999984e+02
4.400000000000000000e+02 3.097857142859999726e+02
5.345000000000000000e+02 3.115000000000000000e+02
1.800000000000000000e+02 3.130000000000000000e+02
2.882894736839999723e+02 3.148684210530000200e+02
3.329166666670000154e+02 3.142500000000000000e+02
3.627500000000000000e+02 3.147500000000000000e+02
4.078846153850000178e+02 3.141153846149999822e+02
6.995454545500000165e+01 3.151363636359999987e+02
2.410000000000000000e+02 3.152142857140000274e+02
3.100000000000000000e+02 3.157857142859999726e+02
5.015000000000000000e+02 3.161470588239999984e+02
5.452777777779999724e+02 3.160000000000000000e+02
5.400000000000000000e+01 3.170000000000000000e+02
1.160600000000000023e+02 3.185799999999999841e+02
4.321153846149999822e+02 3.178846153850000178e+02
3.300000000000000000e+01 3.210000000000000000e+02
1.618333333330000130e+02 3.226428571430000147e+02
5.640000000000000000e+02 3.225000000000000000e+02
1.951470588239999984e+02 3.229705882349999797e+02
2.145000000000000000e+02 3.225000000000000000e+02
2.667857142859999726e+02 3.250000000000000000e+02
3.913500000000000227e+02 3.257500000000000000e+02
5.113888888889999862e+02 3.252222222220000276e+02
9.852941175999999857e+00 3.259705882349999797e+02
8.550000000000000000e+01 3.262894736839999723e+02
1.327857142860000010e+02 3.270000000000000000e+02
1.826176470590000065e+02 3.270882352940000146e+02
4.636818181819999722e+02 3.283181818180000278e+02
1.435000000000000000e+02 3.295000000000000000e+02
4.798846153850000178e+02 3.291153846149999822e+02
6.750000000000000000e+01 3.305000000000000000e+02
2.533888888889999862e+02 3.312222222220000276e+02
5.490000000000000000e+02 3.307857142859999726e+02
3.711000000000000227e+02 3.321000000000000227e+02
4.492647058819999870e+02 3.327352941180000130e+02
2.389999999999999858e+01 3.328999999999999773e+02
3.476904761900000267e+02 3.333571428569999853e+02
1.111428571430000005e+02 3.357142857140000274e+02
4.956818181819999722e+02 3.346818181819999722e+02
2.311363636359999987e+02 3.354090909089999855e+02
5.300000000000000000e+02 3.362142857140000274e+02
1.665000000000000000e+02 3.387352941180000130e+02
2.106538461540000071e+02 3.380384615379999786e+02
4.281470588239999984e+02 3.379705882349999797e+02
8.363333333299999595e+01 3.390333333329999732e+02
2.512777777780000008e+02 3.390000000000000000e+02
4.500000000000000000e+01 3.402142857140000274e+02
3.211190476190000140e+02 3.405476190480000014e+02
4.091666666670000154e+02 3.406333333329999959e+02
5.211666666669999586e+02 3.397500000000000000e+02
2.989117647059999854e+02 3.413823529410000219e+02
5.775909090909999577e+02 3.415909090910000145e+02
2.789117647059999854e+02 3.423823529410000219e+02
1.285000000000000000e+02 3.438809523809999860e+02
4.657857142859999726e+02 3.440000000000000000e+02
4.786176470589999781e+02 3.453823529410000219e+02
3.930000000000000000e+02 3.457857142859999726e+02
1.933571428570000137e+02 3.464285714289999873e+02
5.599999999999999645e+00 3.485500000000000114e+02
6.588461538500000358e+01 3.477307692310000107e+02
3.743461538459999929e+02 3.481153846149999822e+02
3.562500000000000000e+02 3.501666666670000154e+02
4.915909090910000145e+02 3.521363636359999987e+02
5.000000000000000000e-01 3.525000000000000000e+02
5.566111111110000138e+02 3.531666666670000154e+02
1.477222222219999992e+02 3.545555555560000016e+02
2.325000000000000000e+02 3.551470588239999984e+02
3.625000000000000000e+02 3.557105263160000277e+02
2.916578947369999923e+02 3.564473684210000215e+02
4.118999999999999773e+02 3.558999999999999773e+02
4.480000000000000000e+02 3.560000000000000000e+02
5.705000000000000000e+02 3.561666666670000154e+02
2.768750000000000000e+01 3.568125000000000000e+02
2.626052631580000138e+02 3.580789473680000015e+02
3.101923076919999858e+02 3.585769230770000036e+02
5.143181818179999709e+02 3.583181818180000278e+02
8.554761904800000138e+01 3.596904761900000267e+02
9.950000000000000000e+01 3.590000000000000000e+02
2.788636363640000013e+02 3.585909090910000145e+02
3.340882352940000146e+02 3.596176470589999781e+02
5.388636363639999445e+02 3.594090909089999855e+02
4.221428571399999896e+01 3.620000000000000000e+02
1.697857142860000010e+02 3.630000000000000000e+02
2.088636363640000013e+02 3.634090909089999855e+02
3.966875000000000000e+02 3.653125000000000000e+02
1.868846153849999894e+02 3.661153846149999822e+02
3.405625000000000000e+02 3.672500000000000000e+02
4.637500000000000000e+02 3.671250000000000000e+02
6.113636363599999868e+01 3.674090909089999855e+02
2.464444444439999984e+02 3.687222222220000276e+02
4.278333333329999846e+02 3.677500000000000000e+02
4.840000000000000000e+02 3.680000000000000000e+02
5.056052631580000138e+02 3.679210526319999985e+02
5.234375000000000000e+02 3.695000000000000000e+02
1.450000000000000000e+01 3.703260869569999727e+02
1.157173913040000031e+02 3.711086956519999944e+02
2.215000000000000000e+02 3.707727272729999868e+02
2.032647058819999870e+02 3.722058823529999927e+02
3.770625000000000000e+02 3.722500000000000000e+02
4.093750000000000000e+02 3.723125000000000000e+02
1.827777777780000008e+02 3.733888888889999862e+02
1.330000000000000000e+02 3.745000000000000000e+02
1.470000000000000000e+02 3.737857142859999726e+02
5.867727272729999868e+02 3.752272727270000132e+02
7.588888888900000040e+01 3.781111111110000138e+02
5.721842105260000153e+02 3.783421052630000077e+02
5.524444444440000552e+02 3.793888888889999862e+02
2.690882352940000146e+02 3.806176470589999781e+02
3.655000000000000000e+02 3.800000000000000000e+02
9.625000000000000000e+01 3.821666666670000154e+02
1.229000000000000057e+02 3.821000000000000227e+02
2.860000000000000000e+02 3.827727272729999868e+02
3.100384615379999786e+02 3.833461538459999929e+02
3.938235294100000061e+01 3.850882352940000146e+02
1.590000000000000000e+02 3.855000000000000000e+02
3.930000000000000000e+02 3.850000000000000000e+02
4.133421052630000077e+02 3.856578947369999923e+02
4.390000000000000000e+02 3.850000000000000000e+02
4.569285714289999873e+02 3.854285714289999873e+02
5.380000000000000000e+02 3.857857142859999726e+02
1.432500000000000000e+02 3.868333333329999846e+02
2.510000000000000000e+02 3.880000000000000000e+02
3.272222222220000276e+02 3.883888888889999862e+02
4.338846153850000178e+02 3.891153846149999822e+02
2.365000000000000000e+02 3.902894736839999723e+02
2.774285714289999873e+02 3.921428571430000147e+02
3.472619047619999719e+02 3.931190476190000140e+02
5.140000000000000000e+02 3.922142857140000274e+02
5.868421052999999610e+00 3.932894736839999723e+02
1.741666666669999870e+02 3.923888888889999862e+02
2.141363636359999987e+02 3.925909090910000145e+02
5.006999999999999886e+02 3.925000000000000000e+02
2.966499999999999773e+02 3.949499999999999886e+02
4.795000000000000000e+02 3.941315789469999800e+02
8.120000000000000284e+01 3.948000000000000114e+02
1.888846153849999894e+02 3.961153846149999822e+02
5.592222222220000276e+02 3.966111111110000138e+02
2.450000000000000000e+01 3.966999999999999886e+02
6.328947368400000073e+01 3.975000000000000000e+02
1.009000000000000057e+02 4.001000000000000227e+02
5.754230769230000533e+02 4.001923076919999858e+02
3.584599999999999795e+02 4.021000000000000227e+02
4.210000000000000000e+02 4.015000000000000000e+02
5.136250000000000000e+02 4.013750000000000000e+02
1.574499999999999886e+02 4.036000000000000227e+02
3.850000000000000000e+01 4.040000000000000000e+02
2.633823529410000219e+02 4.040882352940000146e+02
4.526578947369999923e+02 4.056578947369999923e+02
4.947222222220000276e+02 4.050000000000000000e+02
3.827307692310000107e+02 4.081153846149999822e+02
7.011538461499999642e+01 4.088846153850000178e+02
1.221153846149999964e+02 4.098846153850000178e+02
3.987941176470000073e+02 4.103823529410000219e+02
1.372222222219999992e+02 4.112222222220000276e+02
3.248333333329999846e+02 4.107500000000000000e+02
4.744545454550000159e+02 4.112272727270000132e+02
5.335000000000000000e+02 4.115000000000000000e+02
2.386538461540000071e+02 4.121923076919999858e+02
9.550000000000000000e+01 4.140000000000000000e+02
2.139736842110000055e+02 4.148684210530000200e+02
3.098846153850000178e+02 4.138846153850000178e+02
1.647857142860000010e+02 4.150000000000000000e+02
3.465000000000000000e+02 4.151666666670000154e+02
3.792647058819999870e+02 4.161470588239999984e+02
4.633333333000000387e+00 4.160333333329999732e+02
1.876999999999999886e+02 4.160000000000000000e+02
4.448571428569999853e+02 4.165714285710000127e+02
2.310000000000000142e+01 4.184333333330000073e+02
2.030000000000000000e+02 4.176999999999999886e+02
5.125000000000000000e+02 4.187105263160000277e+02
5.870714285709999558e+02 4.192142857140000274e+02
5.605555555600000162e+01 4.206111111110000138e+02
2.792333333330000187e+02 4.201666666670000154e+02
5.660000000000000000e+02 4.200000000000000000e+02
5.451666666669999586e+02 4.215000000000000000e+02
3.625000000000000000e+01 4.218750000000000000e+02
2.403333333330000130e+02 4.237777777779999724e+02
3.118999999999999773e+02 4.228999999999999773e+02
1.075999999999999943e+02 4.244499999999999886e+02
5.000000000000000000e-01 4.255000000000000000e+02
3.897857142859999726e+02 4.255000000000000000e+02
4.636000000000000227e+02 4.264499999999999886e+02
1.460000000000000000e+02 4.270000000000000000e+02
2.572142857140000274e+02 4.270000000000000000e+02
3.500000000000000000e+02 4.272142857140000274e+02
4.160000000000000000e+02 4.270000000000000000e+02
8.634999999999999432e+01 4.298000000000000114e+02
4.983461538459999929e+02 4.290384615379999786e+02
3.292500000000000000e+02 4.302500000000000000e+02
3.695000000000000000e+02 4.303000000000000114e+02
7.150000000000000000e+01 4.323947368419999862e+02
2.075999999999999943e+02 4.323000000000000114e+02
4.804473684210000215e+02 4.323421052630000077e+02
1.725000000000000000e+02 4.331666666670000154e+02
2.950000000000000000e+02 4.326250000000000000e+02
5.365714285709999558e+02 4.332857142859999726e+02
1.277999999999999972e+02 4.345500000000000114e+02
2.820000000000000000e+02 4.336250000000000000e+02
4.287777777779999724e+02 4.346111111110000138e+02
5.528333333330000414e+02 4.342500000000000000e+02
2.366250000000000000e+02 4.343750000000000000e+02
5.810000000000000000e+02 4.347857142859999726e+02
1.886111111110000138e+02 4.358333333329999846e+02
1.403333333299999985e+01 4.373666666670000041e+02
3.516250000000000000e+02 4.376250000000000000e+02
2.295000000000000000e+02 4.400000000000000000e+02
2.967222222220000276e+02 4.410000000000000000e+02
5.172142857139999705e+02 4.410000000000000000e+02
1.177631578950000062e+02 4.428684210530000200e+02
3.878333333329999846e+02 4.430555555560000016e+02
4.425000000000000000e+02 4.431666666670000154e+02
4.585294117600000163e+01 4.449705882349999797e+02
4.776000000000000227e+02 4.455500000000000114e+02
4.985000000000000000e+02 4.452500000000000000e+02
1.487500000000000000e+02 4.464375000000000000e+02
4.638999999999999773e+02 4.460000000000000000e+02
2.168000000000000114e+02 4.473999999999999773e+02
4.000000000000000000e+02 4.467857142859999726e+02
4.291153846149999822e+02 4.468846153850000178e+02
1.329117647060000138e+02 4.483823529410000219e+02
2.600000000000000000e+02 4.480000000000000000e+02
5.725000000000000000e+02 4.485000000000000000e+02
3.365000000000000000e+02 4.503636363640000013e+02
3.724090909089999855e+02 4.488636363640000013e+02
8.150000000000000000e+01 4.508333333329999846e+02
2.375000000000000000e+02 4.515000000000000000e+02
3.145909090910000145e+02 4.508636363640000013e+02
6.654999999999999716e+01 4.523999999999999773e+02
1.050000000000000000e+01 4.535000000000000000e+02
2.728846153850000178e+02 4.528846153850000178e+02
4.153888888889999862e+02 4.565555555560000016e+02
5.437857142860000295e+02 4.560000000000000000e+02
1.665000000000000000e+02 4.583000000000000114e+02
3.536666666699999695e+01 4.589666666670000268e+02
3.519615384620000214e+02 4.593461538459999929e+02
4.015000000000000000e+02 4.595000000000000000e+02
1.895000000000000000e+02 4.605000000000000000e+02
4.618000000000000114e+02 4.603999999999999773e+02
3.657307692310000107e+02 4.608846153850000178e+02
1.512142857139999990e+02 4.620000000000000000e+02
1.042142857139999990e+02 4.640000000000000000e+02
5.287777777779999724e+02 4.656111111110000138e+02
4.588461538499999648e+01 4.661153846149999822e+02
2.075500000000000114e+02 4.666000000000000227e+02
4.341000000000000227e+02 4.661000000000000227e+02
5.000384615379999786e+02 4.668076923080000142e+02
5.670000000000000000e+02 4.667222222220000276e+02
2.321153846150000106e+02 4.668846153850000178e+02
2.956333333329999959e+02 4.669666666670000268e+02
2.490333333330000016e+02 4.686333333329999959e+02
3.181428571430000147e+02 4.682142857140000274e+02
4.820000000000000000e+02 4.680000000000000000e+02
1.898846153849999894e+02 4.691153846149999822e+02
5.483823529410000219e+02 4.689117647059999854e+02
7.829999999999999716e+01 4.695000000000000000e+02
1.180000000000000000e+02 4.700000000000000000e+02
2.753461538459999929e+02 4.699615384620000214e+02
3.718636363640000013e+02 4.695909090910000145e+02
1.548846153849999894e+02 4.731153846149999822e+02
6.011538461500000352e+01 4.748846153850000178e+02
1.740000000000000000e+02 4.750000000000000000e+02
2.688461538500000003e+01 4.758846153850000178e+02
9.444444440000000496e-01 4.777222222220000276e+02
4.158846153850000178e+02 4.768846153850000178e+02
4.072894736839999723e+02 4.795000000000000000e+02
4.665500000000000114e+02 4.803999999999999773e+02
1.080000000000000000e+02 4.815000000000000000e+02
3.443421052630000077e+02 4.813421052630000077e+02
3.840000000000000000e+02 4.810000000000000000e+02
4.533000000000000114e+02 4.805000000000000000e+02
4.950000000000000000e+02 4.817857142859999726e+02
5.438125000000000000e+02 4.823125000000000000e+02
2.350454545450000126e+02 4.828636363640000013e+02
2.744444444439999984e+02 4.832777777779999724e+02
5.618333333330000414e+02 4.836428571430000147e+02
1.339705882350000081e+02 4.848529411760000016e+02
4.410000000000000000e+02 4.825000000000000000e+02
5.849375000000000000e+02 4.838750000000000000e+02
5.155909090909999577e+02 4.848636363640000013e+02
8.936666666700000405e+01 4.858999999999999773e+02
3.181250000000000000e+02 4.867500000000000000e+02
4.849615384620000214e+02 4.863461538459999929e+02
2.100000000000000000e+02 4.880000000000000000e+02
3.615000000000000000e+02 4.882142857140000274e+02
1.502500000000000000e+02 4.901666666670000154e+02
2.457142857139999990e+02 4.900714285710000127e+02
3.638235294100000061e+01 4.920882352940000146e+02
2.170000000000000000e+02 4.917857142859999726e+02
3.039666666670000268e+02 4.926333333329999959e+02
5.510000000000000142e+01 4.938999999999999773e+02
3.415000000000000000e+02 4.940000000000000000e+02
3.645000000000000000e+02 4.960000000000000000e+02
4.618333333329999846e+02 4.964166666670000154e+02
1.646250000000000000e+02 4.966250000000000000e+02
2.447368421000000183e+00 4.984473684210000215e+02
1.240000000000000000e+02 4.982142857140000274e+02
3.793500000000000227e+02 4.991999999999999886e+02
5.342999999999999545e+02 4.980000000000000000e+02
2.538529411760000016e+02 4.995000000000000000e+02
4.011111111110000138e+02 4.991111111110000138e+02
5.518571428569999853e+02 4.995714285710000127e+02
1.386176470590000065e+02 4.999117647059999854e+02
1.860999999999999943e+02 4.998999999999999773e+02
4.145000000000000000e+02 5.000000000000000000e+02
4.376538461540000071e+02 5.012692307689999893e+02
7.200000000000000000e+01 5.026999999999999886e+02
3.109545454550000159e+02 5.028636363640000013e+02
5.042500000000000000e+02 5.031666666670000154e+02
5.190000000000000000e+02 5.030000000000000000e+02
1.250000000000000000e+01 5.040000000000000000e+02
2.405000000000000000e+02 5.050000000000000000e+02
5.795526315790000353e+02 5.064473684210000215e+02
4.300000000000000000e+01 5.070000000000000000e+02
9.114705882399999837e+01 5.080294117650000203e+02
1.107222222219999992e+02 5.080000000000000000e+02
2.743666666670000041e+02 5.079666666670000268e+02
3.293888888889999862e+02 5.101666666670000154e+02
4.771000000000000227e+02 5.098999999999999773e+02
2.283181818179999993e+02 5.123181818179999709e+02
4.023000000000000114e+02 5.132000000000000455e+02
4.955000000000000000e+02 5.118750000000000000e+02
5.115000000000000000e+02 5.141666666669999586e+02
5.393461538459999929e+02 5.140384615379999786e+02
2.070999999999999943e+02 5.154333333329999505e+02
4.361153846149999822e+02 5.151153846150000390e+02
2.951153846149999822e+02 5.158846153849999610e+02
5.528999999999999773e+02 5.161000000000000227e+02
1.715000000000000000e+02 5.170454545449999841e+02
3.798999999999999773e+02 5.183999999999999773e+02
4.495909090910000145e+02 5.181363636360000555e+02
1.548809523809999860e+02 5.197380952380000281e+02
3.535526315789999785e+02 5.208684210530000200e+02
2.414285714300000052e+01 5.212857142860000295e+02
6.383333333299999879e+01 5.218333333330000414e+02
3.139117647059999854e+02 5.213823529410000219e+02
1.306538461540000071e+02 5.219615384620000214e+02
2.650000000000000000e+02 5.220000000000000000e+02
1.981875000000000000e+02 5.244375000000000000e+02
2.483421052630000077e+02 5.256578947369999923e+02
5.766000000000000227e+02 5.275499999999999545e+02
9.154999999999999716e+01 5.282500000000000000e+02
5.538529411759999448e+02 5.285000000000000000e+02
2.745000000000000000e+02 5.295000000000000000e+02
4.171153846149999822e+02 5.298846153849999610e+02
4.665500000000000114e+02 5.306000000000000227e+02
4.776000000000000227e+02 5.304500000000000455e+02
5.343421052630000077e+02 5.303421052630000077e+02
1.165000000000000000e+02 5.315000000000000000e+02
7.508823529400000041e+01 5.323823529410000219e+02
3.435000000000000000e+02 5.320000000000000000e+02
5.138888888900000040e+01 5.333333333330000414e+02
1.713888888889999862e+02 5.328333333330000414e+02
7.500000000000000000e+00 5.347105263160000277e+02
3.864375000000000000e+02 5.346250000000000000e+02
1.876176470590000065e+02 5.360882352940000146e+02
3.636578947369999923e+02 5.363421052630000077e+02
1.513750000000000000e+02 5.371875000000000000e+02
2.101363636359999987e+02 5.365909090909999577e+02
4.388999999999999773e+02 5.371000000000000227e+02
2.964166666670000154e+02 5.383333333330000414e+02
2.247777777780000008e+02 5.393888888889999862e+02
4.068846153850000178e+02 5.398846153849999610e+02
5.135000000000000000e+02 5.395000000000000000e+02
3.065789473699999945e+01 5.426578947369999923e+02
3.041363636359999987e+02 5.429545454550000159e+02
4.963823529410000219e+02 5.429117647059999854e+02
9.850000000000000000e+01 5.440000000000000000e+02
2.668571428569999853e+02 5.452857142860000295e+02
3.282500000000000000e+02 5.452500000000000000e+02
4.673421052630000077e+02 5.463421052630000077e+02
3.755000000000000000e+02 5.490000000000000000e+02
5.338888888900000040e+01 5.498333333330000414e+02
4.455909090910000145e+02 5.501363636360000555e+02
1.247222222219999992e+02 5.511111111110000138e+02
2.771470588239999984e+02 5.510294117649999635e+02
3.545000000000000000e+02 5.507500000000000000e+02
5.218846153849999610e+02 5.518846153849999610e+02
5.446052631579999570e+02 5.530789473679999446e+02
4.290333333329999732e+02 5.538333333330000414e+02
5.635000000000000000e+02 5.536363636360000555e+02
2.058571428570000137e+02 5.542857142860000295e+02
1.391190476190000140e+02 5.552619047619999719e+02
7.388461538500000358e+01 5.558846153849999610e+02
2.468750000000000000e+02 5.562500000000000000e+02
6.884615385000000032e+00 5.571153846150000390e+02
4.039545454550000159e+02 5.576363636360000555e+02
2.892105263199999854e+01 5.582894736839999723e+02
4.950000000000000000e+01 5.585000000000000000e+02
2.280000000000000000e+02 5.577000000000000455e+02
3.400000000000000000e+02 5.585000000000000000e+02
3.200000000000000000e+02 5.585000000000000000e+02
1.606176470590000065e+02 5.600882352940000146e+02
5.049615384620000214e+02 5.603461538459999929e+02
1.748636363640000013e+02 5.605909090909999577e+02
2.940000000000000000e+02 5.615000000000000000e+02
