8.750000000000000000e+01 5.000000000000000000e-01
3.365000000000000000e+02 5.000000000000000000e-01
4.345000000000000000e+02 1.500000000000000000e+00
4.944444444000000161e+00 3.388888888999999960e+00
3.532142857140000274e+02 3.000000000000000000e+00
4.738846153850000178e+02 3.576923077000000006e+00
2.802500000000000000e+02 4.125000000000000000e+00
3.735909090910000145e+02 4.590909091000000330e+00
2.304090909090000139e+02 4.863636364000000434e+00
5.241875000000000000e+02 5.625000000000000000e+00
5.822777777779999724e+02 5.000000000000000000e+00
4.911538461500000352e+01 5.961538462000000038e+00
1.518750000000000000e+02 6.750000000000000000e+00
1.774090909090000139e+02 6.409090908999999670e+00
2.567500000000000000e+02 6.750000000000000000e+00
4.925000000000000000e+02 7.147058824000000143e+00
5.611153846150000390e+02 8.115384614999999968e+00
7.150000000000000000e+01 9.300000000000000711e+00
4.110000000000000000e+02 9.722222221999999192e+00
5.101666666670000154e+02 9.500000000000000000e+00
3.600000000000000000e+01 1.000000000000000000e+01
4.470000000000000000e+02 1.100000000000000000e+01
9.100000000000000000e+01 1.221428571400000074e+01
1.945000000000000000e+02 1.200000000000000000e+01
4.233823529410000219e+02 1.191176470599999959e+01
3.020789473680000015e+02 1.339473684200000037e+01
3.290294117650000203e+02 1.385294117599999986e+01
1.801363636359999987e+02 1.359090909100000033e+01
5.461000000000000227e+02 1.409999999999999964e+01
1.420000000000000000e+02 1.550000000000000000e+01
2.398076923079999858e+02 1.450000000000000000e+01
4.535000000000000000e+02 1.450000000000000000e+01
5.660000000000000000e+02 1.850000000000000000e+01
3.906999999999999886e+02 1.900000000000000000e+01
5.165000000000000000e+02 1.985294117600000163e+01
2.129000000000000057e+02 2.010000000000000142e+01
1.070238095240000007e+02 2.111904761899999983e+01
5.777105263160000277e+02 2.286842105299999872e+01
1.268529411760000016e+02 2.350000000000000000e+01
2.361111111099999960e+01 2.777777777800000081e+01
3.725000000000000000e+02 2.714705882399999837e+01
3.921999999999999886e+02 2.680000000000000071e+01
4.676578947369999923e+02 2.734210526300000055e+01
1.063666666670000041e+02 2.830000000000000071e+01
5.587500000000000000e+01 2.975000000000000000e+01
1.609117647060000138e+02 2.973529411799999878e+01
1.986538461540000071e+02 2.896153846200000004e+01
3.219117647059999854e+02 2.885294117600000163e+01
3.544090909089999855e+02 2.940909090899999967e+01
4.921428571430000147e+02 2.928571428600000104e+01
7.827272727300000099e+01 3.095454545500000165e+01
2.728333333329999846e+02 3.061111111099999960e+01
2.546818181820000007e+02 3.168181818200000066e+01
5.397857142860000295e+02 3.200000000000000000e+01
3.647857142859999726e+02 3.300000000000000000e+01
4.158333333329999846e+02 3.375000000000000000e+01
5.236578947369999923e+02 3.434210526300000055e+01
2.876818181819999722e+02 3.468181818200000066e+01
3.386250000000000000e+02 3.556250000000000000e+01
3.111363636359999987e+02 3.559090909100000033e+01
5.891666666669999586e+02 3.650000000000000000e+01
4.150000000000000000e+01 3.700000000000000000e+01
5.018684210530000200e+02 3.728947368400000073e+01
7.000000000000000000e+01 3.821428571399999896e+01
2.165909090909999861e+02 3.786363636400000132e+01
2.435833333330000130e+02 3.816666666700000121e+01
4.349444444439999984e+02 3.838888888900000040e+01
4.499117647059999854e+02 3.838235294100000061e+01
1.467666666670000097e+02 3.916666666700000121e+01
1.786111111110000138e+02 3.922222222199999919e+01
5.602999999999999545e+02 3.970000000000000284e+01
1.372222222199999919e+01 4.000000000000000000e+01
9.454347826100000418e+01 4.289130434799999847e+01
4.830000000000000000e+02 4.250000000000000000e+01
3.818636363640000013e+02 4.259090909100000033e+01
1.583750000000000000e+02 4.587500000000000000e+01
1.215999999999999943e+02 4.654999999999999716e+01
4.048157894739999847e+02 4.644736842100000018e+01
2.951666666670000154e+02 4.723333333299999737e+01
1.402777777780000008e+02 4.800000000000000000e+01
3.555000000000000000e+02 4.900000000000000000e+01
2.650000000000000000e+02 5.050000000000000000e+01
3.305909090910000145e+02 5.013636363599999868e+01
3.625000000000000000e+02 5.000000000000000000e+01
5.380000000000000000e+02 5.000000000000000000e+01
5.716333333329999959e+02 5.003333333300000163e+01
2.557692307700000001e+01 5.219230769199999997e+01
4.020588235299999980e+01 5.226470588200000122e+01
3.171666666670000154e+02 5.175000000000000000e+01
6.454999999999999716e+01 5.339999999999999858e+01
2.255000000000000000e+02 5.350000000000000000e+01
3.777777777999999920e+00 5.438888888900000040e+01
1.060000000000000000e+02 5.450000000000000000e+01
4.380000000000000000e+02 5.500000000000000000e+01
4.225555555560000016e+02 5.672222222199999919e+01
2.013888888889999862e+02 5.722222222199999919e+01
4.600000000000000000e+02 5.750000000000000000e+01
4.940000000000000000e+02 5.721428571399999896e+01
8.700000000000000000e+01 5.821428571399999896e+01
3.920000000000000000e+02 5.800000000000000000e+01
5.188846153849999610e+02 5.811538461500000352e+01
5.675000000000000000e+02 5.828947368400000073e+01
2.820000000000000000e+02 5.950000000000000000e+01
5.481666666669999586e+02 5.950000000000000000e+01
3.822500000000000000e+02 6.050000000000000000e+01
1.207000000000000028e+02 6.050000000000000000e+01
1.875869565220000084e+02 6.228260869599999694e+01
3.438846153850000178e+02 6.088461538499999648e+01
5.331666666669999586e+02 6.123333333299999737e+01
1.603181818179999993e+02 6.431818181799999934e+01
5.814230769230000533e+02 6.419230769199999997e+01
2.543947368419999862e+02 6.507894736800000146e+01
4.350000000000000000e+01 6.600000000000000000e+01
2.088461538500000003e+01 6.688461538500000358e+01
4.783888888889999862e+02 6.683333333299999879e+01
3.955526315789999785e+02 6.865789473700000656e+01
2.461666666669999870e+02 6.950000000000000000e+01
3.495000000000000000e+02 6.934999999999999432e+01
2.141153846150000106e+02 7.111538461499999642e+01
1.521250000000000000e+02 7.375000000000000000e+01
1.949000000000000057e+02 7.390000000000000568e+01
2.719285714289999873e+02 7.528571428600000104e+01
3.156333333329999959e+02 7.516666666700000121e+01
4.302333333330000187e+02 7.516666666700000121e+01
4.473000000000000114e+02 7.450000000000000000e+01
4.941000000000000227e+02 7.590000000000000568e+01
1.160000000000000000e+02 7.729999999999999716e+01
2.967857142859999726e+02 7.850000000000000000e+01
4.125000000000000000e+02 7.787500000000000000e+01
4.970588235000000132e+00 7.985294117600000163e+01
7.409999999999999432e+01 7.909999999999999432e+01
2.262333333329999903e+02 8.016666666700000121e+01
2.793947368419999862e+02 7.992105263199999854e+01
3.856578947369999923e+02 8.165789473700000656e+01
4.650000000000000000e+02 8.150000000000000000e+01
5.101428571430000147e+02 8.128571428600000104e+01
2.865789473699999945e+01 8.265789473700000656e+01
1.816052631580000138e+02 8.207894736800000146e+01
3.645869565219999799e+02 8.328260869599999694e+01
5.267647058800000082e+01 8.367647058800000082e+01
5.722142857139999705e+02 8.300000000000000000e+01
1.323571428570000137e+02 8.442857142900000156e+01
4.810000000000000000e+02 8.421428571399999896e+01
5.391153846150000390e+02 8.411538461499999642e+01
9.997058823499999392e+01 8.514705882399999837e+01
1.541250000000000000e+02 8.575000000000000000e+01
2.140000000000000000e+02 8.750000000000000000e+01
2.361666666669999870e+02 8.583333333299999879e+01
2.633095238099999733e+02 8.735714285699999948e+01
3.345000000000000000e+02 8.714705882399999837e+01
4.342500000000000000e+02 9.045000000000000284e+01
1.776538461540000071e+02 9.242307692299999644e+01
3.091428571430000147e+02 9.178571428600000104e+01
4.531666666670000154e+02 9.225000000000000000e+01
1.119000000000000057e+02 9.290000000000000568e+01
2.963999999999999773e+02 9.345000000000000284e+01
5.547500000000000000e+02 9.293750000000000000e+01
5.313666666670000041e+02 9.403333333300000163e+01
8.059090909100000033e+01 9.613636363599999868e+01
1.930714285710000127e+02 9.650000000000000000e+01
4.982142857140000274e+02 9.600000000000000000e+01
4.743181818180000278e+02 9.731818181799999934e+01
5.862500000000000000e+02 9.754999999999999716e+01
1.290000000000000036e+01 9.809999999999999432e+01
5.738888888900000040e+01 9.783333333299999879e+01
5.662222222220000276e+02 9.861111111099999960e+01
2.325000000000000000e+02 1.001666666670000012e+02
3.440000000000000000e+02 1.000000000000000000e+02
1.318846153849999894e+02 1.018846153850000036e+02
4.110000000000000000e+02 1.022142857139999990e+02
4.553823529410000219e+02 1.020882352940000004e+02
1.510333333330000016e+02 1.036333333329999959e+02
5.487999999999999545e+02 1.031500000000000057e+02
4.937500000000000000e+02 1.040625000000000000e+02
9.418750000000000000e+01 1.058125000000000000e+02
4.400000000000000000e+01 1.065000000000000000e+02
2.713750000000000000e+02 1.068125000000000000e+02
2.087307692310000107e+02 1.087307692309999965e+02
2.498846153849999894e+02 1.088846153850000036e+02
3.126176470589999781e+02 1.090882352940000004e+02
4.276333333329999959e+02 1.089666666669999984e+02
1.710384615380000071e+02 1.096538461539999929e+02
3.288999999999999773e+02 1.099000000000000057e+02
3.739705882349999797e+02 1.101470588239999984e+02
3.902142857140000274e+02 1.130000000000000000e+02
1.260000000000000000e+02 1.135000000000000000e+02
2.890333333329999732e+02 1.146333333329999959e+02
5.185555555559999448e+02 1.142777777780000008e+02
1.892857142860000010e+02 1.150714285709999984e+02
5.346538461540000071e+02 1.149615384619999929e+02
2.512500000000000000e+01 1.162500000000000000e+02
1.082500000000000000e+02 1.161666666670000012e+02
5.600833333330000414e+02 1.162500000000000000e+02
4.517857142859999726e+02 1.175000000000000000e+02
7.064285714300000052e+01 1.206904761899999983e+02
1.467777777780000008e+02 1.203888888890000004e+02
3.602368421049999938e+02 1.208684210530000058e+02
2.415999999999999943e+02 1.209000000000000057e+02
3.350384615379999786e+02 1.206538461539999929e+02
4.000000000000000000e+02 1.210000000000000000e+02
4.712647058819999870e+02 1.222647058820000012e+02
2.616000000000000227e+02 1.245499999999999972e+02
5.868846153849999610e+02 1.238846153850000036e+02
9.115384614999999968e+00 1.251153846149999964e+02
2.228333333330000130e+02 1.252333333330000045e+02
3.151153846149999822e+02 1.248846153850000036e+02
5.503666666670000041e+02 1.249666666669999984e+02
1.626578947369999923e+02 1.263421052629999934e+02
4.711538461500000352e+01 1.281153846150000106e+02
1.735522727270000019e+02 1.475749999999999886e+02
4.268999999999999773e+02 1.279000000000000057e+02
1.195909090910000003e+02 1.294090909090000139e+02
5.249705882350000365e+02 1.298529411760000016e+02
2.120000000000000000e+02 1.300000000000000000e+02
4.995909090910000145e+02 1.311818181820000007e+02
7.100000000000000000e+01 1.310000000000000000e+02
4.692500000000000000e+02 1.307500000000000000e+02
8.695454545500000165e+01 1.321363636359999987e+02
1.303461538459999929e+02 1.322692307689999893e+02
4.420000000000000000e+02 1.320000000000000000e+02
2.765000000000000000e+02 1.325000000000000000e+02
5.752500000000000000e+02 1.329166666669999870e+02
6.131578947000000390e+00 1.377105263159999993e+02
2.388461538500000003e+01 1.368846153849999894e+02
3.007352941180000130e+02 1.377352941180000130e+02
3.746999999999999886e+02 1.365000000000000000e+02
3.410882352940000146e+02 1.383823529409999935e+02
2.382142857139999990e+02 1.390000000000000000e+02
3.887142857140000274e+02 1.388571428570000137e+02
4.796538461540000071e+02 1.389615384619999929e+02
5.421000000000000227e+02 1.390999999999999943e+02
3.228571428600000104e+01 1.411428571429999863e+02
4.089666666670000268e+02 1.419666666669999984e+02
2.559117647060000138e+02 1.436176470590000065e+02
3.129666666670000268e+02 1.446333333329999959e+02
1.770000000000000000e+02 1.450000000000000000e+02
5.800000000000000000e+02 1.452142857139999990e+02
1.475666666669999927e+02 1.459000000000000057e+02
2.143181818179999993e+02 1.460454545450000126e+02
5.045000000000000000e+02 1.470714285710000127e+02
1.228846153850000036e+02 1.481153846150000106e+02
3.578333333329999846e+02 1.488333333330000130e+02
2.005714285710000127e+02 1.496428571429999863e+02
6.738235294099999351e+01 1.509117647060000138e+02
3.328157894739999847e+02 1.514473684209999931e+02
3.922500000000000000e+02 1.511250000000000000e+02
5.313157894700000128e+01 1.527105263159999993e+02
7.988888888900000040e+01 1.528333333330000130e+02
2.365000000000000000e+02 1.525000000000000000e+02
2.456111111110000138e+02 1.526666666669999870e+02
4.311363636359999987e+02 1.529545454549999874e+02
4.790789473680000015e+02 1.533947368419999862e+02
5.562999999999999545e+02 1.525666666669999927e+02
5.730000000000000000e+02 1.549166666669999870e+02
9.950000000000000000e+01 1.556052631580000138e+02
1.425000000000000000e+02 1.550714285710000127e+02
4.558529411760000016e+02 1.549705882350000081e+02
2.674523809519999986e+02 1.586904761899999983e+02
3.061666666670000154e+02 1.586250000000000000e+02
3.760000000000000000e+02 1.582142857139999990e+02
5.231153846150000390e+02 1.581153846150000106e+02
7.000000000000000000e+00 1.595000000000000000e+02
2.853823529410000219e+02 1.600882352939999862e+02
4.461000000000000227e+02 1.620999999999999943e+02
1.805909090909999861e+02 1.635909090909999861e+02
2.740000000000000000e+02 1.626999999999999886e+02
4.944499999999999886e+02 1.644000000000000057e+02
2.700000000000000000e+01 1.667222222219999992e+02
3.242857142859999726e+02 1.658571428570000137e+02
5.431153846150000390e+02 1.661153846150000106e+02
4.721428571399999896e+01 1.670000000000000000e+02
2.113000000000000114e+02 1.670000000000000000e+02
3.517500000000000000e+02 1.669166666669999870e+02
5.129117647059999854e+02 1.686176470590000065e+02
4.287777777779999724e+02 1.696111111110000138e+02
4.750000000000000000e+00 1.700625000000000000e+02
4.078333333329999846e+02 1.696111111110000138e+02
4.803000000000000114e+02 1.703499999999999943e+02
7.329999999999999716e+01 1.720000000000000000e+02
1.230000000000000000e+02 1.707857142860000010e+02
5.611666666669999586e+02 1.723666666670000041e+02
1.019375000000000000e+02 1.732500000000000000e+02
2.853000000000000114e+02 1.725000000000000000e+02
4.556111111110000138e+02 1.739444444439999984e+02
1.559166666669999870e+02 1.737500000000000000e+02
5.857352941179999561e+02 1.743235294119999992e+02
3.350000000000000000e+02 1.780000000000000000e+02
1.346153845999999987e+00 1.805000000000000000e+02
8.621428571399999896e+01 1.800000000000000000e+02
2.479705882350000081e+02 1.801470588239999984e+02
3.538333333329999846e+02 1.815000000000000000e+02
2.043888888889999862e+02 1.832222222219999992e+02
3.766176470589999781e+02 1.829117647060000138e+02
3.908809523809999860e+02 1.835476190480000014e+02
4.973421052630000077e+02 1.836578947369999923e+02
2.150000000000000000e+01 1.843000000000000114e+02
1.177352941179999988e+02 1.842647058819999870e+02
1.691470588239999984e+02 1.839705882350000081e+02
5.379210526320000554e+02 1.843947368419999862e+02
2.881000000000000227e+02 1.849000000000000057e+02
5.222222222220000276e+02 1.856111111110000138e+02
4.690384615379999786e+02 1.866538461540000071e+02
5.723888888889999862e+02 1.877777777780000008e+02
2.222222222219999992e+02 1.883888888889999862e+02
4.410000000000000000e+02 1.885000000000000000e+02
4.876111111110000138e+02 1.889444444439999984e+02
3.812500000000000000e+01 1.899583333330000130e+02
1.498809523809999860e+02 1.892619047620000003e+02
2.502647058819999870e+02 1.895000000000000000e+02
4.088636363640000013e+02 1.885909090909999861e+02
2.990000000000000000e+02 1.900000000000000000e+02
1.450000000000000000e+01 1.910000000000000000e+02
5.475000000000000000e+01 1.917500000000000000e+02
3.171000000000000227e+02 1.929000000000000057e+02
4.231470588239999984e+02 1.939705882350000081e+02
1.838846153849999894e+02 1.948846153849999894e+02
2.017500000000000000e+02 1.952500000000000000e+02
2.732500000000000000e+02 1.960833333330000130e+02
8.577777777800000081e+01 1.986111111110000138e+02
4.996333333329999959e+02 1.979666666669999984e+02
5.901250000000000000e+02 1.985000000000000000e+02
1.317500000000000000e+02 1.991666666669999870e+02
6.552631578999999817e+00 2.018684210529999916e+02
6.440000000000000568e+01 2.014499999999999886e+02
1.042857142860000010e+02 2.011428571429999863e+02
5.600000000000000000e+02 2.015000000000000000e+02
1.480000000000000000e+02 2.025000000000000000e+02
3.490000000000000000e+02 2.025000000000000000e+02
4.508846153850000178e+02 2.018846153849999894e+02
1.652142857139999990e+02 2.030000000000000000e+02
2.876875000000000000e+02 2.031875000000000000e+02
3.392272727270000132e+02 2.040000000000000000e+02
3.780882352940000146e+02 2.036176470590000065e+02
5.376250000000000000e+02 2.048750000000000000e+02
2.195909090909999861e+02 2.051363636359999987e+02
1.922777777780000008e+02 2.065555555560000016e+02
3.978571428569999853e+02 2.057857142860000010e+02
4.137777777779999724e+02 2.066111111110000138e+02
4.635952380950000133e+02 2.064047619049999867e+02
8.250000000000000000e+01 2.082333333329999903e+02
2.379666666669999984e+02 2.086333333329999959e+02
2.560000000000000000e+02 2.085000000000000000e+02
2.946176470589999781e+02 2.079117647060000138e+02
4.478571428600000104e+01 2.090000000000000000e+02
4.818333333329999846e+02 2.107777777780000008e+02
5.218846153849999610e+02 2.114230769229999964e+02
1.182500000000000000e+02 2.141666666669999870e+02
3.691875000000000000e+02 2.146250000000000000e+02
4.365000000000000000e+02 2.140000000000000000e+02
2.464285714300000052e+01 2.156904761899999983e+02
3.150000000000000000e+02 2.150000000000000000e+02
2.682777777779999724e+02 2.160000000000000000e+02
5.023461538459999929e+02 2.159615384619999929e+02
5.730000000000000000e+02 2.162142857139999990e+02
1.571428571429999863e+02 2.172857142860000010e+02
3.442619047619999719e+02 2.178809523809999860e+02
9.285714290000000037e-01 2.182142857139999990e+02
3.833888888889999862e+02 2.181666666669999870e+02
7.038888888900000040e+01 2.188333333330000130e+02
9.420588235300000690e+01 2.196176470590000065e+02
1.300000000000000000e+02 2.200000000000000000e+02
2.340999999999999943e+02 2.199000000000000057e+02
5.305909090909999577e+02 2.204090909090000139e+02
2.851631578949999835e+02 2.263105263159999936e+02
5.572500000000000000e+02 2.229166666669999870e+02
2.122500000000000000e+02 2.238333333330000130e+02
4.530000000000000000e+02 2.233000000000000114e+02
4.066538461540000071e+02 2.247307692310000107e+02
3.010000000000000142e+01 2.265666666669999927e+02
5.791666666700000121e+01 2.257500000000000000e+02
5.701470588240000552e+02 2.260294117649999919e+02
5.875000000000000000e+02 2.260000000000000000e+02
1.753888888889999862e+02 2.276666666669999870e+02
1.514523809519999986e+02 2.290714285710000127e+02
3.253095238099999733e+02 2.285476190480000014e+02
4.946000000000000227e+02 2.298000000000000114e+02
1.308529411760000016e+02 2.305000000000000000e+02
1.993421052630000077e+02 2.303421052630000077e+02
2.483888888889999862e+02 2.309444444439999984e+02
4.485000000000000000e+02 2.306999999999999886e+02
3.630000000000000000e+02 2.322142857139999990e+02
3.938888888900000040e+01 2.339444444439999984e+02
3.070000000000000000e+02 2.327857142860000010e+02
4.273823529410000219e+02 2.329117647060000138e+02
4.711666666670000154e+02 2.335000000000000000e+02
5.208846153849999610e+02 2.328846153849999894e+02
7.750000000000000000e+01 2.348529411760000016e+02
2.666176470589999781e+02 2.340882352939999862e+02
9.996666666699999837e+01 2.353666666670000041e+02
3.919210526319999985e+02 2.363947368419999862e+02
1.113157894699999950e+01 2.385000000000000000e+02
1.608125000000000000e+02 2.396250000000000000e+02
5.586578947369999923e+02 2.393421052630000077e+02
2.263888888889999862e+02 2.417777777780000008e+02
6.088461538499999648e+01 2.431153846150000106e+02
2.858684210530000200e+02 2.432894736840000007e+02
2.386578947369999923e+02 2.456578947369999923e+02
3.508636363640000013e+02 2.444090909090000139e+02
4.535000000000000000e+02 2.460000000000000000e+02
2.655500000000000114e+02 2.477500000000000000e+02
4.285000000000000000e+02 2.470000000000000000e+02
4.025000000000000000e+02 2.485000000000000000e+02
5.325000000000000000e+02 2.480000000000000000e+02
2.897058823500000102e+01 2.491470588239999984e+02
3.251000000000000227e+02 2.489000000000000057e+02
3.760000000000000000e+02 2.490000000000000000e+02
5.098846153850000178e+02 2.491153846150000106e+02
5.752222222220000276e+02 2.496111111110000138e+02
1.825000000000000000e+02 2.500000000000000000e+02
2.100000000000000000e+02 2.502142857139999990e+02
3.628636363640000013e+02 2.494090909090000139e+02
4.895000000000000000e+02 2.505000000000000000e+02
1.977083333330000130e+02 2.519166666669999870e+02
1.490999999999999943e+02 2.539000000000000057e+02
4.701428571430000147e+02 2.544285714289999873e+02
8.100000000000000000e+01 2.552777777780000008e+02
1.136538461539999929e+02 2.550384615380000071e+02
3.077500000000000000e+02 2.551250000000000000e+02
2.237777777780000008e+02 2.569444444439999984e+02
1.358529411760000016e+02 2.575000000000000000e+02
5.424565217389999816e+02 2.577173913039999888e+02
4.336666666699999695e+01 2.579666666670000268e+02
3.885000000000000000e+02 2.580000000000000000e+02
1.705666666669999927e+02 2.596999999999999886e+02
2.837857142859999726e+02 2.590000000000000000e+02
4.978000000000000114e+02 2.616000000000000227e+02
2.487500000000000000e+02 2.627500000000000000e+02
1.459285714289999873e+02 2.645000000000000000e+02
3.606578947369999923e+02 2.646578947369999923e+02
4.078529411760000016e+02 2.645000000000000000e+02
1.566666666699999944e+01 2.667777777779999724e+02
3.638888888900000040e+01 2.665555555560000016e+02
5.833421052630000077e+02 2.666578947369999923e+02
1.026904761899999983e+02 2.674047619049999867e+02
6.440909090899999967e+01 2.685909090910000145e+02
3.130000000000000000e+02 2.680000000000000000e+02
5.602142857139999705e+02 2.680000000000000000e+02
8.418750000000000000e+01 2.693750000000000000e+02
1.864000000000000057e+02 2.695500000000000114e+02
4.324130434780000201e+02 2.697173913039999888e+02
1.170000000000000000e+02 2.700000000000000000e+02
5.235000000000000000e+02 2.700000000000000000e+02
5.033888888889999862e+02 2.727777777779999724e+02
3.775000000000000000e+02 2.733000000000000114e+02
3.045000000000000000e+02 2.743000000000000114e+02
4.570384615379999786e+02 2.743461538459999929e+02
4.963000000000000114e+02 2.744333333330000073e+02
2.144047619049999867e+02 2.763095238099999733e+02
4.798999999999999773e+02 2.748999999999999773e+02
2.451363636359999987e+02 2.760454545449999841e+02
2.775000000000000000e+02 2.760000000000000000e+02
3.358846153850000178e+02 2.761153846149999822e+02
4.436333333329999959e+02 2.756999999999999886e+02
3.987222222220000276e+02 2.781666666670000154e+02
5.400833333330000414e+02 2.782500000000000000e+02
1.276086956500000014e+01 2.795434782610000184e+02
1.301875000000000000e+02 2.794375000000000000e+02
1.532500000000000000e+02 2.788333333329999846e+02
1.730000000000000000e+02 2.812142857140000274e+02
5.685000000000000000e+02 2.840000000000000000e+02
3.136999999999999886e+02 2.855000000000000000e+02
4.367777777779999724e+02 2.856111111110000138e+02
6.513636363599999868e+01 2.859545454550000159e+02
2.301153846150000106e+02 2.858846153850000178e+02
2.504130434779999916e+02 2.884565217389999816e+02
3.648846153850000178e+02 2.867307692310000107e+02
4.696578947369999923e+02 2.871842105260000153e+02
5.540000000000000000e+02 2.872142857140000274e+02
4.950000000000000000e+01 2.889285714289999873e+02
9.336666666700000405e+01 2.889666666670000268e+02
3.494444444439999984e+02 2.895000000000000000e+02
4.060000000000000000e+02 2.892142857140000274e+02
1.141428571430000005e+02 2.902857142859999726e+02
2.852142857140000274e+02 2.910000000000000000e+02
3.866333333329999959e+02 2.918333333329999846e+02
1.822222222219999992e+02 2.923888888889999862e+02
3.250000000000000000e+01 2.937500000000000000e+02
2.100384615380000071e+02 2.941923076919999858e+02
5.305000000000000000e+02 2.940000000000000000e+02
2.715000000000000000e+02 2.942142857140000274e+02
4.227500000000000000e+02 2.949375000000000000e+02
4.903947368419999862e+02 2.959210526319999985e+02
6.670000000000000284e+01 2.965000000000000000e+02
1.577631578950000062e+02 2.977631578950000062e+02
3.003421052630000077e+02 2.976578947369999923e+02
4.535454545449999841e+02 2.981818181819999722e+02
3.676578947369999923e+02 2.983421052630000077e+02
5.873666666670000041e+02 2.990333333329999732e+02
4.000000000000000000e+00 3.007727272729999868e+02
2.357857142860000010e+02 3.010000000000000000e+02
3.345000000000000000e+02 3.012333333330000187e+02
1.714411764710000057e+02 3.022647058819999870e+02
1.277500000000000000e+02 3.037500000000000000e+02
4.006176470589999781e+02 3.029117647059999854e+02
5.124375000000000000e+02 3.045000000000000000e+02
5.572272727270000132e+02 3.043181818180000278e+02
2.785000000000000000e+02 3.048750000000000000e+02
3.805714285710000127e+02 3.053571428569999853e+02
3.177222222220000276e+02 3.064444444439999984e+02
2.100000000000000000e+01 3.082142857140000274e+02
2.259117647060000138e+02 3.086176470589999781e+02
2.636111111110000138e+02 3.084444444439999984e+02
4.856176470589999781e+02 3.080882352940000146e+02
7.904545454499999835e+01 3.093181818180000278e+02
1.437500000000000000e+02 3.094499999999999886e+02
4.629999999999999716e+01 3.106999999999999886e+02
9.611538461499999642e+01 3.101153846149999822e+02
4.455000000000000000e+02 3.100000000000000000e+02
5.771923076919999858e+02 3.134230769229999964e+02
2.046176470590000065e+02 3.139117647059999854e+02
5.315499999999999545e+02 3.146000000000000227e+02
1.213095238100000017e+02 3.154523809519999986e+02
3.460000000000000000e+02 3.145000000000000000e+02
4.690000000000000000e+02 3.155000000000000000e+02
5.030000000000000000e+02 3.165000000000000000e+02
7.003333333300000163e+01 3.176333333329999959e+02
1.815000000000000000e+02 3.173333333329999846e+02
5.560000000000000000e+02 3.177222222220000276e+02
1.647105263159999993e+02 3.181315789469999800e+02
2.395000000000000000e+02 3.210714285710000127e+02
2.997500000000000000e+02 3.217500000000000000e+02
3.321363636359999987e+02 3.219545454550000159e+02
3.976904761900000267e+02 3.226428571430000147e+02
5.172500000000000000e+02 3.240000000000000000e+02
9.486842105300000583e+01 3.242894736839999723e+02
3.655909090910000145e+02 3.255909090910000145e+02
4.172142857140000274e+02 3.250000000000000000e+02
5.682692307690000462e+02 3.251153846149999822e+02
5.500000000000000000e+01 3.260000000000000000e+02
3.113461538459999929e+02 3.259615384620000214e+02
2.737857142859999726e+02 3.270000000000000000e+02
2.208333333330000130e+02 3.282500000000000000e+02
4.302142857140000274e+02 3.280000000000000000e+02
5.882500000000000000e+02 3.282500000000000000e+02
6.500000000000000000e+00 3.292894736839999723e+02
1.298529411760000016e+02 3.295000000000000000e+02
3.736578947369999923e+02 3.296578947369999923e+02
4.641153846149999822e+02 3.291153846149999822e+02
1.490000000000000000e+02 3.302500000000000000e+02
2.964285714300000052e+01 3.313095238099999733e+02
2.013823529409999935e+02 3.310882352940000146e+02
4.830000000000000000e+02 3.320000000000000000e+02
7.443333333299999310e+01 3.335666666669999927e+02
2.528529411760000016e+02 3.345000000000000000e+02
4.118125000000000000e+02 3.346250000000000000e+02
4.450000000000000000e+02 3.362142857140000274e+02
1.820714285710000127e+02 3.373095238099999733e+02
3.036578947369999923e+02 3.376578947369999923e+02
5.050000000000000000e+02 3.372142857140000274e+02
1.056250000000000000e+02 3.388125000000000000e+02
2.372142857139999990e+02 3.380000000000000000e+02
3.160000000000000142e+01 3.405500000000000114e+02
2.815526315789999785e+02 3.406578947369999923e+02
8.900000000000000000e+01 3.415000000000000000e+02
3.209210526319999985e+02 3.416052631580000138e+02
3.475000000000000000e+02 3.425000000000000000e+02
5.321153846150000390e+02 3.418846153850000178e+02
5.555000000000000000e+02 3.420000000000000000e+02
5.781315789469999800e+02 3.435000000000000000e+02
5.731818181799999934e+01 3.443181818180000278e+02
2.178846153849999894e+02 3.438846153850000178e+02
3.767727272729999868e+02 3.446818181819999722e+02
4.698846153850000178e+02 3.458846153850000178e+02
1.966875000000000000e+02 3.483125000000000000e+02
2.487631578950000062e+02 3.487631578950000062e+02
3.940000000000000000e+02 3.485000000000000000e+02
4.268529411760000016e+02 3.479705882349999797e+02
4.875000000000000000e+02 3.493500000000000227e+02
5.262857142860000295e+02 3.492857142859999726e+02
3.618846153850000178e+02 3.498846153850000178e+02
1.257727272730000010e+02 3.515000000000000000e+02
1.495000000000000000e+02 3.511470588239999984e+02
1.751111111110000138e+02 3.511666666670000154e+02
4.476499999999999773e+02 3.538000000000000114e+02
3.360000000000000000e+02 3.540000000000000000e+02
4.968846153850000178e+02 3.541153846149999822e+02
5.880000000000000000e+02 3.547857142859999726e+02
4.081000000000000227e+02 3.561000000000000227e+02
3.131250000000000000e+01 3.568125000000000000e+02
5.138333333330000414e+02 3.573333333329999846e+02
5.371666666669999586e+02 3.573888888889999862e+02
1.119999999999999929e+01 3.593500000000000227e+02
1.055999999999999943e+02 3.594499999999999886e+02
2.105000000000000000e+02 3.591923076919999858e+02
6.733333333299999879e+01 3.594166666670000154e+02
2.305000000000000000e+02 3.598333333329999846e+02
5.534090909090000423e+02 3.601363636359999987e+02
8.350000000000000000e+01 3.615000000000000000e+02
2.666904761900000267e+02 3.615476190480000014e+02
4.280000000000000000e+02 3.620000000000000000e+02
3.007500000000000000e+02 3.643500000000000227e+02
1.938000000000000114e+02 3.651999999999999886e+02
3.703181818180000278e+02 3.672272727270000132e+02
3.978999999999999773e+02 3.658999999999999773e+02
3.208333333329999846e+02 3.670000000000000000e+02
4.811538461500000352e+01 3.678846153850000178e+02
1.233695652170000017e+02 3.693695652170000017e+02
5.811842105260000153e+02 3.692368421049999938e+02
2.820454545449999841e+02 3.688636363640000013e+02
1.400000000000000000e+02 3.697857142859999726e+02
1.710000000000000000e+02 3.697857142859999726e+02
4.621000000000000227e+02 3.698999999999999773e+02
5.673076923099999647e+01 3.742692307689999893e+02
3.426176470589999781e+02 3.740882352940000146e+02
5.315000000000000000e+02 3.740000000000000000e+02
2.850000000000000000e+01 3.763260869569999727e+02
4.840000000000000000e+02 3.757857142859999726e+02
1.906904761899999983e+02 3.785476190480000014e+02
2.100000000000000000e+02 3.780000000000000000e+02
2.476500000000000057e+02 3.783500000000000227e+02
5.497105263160000277e+02 3.785000000000000000e+02
9.900000000000000000e+01 3.790000000000000000e+02
1.591153846150000106e+02 3.788846153850000178e+02
3.860294117650000203e+02 3.791470588239999984e+02
2.659285714289999873e+02 3.811190476190000140e+02
4.219210526319999985e+02 3.803947368419999862e+02
4.403181818180000278e+02 3.813181818180000278e+02
5.042619047619999719e+02 3.811190476190000140e+02
7.734210526299999344e+01 3.813421052630000077e+02
3.550000000000000000e+01 3.828529411760000016e+02
2.289666666669999984e+02 3.823666666670000041e+02
2.951190476190000140e+02 3.829761904759999993e+02
5.743999999999999773e+02 3.834499999999999886e+02
3.222500000000000000e+02 3.860625000000000000e+02
3.977777777779999724e+02 3.863888888889999862e+02
3.620000000000000000e+02 3.875000000000000000e+02
7.500000000000000000e-01 3.875000000000000000e+02
3.071153846149999822e+02 3.881153846149999822e+02
3.483888888889999862e+02 3.887777777779999724e+02
4.813999999999999773e+02 3.888000000000000114e+02
1.290999999999999943e+02 3.908999999999999773e+02
1.671470588239999984e+02 3.909705882349999797e+02
4.173999999999999773e+02 3.915500000000000114e+02
5.172142857139999705e+02 3.910000000000000000e+02
4.630333333329999732e+02 3.926333333329999959e+02
6.750000000000000000e+01 3.955000000000000000e+02
1.460000000000000000e+02 3.960000000000000000e+02
1.973571428570000137e+02 3.974285714289999873e+02
2.183000000000000114e+02 3.965000000000000000e+02
2.317500000000000000e+02 3.990000000000000000e+02
4.325714285710000127e+02 3.983571428569999853e+02
5.038846153850000178e+02 3.978846153850000178e+02
1.461111111099999960e+01 3.997777777779999724e+02
8.750000000000000000e+01 3.986999999999999886e+02
2.771153846149999822e+02 3.991153846149999822e+02
3.638750000000000000e+02 3.998333333329999846e+02
5.355000000000000000e+02 3.990000000000000000e+02
5.566052631579999570e+02 3.990789473680000015e+02
4.600000000000000000e+01 3.997857142859999726e+02
3.087105263160000277e+02 4.001315789469999800e+02
1.020000000000000000e+02 4.010000000000000000e+02
3.030000000000000071e+01 4.015000000000000000e+02
1.796250000000000000e+02 4.016250000000000000e+02
3.873000000000000114e+02 4.040000000000000000e+02
5.811000000000000227e+02 4.048999999999999773e+02
4.286111111110000138e+02 4.062222222220000276e+02
1.625500000000000114e+02 4.072500000000000000e+02
4.097352941180000130e+02 4.097352941180000130e+02
4.521470588239999984e+02 4.105000000000000000e+02
5.190000000000000000e+02 4.100000000000000000e+02
1.000000000000000000e+01 4.122142857140000274e+02
3.433095238099999733e+02 4.134523809519999986e+02
1.205000000000000000e+02 4.136999999999999886e+02
2.491363636359999987e+02 4.142272727270000132e+02
9.973076923099999647e+01 4.151153846149999822e+02
1.398181818179999993e+02 4.155454545449999841e+02
2.013000000000000114e+02 4.145000000000000000e+02
2.676666666670000154e+02 4.157777777779999724e+02
3.269615384620000214e+02 4.146538461540000071e+02
4.741086956519999944e+02 4.167173913039999888e+02
4.915000000000000000e+02 4.165000000000000000e+02
5.303666666670000041e+02 4.170333333329999732e+02
7.607142857099999844e+01 4.194285714289999873e+02
1.658846153849999894e+02 4.201153846149999822e+02
2.184000000000000057e+02 4.205500000000000114e+02
3.111428571430000147e+02 4.197857142859999726e+02
5.487500000000000000e+02 4.201250000000000000e+02
3.716499999999999773e+02 4.221999999999999886e+02
2.863571428569999853e+02 4.224285714289999873e+02
4.201111111110000138e+02 4.234444444439999984e+02
5.883666666670000041e+02 4.230333333329999732e+02
3.947857142859999726e+02 4.235000000000000000e+02
5.114705882399999837e+01 4.249705882349999797e+02
1.890000000000000000e+02 4.252142857140000274e+02
3.238999999999999773e+02 4.251000000000000227e+02
4.462857142859999726e+02 4.252857142859999726e+02
2.573529411799999878e+01 4.275588235289999943e+02
5.698333333330000414e+02 4.265833333329999846e+02
1.491363636359999987e+02 4.280454545449999841e+02
4.162500000000000000e+01 4.283750000000000000e+02
1.185499999999999972e+02 4.306000000000000227e+02
5.118999999999999773e+02 4.298999999999999773e+02
9.600000000000000000e+01 4.310000000000000000e+02
2.644090909089999855e+02 4.313181818180000278e+02
3.512142857140000274e+02 4.310000000000000000e+02
4.653333333329999846e+02 4.320000000000000000e+02
4.757500000000000000e+02 4.309375000000000000e+02
3.500000000000000000e+00 4.315000000000000000e+02
1.305476190480000014e+02 4.326904761900000267e+02
2.950000000000000000e+02 4.345000000000000000e+02
3.286000000000000227e+02 4.355500000000000114e+02
4.248888888889999862e+02 4.367222222220000276e+02
5.749615384620000214e+02 4.363461538459999929e+02
2.463823529409999935e+02 4.370882352940000146e+02
2.796250000000000000e+02 4.376250000000000000e+02
5.528076923080000142e+02 4.379615384620000214e+02
6.673809523799999965e+01 4.398809523809999860e+02
2.103750000000000000e+02 4.383750000000000000e+02
3.913750000000000000e+02 4.383750000000000000e+02
3.680454545449999841e+02 4.398636363640000013e+02
2.210000000000000142e+01 4.408999999999999773e+02
4.998846153850000178e+02 4.411153846149999822e+02
3.592142857140000274e+02 4.415000000000000000e+02
1.550999999999999943e+02 4.431000000000000227e+02
1.953750000000000000e+02 4.423750000000000000e+02
4.017857142859999726e+02 4.430000000000000000e+02
5.388999999999999773e+02 4.434333333330000073e+02
1.175999999999999943e+02 4.444499999999999886e+02
4.433333333299999879e+01 4.457777777779999724e+02
1.810000000000000000e+02 4.452777777779999724e+02
2.295000000000000000e+02 4.450000000000000000e+02
4.483823529410000219e+02 4.449117647059999854e+02
5.203181818179999709e+02 4.453181818180000278e+02
4.335000000000000000e+02 4.486999999999999886e+02
5.737777777779999724e+02 4.493888888889999862e+02
2.191190476190000140e+02 4.507380952380000281e+02
2.618846153850000178e+02 4.498846153850000178e+02
4.680000000000000000e+02 4.496999999999999886e+02
3.824090909089999855e+02 4.511363636359999987e+02
1.341500000000000057e+02 4.525000000000000000e+02
3.015000000000000000e+02 4.521470588239999984e+02
6.577777777800000081e+01 4.546111111110000138e+02
8.661111111099999960e+01 4.550555555560000016e+02
2.838999999999999773e+02 4.555666666669999927e+02
1.171052631599999927e+01 4.565000000000000000e+02
4.846000000000000227e+02 4.569499999999999886e+02
5.893571428569999853e+02 4.565000000000000000e+02
1.045000000000000000e+02 4.580000000000000000e+02
5.010000000000000000e+02 4.585000000000000000e+02
3.143181818180000278e+02 4.593181818180000278e+02
3.402272727270000132e+02 4.600000000000000000e+02
2.468000000000000114e+02 4.598000000000000114e+02
5.363461538459999929e+02 4.600384615379999786e+02
1.727307692310000107e+02 4.608846153850000178e+02
4.688684210530000200e+02 4.617105263160000277e+02
3.812500000000000000e+01 4.632500000000000000e+02
2.621153846149999822e+02 4.628846153850000178e+02
3.641153846149999822e+02 4.628846153850000178e+02
4.210882352940000146e+02 4.646176470589999781e+02
1.967222222219999992e+02 4.654444444439999984e+02
2.338846153849999894e+02 4.658846153850000178e+02
5.064090909089999855e+02 4.668636363640000013e+02
3.558333333329999846e+02 4.677500000000000000e+02
4.045869565219999799e+02 4.692826086960000112e+02
8.921428571399999896e+01 4.690000000000000000e+02
1.210000000000000000e+02 4.690000000000000000e+02
4.896176470589999781e+02 4.690882352940000146e+02
1.550000000000000000e+02 4.695000000000000000e+02
4.450000000000000000e+02 4.705000000000000000e+02
5.788333333330000414e+02 4.705000000000000000e+02
5.299705882350000365e+02 4.711470588239999984e+02
2.180000000000000000e+02 4.727222222220000276e+02
2.600000000000000000e+02 4.720000000000000000e+02
3.790000000000000000e+02 4.730000000000000000e+02
4.400000000000000000e+01 4.740000000000000000e+02
2.969117647059999854e+02 4.746176470589999781e+02
2.837857142859999726e+02 4.750000000000000000e+02
5.526176470589999781e+02 4.750882352940000146e+02
1.943461538459999929e+02 4.760384615379999786e+02
2.278571428600000104e+01 4.790000000000000000e+02
3.267142857140000274e+02 4.788571428569999853e+02
1.378529411760000016e+02 4.805000000000000000e+02
1.747777777780000008e+02 4.826111111110000138e+02
1.558846153849999894e+02 4.838846153850000178e+02
5.024411764710000057e+02 4.846764705879999724e+02
6.821428571399999896e+01 4.850000000000000000e+02
4.520000000000000000e+02 4.850000000000000000e+02
3.403947368419999862e+02 4.860789473680000015e+02
4.261153846149999822e+02 4.858846153850000178e+02
1.100882352940000004e+02 4.873823529410000219e+02
2.532142857139999990e+02 4.870000000000000000e+02
5.265000000000000000e+02 4.866999999999999886e+02
5.472777777779999724e+02 4.874444444439999984e+02
5.806333333329999959e+02 4.870333333329999732e+02
4.079117647059999854e+02 4.886176470589999781e+02
4.764499999999999886e+02 4.886000000000000227e+02
9.108695651999999754e+00 4.897173913039999888e+02
3.645000000000000000e+02 4.882142857140000274e+02
2.337857142860000010e+02 4.900000000000000000e+02
3.177222222220000276e+02 4.905555555560000016e+02
3.812142857140000274e+02 4.900000000000000000e+02
5.643750000000000000e+02 4.908333333329999846e+02
3.200000000000000000e+01 4.920000000000000000e+02
4.819444444439999984e+02 4.936111111110000138e+02
8.409999999999999432e+01 4.938999999999999773e+02
2.838333333329999846e+02 4.948333333329999846e+02
2.063181818179999993e+02 4.963181818180000278e+02
2.276428571429999863e+02 4.965714285710000127e+02
1.280333333330000016e+02 4.973666666670000041e+02
5.100000000000000000e+01 4.997857142859999726e+02
1.561153846150000106e+02 4.998846153850000178e+02
3.012500000000000000e+02 5.000625000000000000e+02
4.582857142859999726e+02 4.997142857140000274e+02
5.101153846149999822e+02 5.011153846149999822e+02
5.636363635999999566e+00 5.031818181819999722e+02
1.684090909090000139e+02 5.021363636359999987e+02
4.388999999999999773e+02 5.021000000000000227e+02
2.620000000000000000e+02 5.035000000000000000e+02
8.927777777800000081e+01 5.045555555560000016e+02
7.179999999999999716e+01 5.048999999999999773e+02
3.457142857140000274e+02 5.048571428569999853e+02
4.179375000000000000e+02 5.057500000000000000e+02
5.447500000000000000e+02 5.052500000000000000e+02
5.689666666670000268e+02 5.051666666670000154e+02
1.906333333329999959e+02 5.060333333329999732e+02
3.715000000000000000e+02 5.060000000000000000e+02
3.893500000000000227e+02 5.063000000000000114e+02
1.387500000000000000e+02 5.074375000000000000e+02
3.151363636359999987e+02 5.065909090910000145e+02
4.010000000000000000e+02 5.073999999999999773e+02
2.383461538459999929e+02 5.080384615379999786e+02
2.500000000000000000e+01 5.100000000000000000e+02
5.276538461540000071e+02 5.099615384620000214e+02
5.875000000000000000e+02 5.115000000000000000e+02
4.905555555600000162e+01 5.111666666670000154e+02
2.960000000000000000e+02 5.120000000000000000e+02
1.107500000000000000e+02 5.142500000000000000e+02
2.770000000000000000e+02 5.137857142860000295e+02
2.268846153849999894e+02 5.161153846150000390e+02
4.353461538459999929e+02 5.164230769230000533e+02
1.785000000000000000e+02 5.166538461540000071e+02
4.745000000000000000e+02 5.170000000000000000e+02
5.000000000000000000e-01 5.180000000000000000e+02
5.391153846150000390e+02 5.177307692309999538e+02
2.133421052630000077e+02 5.193421052630000077e+02
5.176578947369999923e+02 5.193421052630000077e+02
2.850000000000000000e+01 5.205625000000000000e+02
4.956578947369999923e+02 5.206578947369999923e+02
3.311000000000000227e+02 5.210000000000000000e+02
3.591190476190000140e+02 5.216428571430000147e+02
3.877857142859999726e+02 5.220000000000000000e+02
4.548636363640000013e+02 5.214090909090000423e+02
5.621428571430000147e+02 5.224285714290000442e+02
1.601086956519999944e+02 5.243695652169999448e+02
4.133500000000000227e+02 5.247999999999999545e+02
7.434210526299999344e+01 5.253421052630000077e+02
2.023235294119999992e+02 5.275588235290000512e+02
1.321250000000000000e+02 5.282500000000000000e+02
5.816499999999999773e+02 5.297999999999999545e+02
5.489999999999999858e+01 5.298999999999999773e+02
9.475000000000000000e+01 5.302500000000000000e+02
2.520000000000000000e+02 5.302777777779999724e+02
2.644166666670000154e+02 5.311666666669999586e+02
3.133823529410000219e+02 5.319117647059999854e+02
2.863095238099999733e+02 5.345476190480000014e+02
5.347777777779999724e+02 5.346111111110000138e+02
1.736999999999999886e+02 5.350000000000000000e+02
2.115833333330000130e+02 5.358333333330000414e+02
4.258999999999999773e+02 5.361000000000000227e+02
4.689117647059999854e+02 5.363823529410000219e+02
2.039999999999999858e+01 5.374500000000000455e+02
3.150000000000000000e+01 5.371190476189999572e+02
1.110555555560000016e+02 5.373888888889999862e+02
4.897352941180000130e+02 5.377352941179999561e+02
5.630000000000000000e+02 5.372142857139999705e+02
4.468125000000000000e+02 5.393125000000000000e+02
3.701666666670000154e+02 5.405000000000000000e+02
4.051153846149999822e+02 5.398846153849999610e+02
1.409090908999999892e+00 5.411363636360000555e+02
5.203181818179999709e+02 5.406818181820000291e+02
8.055555555600000162e+01 5.437222222220000276e+02
3.328684210530000200e+02 5.430263157890000230e+02
2.947142857140000274e+02 5.441428571430000147e+02
3.501000000000000227e+02 5.441000000000000227e+02
1.485000000000000000e+02 5.450000000000000000e+02
3.883571428569999853e+02 5.457857142860000295e+02
2.330789473680000015e+02 5.466052631579999570e+02
3.168999999999999773e+02 5.481000000000000227e+02
5.000000000000000000e+02 5.480000000000000000e+02
5.756904761900000267e+02 5.503571428569999853e+02
4.708999999999999773e+02 5.508999999999999773e+02
1.862894736840000007e+02 5.521315789469999800e+02
5.594444444399999838e+01 5.527222222220000276e+02
2.037857142860000010e+02 5.530000000000000000e+02
2.508684210529999916e+02 5.534473684209999647e+02
9.700000000000000000e+01 5.545000000000000000e+02
2.676538461540000071e+02 5.537307692309999538e+02
2.810882352940000146e+02 5.546176470589999781e+02
1.316176470590000065e+02 5.549117647059999854e+02
4.266250000000000000e+02 5.558125000000000000e+02
4.490333333329999732e+02 5.551666666669999586e+02
1.778571428600000104e+01 5.560000000000000000e+02
3.550000000000000000e+01 5.560000000000000000e+02
1.703666666670000041e+02 5.570333333329999732e+02
2.271153846150000106e+02 5.571153846150000390e+02
5.330000000000000000e+02 5.575000000000000000e+02
5.497105263160000277e+02 5.601315789469999800e+02
3.750000000000000000e+02 5.607857142860000295e+02
8.365384615399999291e+01 5.617307692309999538e+02
1.468809523809999860e+02 5.627380952380000281e+02
3.357857142859999726e+02 5.634285714290000442e+02
4.875000000000000000e+02 5.631666666669999586e+02
3.623333333329999846e+02 5.635833333330000414e+02
5.050000000000000000e+01 5.640000000000000000e+02
3.066999999999999886e+02 5.641000000000000227e+02
3.225000000000000000e+02 5.645000000000000000e+02
