1.166666667000000102e+00 1.166666667000000102e+00
4.421428571399999896e+01 9.285714290000000037e-01
1.480000000000000000e+02 1.000000000000000000e+00
3.943571428569999853e+02 1.428571429000000004e+00
4.765000000000000000e+02 1.346153845999999987e+00
4.985000000000000000e+02 8.750000000000000000e-01
5.491153846150000390e+02 1.884615385000000032e+00
1.625909090909999861e+02 3.272727273000000103e+00
2.213181818179999993e+02 2.681818182000000217e+00
2.646000000000000227e+02 3.549999999999999822e+00
3.655000000000000000e+02 3.500000000000000000e+00
3.171250000000000000e+02 4.500000000000000000e+00
5.178333333330000414e+02 5.500000000000000000e+00
2.497500000000000000e+02 5.875000000000000000e+00
5.767500000000000000e+02 7.750000000000000000e+00
2.967500000000000000e+02 9.000000000000000000e+00
3.371875000000000000e+02 8.625000000000000000e+00
1.823750000000000000e+02 1.018750000000000000e+01
6.129999999999999716e+01 1.050000000000000000e+01
8.400000000000000000e+01 1.100000000000000000e+01
1.481578947400000068e+01 1.355263157899999982e+01
9.271052631599999927e+01 1.350000000000000000e+01
4.253421052630000077e+02 1.334210526300000055e+01
4.115000000000000000e+02 1.439473684200000037e+01
1.323888888889999862e+02 1.522222222199999919e+01
2.010000000000000000e+02 1.650000000000000000e+01
4.490000000000000000e+02 1.530000000000000071e+01
3.796999999999999886e+02 1.650000000000000000e+01
1.686818181820000007e+02 1.904545454499999835e+01
5.338999999999999773e+02 1.889999999999999858e+01
1.133947368420000004e+02 2.050000000000000000e+01
4.450000000000000000e+01 2.185294117600000163e+01
6.318181818200000066e+01 2.168181818200000066e+01
5.563999999999999773e+02 2.155000000000000071e+01
1.283333333300000056e+01 2.176666666699999908e+01
2.251666666669999870e+02 2.176666666699999908e+01
3.496904761900000267e+02 2.364285714300000052e+01
5.056333333329999959e+02 2.303333333300000163e+01
5.706578947369999923e+02 2.334210526300000055e+01
2.798846153850000178e+02 2.388461538500000003e+01
4.592222222220000276e+02 2.461111111099999960e+01
4.772142857140000274e+02 2.400000000000000000e+01
5.272857142860000295e+02 2.514285714300000052e+01
3.110000000000000000e+02 2.600000000000000000e+01
1.319000000000000057e+02 2.689999999999999858e+01
3.866999999999999886e+02 2.700000000000000000e+01
1.528333333330000130e+02 2.816666666700000121e+01
1.743333333330000130e+02 2.822222222199999919e+01
2.642500000000000000e+02 2.808333333299999879e+01
4.926428571430000147e+02 2.869047618999999827e+01
3.682058823529999927e+02 2.961764705899999939e+01
3.229999999999999716e+01 2.950000000000000000e+01
2.091666666669999870e+02 3.025000000000000000e+01
9.085714285699999948e+01 3.171428571399999896e+01
4.078846153850000178e+02 3.111538461499999997e+01
1.873333333330000130e+02 3.350000000000000000e+01
2.425000000000000000e+02 3.270000000000000284e+01
3.028999999999999773e+02 3.310000000000000142e+01
5.421000000000000227e+02 3.310000000000000142e+01
5.082647058819999870e+02 3.573529411799999878e+01
7.850000000000000000e+01 3.650000000000000000e+01
3.226111111110000138e+02 3.677777777800000081e+01
4.253421052630000077e+02 3.634210526300000055e+01
4.880952381000000173e+00 3.754761904800000138e+01
5.811538461500000352e+01 3.711538461500000352e+01
1.118125000000000000e+02 3.737500000000000000e+01
3.536538461540000071e+02 3.703846153799999996e+01
1.535000000000000000e+02 3.814705882399999837e+01
2.337857142860000010e+02 3.800000000000000000e+01
3.771363636359999987e+02 3.895454545500000165e+01
4.461315789469999800e+02 3.902631578900000164e+01
4.716578947369999923e+02 4.165789473699999945e+01
1.683333333299999879e+01 4.175000000000000000e+01
3.561111111099999960e+01 4.222222222199999919e+01
2.211315789470000084e+02 4.550000000000000000e+01
2.546250000000000000e+02 4.518750000000000000e+01
2.853823529410000219e+02 4.491176470599999959e+01
3.991000000000000227e+02 4.489999999999999858e+01
1.973823529409999935e+02 4.591176470599999959e+01
3.603888888889999862e+02 4.677777777800000081e+01
5.616333333329999959e+02 4.796666666699999837e+01
5.269666666670000268e+02 4.936666666699999695e+01
1.275000000000000000e+02 5.085294117600000163e+01
3.461250000000000000e+02 5.006250000000000000e+01
3.820384615379999786e+02 5.034615384599999999e+01
3.246999999999999886e+02 5.100000000000000000e+01
5.005555555600000162e+01 5.361111111099999960e+01
4.802500000000000000e+02 5.316666666700000121e+01
3.063000000000000114e+02 5.350000000000000000e+01
4.995909090910000145e+02 5.413636363599999868e+01
3.777777777999999920e+00 5.561111111099999960e+01
9.825000000000000000e+01 5.483333333299999879e+01
4.296333333329999959e+02 5.503333333300000163e+01
2.810000000000000000e+02 5.650000000000000000e+01
4.127222222220000276e+02 5.655555555600000162e+01
1.745000000000000000e+02 5.750000000000000000e+01
3.666999999999999886e+02 5.729999999999999716e+01
4.528999999999999773e+02 5.689999999999999858e+01
7.250000000000000000e+01 5.900000000000000000e+01
1.556999999999999886e+02 5.850000000000000000e+01
3.271153846149999822e+02 6.026923076900000353e+01
1.180000000000000000e+02 6.050000000000000000e+01
5.383095238099999733e+02 6.335714285699999948e+01
5.781666666669999586e+02 6.258333333299999879e+01
1.200000000000000000e+01 6.400000000000000000e+01
2.461666666669999870e+02 6.416666666700000121e+01
5.594473684209999647e+02 6.434210526299999344e+01
3.051000000000000227e+02 6.509999999999999432e+01
5.193125000000000000e+02 6.562500000000000000e+01
2.100999999999999943e+02 6.590000000000000568e+01
3.866111111110000138e+02 6.694444444399999838e+01
3.389210526319999985e+02 6.760526315799999963e+01
4.701666666670000154e+02 6.661111111099999960e+01
2.274473684209999931e+02 6.844736842099999308e+01
1.419666666669999984e+02 6.936666666700000405e+01
1.921428571429999863e+02 6.878571428600000104e+01
4.270000000000000000e+02 6.950000000000000000e+01
4.912857142859999726e+02 7.042857142900000156e+01
5.596250000000000000e+02 7.168750000000000000e+01
3.656250000000000000e+01 7.275000000000000000e+01
1.052000000000000028e+02 7.179999999999999716e+01
1.710000000000000000e+02 7.200000000000000000e+01
2.866818181819999722e+02 7.168181818200000066e+01
4.412272727270000132e+02 7.231818181799999934e+01
7.034615384600000709e+01 7.296153846199999293e+01
2.629864864859999898e+02 7.598648648600000399e+01
4.542857142859999726e+02 7.428571428600000104e+01
4.750000000000000000e+01 7.860526315799999963e+01
8.008823529400000041e+01 7.938235294099999351e+01
1.270000000000000000e+02 7.878571428600000104e+01
3.577173913039999888e+02 7.963043478299999833e+01
3.784473684210000215e+02 7.934210526299999344e+01
4.019117647059999854e+02 7.961764705900000649e+01
3.152058823529999927e+02 8.061764705900000649e+01
5.050000000000000000e+02 8.121428571399999896e+01
1.431250000000000000e+02 8.275000000000000000e+01
2.196333333329999959e+02 8.196666666699999837e+01
5.244333333329999505e+02 8.336666666700000405e+01
1.591176470599999959e+01 8.538235294099999351e+01
2.261666666669999870e+02 8.383333333299999879e+01
4.442500000000000000e+02 8.516666666700000121e+01
4.736333333329999959e+02 8.803333333300000163e+01
5.482142857139999705e+02 8.800000000000000000e+01
6.970000000000000284e+01 9.150000000000000000e+01
1.165000000000000000e+02 9.250000000000000000e+01
2.469090909090000139e+02 9.418181818200000066e+01
3.952142857140000274e+02 9.400000000000000000e+01
1.039666666669999984e+02 9.563333333299999595e+01
1.983888888889999862e+02 9.522222222199999919e+01
3.015666666669999927e+02 9.490000000000000568e+01
5.201923076919999858e+02 9.542307692299999644e+01
4.900000000000000000e+01 9.529999999999999716e+01
4.951153846149999822e+02 9.588461538500000358e+01
5.629117647059999854e+02 9.638235294099999351e+01
4.548846153850000178e+02 9.688461538500000358e+01
4.000000000000000000e+00 9.821428571399999896e+01
1.627307692310000107e+02 9.811538461499999642e+01
1.857857142860000010e+02 9.800000000000000000e+01
2.222777777780000008e+02 9.800000000000000000e+01
4.224411764710000057e+02 9.832352941199999918e+01
2.837500000000000000e+02 9.925000000000000000e+01
5.805000000000000000e+02 9.850000000000000000e+01
3.588461538499999648e+01 1.021153846149999964e+02
7.700000000000000000e+01 1.020000000000000000e+02
1.335000000000000000e+02 1.020000000000000000e+02
2.435000000000000000e+02 1.015000000000000000e+02
3.762692307689999893e+02 1.021153846149999964e+02
3.443888888889999862e+02 1.037777777780000008e+02
4.848999999999999773e+02 1.030999999999999943e+02
5.332500000000000000e+02 1.037500000000000000e+02
2.618846153850000178e+02 1.041153846149999964e+02
4.495000000000000000e+02 1.045000000000000000e+02
3.213235294120000276e+02 1.066764705880000008e+02
3.556111111110000138e+02 1.075555555560000016e+02
1.150000000000000000e+02 1.090000000000000000e+02
1.608571428570000137e+02 1.102142857139999990e+02
4.130000000000000000e+02 1.115000000000000000e+02
1.308823529400000041e+01 1.123823529409999935e+02
6.658695652199999415e+01 1.132826086959999969e+02
5.019117647059999854e+02 1.123823529409999935e+02
1.980384615380000071e+02 1.133461538460000071e+02
5.514090909090000423e+02 1.141363636359999987e+02
9.666666666700000121e+01 1.145833333329999988e+02
2.352142857139999990e+02 1.145000000000000000e+02
3.007666666669999813e+02 1.151666666670000012e+02
1.839615384619999929e+02 1.183461538460000071e+02
2.095000000000000000e+02 1.185000000000000000e+02
2.604499999999999886e+02 1.185999999999999943e+02
4.641666666670000154e+02 1.177666666669999955e+02
4.862500000000000000e+02 1.184500000000000028e+02
5.197857142860000295e+02 1.180000000000000000e+02
4.393750000000000000e+02 1.183750000000000000e+02
5.760714285709999558e+02 1.205000000000000000e+02
3.261153846149999822e+02 1.211153846149999964e+02
4.385714285699999948e+01 1.227142857139999990e+02
1.423421052630000077e+02 1.223421052629999934e+02
2.810000000000000000e+02 1.220000000000000000e+02
3.048999999999999773e+02 1.230999999999999943e+02
3.965000000000000000e+02 1.230000000000000000e+02
5.411153846150000390e+02 1.228846153850000036e+02
1.515555555560000016e+02 1.257222222219999992e+02
4.000000000000000000e+00 1.262142857139999990e+02
3.507777777779999724e+02 1.263888888890000004e+02
1.155666666670000069e+02 1.270999999999999943e+02
1.005909090910000003e+02 1.284090909090000139e+02
2.033421052630000077e+02 1.283421052630000077e+02
5.076000000000000227e+02 1.285500000000000114e+02
5.605000000000000000e+02 1.283000000000000114e+02
4.381000000000000227e+02 1.300999999999999943e+02
2.625000000000000000e+02 1.313000000000000114e+02
4.107222222220000276e+02 1.315555555560000016e+02
2.589999999999999858e+01 1.319000000000000057e+02
1.690000000000000000e+02 1.317857142860000010e+02
7.900000000000000000e+01 1.330000000000000000e+02
2.825000000000000000e+02 1.330000000000000000e+02
4.748846153850000178e+02 1.327307692310000107e+02
6.368181818200000066e+01 1.343181818179999993e+02
3.675000000000000000e+02 1.335000000000000000e+02
2.290333333330000016e+02 1.353666666670000041e+02
3.862142857140000274e+02 1.350000000000000000e+02
4.570000000000000000e+02 1.352142857139999990e+02
1.339000000000000057e+02 1.359000000000000057e+02
3.031000000000000227e+02 1.370999999999999943e+02
4.908125000000000000e+02 1.396250000000000000e+02
3.205000000000000000e+02 1.403947368419999862e+02
6.000000000000000000e+00 1.410000000000000000e+02
3.997105263160000277e+02 1.415000000000000000e+02
5.346333333329999959e+02 1.410999999999999943e+02
2.455000000000000000e+02 1.421470588239999984e+02
5.757500000000000000e+02 1.428333333330000130e+02
3.625000000000000000e+01 1.446500000000000057e+02
1.561888888889999976e+02 1.497444444440000098e+02
5.634210526300000055e+01 1.456578947369999923e+02
2.225000000000000000e+02 1.455000000000000000e+02
4.077727272729999868e+02 1.456818181820000007e+02
1.860999999999999943e+02 1.470999999999999943e+02
4.170000000000000000e+02 1.463000000000000114e+02
4.741315789469999800e+02 1.485000000000000000e+02
5.111000000000000227e+02 1.483666666670000041e+02
1.130999999999999943e+02 1.489000000000000057e+02
3.513823529410000219e+02 1.490882352939999862e+02
3.763999999999999773e+02 1.495500000000000114e+02
5.481000000000000227e+02 1.489000000000000057e+02
9.402631578899999454e+01 1.508684210529999916e+02
1.985000000000000000e+02 1.515000000000000000e+02
2.580000000000000000e+02 1.520000000000000000e+02
2.772222222220000276e+02 1.523888888889999862e+02
4.491250000000000000e+02 1.527500000000000000e+02
4.815416666670000154e+02 1.562083333330000130e+02
5.572826086960000112e+02 1.556304347829999983e+02
7.077777777800000081e+01 1.563333333330000130e+02
3.620333333329999732e+02 1.573666666670000041e+02
1.340000000000000000e+02 1.585000000000000000e+02
2.378333333330000130e+02 1.581666666669999870e+02
3.232826086960000112e+02 1.584130434779999916e+02
3.463000000000000114e+02 1.575000000000000000e+02
5.358846153849999610e+02 1.588846153849999894e+02
1.714545454549999874e+02 1.609545454549999874e+02
4.379666666670000268e+02 1.606333333329999959e+02
2.023888888889999862e+02 1.621666666669999870e+02
2.974523809519999986e+02 1.623095238100000017e+02
3.914090909089999855e+02 1.651363636359999987e+02
5.254999999999999716e+01 1.675999999999999943e+02
2.643000000000000114e+02 1.665000000000000000e+02
3.112142857140000274e+02 1.670000000000000000e+02
4.443750000000000000e+02 1.678750000000000000e+02
1.540909090899999967e+01 1.685909090909999861e+02
2.863333333299999950e+01 1.679666666669999984e+02
4.120294117650000203e+02 1.688529411760000016e+02
1.194166666670000012e+02 1.688333333330000130e+02
4.713095238099999733e+02 1.696428571429999863e+02
5.120294117649999635e+02 1.698529411760000016e+02
1.421666666669999870e+02 1.702500000000000000e+02
5.713823529410000219e+02 1.709117647060000138e+02
2.750000000000000000e+02 1.715000000000000000e+02
7.721428571399999896e+01 1.730000000000000000e+02
8.777777777800000081e+01 1.753888888889999862e+02
1.570882352939999862e+02 1.766176470590000065e+02
2.311315789470000084e+02 1.764473684209999931e+02
5.477857142860000295e+02 1.760000000000000000e+02
3.615000000000000000e+02 1.780000000000000000e+02
1.946578947369999923e+02 1.806578947369999923e+02
3.323461538459999929e+02 1.799615384619999929e+02
4.877105263160000277e+02 1.801315789470000084e+02
5.255000000000000000e+02 1.798333333330000130e+02
3.832777777779999724e+02 1.814444444439999984e+02
2.710000000000000000e+02 1.825000000000000000e+02
1.332500000000000000e+02 1.837500000000000000e+02
3.489444444439999984e+02 1.833888888889999862e+02
4.026818181819999722e+02 1.826818181820000007e+02
3.106333333329999959e+02 1.850333333330000016e+02
4.270000000000000000e+02 1.850000000000000000e+02
1.150000000000000000e+01 1.855000000000000000e+02
1.080999999999999943e+02 1.859000000000000057e+02
2.137500000000000000e+02 1.867500000000000000e+02
3.954545454999999876e+00 1.871363636359999987e+02
1.803000000000000114e+02 1.865000000000000000e+02
4.603000000000000114e+02 1.870000000000000000e+02
5.597105263160000277e+02 1.875000000000000000e+02
4.211904761899999983e+01 1.887380952379999997e+02
2.855000000000000071e+01 1.894000000000000057e+02
2.459117647060000138e+02 1.893823529409999935e+02
2.645000000000000000e+02 1.895000000000000000e+02
2.896250000000000000e+02 1.908125000000000000e+02
1.944473684209999931e+02 1.926578947369999923e+02
5.075000000000000000e+02 1.925000000000000000e+02
7.450000000000000000e+01 1.930000000000000000e+02
4.108999999999999773e+02 1.929000000000000057e+02
2.783666666670000041e+02 1.939666666669999984e+02
4.495000000000000000e+02 1.941470588239999984e+02
3.705000000000000000e+02 1.951470588239999984e+02
4.718684210530000200e+02 1.950263157889999945e+02
5.235000000000000000e+02 1.967352941180000130e+02
1.578571428570000137e+02 1.975714285710000127e+02
5.805000000000000000e+02 1.970000000000000000e+02
1.127307692309999965e+02 1.981153846150000106e+02
4.340000000000000000e+02 1.980000000000000000e+02
3.195909090910000145e+02 1.995909090909999861e+02
3.508529411760000016e+02 1.995000000000000000e+02
5.500263157890000230e+02 1.998684210529999916e+02
2.271153846150000106e+02 1.998846153849999894e+02
5.561764705899999939e+01 2.009117647060000138e+02
1.009000000000000057e+02 2.009000000000000057e+02
1.363823529409999935e+02 2.010882352939999862e+02
3.901363636359999987e+02 2.014090909090000139e+02
2.185909090909999861e+02 2.031363636359999987e+02
7.734615384600000709e+01 2.040384615380000071e+02
1.838125000000000000e+02 2.048125000000000000e+02
4.888750000000000000e+02 2.046250000000000000e+02
2.625909090910000145e+02 2.075909090909999861e+02
3.951818181819999722e+02 2.086363636359999987e+02
5.125000000000000000e+02 2.092500000000000000e+02
1.451428571429999863e+02 2.102142857139999990e+02
1.007894736799999968e+01 2.116578947369999923e+02
3.243333333300000021e+01 2.109000000000000057e+02
2.910000000000000000e+02 2.115000000000000000e+02
3.773750000000000000e+02 2.106250000000000000e+02
1.177500000000000000e+02 2.120625000000000000e+02
5.661000000000000227e+02 2.120999999999999943e+02
4.186666666670000154e+02 2.135000000000000000e+02
2.476052631580000138e+02 2.140789473680000015e+02
3.612647058819999870e+02 2.142647058819999870e+02
2.203333333300000163e+01 2.156333333329999959e+02
1.107000000000000028e+02 2.153000000000000114e+02
5.314500000000000455e+02 2.155999999999999943e+02
3.070000000000000000e+02 2.160000000000000000e+02
3.325500000000000114e+02 2.164000000000000057e+02
2.030000000000000000e+02 2.166999999999999886e+02
4.655000000000000000e+02 2.178333333330000130e+02
2.250000000000000000e+02 2.190000000000000000e+02
5.758125000000000000e+02 2.195625000000000000e+02
2.757033898309999813e+02 2.250593220339999903e+02
4.435000000000000000e+02 2.200000000000000000e+02
4.956818181819999722e+02 2.196818181820000007e+02
6.300000000000000000e+01 2.213000000000000114e+02
3.180789473680000015e+02 2.236578947369999923e+02
1.632500000000000000e+02 2.238125000000000000e+02
5.475000000000000000e+02 2.240000000000000000e+02
8.934210526299999344e+01 2.253421052630000077e+02
1.392222222219999992e+02 2.256111111110000138e+02
3.773636363640000013e+02 2.255000000000000000e+02
5.188461538499999648e+01 2.261153846150000106e+02
5.035000000000000000e+02 2.265000000000000000e+02
3.903333333329999846e+02 2.270000000000000000e+02
1.910000000000000000e+02 2.280000000000000000e+02
4.584444444439999984e+02 2.287222222219999992e+02
1.224473684209999931e+02 2.306578947369999923e+02
2.405000000000000000e+02 2.305000000000000000e+02
4.270000000000000000e+02 2.302142857139999990e+02
1.500000000000000000e+00 2.310000000000000000e+02
2.455555555600000162e+01 2.316111111110000138e+02
5.682777777779999724e+02 2.310000000000000000e+02
3.541428571430000147e+02 2.332857142860000010e+02
4.103823529410000219e+02 2.339117647060000138e+02
4.743571428569999853e+02 2.351666666669999870e+02
7.583333333299999879e+01 2.361111111110000138e+02
8.900000000000000000e+01 2.362142857139999990e+02
2.816176470589999781e+02 2.370882352939999862e+02
2.967307692310000107e+02 2.368846153849999894e+02
1.514333333330000073e+02 2.380999999999999943e+02
2.550999999999999943e+02 2.380999999999999943e+02
5.416176470589999781e+02 2.389117647060000138e+02
2.143888888889999862e+02 2.402222222219999992e+02
5.285000000000000000e+02 2.400000000000000000e+02
3.976428571430000147e+02 2.425000000000000000e+02
3.311153846149999822e+02 2.431153846150000106e+02
1.755000000000000000e+02 2.440000000000000000e+02
4.479444444439999984e+02 2.447777777780000008e+02
1.150000000000000000e+01 2.450000000000000000e+02
3.642142857140000274e+02 2.450000000000000000e+02
5.020333333329999732e+02 2.453666666670000041e+02
5.742647058820000439e+02 2.450882352939999862e+02
5.536666666699999695e+01 2.461666666669999870e+02
1.422857142860000010e+02 2.458571428570000137e+02
7.813157894699999417e+01 2.482894736840000007e+02
1.238846153850000036e+02 2.481153846150000106e+02
2.275999999999999943e+02 2.485500000000000114e+02
3.219705882349999797e+02 2.482058823529999927e+02
9.978571428600000104e+01 2.490000000000000000e+02
2.001153846150000106e+02 2.491153846150000106e+02
2.621250000000000000e+02 2.497500000000000000e+02
1.921818181820000007e+02 2.506363636359999987e+02
4.198846153850000178e+02 2.508846153849999894e+02
4.667307692310000107e+02 2.512692307689999893e+02
4.810000000000000000e+02 2.541666666669999870e+02
4.935000000000000000e+02 2.541470588239999984e+02
5.566764705880000292e+02 2.544411764710000057e+02
3.492857142900000156e+01 2.551428571429999863e+02
5.365909090909999577e+02 2.555909090909999861e+02
1.552333333329999903e+02 2.568333333329999846e+02
3.551363636359999987e+02 2.555909090909999861e+02
2.948529411760000016e+02 2.585000000000000000e+02
3.830000000000000000e+02 2.585000000000000000e+02
6.111904761899999983e+01 2.597380952380000281e+02
2.485000000000000000e+02 2.595000000000000000e+02
9.400000000000000355e+00 2.604499999999999886e+02
2.798999999999999773e+02 2.618999999999999773e+02
3.966111111110000138e+02 2.622222222220000276e+02
3.100000000000000000e+01 2.635000000000000000e+02
3.370000000000000000e+02 2.630000000000000000e+02
1.112999999999999972e+02 2.635000000000000000e+02
2.638684210530000200e+02 2.657105263160000277e+02
5.195833333330000414e+02 2.661666666670000154e+02
5.796666666669999586e+02 2.663333333329999846e+02
9.550000000000000000e+01 2.675000000000000000e+02
1.807500000000000000e+02 2.672500000000000000e+02
2.139210526319999985e+02 2.673947368419999862e+02
4.224499999999999886e+02 2.673999999999999773e+02
1.365714285710000127e+02 2.686428571430000147e+02
3.043999999999999773e+02 2.698000000000000114e+02
4.322142857140000274e+02 2.700000000000000000e+02
4.727857142859999726e+02 2.700000000000000000e+02
4.956000000000000227e+02 2.704499999999999886e+02
5.486818181820000291e+02 2.696818181819999722e+02
7.800000000000000000e+01 2.715000000000000000e+02
4.495909090910000145e+02 2.718636363640000013e+02
1.925999999999999943e+02 2.731999999999999886e+02
3.839166666670000154e+02 2.727500000000000000e+02
4.826176470589999781e+02 2.749117647059999854e+02
2.345000000000000000e+02 2.756999999999999886e+02
3.696250000000000000e+02 2.756250000000000000e+02
5.411538461500000352e+01 2.768846153850000178e+02
1.480000000000000000e+02 2.770000000000000000e+02
3.221000000000000227e+02 2.768999999999999773e+02
4.000000000000000000e+01 2.790000000000000000e+02
2.870000000000000000e+02 2.783000000000000114e+02
5.265000000000000000e+02 2.803000000000000114e+02
1.231666666670000012e+02 2.812333333330000187e+02
1.598846153849999894e+02 2.812692307689999893e+02
2.195000000000000000e+02 2.810000000000000000e+02
3.467105263160000277e+02 2.828684210530000200e+02
3.558846153850000178e+02 2.827307692310000107e+02
4.302777777779999724e+02 2.830000000000000000e+02
6.413043477999999631e+00 2.864565217389999816e+02
1.766666666700000121e+01 2.857777777779999724e+02
2.821923076919999858e+02 2.855769230770000036e+02
3.929615384620000214e+02 2.858076923080000142e+02
5.360000000000000000e+02 2.855000000000000000e+02
2.606250000000000000e+02 2.856250000000000000e+02
5.621470588240000552e+02 2.870294117650000203e+02
3.823125000000000000e+02 2.883125000000000000e+02
1.940999999999999943e+02 2.888999999999999773e+02
9.600000000000000000e+01 2.905000000000000000e+02
3.107307692310000107e+02 2.898846153850000178e+02
1.405000000000000000e+02 2.910000000000000000e+02
5.777857142860000295e+02 2.908571428569999853e+02
4.861666666670000154e+02 2.928888888889999862e+02
1.716578947369999923e+02 2.934473684210000215e+02
2.430000000000000000e+02 2.933333333329999846e+02
4.130000000000000000e+02 2.935000000000000000e+02
4.610000000000000000e+02 2.930000000000000000e+02
5.700000000000000000e+01 2.940000000000000000e+02
8.135714285699999948e+01 2.964285714289999873e+02
3.481250000000000000e+02 2.972500000000000000e+02
5.136333333329999959e+02 2.969666666670000268e+02
3.257142857140000274e+02 2.981428571430000147e+02
1.203823529409999935e+02 2.990882352940000146e+02
2.867500000000000000e+02 2.997500000000000000e+02
4.457222222220000276e+02 2.990000000000000000e+02
3.330000000000000000e+02 3.007857142859999726e+02
5.013823529410000219e+02 3.009117647059999854e+02
1.324523809519999986e+02 3.026904761900000267e+02
2.150000000000000000e+02 3.025000000000000000e+02
2.272142857139999990e+02 3.020000000000000000e+02
5.511666666669999586e+02 3.028888888889999862e+02
1.565000000000000000e+02 3.028333333329999846e+02
7.150000000000000000e+01 3.055000000000000000e+02
2.546578947369999923e+02 3.073421052630000077e+02
1.218750000000000000e+01 3.083750000000000000e+02
3.143333333300000021e+01 3.081000000000000227e+02
9.403333333300000163e+01 3.086333333329999959e+02
3.973421052630000077e+02 3.083421052630000077e+02
4.287666666669999813e+02 3.088333333329999846e+02
1.734090909090000139e+02 3.088636363640000013e+02
2.690000000000000000e+02 3.092142857140000274e+02
3.682692307689999893e+02 3.093461538459999929e+02
1.958333333330000130e+02 3.101666666670000154e+02
5.715000000000000000e+02 3.100000000000000000e+02
5.237222222220000276e+02 3.114444444439999984e+02
3.113823529410000219e+02 3.120882352940000146e+02
4.526538461540000071e+02 3.130384615379999786e+02
4.695000000000000000e+02 3.132894736839999723e+02
4.041153846149999822e+02 3.148846153850000178e+02
1.105000000000000000e+02 3.170000000000000000e+02
3.496363636359999987e+02 3.165000000000000000e+02
2.301153846150000106e+02 3.171153846149999822e+02
3.052692307689999893e+02 3.182692307689999893e+02
3.283000000000000114e+02 3.175000000000000000e+02
2.141153846150000106e+02 3.201153846149999822e+02
2.785476190480000014e+02 3.208809523809999860e+02
5.408157894739999847e+02 3.203421052630000077e+02
4.933235294120000276e+02 3.214411764710000057e+02
4.688461538499999648e+01 3.228846153850000178e+02
6.521428571399999896e+01 3.230000000000000000e+02
2.891176470599999959e+01 3.243823529410000219e+02
1.885000000000000000e+02 3.248529411760000016e+02
4.572142857140000274e+02 3.240000000000000000e+02
7.602941176500000608e+01 3.258529411760000016e+02
1.555909090909999861e+02 3.254090909089999855e+02
4.246250000000000000e+02 3.251875000000000000e+02
4.749615384620000214e+02 3.246538461540000071e+02
2.622692307689999893e+02 3.262692307689999893e+02
5.567666666669999813e+02 3.268333333329999846e+02
1.749444444439999984e+02 3.276111111110000138e+02
3.854499999999999886e+02 3.273999999999999773e+02
2.277777777999999920e+00 3.280000000000000000e+02
3.380000000000000000e+02 3.307727272729999868e+02
5.106578947369999923e+02 3.303421052630000077e+02
1.235000000000000000e+02 3.328529411760000016e+02
2.479117647060000138e+02 3.326176470589999781e+02
3.640882352940000146e+02 3.326176470589999781e+02
4.931153846149999822e+02 3.338846153850000178e+02
2.220833333330000130e+02 3.352500000000000000e+02
4.410000000000000000e+02 3.355000000000000000e+02
1.048846153850000036e+02 3.361153846149999822e+02
4.129999999999999716e+01 3.365000000000000000e+02
1.372222222219999992e+02 3.376111111110000138e+02
1.508823529400000041e+01 3.383823529410000219e+02
6.385714285699999948e+01 3.385714285710000127e+02
5.478846153849999610e+02 3.381153846149999822e+02
5.686000000000000227e+02 3.398000000000000114e+02
2.070000000000000000e+02 3.395000000000000000e+02
4.215000000000000000e+02 3.398333333329999846e+02
3.148684210530000200e+02 3.417105263160000277e+02
2.380999999999999943e+02 3.421000000000000227e+02
2.910000000000000000e+02 3.420000000000000000e+02
4.046333333329999959e+02 3.420333333329999732e+02
5.161000000000000227e+02 3.421000000000000227e+02
5.257500000000000000e+02 3.438750000000000000e+02
7.759999999999999432e+01 3.454499999999999886e+02
1.581470588239999984e+02 3.465000000000000000e+02
2.688529411760000016e+02 3.460294117650000203e+02
3.895000000000000000e+02 3.460384615379999786e+02
4.716111111110000138e+02 3.467777777779999724e+02
4.571000000000000227e+02 3.481000000000000227e+02
6.000000000000000000e+01 3.500000000000000000e+02
1.131086956519999944e+02 3.522826086960000112e+02
1.900000000000000000e+02 3.530000000000000000e+02
3.491363636359999987e+02 3.524090909089999855e+02
1.750000000000000000e+01 3.540000000000000000e+02
2.903095238099999733e+02 3.566428571430000147e+02
3.708846153850000178e+02 3.561153846149999822e+02
4.911666666670000154e+02 3.555833333329999846e+02
1.397500000000000000e+02 3.569375000000000000e+02
2.244000000000000057e+02 3.574499999999999886e+02
2.564565217389999816e+02 3.587608695650000072e+02
3.566904761900000267e+02 3.589285714289999873e+02
4.036538461540000071e+02 3.580384615379999786e+02
4.405500000000000114e+02 3.596000000000000227e+02
3.200000000000000000e+01 3.600000000000000000e+02
3.040000000000000000e+02 3.601666666670000154e+02
5.015000000000000000e+02 3.595000000000000000e+02
7.786842105300000583e+01 3.617631578950000062e+02
9.344117647100000568e+01 3.611470588239999984e+02
3.267777777779999724e+02 3.616111111110000138e+02
5.462999999999999545e+02 3.605000000000000000e+02
5.601315789469999800e+02 3.612894736839999723e+02
1.624375000000000000e+02 3.625000000000000000e+02
2.746999999999999886e+02 3.625000000000000000e+02
2.005000000000000000e+02 3.636999999999999886e+02
5.280000000000000000e+02 3.642142857140000274e+02
1.113260869570000011e+02 3.675000000000000000e+02
1.753000000000000114e+02 3.675000000000000000e+02
2.383947368419999862e+02 3.680789473680000015e+02
3.875000000000000000e+02 3.685555555560000016e+02
4.167307692310000107e+02 3.681153846149999822e+02
4.521666666670000154e+02 3.687666666669999813e+02
3.343823529410000219e+02 3.700882352940000146e+02
4.947105263160000277e+02 3.701315789469999800e+02
5.179666666670000268e+02 3.703666666670000041e+02
5.483333333299999879e+01 3.715833333329999846e+02
2.178333333330000130e+02 3.724166666670000154e+02
4.095000000000000000e+02 3.728529411760000016e+02
4.768999999999999773e+02 3.725666666669999927e+02
1.200000000000000000e+01 3.743333333329999846e+02
1.402333333329999903e+02 3.747666666669999813e+02
1.960000000000000000e+02 3.745000000000000000e+02
3.720000000000000000e+02 3.740000000000000000e+02
1.309666666669999984e+02 3.753666666670000041e+02
6.408823529400000041e+01 3.797352941180000130e+02
5.466428571430000147e+02 3.803095238099999733e+02
1.715000000000000000e+02 3.815000000000000000e+02
3.591000000000000227e+02 3.821000000000000227e+02
1.545000000000000000e+02 3.830000000000000000e+02
2.620000000000000000e+02 3.835000000000000000e+02
5.605000000000000000e+02 3.832894736839999723e+02
3.500000000000000000e+01 3.845000000000000000e+02
8.834615384600000709e+01 3.840384615379999786e+02
1.145000000000000000e+02 3.840000000000000000e+02
4.543125000000000000e+02 3.843125000000000000e+02
2.976666666670000154e+02 3.855000000000000000e+02
2.821086956519999944e+02 3.865434782610000184e+02
4.090652173909999760e+02 3.864130434780000201e+02
1.340333333330000016e+02 3.876333333329999959e+02
3.203999999999999773e+02 3.875500000000000114e+02
3.855000000000000000e+02 3.880000000000000000e+02
4.347105263160000277e+02 3.881315789469999800e+02
2.460555555560000016e+02 3.896111111110000138e+02
5.323666666670000041e+02 3.900333333329999732e+02
2.295476190480000014e+02 3.917380952380000281e+02
3.407105263160000277e+02 3.915000000000000000e+02
4.880454545449999841e+02 3.918636363640000013e+02
5.060000000000000000e+02 3.917857142859999726e+02
2.906052631580000138e+02 3.949210526319999985e+02
4.257857142859999726e+02 3.940000000000000000e+02
5.490000000000000000e+02 3.957222222220000276e+02
4.747222222220000276e+02 3.960000000000000000e+02
9.350000000000000000e+01 3.970000000000000000e+02
1.100000000000000089e+00 3.983000000000000114e+02
5.661111111099999960e+01 3.987777777779999724e+02
1.890000000000000000e+02 3.975000000000000000e+02
8.000000000000000000e+01 3.990000000000000000e+02
2.060000000000000000e+02 3.995000000000000000e+02
2.680000000000000000e+02 4.000000000000000000e+02
1.682142857139999990e+02 4.005000000000000000e+02
4.482647058819999870e+02 4.010882352940000146e+02
2.231818181799999934e+01 4.023181818180000278e+02
5.660000000000000000e+02 4.017857142859999726e+02
4.158999999999999773e+02 4.028999999999999773e+02
1.557777777780000008e+02 4.046666666670000154e+02
3.403333333300000163e+01 4.066333333329999959e+02
3.747727272729999868e+02 4.063181818180000278e+02
4.885000000000000000e+02 4.065000000000000000e+02
2.580000000000000000e+02 4.070000000000000000e+02
3.160000000000000000e+02 4.080000000000000000e+02
3.550909090910000145e+02 4.090909090910000145e+02
5.085000000000000000e+02 4.075000000000000000e+02
1.090000000000000000e+02 4.092142857140000274e+02
4.685909090910000145e+02 4.104090909089999855e+02
6.443333333299999310e+01 4.108999999999999773e+02
3.925000000000000000e+02 4.110000000000000000e+02
1.915909090909999861e+02 4.131363636359999987e+02
1.374090909090000139e+02 4.145909090910000145e+02
2.311153846150000106e+02 4.141153846149999822e+02
3.414499999999999886e+02 4.153999999999999773e+02
3.696000000000000227e+02 4.155500000000000114e+02
5.231000000000000227e+02 4.151000000000000227e+02
5.793461538459999929e+02 4.150384615379999786e+02
1.000000000000000000e+00 4.160000000000000000e+02
8.900000000000000000e+01 4.160000000000000000e+02
1.550000000000000000e+01 4.190000000000000000e+02
1.557307692310000107e+02 4.192692307689999893e+02
4.378529411760000016e+02 4.195000000000000000e+02
2.991153846149999822e+02 4.198846153850000178e+02
4.960000000000000142e+01 4.215500000000000114e+02
5.018529411760000016e+02 4.215000000000000000e+02
2.085000000000000000e+02 4.225000000000000000e+02
2.735000000000000000e+02 4.220000000000000000e+02
1.760000000000000000e+02 4.225000000000000000e+02
3.815000000000000000e+02 4.222142857140000274e+02
3.050384615379999786e+02 4.243461538459999929e+02
4.536000000000000227e+02 4.248000000000000114e+02
5.385000000000000000e+02 4.241470588239999984e+02
8.091176470599999959e+01 4.266176470589999781e+02
2.335526315790000069e+02 4.263421052630000077e+02
1.391363636359999987e+02 4.270454545449999841e+02
5.551363636360000555e+02 4.264090909089999855e+02
1.028684210530000058e+02 4.287105263160000277e+02
2.527777777800000081e+01 4.288333333329999846e+02
1.989545454549999874e+02 4.286818181819999722e+02
2.500999999999999943e+02 4.291000000000000227e+02
4.092500000000000000e+02 4.292500000000000000e+02
2.847857142859999726e+02 4.295000000000000000e+02
3.428846153850000178e+02 4.301153846149999822e+02
6.284782608700000139e+01 4.322391304349999928e+02
3.214090909089999855e+02 4.314090909089999855e+02
4.910000000000000000e+02 4.310000000000000000e+02
4.780000000000000000e+02 4.322777777779999724e+02
4.175000000000000000e+02 4.340000000000000000e+02
1.656764705880000008e+02 4.354411764710000057e+02
2.756111111110000138e+02 4.348333333329999846e+02
5.268999999999999773e+02 4.348999999999999773e+02
5.481666666669999586e+02 4.354166666670000154e+02
1.215000000000000000e+02 4.370000000000000000e+02
3.567500000000000000e+02 4.368333333329999846e+02
8.653846154000000013e+00 4.389615384620000214e+02
5.727857142860000295e+02 4.390000000000000000e+02
1.865000000000000000e+02 4.405000000000000000e+02
2.268000000000000114e+02 4.416499999999999773e+02
1.035499999999999972e+02 4.423999999999999773e+02
4.201999999999999886e+02 4.421999999999999886e+02
4.568636363640000013e+02 4.414090909089999855e+02
5.082857142859999726e+02 4.427142857140000274e+02
4.322222222199999919e+01 4.446111111110000138e+02
2.096363636359999987e+02 4.458181818180000278e+02
3.473750000000000000e+02 4.443750000000000000e+02
3.794090909089999855e+02 4.451363636359999987e+02
2.875000000000000000e+02 4.476052631580000138e+02
3.897857142859999726e+02 4.470000000000000000e+02
3.256904761900000267e+02 4.483571428569999853e+02
3.646538461540000071e+02 4.489615384620000214e+02
1.272894736840000007e+02 4.505000000000000000e+02
1.475000000000000000e+02 4.508750000000000000e+02
2.658333333329999846e+02 4.505833333329999846e+02
5.360000000000000000e+02 4.510000000000000000e+02
2.306666666669999870e+02 4.525000000000000000e+02
4.328750000000000000e+02 4.527500000000000000e+02
4.686904761900000267e+02 4.525476190480000014e+02
1.000000000000000000e+00 4.530000000000000000e+02
7.902941176500000608e+01 4.531470588239999984e+02
5.645952380950000133e+02 4.538333333329999846e+02
2.214285714300000052e+01 4.547142857140000274e+02
5.408823529400000041e+01 4.543823529410000219e+02
4.873235294120000276e+02 4.544411764710000057e+02
2.530000000000000000e+02 4.562142857140000274e+02
1.611153846150000106e+02 4.578846153850000178e+02
1.893888888889999862e+02 4.587777777779999724e+02
3.101363636359999987e+02 4.579545454550000159e+02
4.563500000000000227e+02 4.588000000000000114e+02
3.940000000000000000e+02 4.607727272729999868e+02
4.135000000000000000e+02 4.620000000000000000e+02
3.447307692310000107e+02 4.633461538459999929e+02
3.551153846149999822e+02 4.628846153850000178e+02
5.222222222220000276e+02 4.646111111110000138e+02
1.448571428570000137e+02 4.657142857140000274e+02
2.015000000000000000e+02 4.655000000000000000e+02
5.655000000000000000e+02 4.660000000000000000e+02
7.258333333299999879e+01 4.671666666670000154e+02
1.087000000000000028e+02 4.670000000000000000e+02
2.420000000000000000e+02 4.675000000000000000e+02
4.280000000000000000e+02 4.667857142859999726e+02
9.456666666700000690e+01 4.682333333330000187e+02
4.753000000000000114e+02 4.690000000000000000e+02
4.930714285710000127e+02 4.695000000000000000e+02
2.918999999999999773e+02 4.701000000000000227e+02
3.081153846149999822e+02 4.698846153850000178e+02
3.670000000000000000e+02 4.700000000000000000e+02
4.168181818200000066e+01 4.713181818180000278e+02
2.221153846150000106e+02 4.708846153850000178e+02
1.811153846150000106e+02 4.718846153850000178e+02
2.695000000000000000e+02 4.720714285710000127e+02
4.113666666670000041e+02 4.719666666670000268e+02
5.411666666669999586e+02 4.721666666670000154e+02
1.479000000000000057e+02 4.758999999999999773e+02
5.900000000000000000e+01 4.767857142859999726e+02
1.663421052630000077e+02 4.773421052630000077e+02
1.896666666699999837e+01 4.783666666670000041e+02
3.386000000000000227e+02 4.785500000000000114e+02
5.353666666670000041e+02 4.800333333329999732e+02
9.990000000000000568e+01 4.821000000000000227e+02
4.918999999999999773e+02 4.818999999999999773e+02
3.996000000000000227e+02 4.834499999999999886e+02
3.780000000000000000e+02 4.840000000000000000e+02
4.623421052630000077e+02 4.846578947369999923e+02
5.569545454550000159e+02 4.846363636359999987e+02
2.397666666670000097e+02 4.856333333329999959e+02
5.095000000000000000e+02 4.846666666670000154e+02
1.293823529409999935e+02 4.860882352940000146e+02
3.576250000000000000e+02 4.853750000000000000e+02
4.423181818180000278e+02 4.863181818180000278e+02
8.300000000000000000e+01 4.882142857140000274e+02
2.224090909090000139e+02 4.878636363640000013e+02
2.661470588239999984e+02 4.879705882349999797e+02
5.795714285709999558e+02 4.883571428569999853e+02
4.776333333329999959e+02 4.890333333329999732e+02
2.157857142860000010e+02 4.901428571430000147e+02
1.991153846150000106e+02 4.948846153850000178e+02
3.151000000000000227e+02 4.951000000000000227e+02
3.360333333329999732e+02 4.953666666670000041e+02
1.491666666669999870e+02 4.953888888889999862e+02
2.932142857140000274e+02 4.960000000000000000e+02
2.750000000000000000e+01 4.973947368419999862e+02
1.620454545450000126e+02 4.968636363640000013e+02
5.317000000000000455e+02 4.965000000000000000e+02
3.927500000000000000e+02 4.994375000000000000e+02
1.779285714289999873e+02 5.004285714289999873e+02
2.500333333330000016e+02 5.006333333329999959e+02
3.610000000000000000e+02 4.998333333329999846e+02
4.456250000000000000e+01 5.012500000000000000e+02
1.140333333330000016e+02 5.016333333329999959e+02
4.970384615379999786e+02 5.006538461540000071e+02
4.070000000000000000e+02 5.025000000000000000e+02
4.331153846149999822e+02 5.025769230770000036e+02
4.566333333329999959e+02 5.019666666670000268e+02
5.448846153849999610e+02 5.017307692310000107e+02
1.035999999999999943e+02 5.038000000000000114e+02
5.148333333330000414e+02 5.027500000000000000e+02
1.359000000000000057e+02 5.038999999999999773e+02
2.330000000000000000e+02 5.037857142859999726e+02
3.055769230770000036e+02 5.038076923080000142e+02
5.950000000000000000e+01 5.045000000000000000e+02
3.686000000000000227e+02 5.054499999999999886e+02
8.455263157900000692e+01 5.062894736839999723e+02
4.720000000000000000e+02 5.080000000000000000e+02
2.661153846149999822e+02 5.088846153850000178e+02
1.050000000000000000e+01 5.100000000000000000e+02
4.846111111110000138e+02 5.107777777779999724e+02
4.025000000000000000e+01 5.121666666669999586e+02
2.865909090910000145e+02 5.118636363640000013e+02
5.320000000000000000e+02 5.145000000000000000e+02
2.002142857139999990e+02 5.161428571430000147e+02
3.283750000000000000e+02 5.153750000000000000e+02
3.936052631580000138e+02 5.160789473679999446e+02
4.389545454550000159e+02 5.165000000000000000e+02
5.518846153849999610e+02 5.162692307690000462e+02
5.730000000000000000e+02 5.160000000000000000e+02
1.635909090909999861e+02 5.171363636360000555e+02
4.998888888889999862e+02 5.178888888889999862e+02
1.961764705899999939e+01 5.189117647059999854e+02
1.490600000000000023e+02 5.208999999999999773e+02
2.228846153849999894e+02 5.202692307690000462e+02
4.288846153850000178e+02 5.202692307690000462e+02
3.433999999999999773e+02 5.214500000000000455e+02
6.425000000000000000e+01 5.227500000000000000e+02
3.780000000000000000e+02 5.220000000000000000e+02
1.919117647060000138e+02 5.256176470589999781e+02
3.036000000000000227e+02 5.254500000000000455e+02
1.175000000000000000e+02 5.255000000000000000e+02
2.403947368419999862e+02 5.260789473679999446e+02
2.566818181819999722e+02 5.293181818179999709e+02
5.510000000000000000e+02 5.292142857139999705e+02
1.070000000000000000e+02 5.307727272729999868e+02
2.013461538459999929e+02 5.309615384620000214e+02
4.118571428569999853e+02 5.312857142860000295e+02
4.712222222220000276e+02 5.313888888889999862e+02
8.834210526299999344e+01 5.323421052630000077e+02
5.256578947369999923e+02 5.326578947369999923e+02
3.385666666669999927e+02 5.331000000000000227e+02
5.675000000000000000e+02 5.340000000000000000e+02
6.661764705900000649e+01 5.339117647059999854e+02
4.605000000000000000e+02 5.340000000000000000e+02
4.003333333300000163e+01 5.353666666670000041e+02
2.742272727270000132e+02 5.353181818179999709e+02
4.305000000000000000e+02 5.350000000000000000e+02
5.078333333329999846e+02 5.356111111110000138e+02
4.450000000000000178e+00 5.373999999999999773e+02
3.819117647059999854e+02 5.376176470589999781e+02
1.835500000000000114e+02 5.383999999999999773e+02
3.558684210530000200e+02 5.382894736839999723e+02
1.625999999999999943e+02 5.392000000000000455e+02
2.475000000000000000e+01 5.412500000000000000e+02
1.440333333330000016e+02 5.413666666670000041e+02
4.862222222220000276e+02 5.426666666669999586e+02
2.855000000000000000e+02 5.433333333330000414e+02
3.030000000000000000e+02 5.425000000000000000e+02
2.214473684209999931e+02 5.453421052630000077e+02
3.245000000000000000e+02 5.465000000000000000e+02
4.883333333299999879e+01 5.466111111110000138e+02
3.967142857140000274e+02 5.469285714290000442e+02
1.227777777780000008e+02 5.496111111110000138e+02
8.876666666699999553e+01 5.501666666669999586e+02
3.670000000000000000e+02 5.505000000000000000e+02
2.563666666670000041e+02 5.510333333329999732e+02
2.696176470589999781e+02 5.529117647059999854e+02
3.491666666670000154e+02 5.527666666669999813e+02
4.589705882349999797e+02 5.538529411759999448e+02
5.145000000000000000e+02 5.530000000000000000e+02
2.002500000000000000e+02 5.555625000000000000e+02
4.217500000000000000e+02 5.556875000000000000e+02
2.395588235289999943e+02 5.566764705880000292e+02
5.360499999999999545e+02 5.566000000000000227e+02
6.642307692299999644e+01 5.576538461540000071e+02
1.295952380950000133e+02 5.580714285709999558e+02
1.730999999999999943e+02 5.568999999999999773e+02
2.191666666669999870e+02 5.563888888889999862e+02
4.421428571430000147e+02 5.582142857139999705e+02
3.925000000000000000e+02 5.592894736839999723e+02
4.990000000000000000e+02 5.590000000000000000e+02
5.613999999999999773e+02 5.592000000000000455e+02
2.176315789499999909e+01 5.601315789469999800e+02
2.878999999999999773e+02 5.611000000000000227e+02
3.135909090910000145e+02 5.611363636360000555e+02
1.555000000000000000e+02 5.621250000000000000e+02
3.317857142859999726e+02 5.620714285709999558e+02
4.650000000000000000e+01 5.625000000000000000e+02
