5.413636363599999868e+01 1.409090908999999892e+00
7.650000000000000000e+01 5.000000000000000000e-01
1.035000000000000000e+02 5.000000000000000000e-01
3.526538461540000071e+02 1.807692308000000025e+00
4.555000000000000000e+02 5.000000000000000000e-01
1.312647058819999870e+02 3.735294118000000108e+00
1.599210526319999985e+02 3.605263158000000079e+00
1.732500000000000000e+02 4.750000000000000000e+00
3.668913043480000056e+02 6.021739130000000273e+00
5.103947368419999862e+02 5.605263157999999635e+00
5.601153846150000390e+02 4.884615385000000032e+00
3.635000000000000142e+01 7.750000000000000000e+00
6.750000000000000000e+00 8.750000000000000000e+00
2.278636363640000013e+02 7.409090908999999670e+00
4.121000000000000227e+02 8.099999999999999645e+00
4.448529411760000016e+02 7.970588235000000132e+00
4.691153846149999822e+02 8.115384614999999968e+00
4.831250000000000000e+02 8.937500000000000000e+00
2.745000000000000000e+02 9.147058824000000143e+00
5.810000000000000000e+02 9.722222221999999192e+00
1.983666666670000041e+02 1.216666666699999944e+01
7.650000000000000000e+01 1.300000000000000000e+01
4.571363636359999987e+02 1.259090909100000033e+01
5.266333333329999959e+02 1.303333333299999985e+01
3.326111111110000138e+02 1.433333333300000056e+01
2.561470588239999984e+02 1.550000000000000000e+01
2.994523809519999986e+02 1.569047619000000005e+01
2.410000000000000000e+02 1.621428571399999896e+01
7.500000000000000000e-01 1.650000000000000000e+01
8.778571428600000104e+01 1.700000000000000000e+01
1.393888888889999862e+02 1.722222222199999919e+01
5.600000000000000000e+02 1.700000000000000000e+01
1.080238095240000007e+02 1.988095238100000017e+01
5.104411764710000057e+02 1.967647058800000082e+01
5.386333333329999959e+02 1.896666666699999837e+01
2.180000000000000000e+02 2.000000000000000000e+01
3.939545454550000159e+02 1.986363636400000132e+01
4.223823529410000219e+02 2.091176470599999959e+01
2.085294117600000163e+01 2.250000000000000000e+01
1.771666666669999870e+02 2.225000000000000000e+01
4.940000000000000000e+02 2.178571428600000104e+01
8.195833333299999879e+01 2.437500000000000000e+01
3.714444444439999984e+02 2.472222222199999919e+01
5.740000000000000000e+02 2.572222222199999919e+01
1.192894736840000007e+02 2.613157894700000128e+01
2.887857142859999726e+02 2.600000000000000000e+01
4.675500000000000114e+02 2.739999999999999858e+01
3.537916666670000154e+02 2.850000000000000000e+01
5.382142857139999705e+02 2.800000000000000000e+01
2.700000000000000000e+02 2.900000000000000000e+01
3.870454545449999841e+02 2.886363636400000132e+01
6.038888888900000040e+01 3.022222222199999919e+01
1.612647058819999870e+02 3.050000000000000000e+01
3.269117647059999854e+02 3.061764705899999939e+01
1.480000000000000000e+02 3.150000000000000000e+01
1.961153846150000106e+02 3.211538461500000352e+01
1.085000000000000000e+02 3.350000000000000000e+01
2.190000000000000000e+02 3.283333333299999879e+01
2.562272727270000132e+02 3.313636363599999868e+01
3.121153846149999822e+02 3.311538461500000352e+01
3.662692307689999893e+02 3.288461538499999648e+01
3.355000000000000000e+02 3.414705882399999837e+01
4.110000000000000000e+02 3.421428571399999896e+01
5.199375000000000000e+02 3.475000000000000000e+01
1.573809523799999965e+01 3.611904761899999983e+01
4.450000000000000000e+01 3.450000000000000000e+01
2.367500000000000000e+02 3.516666666700000121e+01
4.365000000000000000e+02 3.700000000000000000e+01
4.042058823529999927e+02 3.826470588200000122e+01
4.795500000000000114e+02 3.839999999999999858e+01
5.097105263160000277e+02 3.950000000000000000e+01
5.538999999999999773e+02 3.910000000000000142e+01
5.879117647059999854e+02 3.938235294100000061e+01
1.811111111110000138e+02 4.011111111099999960e+01
4.536904761900000267e+02 4.059523809499999913e+01
7.029999999999999716e+01 4.270000000000000284e+01
3.824230769229999964e+02 4.265384615400000001e+01
1.235000000000000000e+02 4.400000000000000000e+01
9.381999999999999318e+01 4.725999999999999801e+01
1.416111111110000138e+02 4.722222222199999919e+01
3.096666666699999837e+01 4.836666666699999695e+01
2.307173913039999888e+02 4.858695652200000126e+01
8.657894736999999452e+00 4.934210526300000055e+01
4.722222222199999919e+01 4.938888888900000040e+01
3.480000000000000000e+02 4.972222222199999919e+01
5.452857142860000295e+02 4.892857142900000156e+01
2.992500000000000000e+02 5.012500000000000000e+01
5.720000000000000000e+02 5.050000000000000000e+01
1.631875000000000000e+02 5.137500000000000000e+01
4.451153846149999822e+02 5.088461538499999648e+01
2.657222222220000276e+02 5.200000000000000000e+01
3.295000000000000000e+02 5.150000000000000000e+01
6.050000000000000000e+01 5.450000000000000000e+01
3.184090909089999855e+02 5.513636363599999868e+01
3.650000000000000000e+02 5.500000000000000000e+01
4.225500000000000114e+02 5.560000000000000142e+01
2.080000000000000000e+02 5.600000000000000000e+01
3.966538461540000071e+02 5.603846153799999996e+01
4.680000000000000000e+02 5.650000000000000000e+01
4.998999999999999773e+02 5.589999999999999858e+01
1.021666666670000012e+02 5.700000000000000000e+01
3.760882352940000146e+02 5.838235294100000061e+01
5.495476190480000014e+02 5.830952381000000173e+01
5.115833333329999846e+02 5.916666666700000121e+01
8.400000000000000000e+01 6.050000000000000000e+01
1.821666666669999870e+02 6.137500000000000000e+01
3.391153846149999822e+02 6.088461538499999648e+01
1.273181818179999993e+02 6.168181818200000066e+01
2.821000000000000227e+02 6.243333333300000021e+01
5.887500000000000000e+02 6.216666666700000121e+01
5.620000000000000000e+02 6.300000000000000000e+01
2.388461538500000003e+01 6.411538461499999642e+01
2.545000000000000000e+02 6.600000000000000000e+01
1.511153846150000106e+02 6.711538461499999642e+01
4.855000000000000000e+02 6.650000000000000000e+01
5.091176470599999959e+01 6.861764705900000649e+01
4.013947368419999862e+02 6.807894736800000146e+01
5.271666666669999586e+02 6.823333333300000447e+01
2.670000000000000000e+02 7.150000000000000000e+01
3.214285714289999873e+02 7.085714285699999948e+01
7.463333333299999595e+01 7.196666666699999837e+01
1.654166666669999870e+02 7.183333333299999879e+01
2.156333333329999959e+02 7.196666666699999837e+01
2.450000000000000000e+02 7.200000000000000000e+01
3.455000000000000000e+02 7.216666666700000121e+01
4.338999999999999773e+02 7.343333333299999310e+01
4.465000000000000000e+02 7.278571428600000104e+01
1.945000000000000000e+02 7.573529411799999878e+01
5.900714285709999558e+02 7.621428571399999896e+01
1.370999999999999943e+02 7.856666666700000690e+01
1.831190476190000140e+02 7.826190476200000035e+01
2.961153846149999822e+02 7.796153846199999293e+01
4.969666666670000268e+02 7.836666666700000405e+01
5.387857142860000295e+02 7.800000000000000000e+01
4.077777777779999724e+02 8.061111111099999960e+01
4.708999999999999773e+02 7.990000000000000568e+01
5.787777777779999724e+02 8.066666666700000121e+01
1.105909090910000003e+02 8.086363636400000132e+01
9.950000000000000000e+01 8.214705882399999837e+01
7.400000000000000355e+00 8.454999999999999716e+01
5.177857142860000295e+02 8.400000000000000000e+01
2.450000000000000000e+01 8.600000000000000000e+01
4.875000000000000000e+02 8.500000000000000000e+01
3.820294117650000203e+02 8.614705882399999837e+01
4.495000000000000000e+02 8.600000000000000000e+01
2.256176470590000065e+02 8.691176470599999959e+01
3.708181818180000278e+02 8.736363636400000132e+01
5.755263157899999982e+01 8.828947368400000073e+01
2.063888888889999862e+02 8.822222222199999919e+01
2.359000000000000057e+02 8.770000000000000284e+01
2.827222222220000276e+02 8.800000000000000000e+01
3.330000000000000000e+02 8.821428571399999896e+01
2.635000000000000000e+02 8.950000000000000000e+01
4.369210526319999985e+02 9.134210526299999344e+01
1.550625000000000000e+02 9.275000000000000000e+01
4.702857142859999726e+02 9.185714285699999948e+01
5.547222222220000276e+02 9.200000000000000000e+01
1.788333333330000130e+02 9.441666666700000121e+01
3.167857142859999726e+02 9.500000000000000000e+01
4.062647058819999870e+02 9.520588235300000690e+01
1.196666666700000015e+01 9.836666666700000405e+01
1.345833333330000130e+02 9.866666666700000121e+01
3.022619047619999719e+02 9.911904761899999983e+01
7.670000000000000284e+01 9.850000000000000000e+01
5.027142857140000274e+02 9.885714285699999948e+01
5.231153846150000390e+02 9.911538461499999642e+01
9.100000000000000000e+01 1.002142857139999990e+02
1.101875000000000000e+02 1.003750000000000000e+02
2.501153846150000106e+02 1.001153846149999964e+02
5.672500000000000000e+02 1.005499999999999972e+02
1.880000000000000000e+02 1.025000000000000000e+02
3.420294117650000203e+02 1.028529411760000016e+02
5.469545454550000159e+02 1.026363636359999987e+02
2.250000000000000000e+02 1.040000000000000000e+02
5.750000000000000000e+01 1.040000000000000000e+02
3.916666666670000154e+02 1.040000000000000000e+02
1.668076923079999858e+02 1.054230769229999964e+02
1.429285714289999873e+02 1.065000000000000000e+02
2.801000000000000227e+02 1.060999999999999943e+02
4.506333333329999959e+02 1.060333333330000016e+02
4.336666666699999695e+01 1.069666666669999984e+02
4.252142857140000274e+02 1.070000000000000000e+02
5.142222222220000276e+02 1.093888888890000004e+02
3.276052631580000138e+02 1.105000000000000000e+02
2.028846153849999894e+02 1.111153846149999964e+02
3.721000000000000227e+02 1.110999999999999943e+02
5.662999999999999545e+02 1.105000000000000000e+02
4.929375000000000000e+02 1.121250000000000000e+02
2.883750000000000000e+02 1.158125000000000000e+02
5.891153846150000390e+02 1.151153846149999964e+02
3.083421052630000077e+02 1.163421052629999934e+02
5.317857142860000295e+02 1.160000000000000000e+02
1.185000000000000000e+02 1.170000000000000000e+02
1.020000000000000000e+02 1.182142857139999990e+02
7.154000000000000625e+01 1.200999999999999943e+02
4.463333333329999846e+02 1.188333333329999988e+02
1.603846153799999996e+01 1.196538461539999929e+02
2.950000000000000000e+01 1.211666666670000012e+02
3.580000000000000000e+02 1.217222222219999992e+02
4.732368421049999938e+02 1.217105263159999993e+02
2.453888888889999862e+02 1.221666666670000012e+02
1.886818181820000007e+02 1.233181818179999993e+02
4.003823529410000219e+02 1.229117647059999996e+02
2.238333333330000130e+02 1.252333333330000045e+02
2.635000000000000000e+02 1.255000000000000000e+02
3.410000000000000000e+02 1.253333333329999988e+02
5.511538461500000352e+01 1.257307692309999965e+02
5.702142857139999705e+02 1.270000000000000000e+02
1.467631578950000062e+02 1.288684210529999916e+02
1.745359281439999961e+02 1.475419161680000002e+02
2.108809523809999860e+02 1.287380952379999997e+02
1.174000000000000057e+02 1.291999999999999886e+02
3.743461538459999929e+02 1.290384615380000071e+02
3.147857142859999726e+02 1.300000000000000000e+02
4.450000000000000000e+02 1.302142857139999990e+02
4.970238095240000007e+02 1.308809523809999860e+02
7.138888888900000040e+01 1.308333333330000130e+02
1.682777777780000008e+02 1.320000000000000000e+02
4.226250000000000000e+02 1.325625000000000000e+02
5.163421052630000077e+02 1.323421052630000077e+02
8.700000000000000000e+01 1.326999999999999886e+02
1.304333333330000073e+02 1.329000000000000057e+02
2.333888888889999862e+02 1.336111111110000138e+02
2.945555555560000016e+02 1.337222222219999992e+02
5.525769230769999467e+02 1.331923076920000142e+02
4.620000000000000000e+02 1.340000000000000000e+02
2.577500000000000000e+02 1.350625000000000000e+02
2.810454545449999841e+02 1.348636363640000013e+02
3.365000000000000000e+02 1.348333333330000130e+02
1.500000000000000000e+01 1.365000000000000000e+02
4.809166666670000154e+02 1.362500000000000000e+02
1.473823529409999935e+02 1.369117647060000138e+02
3.125000000000000000e+00 1.387500000000000000e+02
3.138888888900000040e+01 1.385555555560000016e+02
3.923125000000000000e+02 1.405625000000000000e+02
4.089444444439999984e+02 1.413888888889999862e+02
5.360000000000000000e+02 1.407857142860000010e+02
5.869166666669999586e+02 1.407500000000000000e+02
3.188571428569999853e+02 1.442142857139999990e+02
1.754375000000000000e+02 1.446875000000000000e+02
5.557142857139999705e+02 1.458571428570000137e+02
4.597857142859999726e+02 1.480000000000000000e+02
5.075000000000000000e+02 1.477857142860000010e+02
3.647631578950000062e+02 1.500789473680000015e+02
1.172142857139999990e+02 1.510000000000000000e+02
2.356500000000000057e+02 1.521999999999999886e+02
4.730000000000000000e+02 1.510000000000000000e+02
6.788888888900000040e+01 1.521111111110000138e+02
8.065789473700000656e+01 1.525526315790000069e+02
5.277352941179999561e+02 1.521470588239999984e+02
2.777777777999999920e+00 1.533888888889999862e+02
3.886176470589999781e+02 1.529117647060000138e+02
4.305909090910000145e+02 1.531363636359999987e+02
5.235714285699999948e+01 1.546904761899999983e+02
2.515000000000000000e+02 1.545000000000000000e+02
2.677500000000000000e+02 1.542500000000000000e+02
2.141153846150000106e+02 1.548846153849999894e+02
2.905000000000000000e+02 1.556052631580000138e+02
9.940000000000000568e+01 1.565500000000000114e+02
3.326739130430000273e+02 1.570652173910000045e+02
3.564090909089999855e+02 1.578636363640000013e+02
5.770909090909999577e+02 1.598636363640000013e+02
3.050882352940000146e+02 1.603823529409999935e+02
5.381000000000000227e+02 1.610999999999999943e+02
4.919545454550000159e+02 1.633636363640000013e+02
1.392142857139999990e+02 1.640000000000000000e+02
2.766250000000000000e+02 1.636250000000000000e+02
3.786333333329999959e+02 1.649666666669999984e+02
4.388846153850000178e+02 1.651153846150000106e+02
1.983333333299999879e+01 1.681666666669999870e+02
4.108636363640000013e+02 1.680454545450000126e+02
4.609705882349999797e+02 1.681470588239999984e+02
1.834090909090000139e+02 1.695909090909999861e+02
2.911666666670000154e+02 1.686111111110000138e+02
4.078571428600000104e+01 1.700000000000000000e+02
2.173000000000000114e+02 1.694000000000000057e+02
4.795454545449999841e+02 1.710000000000000000e+02
9.585294117600000163e+01 1.715000000000000000e+02
4.265555555560000016e+02 1.712777777780000008e+02
1.292142857139999990e+02 1.720000000000000000e+02
6.575000000000000000e+01 1.732500000000000000e+02
3.219285714289999873e+02 1.737142857139999990e+02
5.156578947369999923e+02 1.735526315790000069e+02
8.558823528999999652e+00 1.742647058819999870e+02
5.531000000000000227e+02 1.750999999999999943e+02
5.773750000000000000e+02 1.768750000000000000e+02
3.884615385000000032e+00 1.784230769229999964e+02
2.081666666669999870e+02 1.781666666669999870e+02
3.916666666670000154e+02 1.783888888889999862e+02
2.489285714289999873e+02 1.796904761899999983e+02
7.909999999999999432e+01 1.799000000000000057e+02
1.676250000000000000e+02 1.801250000000000000e+02
2.140909090899999967e+01 1.808636363640000013e+02
1.420000000000000000e+02 1.817222222219999992e+02
3.430000000000000000e+02 1.830000000000000000e+02
4.965476190480000014e+02 1.836904761899999983e+02
1.180000000000000000e+02 1.842142857139999990e+02
3.609210526319999985e+02 1.843947368419999862e+02
3.779117647059999854e+02 1.842647058819999870e+02
5.387500000000000000e+02 1.845000000000000000e+02
5.173888888889999862e+02 1.857777777780000008e+02
2.843823529410000219e+02 1.859117647060000138e+02
4.079615384620000214e+02 1.863461538459999929e+02
4.691153846149999822e+02 1.861153846150000106e+02
5.922727272699999901e+01 1.880000000000000000e+02
3.767391304299999888e+01 1.889347826089999955e+02
2.246578947369999923e+02 1.886578947369999923e+02
4.423823529410000219e+02 1.879117647060000138e+02
8.281250000000000000e+01 1.906250000000000000e+02
4.905555555560000016e+02 1.907222222219999992e+02
1.899166666669999870e+02 1.907500000000000000e+02
2.755000000000000000e+02 1.905000000000000000e+02
9.409090908999999670e+00 1.921363636359999987e+02
3.068888888889999862e+02 1.932777777780000008e+02
3.245000000000000000e+02 1.930000000000000000e+02
4.289473683999999842e+00 1.941315789470000084e+02
5.697777777779999724e+02 1.946111111110000138e+02
1.440625000000000000e+02 1.952500000000000000e+02
2.500000000000000000e+02 1.955000000000000000e+02
1.039117647059999996e+02 1.976176470590000065e+02
2.015999999999999943e+02 1.974499999999999886e+02
4.221000000000000227e+02 1.989000000000000057e+02
4.965000000000000000e+02 1.998529411760000016e+02
5.381000000000000227e+02 1.990999999999999943e+02
1.237857142860000010e+02 2.000000000000000000e+02
2.920882352940000146e+02 2.006176470590000065e+02
3.809117647059999854e+02 2.003823529409999935e+02
5.593421052630000077e+02 2.006578947369999923e+02
6.354999999999999716e+01 2.015999999999999943e+02
3.482500000000000000e+02 2.011250000000000000e+02
4.431153846149999822e+02 2.021153846150000106e+02
5.862142857139999705e+02 2.020000000000000000e+02
4.605476190480000014e+02 2.036904761899999983e+02
3.378333333329999846e+02 2.045000000000000000e+02
3.928846153850000178e+02 2.038846153849999894e+02
1.669000000000000057e+02 2.050999999999999943e+02
2.359000000000000057e+02 2.059000000000000057e+02
2.945000000000000000e+02 2.076052631580000138e+02
4.087500000000000000e+02 2.077500000000000000e+02
2.525000000000000000e+01 2.087500000000000000e+02
8.987500000000000000e+01 2.087500000000000000e+02
1.946176470590000065e+02 2.090882352939999862e+02
5.155000000000000000e+02 2.089285714289999873e+02
2.251363636359999987e+02 2.095909090909999861e+02
2.560000000000000000e+02 2.105000000000000000e+02
4.840000000000000000e+02 2.135000000000000000e+02
8.346153845999999987e+00 2.139615384619999929e+02
3.626578947369999923e+02 2.144473684209999931e+02
5.770000000000000000e+02 2.140000000000000000e+02
4.550000000000000000e+01 2.150000000000000000e+02
1.205000000000000000e+02 2.160714285710000127e+02
1.620000000000000000e+02 2.157857142860000010e+02
7.104545454499999835e+01 2.171363636359999987e+02
2.685434782610000184e+02 2.181086956519999944e+02
1.768529411760000016e+02 2.179705882350000081e+02
5.362500000000000000e+02 2.190000000000000000e+02
3.157222222220000276e+02 2.194444444439999984e+02
3.846250000000000000e+02 2.186250000000000000e+02
4.370000000000000000e+02 2.185000000000000000e+02
4.505833333329999846e+02 2.193333333330000130e+02
2.634615384599999999e+01 2.204230769229999964e+02
1.310882352939999862e+02 2.203823529409999935e+02
2.860533980580000275e+02 2.265097087380000005e+02
4.981363636359999987e+02 2.217727272729999868e+02
1.019000000000000057e+02 2.239000000000000057e+02
2.117500000000000000e+02 2.240833333330000130e+02
2.332500000000000000e+02 2.238333333330000130e+02
5.542692307690000462e+02 2.251153846150000106e+02
2.548333333330000130e+02 2.264523809519999986e+02
3.456000000000000227e+02 2.261999999999999886e+02
4.902894736839999723e+02 2.265000000000000000e+02
1.513095238100000017e+02 2.284523809519999986e+02
3.332500000000000000e+02 2.283499999999999943e+02
4.710789473680000015e+02 2.283947368419999862e+02
5.753095238099999733e+02 2.284523809519999986e+02
1.995000000000000000e+02 2.298529411760000016e+02
6.088461538499999648e+01 2.311153846150000106e+02
4.268999999999999773e+02 2.310999999999999943e+02
8.272222222199999919e+01 2.330000000000000000e+02
3.777777777999999920e+00 2.346111111110000138e+02
4.051153846149999822e+02 2.337307692310000107e+02
4.428636363640000013e+02 2.350454545450000126e+02
5.174090909090000423e+02 2.348636363640000013e+02
3.360000000000000142e+01 2.365500000000000114e+02
3.658846153850000178e+02 2.358846153849999894e+02
1.240294117650000061e+02 2.371470588239999984e+02
3.921999999999999886e+02 2.376500000000000057e+02
5.555000000000000000e+02 2.371470588239999984e+02
2.300000000000000000e+02 2.387222222219999992e+02
2.901470588239999984e+02 2.379705882350000081e+02
1.645666666669999927e+02 2.400999999999999943e+02
2.637222222220000276e+02 2.400000000000000000e+02
3.117142857140000274e+02 2.401428571429999863e+02
5.895909090909999577e+02 2.401363636359999987e+02
1.070000000000000000e+02 2.425000000000000000e+02
3.417857142859999726e+02 2.440000000000000000e+02
5.380000000000000000e+02 2.437857142860000010e+02
1.841153846150000106e+02 2.451153846150000106e+02
2.861111111099999960e+01 2.462222222219999992e+02
2.100333333330000016e+02 2.466333333329999959e+02
2.420000000000000000e+02 2.467222222219999992e+02
2.691470588239999984e+02 2.470294117649999919e+02
4.283571428569999853e+02 2.485000000000000000e+02
4.685000000000000000e+02 2.483000000000000114e+02
3.297500000000000000e+02 2.492500000000000000e+02
4.563999999999999773e+02 2.494499999999999886e+02
5.702222222220000276e+02 2.493888888889999862e+02
4.736666666699999695e+01 2.503000000000000114e+02
6.136666666699999695e+01 2.499666666669999984e+02
4.086111111110000138e+02 2.505555555560000016e+02
1.473666666670000041e+02 2.509666666669999984e+02
5.154230769230000533e+02 2.511923076920000142e+02
3.775909090910000145e+02 2.518636363640000013e+02
1.087857142860000010e+02 2.530000000000000000e+02
2.003750000000000000e+02 2.551666666669999870e+02
3.071250000000000000e+02 2.547500000000000000e+02
2.889666666670000268e+02 2.556333333329999959e+02
3.678846153850000178e+02 2.551153846150000106e+02
8.183333333299999879e+01 2.565000000000000000e+02
1.289000000000000057e+02 2.561000000000000227e+02
4.860000000000000000e+02 2.555000000000000000e+02
1.685294117600000163e+01 2.585000000000000000e+02
1.664375000000000000e+02 2.587500000000000000e+02
2.199736842110000055e+02 2.588684210530000200e+02
5.424545454550000159e+02 2.588181818180000278e+02
4.985500000000000114e+02 2.623999999999999773e+02
6.588095238100000017e+01 2.650238095240000007e+02
1.202142857139999990e+02 2.640000000000000000e+02
2.486578947369999923e+02 2.646578947369999923e+02
3.450000000000000000e+01 2.655000000000000000e+02
3.857105263160000277e+02 2.655000000000000000e+02
3.135000000000000000e+02 2.675000000000000000e+02
5.891000000000000227e+02 2.671000000000000227e+02
8.425000000000000000e+01 2.678750000000000000e+02
2.767777777779999724e+02 2.686111111110000138e+02
5.303461538459999929e+02 2.679615384620000214e+02
5.657857142860000295e+02 2.680000000000000000e+02
3.376333333329999959e+02 2.690333333329999732e+02
4.095000000000000000e+02 2.691470588239999984e+02
4.275000000000000000e+02 2.695000000000000000e+02
4.906666666670000154e+02 2.697777777779999724e+02
3.595555555560000016e+02 2.702777777779999724e+02
4.576538461540000071e+02 2.699615384620000214e+02
1.470333333330000016e+02 2.716333333329999959e+02
1.853823529409999935e+02 2.710882352940000146e+02
4.434333333330000073e+02 2.707666666669999813e+02
4.800000000000000000e+02 2.707857142859999726e+02
9.834210526299999344e+01 2.723421052630000077e+02
2.968636363640000013e+02 2.719545454550000159e+02
3.963000000000000114e+02 2.715000000000000000e+02
2.443333333330000130e+02 2.780833333329999846e+02
3.771363636359999987e+02 2.779545454550000159e+02
9.400000000000000355e+00 2.791999999999999886e+02
1.361250000000000000e+02 2.792500000000000000e+02
2.124047619049999867e+02 2.803095238099999733e+02
5.061470588239999984e+02 2.790294117650000203e+02
7.300000000000000000e+01 2.800000000000000000e+02
1.528636363640000013e+02 2.804090909089999855e+02
5.256250000000000000e+01 2.822500000000000000e+02
3.456250000000000000e+02 2.821875000000000000e+02
1.755000000000000000e+02 2.829285714289999873e+02
2.247857142860000010e+02 2.830000000000000000e+02
5.365000000000000000e+02 2.836999999999999886e+02
3.718999999999999773e+02 2.851000000000000227e+02
4.360882352940000146e+02 2.853823529410000219e+02
3.931000000000000227e+02 2.884333333330000073e+02
5.710000000000000000e+02 2.890000000000000000e+02
1.566578947369999923e+02 2.903421052630000077e+02
2.691666666670000154e+02 2.897222222220000276e+02
5.518333333330000414e+02 2.900000000000000000e+02
1.067222222219999992e+02 2.915555555560000016e+02
2.501190476190000140e+02 2.915000000000000000e+02
3.176538461540000071e+02 2.909615384620000214e+02
4.690000000000000000e+02 2.910000000000000000e+02
5.280000000000000000e+02 2.910000000000000000e+02
8.685714285699999948e+01 2.922857142859999726e+02
4.100000000000000000e+02 2.916999999999999886e+02
2.882142857140000274e+02 2.930000000000000000e+02
4.560000000000000000e+02 2.935000000000000000e+02
5.880000000000000000e+02 2.930000000000000000e+02
3.213157894700000128e+01 2.947105263160000277e+02
2.092142857139999990e+02 2.948571428569999853e+02
2.414285714289999873e+02 2.976428571430000147e+02
3.628999999999999773e+02 2.971000000000000227e+02
4.950000000000000000e+02 2.970000000000000000e+02
1.840333333330000016e+02 2.986333333329999959e+02
3.271000000000000227e+02 2.981000000000000227e+02
3.375000000000000000e+00 2.998333333329999846e+02
4.015000000000000000e+02 3.003823529410000219e+02
5.060882352940000146e+02 3.013823529410000219e+02
5.652222222220000276e+02 3.013888888889999862e+02
1.315500000000000114e+02 3.026000000000000227e+02
4.252647058819999870e+02 3.032647058819999870e+02
6.200000000000000000e+01 3.040000000000000000e+02
2.273888888889999862e+02 3.047777777779999724e+02
2.995000000000000000e+02 3.045000000000000000e+02
4.610000000000000142e+01 3.048999999999999773e+02
4.843999999999999773e+02 3.055500000000000114e+02
1.472500000000000000e+02 3.066499999999999773e+02
3.487142857140000274e+02 3.058571428569999853e+02
7.250000000000000000e+01 3.066999999999999886e+02
3.143888888889999862e+02 3.079444444439999984e+02
3.880714285710000127e+02 3.075000000000000000e+02
1.700000000000000000e+01 3.082142857140000274e+02
1.665000000000000000e+02 3.080000000000000000e+02
2.557352941180000130e+02 3.082647058819999870e+02
2.065000000000000000e+02 3.091470588239999984e+02
5.750333333329999732e+02 3.096333333329999959e+02
2.813461538459999929e+02 3.119615384620000214e+02
4.402142857140000274e+02 3.120000000000000000e+02
1.030000000000000000e+02 3.132142857140000274e+02
5.301315789469999800e+02 3.147105263160000277e+02
1.190600000000000023e+02 3.155799999999999841e+02
5.562500000000000000e+02 3.157500000000000000e+02
1.765909090909999861e+02 3.163181818180000278e+02
2.406538461540000071e+02 3.157307692310000107e+02
4.141153846149999822e+02 3.158846153850000178e+02
4.620000000000000000e+02 3.180000000000000000e+02
5.059090909100000033e+01 3.211363636359999987e+02
3.922894736839999723e+02 3.215000000000000000e+02
4.960882352940000146e+02 3.216176470589999781e+02
3.405833333329999846e+02 3.221666666670000154e+02
2.990000000000000000e+02 3.237727272729999868e+02
7.500000000000000000e+01 3.242142857140000274e+02
4.282142857140000274e+02 3.240000000000000000e+02
1.598684210529999916e+02 3.259736842109999770e+02
1.959000000000000057e+02 3.251000000000000227e+02
2.750333333329999732e+02 3.256333333329999959e+02
3.650714285710000127e+02 3.256428571430000147e+02
5.239117647059999854e+02 3.256176470589999781e+02
8.759999999999999432e+01 3.288000000000000114e+02
4.644090909089999855e+02 3.281363636359999987e+02
4.818846153850000178e+02 3.282692307689999893e+02
3.177857142859999726e+02 3.295000000000000000e+02
3.750000000000000000e+01 3.305000000000000000e+02
1.496428571429999863e+02 3.303095238099999733e+02
2.185000000000000000e+02 3.295000000000000000e+02
5.677857142860000295e+02 3.300000000000000000e+02
5.893750000000000000e+02 3.305000000000000000e+02
1.228947368400000073e+01 3.325000000000000000e+02
2.578333333329999846e+02 3.325000000000000000e+02
2.324230769229999964e+02 3.333461538459999929e+02
7.411538461499999642e+01 3.338846153850000178e+02
3.785000000000000000e+02 3.350000000000000000e+02
1.328529411760000016e+02 3.365000000000000000e+02
1.840000000000000000e+02 3.380000000000000000e+02
3.211666666670000154e+02 3.385000000000000000e+02
5.313461538459999929e+02 3.384230769229999964e+02
4.092142857140000274e+02 3.390000000000000000e+02
4.507857142859999726e+02 3.390000000000000000e+02
2.970882352940000146e+02 3.403823529410000219e+02
1.060000000000000000e+02 3.415000000000000000e+02
3.444499999999999886e+02 3.417500000000000000e+02
9.075000000000000000e+01 3.419375000000000000e+02
5.532500000000000000e+02 3.418333333329999846e+02
4.998636363640000013e+02 3.425909090910000145e+02
5.781315789469999800e+02 3.435000000000000000e+02
5.114285714300000052e+01 3.442857142859999726e+02
2.487222222219999992e+02 3.440000000000000000e+02
3.222222222199999919e+01 3.453888888889999862e+02
5.231363636360000555e+02 3.445909090910000145e+02
2.125000000000000000e+02 3.456999999999999886e+02
3.771153846149999822e+02 3.461153846149999822e+02
4.620000000000000000e+02 3.466428571430000147e+02
4.796578947369999923e+02 3.466578947369999923e+02
2.786578947369999923e+02 3.473421052630000077e+02
4.345000000000000000e+02 3.486428571430000147e+02
1.283571428570000137e+02 3.496904761900000267e+02
3.943666666670000041e+02 3.490333333329999732e+02
1.539473684200000037e+01 3.519210526319999985e+02
1.727222222219999992e+02 3.520000000000000000e+02
1.968750000000000000e+02 3.522500000000000000e+02
7.111538461499999642e+01 3.531153846149999822e+02
3.540000000000000000e+02 3.530000000000000000e+02
4.970000000000000000e+02 3.550000000000000000e+02
5.540000000000000000e+02 3.545000000000000000e+02
5.000000000000000000e-01 3.550000000000000000e+02
1.002777777780000008e+02 3.560000000000000000e+02
2.647727272729999868e+02 3.570000000000000000e+02
1.496176470590000065e+02 3.580882352940000146e+02
2.378750000000000000e+02 3.582500000000000000e+02
4.439117647059999854e+02 3.593823529410000219e+02
2.961666666670000154e+02 3.601666666670000154e+02
3.201999999999999886e+02 3.608000000000000114e+02
3.323823529410000219e+02 3.613823529410000219e+02
4.503333333300000163e+01 3.626333333329999959e+02
2.796999999999999886e+02 3.615000000000000000e+02
4.110000000000000000e+02 3.622142857140000274e+02
5.175000000000000000e+02 3.620000000000000000e+02
5.421666666669999586e+02 3.615833333329999846e+02
3.071428571399999896e+01 3.631428571430000147e+02
3.746000000000000227e+02 3.634499999999999886e+02
4.671470588239999984e+02 3.640294117650000203e+02
7.986363636400000132e+01 3.665909090910000145e+02
2.128636363640000013e+02 3.654090909089999855e+02
1.732142857139999990e+02 3.680000000000000000e+02
4.734523809519999986e+02 3.683095238099999733e+02
1.378846153849999894e+02 3.688846153850000178e+02
1.908846153849999894e+02 3.698846153850000178e+02
4.333461538459999929e+02 3.700384615379999786e+02
4.890000000000000000e+02 3.715000000000000000e+02
3.958571428569999853e+02 3.727142857140000274e+02
1.550333333330000016e+02 3.736333333329999959e+02
5.758333333330000414e+02 3.738888888889999862e+02
6.400000000000000000e+01 3.745000000000000000e+02
1.205000000000000000e+02 3.745000000000000000e+02
3.820000000000000000e+02 3.740000000000000000e+02
2.519117647060000138e+02 3.756176470589999781e+02
2.283461538459999929e+02 3.759615384620000214e+02
2.705000000000000071e+01 3.777500000000000000e+02
2.048157894740000131e+02 3.783421052630000077e+02
3.453421052630000077e+02 3.783421052630000077e+02
1.900294117649999919e+02 3.798529411760000016e+02
5.260000000000000000e+02 3.792142857140000274e+02
5.065476190480000014e+02 3.808809523809999860e+02
5.497631578949999493e+02 3.807105263160000277e+02
7.714705882399999837e+01 3.815000000000000000e+02
2.942142857140000274e+02 3.817857142859999726e+02
3.130833333329999846e+02 3.822500000000000000e+02
4.155000000000000000e+02 3.820000000000000000e+02
5.777777777779999724e+02 3.836111111110000138e+02
3.511111111099999960e+01 3.848888888889999862e+02
9.596153846199999293e+01 3.843461538459999929e+02
4.422777777779999724e+02 3.840000000000000000e+02
1.618529411760000016e+02 3.855000000000000000e+02
1.260333333330000016e+02 3.863666666670000041e+02
3.926578947369999923e+02 3.863421052630000077e+02
4.610000000000000000e+02 3.870000000000000000e+02
2.686176470589999781e+02 3.880882352940000146e+02
3.209117647059999854e+02 3.883823529410000219e+02
4.143999999999999773e+02 3.888000000000000114e+02
3.478529411760000016e+02 3.895000000000000000e+02
3.676333333329999959e+02 3.900333333329999732e+02
5.199615384620000214e+02 3.903461538459999929e+02
6.202941176499999898e+01 3.921470588239999984e+02
4.791315789469999800e+02 3.922894736839999723e+02
1.466333333329999959e+02 3.930333333329999732e+02
4.390714285710000127e+02 3.955000000000000000e+02
4.980000000000000000e+02 3.956999999999999886e+02
1.511111111099999960e+01 3.981666666670000154e+02
3.025000000000000000e+02 3.985000000000000000e+02
5.561315789469999800e+02 3.987105263160000277e+02
3.658999999999999773e+02 3.995400000000000205e+02
5.425000000000000000e+02 3.996176470589999781e+02
4.396666666699999837e+01 4.003666666670000041e+02
8.683333333299999879e+01 3.996111111110000138e+02
2.173000000000000114e+02 3.995000000000000000e+02
1.605500000000000114e+02 4.016000000000000227e+02
2.001666666669999870e+02 4.007500000000000000e+02
2.782142857140000274e+02 4.010000000000000000e+02
1.109705882349999939e+02 4.021470588239999984e+02
1.786999999999999886e+02 4.015000000000000000e+02
5.770000000000000000e+02 4.025000000000000000e+02
2.294000000000000057e+02 4.034499999999999886e+02
3.088461538500000003e+01 4.051153846149999822e+02
3.270000000000000000e+02 4.055000000000000000e+02
1.195000000000000000e+02 4.076999999999999886e+02
2.635000000000000000e+02 4.078333333329999846e+02
4.504444444439999984e+02 4.093888888889999862e+02
5.104090909089999855e+02 4.091363636359999987e+02
1.397500000000000000e+02 4.102500000000000000e+02
4.021250000000000000e+02 4.107500000000000000e+02
5.310000000000000000e+02 4.097857142859999726e+02
3.880000000000000000e+02 4.105000000000000000e+02
4.231250000000000000e+02 4.117500000000000000e+02
7.900000000000000355e+00 4.121000000000000227e+02
7.771428571399999896e+01 4.118571428569999853e+02
2.445000000000000000e+02 4.126666666670000154e+02
4.794583333329999846e+02 4.140416666670000154e+02
9.500000000000000000e+01 4.155000000000000000e+02
2.025000000000000000e+02 4.145000000000000000e+02
3.432142857140000274e+02 4.162142857140000274e+02
2.912647058819999870e+02 4.187352941180000130e+02
4.975000000000000000e+02 4.183947368419999862e+02
5.440000000000000000e+02 4.180000000000000000e+02
1.654090909090000139e+02 4.191363636359999987e+02
2.185000000000000000e+02 4.205000000000000000e+02
4.398999999999999773e+02 4.208999999999999773e+02
3.182142857140000274e+02 4.225000000000000000e+02
1.841153846150000106e+02 4.231153846149999822e+02
3.715500000000000114e+02 4.232500000000000000e+02
5.618846153849999610e+02 4.232692307689999893e+02
4.070000000000000284e+01 4.250000000000000000e+02
4.140882352940000146e+02 4.253823529410000219e+02
2.691176470599999959e+01 4.262058823529999927e+02
5.465789473699999945e+01 4.265526315789999785e+02
3.095000000000000000e+02 4.264375000000000000e+02
4.786176470589999781e+02 4.279117647059999854e+02
3.444230769229999964e+02 4.293461538459999929e+02
3.952500000000000000e+02 4.287500000000000000e+02
1.193571428569999995e+02 4.306904761900000267e+02
2.462894736840000007e+02 4.305000000000000000e+02
2.656538461540000071e+02 4.302692307689999893e+02
4.660000000000000000e+02 4.320000000000000000e+02
5.163823529410000219e+02 4.320882352940000146e+02
1.543181818179999993e+02 4.337727272729999868e+02
2.815000000000000000e+02 4.346999999999999886e+02
5.500000000000000000e+00 4.355000000000000000e+02
1.306904761899999983e+02 4.365476190480000014e+02
2.936250000000000000e+02 4.353750000000000000e+02
5.043181818180000278e+02 4.356818181819999722e+02
9.414705882399999837e+01 4.370294117650000203e+02
1.939444444439999984e+02 4.361666666670000154e+02
2.130000000000000000e+02 4.368333333329999846e+02
3.236578947369999923e+02 4.394473684210000215e+02
5.417857142860000295e+02 4.400000000000000000e+02
5.812142857139999705e+02 4.400000000000000000e+02
6.939473684200000037e+01 4.410789473680000015e+02
1.805000000000000000e+02 4.420000000000000000e+02
3.682692307689999893e+02 4.412692307689999893e+02
4.313823529410000219e+02 4.409117647059999854e+02
2.611153846149999822e+02 4.421153846149999822e+02
3.583750000000000000e+02 4.416250000000000000e+02
1.490000000000000036e+01 4.431000000000000227e+02
4.389999999999999858e+01 4.431000000000000227e+02
3.875000000000000000e+02 4.425000000000000000e+02
2.289545454549999874e+02 4.438636363640000013e+02
1.579000000000000057e+02 4.448999999999999773e+02
5.161363636360000555e+02 4.444090909089999855e+02
5.574090909090000423e+02 4.448636363640000013e+02
3.806250000000000000e+02 4.476250000000000000e+02
1.204047619050000009e+02 4.503095238099999733e+02
2.173095238100000017e+02 4.494523809519999986e+02
4.341153846149999822e+02 4.491153846149999822e+02
4.521000000000000227e+02 4.488999999999999773e+02
4.687500000000000000e+02 4.488333333329999846e+02
4.058333333329999846e+02 4.497500000000000000e+02
3.028000000000000114e+02 4.520000000000000000e+02
2.768846153850000178e+02 4.521153846149999822e+02
2.440000000000000000e+02 4.525000000000000000e+02
4.955526315789999785e+02 4.541315789469999800e+02
5.676904761900000267e+02 4.535476190480000014e+02
6.483333333299999879e+01 4.551666666670000154e+02
8.675000000000000000e+01 4.557500000000000000e+02
3.165000000000000000e+02 4.545000000000000000e+02
3.404090909089999855e+02 4.565909090910000145e+02
4.813421052630000077e+02 4.566578947369999923e+02
9.500000000000000000e+00 4.568333333329999846e+02
1.299117647060000138e+02 4.576176470589999781e+02
5.378999999999999773e+02 4.581000000000000227e+02
3.500000000000000000e+01 4.615000000000000000e+02
2.570000000000000000e+02 4.607857142859999726e+02
4.692058823529999927e+02 4.613823529410000219e+02
1.508846153849999894e+02 4.631153846149999822e+02
1.918888888889999862e+02 4.637222222220000276e+02
3.491153846149999822e+02 4.631153846149999822e+02
4.170294117650000203e+02 4.631470588239999984e+02
4.036818181819999722e+02 4.657727272729999868e+02
5.258529411759999448e+02 4.649705882349999797e+02
5.905000000000000000e+02 4.635000000000000000e+02
3.671666666670000154e+02 4.662500000000000000e+02
1.724090909090000139e+02 4.671363636359999987e+02
1.028333333329999988e+02 4.677666666669999813e+02
2.841666666670000154e+02 4.682333333330000187e+02
5.038846153850000178e+02 4.681153846149999822e+02
4.380333333329999732e+02 4.696333333329999959e+02
2.094499999999999886e+02 4.723999999999999773e+02
5.582647058820000439e+02 4.727352941180000130e+02
8.168181818200000066e+01 4.733181818180000278e+02
2.308846153849999894e+02 4.731153846149999822e+02
3.048529411760000016e+02 4.735000000000000000e+02
4.835000000000000000e+02 4.736052631580000138e+02
1.250000000000000000e+02 4.737857142859999726e+02
3.721999999999999886e+02 4.738000000000000114e+02
5.730000000000000000e+02 4.740000000000000000e+02
1.941666666669999870e+02 4.762500000000000000e+02
3.000000000000000000e+01 4.767857142859999726e+02
5.072727272699999901e+01 4.769545454550000159e+02
6.600000000000000000e+01 4.765000000000000000e+02
2.543666666670000041e+02 4.780333333329999732e+02
1.352058823529999927e+02 4.799117647059999854e+02
3.240000000000000000e+02 4.800000000000000000e+02
4.550000000000000000e+02 4.795000000000000000e+02
4.041315789469999800e+02 4.815000000000000000e+02
1.097857142860000010e+02 4.840000000000000000e+02
3.392222222220000276e+02 4.846111111110000138e+02
1.618846153849999894e+02 4.848846153850000178e+02
2.320000000000000000e+02 4.850000000000000000e+02
5.191153846150000390e+02 4.851153846149999822e+02
3.880000000000000000e+02 4.862142857140000274e+02
4.450000000000000178e+00 4.876000000000000227e+02
4.252142857140000274e+02 4.870000000000000000e+02
4.773823529410000219e+02 4.870882352940000146e+02
5.463888888889999862e+02 4.872222222220000276e+02
1.746666666669999870e+02 4.886111111110000138e+02
3.645000000000000000e+02 4.882142857140000274e+02
2.843999999999999773e+02 4.905500000000000114e+02
4.978529411760000016e+02 4.899705882349999797e+02
5.625000000000000000e+02 4.905000000000000000e+02
9.190000000000000568e+01 4.921000000000000227e+02
2.055909090909999861e+02 4.921363636359999987e+02
2.578999999999999773e+02 4.921000000000000227e+02
3.000000000000000000e+02 4.920000000000000000e+02
5.867500000000000000e+02 4.929375000000000000e+02
5.228571428600000104e+01 4.938571428569999853e+02
3.247500000000000000e+02 4.959375000000000000e+02
1.725000000000000000e+02 4.973000000000000114e+02
3.950000000000000000e+01 4.981666666670000154e+02
6.900000000000000000e+01 4.980000000000000000e+02
4.851000000000000227e+02 4.978999999999999773e+02
1.550000000000000000e+02 4.990000000000000000e+02
5.635714285709999558e+02 4.992857142859999726e+02
3.222222222000000080e+00 5.004444444439999984e+02
1.951428571429999863e+02 4.997857142859999726e+02
1.225000000000000000e+02 5.018750000000000000e+02
4.441666666670000154e+02 5.023000000000000114e+02
2.261153846150000106e+02 5.031153846149999822e+02
1.426250000000000000e+02 5.045625000000000000e+02
4.637857142859999726e+02 5.040000000000000000e+02
5.225909090909999577e+02 5.041363636359999987e+02
5.387999999999999545e+02 5.036000000000000227e+02
3.487857142859999726e+02 5.050000000000000000e+02
8.850000000000000000e+01 5.060000000000000000e+02
5.062857142859999726e+02 5.058571428569999853e+02
4.035000000000000000e+02 5.075000000000000000e+02
4.213461538459999929e+02 5.072692307689999893e+02
2.450000000000000000e+01 5.086052631580000138e+02
2.570000000000000000e+02 5.082142857140000274e+02
3.645000000000000000e+02 5.076999999999999886e+02
3.888181818180000278e+02 5.090454545449999841e+02
2.375000000000000000e+02 5.093000000000000114e+02
2.850000000000000000e+02 5.102142857140000274e+02
2.967500000000000000e+02 5.120833333330000414e+02
2.130000000000000000e+02 5.135000000000000000e+02
1.090000000000000000e+02 5.140000000000000000e+02
3.150000000000000000e+02 5.142142857139999705e+02
4.723125000000000000e+02 5.166875000000000000e+02
4.493888888889999862e+02 5.171666666669999586e+02
4.788461538499999648e+01 5.181153846150000390e+02
3.302500000000000000e+02 5.181666666669999586e+02
3.505000000000000000e+02 5.185000000000000000e+02
1.636363636359999987e+02 5.198181818179999709e+02
5.180000000000000000e+02 5.197222222220000276e+02
2.277777777999999920e+00 5.200000000000000000e+02
1.290000000000000000e+02 5.197857142860000295e+02
5.876052631579999570e+02 5.200789473679999446e+02
1.741666666669999870e+02 5.227500000000000000e+02
4.137222222220000276e+02 5.220000000000000000e+02
4.943947368419999862e+02 5.219210526320000554e+02
5.365000000000000000e+02 5.220000000000000000e+02
3.675000000000000000e+01 5.234375000000000000e+02
1.961250000000000000e+02 5.232500000000000000e+02
2.631153846149999822e+02 5.237307692309999538e+02
4.360000000000000000e+02 5.237857142860000295e+02
5.611153846150000390e+02 5.238846153849999610e+02
2.301666666669999870e+02 5.247500000000000000e+02
7.045000000000000284e+01 5.263999999999999773e+02
2.474499999999999886e+02 5.282500000000000000e+02
3.880000000000000000e+02 5.290000000000000000e+02
5.835499999999999545e+02 5.296000000000000227e+02
9.420000000000000284e+01 5.303999999999999773e+02
4.677777777779999724e+02 5.303888888889999862e+02
4.860882352940000146e+02 5.306176470589999781e+02
3.133421052630000077e+02 5.326578947369999923e+02
2.140000000000000000e+02 5.325000000000000000e+02
3.698529411760000016e+02 5.339705882350000365e+02
4.186333333329999959e+02 5.350333333329999732e+02
5.546250000000000000e+02 5.355625000000000000e+02
2.064999999999999858e+01 5.372500000000000000e+02
5.242857142900000156e+01 5.368571428569999853e+02
2.826428571430000147e+02 5.378333333330000414e+02
4.392222222220000276e+02 5.373333333330000414e+02
2.988846153850000178e+02 5.378846153849999610e+02
3.520333333329999732e+02 5.383666666670000041e+02
3.869666666670000268e+02 5.386333333329999959e+02
1.112500000000000000e+02 5.397500000000000000e+02
5.198333333330000414e+02 5.386111111110000138e+02
5.323823529410000219e+02 5.389117647059999854e+02
1.537857142860000010e+02 5.400000000000000000e+02
4.996111111110000138e+02 5.402222222220000276e+02
8.165789473700000656e+01 5.416578947369999923e+02
2.892105263199999854e+01 5.433947368420000430e+02
1.703000000000000114e+02 5.425000000000000000e+02
1.925000000000000000e+02 5.441315789469999800e+02
3.295000000000000000e+02 5.440000000000000000e+02
4.100000000000000000e+02 5.442142857139999705e+02
1.008750000000000000e+02 5.476250000000000000e+02
2.333421052630000077e+02 5.476578947369999923e+02
2.631153846149999822e+02 5.468846153849999610e+02
4.710000000000000000e+02 5.502777777779999724e+02
5.773260869570000295e+02 5.520652173910000329e+02
1.292777777780000008e+02 5.530000000000000000e+02
3.149615384620000214e+02 5.533461538459999929e+02
5.290000000000000000e+02 5.527857142860000295e+02
5.816666666700000121e+01 5.533888888889999862e+02
1.696428571429999863e+02 5.542142857139999705e+02
2.311153846150000106e+02 5.538846153849999610e+02
1.021428571400000074e+01 5.560000000000000000e+02
2.052142857139999990e+02 5.568571428569999853e+02
2.770000000000000000e+02 5.570000000000000000e+02
3.586333333329999959e+02 5.571666666669999586e+02
4.548846153850000178e+02 5.571153846150000390e+02
5.556904761900000267e+02 5.574523809519999986e+02
7.875000000000000000e+01 5.578333333330000414e+02
4.325000000000000000e+02 5.600000000000000000e+02
5.130000000000000000e+02 5.592142857139999705e+02
3.010000000000000142e+01 5.605666666670000495e+02
2.485000000000000000e+02 5.620000000000000000e+02
2.990333333329999732e+02 5.626333333329999959e+02
3.773666666670000041e+02 5.629666666670000268e+02
4.875000000000000000e+02 5.636538461540000071e+02
1.455000000000000000e+02 5.645000000000000000e+02
