5.250000000000000000e+01 5.000000000000000000e-01
1.300000000000000000e+02 5.000000000000000000e-01
3.282777777779999724e+02 2.000000000000000000e+00
3.655000000000000000e+02 2.500000000000000000e+00
4.605000000000000000e+02 7.500000000000000000e-01
4.860000000000000000e+02 1.000000000000000000e+00
5.065000000000000000e+02 5.000000000000000000e-01
5.222500000000000000e+02 2.437500000000000000e+00
5.537857142860000295e+02 2.000000000000000000e+00
5.787000000000000455e+02 1.100000000000000089e+00
2.300000000000000000e+01 3.500000000000000000e+00
1.562222222219999992e+02 5.388888889000000404e+00
3.445000000000000000e+02 5.000000000000000000e+00
1.355000000000000000e+02 6.710526316000000158e+00
2.788529411760000016e+02 6.029411764999999868e+00
1.014523809519999986e+02 7.690476190000000045e+00
4.220500000000000114e+02 7.549999999999999822e+00
6.640909090899999967e+01 7.863636364000000434e+00
8.621428571399999896e+01 9.000000000000000000e+00
4.365000000000000000e+02 9.605263157999999635e+00
2.370999999999999943e+02 1.009999999999999964e+01
4.508999999999999773e+02 1.019999999999999929e+01
1.905000000000000000e+02 1.083333333300000056e+01
1.714090909090000139e+02 1.213636363600000045e+01
5.350000000000000000e+02 1.200000000000000000e+01
2.576176470589999781e+02 1.291176470599999959e+01
3.055476190480000014e+02 1.383333333300000056e+01
5.121666666669999586e+02 1.323333333299999914e+01
5.607500000000000000e+02 1.306250000000000000e+01
3.936999999999999886e+02 1.400000000000000000e+01
4.646578947369999923e+02 1.665789473699999945e+01
2.118529411760000016e+02 1.750000000000000000e+01
5.738500000000000227e+02 1.885000000000000142e+01
1.530999999999999943e+02 2.010000000000000142e+01
2.683888888889999862e+02 2.016666666700000121e+01
4.830000000000000000e+02 2.050000000000000000e+01
3.480000000000000000e+02 2.150000000000000000e+01
3.695000000000000000e+02 2.100000000000000000e+01
3.865000000000000000e+02 2.330000000000000071e+01
4.091153846149999822e+02 2.411538461499999997e+01
5.342500000000000000e+02 2.383333333299999879e+01
5.338888888900000040e+01 2.522222222199999919e+01
7.045454545500000165e+01 2.577272727300000099e+01
3.065909090910000145e+02 2.513636363599999868e+01
1.417500000000000071e+01 2.860000000000000142e+01
1.225999999999999943e+02 2.655000000000000071e+01
1.820000000000000000e+02 2.650000000000000000e+01
2.898571428569999853e+02 2.771428571399999896e+01
3.220625000000000000e+02 2.725000000000000000e+01
2.158000000000000114e+02 2.819999999999999929e+01
2.548846153849999894e+02 2.811538461499999997e+01
4.971000000000000227e+02 2.925000000000000000e+01
1.930000000000000000e+02 3.121428571399999896e+01
1.009615384619999929e+02 3.234615384599999999e+01
3.600454545449999841e+02 3.186363636400000132e+01
3.737500000000000000e+01 3.262500000000000000e+01
1.362142857139999990e+02 3.300000000000000000e+01
2.325833333330000130e+02 3.316666666700000121e+01
4.212222222220000276e+02 3.361111111099999960e+01
1.180000000000000000e+02 3.472222222199999919e+01
3.298529411760000016e+02 3.402941176499999898e+01
3.830000000000000000e+02 3.450000000000000000e+01
4.539210526319999985e+02 3.539473684200000037e+01
5.155000000000000000e+02 3.573529411799999878e+01
5.491000000000000227e+02 3.489999999999999858e+01
6.007142857099999844e+01 3.692857142900000156e+01
4.781250000000000000e+02 3.650000000000000000e+01
2.640000000000000000e+02 3.850000000000000000e+01
8.163636363599999868e+01 3.950000000000000000e+01
5.691666666669999586e+02 3.963333333300000305e+01
2.284499999999999886e+02 4.360000000000000142e+01
1.573888888889999862e+02 4.422222222199999919e+01
4.037222222220000276e+02 4.400000000000000000e+01
1.415000000000000000e+02 4.550000000000000000e+01
2.948125000000000000e+02 4.537500000000000000e+01
3.608750000000000000e+02 4.506250000000000000e+01
3.738235294100000061e+01 4.691176470599999959e+01
5.346333333329999959e+02 4.696666666699999837e+01
2.029411764999999868e+00 4.814705882399999837e+01
2.277272727300000099e+01 4.768181818200000066e+01
3.325000000000000000e+02 4.850000000000000000e+01
3.445000000000000000e+02 4.914705882399999837e+01
9.941666666700000121e+01 5.016666666700000121e+01
1.870789473680000015e+02 5.039473684200000037e+01
3.080000000000000000e+02 5.100000000000000000e+01
4.357307692310000107e+02 5.165384615400000001e+01
5.131153846150000390e+02 5.088461538499999648e+01
1.976176470590000065e+02 5.208823529400000041e+01
4.125000000000000000e+02 5.264285714300000052e+01
5.755555555600000162e+01 5.372222222199999919e+01
4.576111111110000138e+02 5.477777777800000081e+01
4.905000000000000000e+02 5.400000000000000000e+01
5.482368421050000507e+02 5.413157894700000128e+01
3.907666666669999813e+02 5.563333333300000305e+01
5.656578947369999923e+02 5.565789473699999945e+01
2.516176470590000065e+02 5.591176470599999959e+01
2.882894736839999723e+02 5.650000000000000000e+01
1.248636363640000013e+02 5.659090909100000033e+01
8.000000000000000000e+01 5.800000000000000000e+01
3.410000000000000000e+02 5.750000000000000000e+01
4.776999999999999886e+02 5.750000000000000000e+01
5.218684210530000200e+02 5.823684210500000091e+01
2.426904761899999983e+02 6.164285714300000052e+01
2.147142857139999990e+02 6.185714285699999948e+01
3.736764705879999724e+02 6.232352941199999918e+01
1.476333333329999959e+02 6.303333333300000163e+01
5.823461538459999929e+02 6.273076923099999647e+01
1.677307692310000107e+02 6.488461538500000358e+01
3.428684210530000200e+02 6.728947368400000073e+01
4.335000000000000000e+02 6.714705882399999837e+01
4.838888888900000040e+01 6.877777777800000081e+01
7.265384615399999291e+01 6.796153846199999293e+01
3.097307692310000107e+02 6.826923076900000353e+01
4.445000000000000000e+02 6.700000000000000000e+01
2.165384615400000001e+01 6.873076923099999647e+01
2.940833333329999846e+02 6.875000000000000000e+01
3.979210526319999985e+02 6.965789473700000656e+01
4.990384615379999786e+02 6.919230769199999997e+01
1.771315789470000084e+02 7.002631578899999454e+01
5.871250000000000000e+02 7.050000000000000000e+01
2.000882352939999862e+02 7.161764705900000649e+01
2.665000000000000000e+02 7.187500000000000000e+01
1.050000000000000000e+02 7.250000000000000000e+01
1.258846153850000036e+02 7.311538461499999642e+01
5.141153846150000390e+02 7.288461538500000358e+01
8.800000000000000000e+01 7.600000000000000000e+01
4.631875000000000000e+02 7.668750000000000000e+01
2.807777777779999724e+02 7.761111111099999960e+01
3.649545454550000159e+02 7.900000000000000000e+01
2.558684210529999916e+02 8.055263157900000692e+01
5.360000000000000000e+02 8.050000000000000000e+01
4.500000000000000000e+00 8.100000000000000000e+01
3.806578947369999923e+02 8.165789473700000656e+01
4.090000000000000000e+02 8.121428571399999896e+01
4.785000000000000000e+02 8.100000000000000000e+01
5.655000000000000000e+02 8.100000000000000000e+01
5.306250000000000000e+01 8.275000000000000000e+01
2.210999999999999943e+02 8.309999999999999432e+01
3.306111111110000138e+02 8.355555555600000162e+01
2.368333333330000130e+02 8.283333333299999879e+01
3.115714285710000127e+02 8.392857142900000156e+01
4.297777777779999724e+02 8.561111111099999960e+01
4.435000000000000000e+02 8.500000000000000000e+01
2.402941176499999898e+01 8.614705882399999837e+01
5.448999999999999773e+02 8.590000000000000568e+01
1.556176470590000065e+02 8.691176470599999959e+01
5.856052631579999570e+02 8.792105263199999854e+01
2.121470588239999984e+02 8.850000000000000000e+01
7.100000000000000000e+01 8.850000000000000000e+01
1.734333333330000073e+02 8.890000000000000568e+01
1.040000000000000000e+02 9.250000000000000000e+01
5.022500000000000000e+02 9.316666666700000121e+01
2.756999999999999886e+02 9.670000000000000284e+01
2.957631578950000062e+02 9.686842105300000583e+01
4.710000000000000000e+02 9.600000000000000000e+01
5.742272727270000132e+02 9.700000000000000000e+01
1.300000000000000000e+02 9.721428571399999896e+01
1.429615384619999929e+02 9.665384615399999291e+01
1.847352941180000130e+02 9.750000000000000000e+01
5.214230769230000533e+02 9.780769230800000003e+01
5.607142857099999844e+01 9.950000000000000000e+01
4.033125000000000000e+02 9.918750000000000000e+01
4.510000000000000000e+02 9.921428571399999896e+01
4.908529411760000016e+02 1.005000000000000000e+02
5.471666666669999586e+02 1.001666666670000012e+02
1.161111111099999960e+01 1.025555555560000016e+02
3.450000000000000000e+01 1.020000000000000000e+02
3.914166666670000154e+02 1.018333333329999988e+02
5.117777777779999724e+02 1.023888888890000004e+02
2.244499999999999886e+02 1.035999999999999943e+02
2.496111111110000138e+02 1.028333333329999988e+02
3.216176470589999781e+02 1.035000000000000000e+02
8.709999999999999432e+01 1.040999999999999943e+02
1.671923076920000142e+02 1.039615384619999929e+02
2.048846153849999894e+02 1.048846153850000036e+02
3.493421052630000077e+02 1.053421052629999934e+02
3.747222222220000276e+02 1.048888888890000004e+02
1.051153846149999964e+02 1.058846153850000036e+02
4.188999999999999773e+02 1.080999999999999943e+02
5.848846153849999610e+02 1.091153846149999964e+02
3.017857142859999726e+02 1.110000000000000000e+02
4.663333333329999846e+02 1.113888888890000004e+02
6.554000000000000625e+01 1.129000000000000057e+02
2.215666666669999927e+02 1.120999999999999943e+02
5.578846153849999610e+02 1.118846153850000036e+02
2.646111111110000138e+02 1.132222222219999992e+02
2.255000000000000071e+01 1.145999999999999943e+02
1.208333333329999988e+02 1.157666666669999955e+02
3.410384615379999786e+02 1.156538461539999929e+02
4.410000000000000000e+02 1.165000000000000000e+02
5.272999999999999545e+02 1.172999999999999972e+02
2.383750000000000000e+02 1.173750000000000000e+02
2.873421052630000077e+02 1.183421052629999934e+02
1.851153846150000106e+02 1.208846153850000036e+02
4.050000000000000000e+02 1.212142857139999990e+02
5.705000000000000000e+02 1.213333333329999988e+02
1.042619047620000003e+02 1.225476190480000014e+02
1.405000000000000000e+02 1.225000000000000000e+02
3.101428571430000147e+02 1.232857142860000010e+02
5.026000000000000227e+02 1.235499999999999972e+02
9.500000000000000000e+00 1.240000000000000000e+02
1.681666666669999870e+02 1.255000000000000000e+02
5.000000000000000000e+01 1.260000000000000000e+02
9.037500000000000000e+01 1.256250000000000000e+02
4.250000000000000000e+02 1.262142857139999990e+02
3.568888888889999862e+02 1.271666666670000012e+02
5.547142857139999705e+02 1.278571428569999995e+02
4.585000000000000000e+02 1.300000000000000000e+02
2.529000000000000057e+02 1.309000000000000057e+02
1.400000000000000000e+01 1.325000000000000000e+02
1.277857142860000010e+02 1.320000000000000000e+02
5.226111111110000138e+02 1.322222222219999992e+02
6.950000000000000000e+01 1.333000000000000114e+02
2.105000000000000000e+02 1.335000000000000000e+02
2.353666666670000041e+02 1.329666666669999984e+02
3.746538461540000071e+02 1.329615384619999929e+02
3.934166666670000154e+02 1.328333333330000130e+02
4.403666666670000041e+02 1.339666666669999984e+02
4.767857142859999726e+02 1.336428571429999863e+02
5.377142857139999705e+02 1.337142857139999990e+02
1.757857142860000010e+02 1.350000000000000000e+02
5.020000000000000000e+02 1.352142857139999990e+02
2.730000000000000000e+02 1.355000000000000000e+02
3.105000000000000000e+02 1.359615384619999929e+02
1.457500000000000000e+02 1.371250000000000000e+02
3.361000000000000227e+02 1.369000000000000057e+02
1.916538461540000071e+02 1.380384615380000071e+02
2.915666666669999927e+02 1.380999999999999943e+02
3.261764705899999939e+01 1.389117647060000138e+02
3.582222222220000276e+02 1.393333333330000130e+02
1.601271186440000065e+02 1.472288135590000024e+02
5.816818181820000291e+02 1.423181818179999993e+02
1.180384615380000071e+02 1.433461538459999929e+02
4.115000000000000000e+02 1.438529411760000016e+02
4.527500000000000000e+02 1.429375000000000000e+02
7.857142860000000395e-01 1.443571428570000137e+02
4.241999999999999886e+02 1.438000000000000114e+02
5.550454545449999841e+02 1.461363636359999987e+02
7.800000000000000000e+01 1.470000000000000000e+02
2.637222222220000276e+02 1.470000000000000000e+02
5.245666666670000495e+02 1.466333333329999959e+02
3.853750000000000000e+02 1.481250000000000000e+02
5.000000000000000000e+01 1.490000000000000000e+02
2.120000000000000000e+02 1.512142857139999990e+02
6.659999999999999432e+01 1.524499999999999886e+02
2.479736842110000055e+02 1.527631578950000062e+02
2.866176470589999781e+02 1.520882352939999862e+02
4.767500000000000000e+02 1.537500000000000000e+02
1.034523809519999986e+02 1.543095238100000017e+02
5.408999999999999773e+02 1.540999999999999943e+02
2.305000000000000000e+02 1.555000000000000000e+02
3.322500000000000000e+02 1.560000000000000000e+02
1.390000000000000000e+02 1.592142857139999990e+02
4.983095238099999733e+02 1.596428571429999863e+02
3.700000000000000000e+01 1.600000000000000000e+02
2.686111111110000138e+02 1.598333333330000130e+02
5.665000000000000000e+02 1.605000000000000000e+02
3.708846153850000178e+02 1.608846153849999894e+02
5.145555555559999448e+02 1.616111111110000138e+02
1.790652173910000045e+02 1.623260869570000011e+02
3.030600000000000023e+02 1.624199999999999875e+02
3.529285714289999873e+02 1.625000000000000000e+02
4.360000000000000000e+02 1.617857142860000010e+02
5.750000000000000000e+00 1.629375000000000000e+02
6.350000000000000000e+01 1.645000000000000000e+02
1.487857142860000010e+02 1.640000000000000000e+02
2.086999999999999886e+02 1.635000000000000000e+02
2.277777777800000081e+01 1.656111111110000138e+02
1.239615384619999929e+02 1.653461538459999929e+02
4.053750000000000000e+02 1.656250000000000000e+02
4.203421052630000077e+02 1.686578947369999923e+02
4.540000000000000000e+02 1.680000000000000000e+02
1.001315789469999942e+02 1.695526315790000069e+02
2.381999999999999886e+02 1.700999999999999943e+02
5.508999999999999773e+02 1.689000000000000057e+02
3.247500000000000000e+02 1.705000000000000000e+02
4.976578947369999923e+02 1.706578947369999923e+02
2.846250000000000000e+02 1.706250000000000000e+02
8.309999999999999432e+01 1.723666666670000041e+02
5.323095238099999733e+02 1.726428571429999863e+02
3.661250000000000000e+02 1.732500000000000000e+02
3.918181818180000278e+02 1.744545454549999874e+02
4.777631578950000062e+02 1.748684210529999916e+02
4.373421052630000077e+02 1.753421052630000077e+02
2.052777777780000008e+02 1.760000000000000000e+02
2.836176470589999781e+02 1.759117647060000138e+02
5.785499999999999545e+02 1.774000000000000057e+02
5.653846154000000013e+00 1.775769230770000036e+02
1.575000000000000000e+01 1.791666666669999870e+02
2.246111111110000138e+02 1.792222222219999992e+02
1.415000000000000000e+02 1.802894736840000007e+02
1.715000000000000000e+02 1.811666666669999870e+02
3.363181818180000278e+02 1.813181818179999993e+02
3.018999999999999773e+02 1.820999999999999943e+02
3.534444444439999984e+02 1.837222222219999992e+02
2.490882352939999862e+02 1.843823529409999935e+02
4.639615384620000214e+02 1.843461538459999929e+02
9.863636363999999546e+00 1.850454545450000126e+02
4.044090909089999855e+02 1.851363636359999987e+02
4.853888888889999862e+02 1.850555555560000016e+02
5.350000000000000000e+01 1.865000000000000000e+02
1.147857142860000010e+02 1.870000000000000000e+02
3.118999999999999773e+02 1.870999999999999943e+02
7.300000000000000000e+01 1.885000000000000000e+02
5.128888888889999862e+02 1.881111111110000138e+02
1.875000000000000000e+02 1.890000000000000000e+02
2.700000000000000000e+02 1.890000000000000000e+02
2.088809523809999860e+02 1.907380952379999997e+02
1.346153845999999987e+00 1.915000000000000000e+02
1.223461538460000071e+02 1.914230769229999964e+02
5.718684210530000200e+02 1.912368421049999938e+02
3.489999999999999858e+01 1.930600000000000023e+02
3.771666666670000154e+02 1.926333333329999959e+02
4.190882352940000146e+02 1.923823529409999935e+02
4.428076923080000142e+02 1.934230769229999964e+02
1.442647058819999870e+02 1.942647058819999870e+02
1.688846153849999894e+02 1.938846153849999894e+02
3.462222222220000276e+02 1.953888888889999862e+02
5.848999999999999773e+02 1.959000000000000057e+02
1.005000000000000000e+02 1.975555555560000016e+02
2.208000000000000114e+02 1.968000000000000114e+02
5.488333333330000414e+02 1.985000000000000000e+02
2.843823529410000219e+02 1.989117647060000138e+02
3.365000000000000000e+02 1.995000000000000000e+02
3.927727272729999868e+02 2.011363636359999987e+02
4.638000000000000114e+02 2.014000000000000057e+02
5.282647058820000439e+02 2.010294117649999919e+02
8.300000000000000000e+01 2.017857142860000010e+02
4.940000000000000000e+02 2.025000000000000000e+02
6.045000000000000284e+01 2.044000000000000057e+02
1.843499999999999943e+02 2.068000000000000114e+02
2.400000000000000000e+02 2.062142857139999990e+02
4.025000000000000000e+02 2.065000000000000000e+02
4.782777777779999724e+02 2.061111111110000138e+02
1.294411764710000057e+02 2.073235294119999992e+02
2.748333333329999846e+02 2.074523809519999986e+02
2.985000000000000000e+02 2.078529411760000016e+02
5.751428571430000147e+02 2.072857142860000010e+02
3.841666666670000154e+02 2.086111111110000138e+02
5.123461538459999929e+02 2.089615384619999929e+02
3.636176470589999781e+02 2.100882352939999862e+02
1.750000000000000000e+01 2.120000000000000000e+02
2.631250000000000000e+01 2.116875000000000000e+02
4.600000000000000000e+01 2.120000000000000000e+02
2.575476190480000014e+02 2.123095238100000017e+02
4.358846153850000178e+02 2.121153846150000106e+02
5.001153846149999822e+02 2.122692307689999893e+02
1.111153846149999964e+02 2.128846153849999894e+02
1.539000000000000057e+02 2.139000000000000057e+02
5.533666666670000041e+02 2.140333333330000016e+02
6.750000000000000000e+01 2.150000000000000000e+02
3.142142857140000274e+02 2.150000000000000000e+02
2.251153846150000106e+02 2.157307692310000107e+02
3.482894736839999723e+02 2.165000000000000000e+02
4.557857142859999726e+02 2.160000000000000000e+02
5.875000000000000000e+02 2.170000000000000000e+02
2.075909090909999861e+02 2.181363636359999987e+02
2.815124999999999886e+02 2.223125000000000000e+02
8.333333330000000094e-01 2.190000000000000000e+02
5.283999999999999773e+02 2.198000000000000114e+02
2.451315789470000084e+02 2.202368421049999938e+02
1.720000000000000000e+02 2.210000000000000000e+02
9.338235294099999351e+01 2.219117647060000138e+02
3.982500000000000000e+02 2.221666666669999870e+02
5.786363636400000132e+01 2.225909090909999861e+02
4.628684210530000200e+02 2.255526315790000069e+02
4.397500000000000000e+02 2.258333333330000130e+02
5.184090909090000423e+02 2.281363636359999987e+02
5.645000000000000000e+02 2.285000000000000000e+02
4.165000000000000000e+02 2.298529411760000016e+02
8.338888888900000040e+01 2.307777777780000008e+02
1.456111111110000138e+02 2.307777777780000008e+02
3.226578947369999923e+02 2.303421052630000077e+02
4.828333333329999846e+02 2.305000000000000000e+02
3.061111111099999960e+01 2.317777777780000008e+02
1.979117647060000138e+02 2.323823529409999935e+02
3.030384615379999786e+02 2.328076923079999858e+02
9.678571428600000104e+01 2.330000000000000000e+02
1.211470588239999984e+02 2.329705882350000081e+02
3.556999999999999886e+02 2.325000000000000000e+02
2.635000000000000000e+02 2.345000000000000000e+02
3.865000000000000000e+02 2.345000000000000000e+02
2.844499999999999886e+02 2.352500000000000000e+02
6.316666666700000121e+01 2.375000000000000000e+02
1.615000000000000000e+02 2.370000000000000000e+02
3.738846153850000178e+02 2.368846153849999894e+02
5.470000000000000000e+02 2.370000000000000000e+02
2.657894736999999896e+00 2.383421052630000077e+02
2.254499999999999886e+02 2.384000000000000057e+02
3.406999999999999886e+02 2.375000000000000000e+02
5.261470588240000552e+02 2.395000000000000000e+02
1.819615384619999929e+02 2.396538461540000071e+02
2.668529411760000016e+02 2.415000000000000000e+02
3.989761904759999993e+02 2.416428571429999863e+02
4.258846153850000178e+02 2.411153846150000106e+02
5.821000000000000227e+02 2.410999999999999943e+02
1.788888888900000040e+01 2.428888888889999862e+02
5.060000000000000000e+02 2.435000000000000000e+02
2.137857142860000010e+02 2.440000000000000000e+02
4.447222222220000276e+02 2.440000000000000000e+02
4.690000000000000000e+02 2.450000000000000000e+02
8.785294117600000163e+01 2.485000000000000000e+02
1.260999999999999943e+02 2.480999999999999943e+02
2.398600000000000136e+02 2.492599999999999909e+02
4.817500000000000000e+02 2.481666666669999870e+02
3.205000000000000000e+02 2.497105263159999993e+02
1.508125000000000000e+02 2.506875000000000000e+02
1.892826086960000112e+02 2.508913043480000056e+02
5.647500000000000000e+02 2.505625000000000000e+02
1.068846153850000036e+02 2.508846153849999894e+02
3.593000000000000114e+02 2.505000000000000000e+02
4.103333333300000163e+01 2.533666666670000041e+02
2.867142857140000274e+02 2.528571428570000137e+02
5.025000000000000000e+02 2.535000000000000000e+02
1.617857142860000010e+02 2.560000000000000000e+02
5.437400000000000091e+02 2.579399999999999977e+02
2.992777777779999724e+02 2.580000000000000000e+02
4.302777777779999724e+02 2.580000000000000000e+02
7.735294117999999663e+00 2.592647058819999870e+02
3.540000000000000000e+02 2.595000000000000000e+02
3.826111111110000138e+02 2.592222222220000276e+02
5.192142857139999705e+02 2.590000000000000000e+02
5.707142857099999844e+01 2.620238095240000007e+02
1.145000000000000000e+02 2.615000000000000000e+02
5.835000000000000000e+02 2.618529411760000016e+02
3.123823529410000219e+02 2.620882352940000146e+02
2.566000000000000227e+02 2.634499999999999886e+02
9.728947368400000073e+01 2.645000000000000000e+02
2.194499999999999886e+02 2.643999999999999773e+02
4.055000000000000000e+02 2.640000000000000000e+02
1.402142857139999990e+02 2.650000000000000000e+02
4.793461538459999929e+02 2.649615384620000214e+02
5.618846153849999610e+02 2.648846153850000178e+02
4.901470588239999984e+02 2.664411764710000057e+02
4.620000000000000000e+02 2.672142857140000274e+02
3.951363636359999987e+02 2.675909090910000145e+02
2.099545454549999874e+02 2.693636363640000013e+02
3.335000000000000000e+02 2.690000000000000000e+02
4.463461538459999929e+02 2.693461538459999929e+02
3.928947368400000073e+01 2.708684210530000200e+02
1.862500000000000000e+02 2.702500000000000000e+02
2.685000000000000000e+02 2.711470588239999984e+02
8.525000000000000000e+01 2.730625000000000000e+02
3.007500000000000000e+02 2.730833333329999846e+02
3.740000000000000000e+02 2.723000000000000114e+02
5.062894736839999723e+02 2.745000000000000000e+02
5.369615384620000214e+02 2.753461538459999929e+02
6.850000000000000000e+01 2.755000000000000000e+02
1.287352941180000130e+02 2.772647058819999870e+02
2.405000000000000000e+02 2.766999999999999886e+02
1.491153846150000106e+02 2.791153846149999822e+02
1.720999999999999943e+02 2.791000000000000227e+02
2.281428571429999863e+02 2.802857142859999726e+02
3.631000000000000227e+02 2.808999999999999773e+02
4.163333333300000305e+01 2.829666666670000268e+02
3.510882352940000146e+02 2.833823529410000219e+02
5.491428571430000147e+02 2.827857142859999726e+02
1.051666666670000012e+02 2.845000000000000000e+02
5.712500000000000000e+02 2.841250000000000000e+02
3.827857142859999726e+02 2.850000000000000000e+02
4.404473684210000215e+02 2.854473684210000215e+02
9.550000000000000711e+00 2.866000000000000227e+02
9.085714285699999948e+01 2.862857142859999726e+02
2.898846153850000178e+02 2.868846153850000178e+02
4.028333333329999846e+02 2.865833333329999846e+02
2.079375000000000000e+02 2.882500000000000000e+02
3.120000000000000000e+02 2.890000000000000000e+02
3.128947368400000073e+01 2.907631578950000062e+02
4.677631578950000062e+02 2.907105263160000277e+02
6.350000000000000000e+01 2.911250000000000000e+02
2.527173913039999888e+02 2.914130434780000201e+02
2.711666666670000154e+02 2.903888888889999862e+02
4.156999999999999886e+02 2.916999999999999886e+02
5.828999999999999773e+02 2.915666666669999927e+02
4.890000000000000000e+02 2.930000000000000000e+02
5.611470588240000552e+02 2.930294117650000203e+02
1.815789474000000014e+00 2.956578947369999923e+02
1.274523809519999986e+02 2.961190476190000140e+02
1.816875000000000000e+02 2.953125000000000000e+02
4.585000000000000000e+02 2.955000000000000000e+02
5.197500000000000000e+02 2.948750000000000000e+02
3.241250000000000000e+02 2.967500000000000000e+02
3.557105263160000277e+02 2.965000000000000000e+02
1.547500000000000000e+02 2.968750000000000000e+02
2.332857142860000010e+02 2.971428571430000147e+02
3.988529411760000016e+02 2.970882352940000146e+02
2.220000000000000000e+02 2.990000000000000000e+02
1.392894736840000007e+02 3.007631578950000062e+02
1.666578947369999923e+02 3.006578947369999923e+02
3.015454545449999841e+02 3.008181818180000278e+02
3.482142857140000274e+02 3.010000000000000000e+02
5.015526315789999785e+02 3.014473684210000215e+02
1.634210526300000055e+01 3.023421052630000077e+02
9.309999999999999432e+01 3.021000000000000227e+02
1.997777777780000008e+02 3.026111111110000138e+02
7.731818181799999934e+01 3.033181818180000278e+02
2.527105263159999993e+02 3.045000000000000000e+02
2.729666666670000268e+02 3.043666666670000041e+02
3.750625000000000000e+02 3.057500000000000000e+02
4.308823529400000041e+01 3.066176470589999781e+02
5.733666666670000041e+02 3.059666666670000268e+02
1.752777777780000008e+02 3.066111111110000138e+02
4.739117647059999854e+02 3.083823529410000219e+02
3.164473684210000215e+02 3.093421052630000077e+02
4.376250000000000000e+02 3.094375000000000000e+02
4.601428571430000147e+02 3.107857142859999726e+02
4.162333333330000187e+02 3.145000000000000000e+02
5.466176470589999781e+02 3.140882352940000146e+02
1.644000000000000057e+02 3.155500000000000114e+02
5.353888888889999862e+02 3.154444444439999984e+02
7.188461538500000358e+01 3.158846153850000178e+02
2.372857142860000010e+02 3.161428571430000147e+02
4.932500000000000000e+02 3.159375000000000000e+02
8.644736842099999308e+01 3.171315789469999800e+02
2.956250000000000000e+02 3.178333333329999846e+02
4.304333333330000073e+02 3.168999999999999773e+02
3.954499999999999886e+02 3.191999999999999886e+02
1.144000000000000057e+02 3.195500000000000114e+02
5.250000000000000000e+00 3.210625000000000000e+02
5.288461538499999648e+01 3.211153846149999822e+02
3.351153846149999822e+02 3.218846153850000178e+02
3.631190476190000140e+02 3.224523809519999986e+02
4.663181818180000278e+02 3.223181818180000278e+02
2.636875000000000000e+02 3.233125000000000000e+02
3.135769230770000036e+02 3.236538461540000071e+02
1.825500000000000114e+02 3.253999999999999773e+02
2.179666666669999984e+02 3.256333333329999959e+02
1.485000000000000000e+02 3.275000000000000000e+02
1.910000000000000000e+02 3.275000000000000000e+02
4.468999999999999773e+02 3.268999999999999773e+02
5.182894736839999723e+02 3.271315789469999800e+02
5.625000000000000000e+02 3.270000000000000000e+02
3.292105263199999854e+01 3.283947368419999862e+02
2.317142857139999990e+02 3.281428571430000147e+02
2.549117647060000138e+02 3.293823529410000219e+02
4.850000000000000000e+02 3.300000000000000000e+02
1.272142857139999990e+02 3.310000000000000000e+02
3.784375000000000000e+02 3.323750000000000000e+02
5.028636363640000013e+02 3.325909090910000145e+02
3.043125000000000000e+02 3.355625000000000000e+02
8.808823529400000041e+01 3.367352941180000130e+02
1.121153846149999964e+02 3.358846153850000178e+02
3.173421052630000077e+02 3.376578947369999923e+02
3.445869565219999799e+02 3.377173913039999888e+02
5.497000000000000455e+02 3.370000000000000000e+02
7.128571428600000104e+01 3.378571428569999853e+02
4.508333333299999879e+01 3.392500000000000000e+02
2.148333333330000130e+02 3.387500000000000000e+02
2.735000000000000000e+02 3.400000000000000000e+02
4.100333333329999732e+02 3.403666666670000041e+02
5.387307692309999538e+02 3.401153846149999822e+02
2.577777777800000081e+01 3.423888888889999862e+02
1.730000000000000000e+02 3.425000000000000000e+02
1.334210526300000055e+01 3.436578947369999923e+02
3.876333333329999959e+02 3.438999999999999773e+02
4.237222222220000276e+02 3.440000000000000000e+02
4.598999999999999773e+02 3.438999999999999773e+02
2.536578947369999923e+02 3.456578947369999923e+02
5.161428571430000147e+02 3.452857142859999726e+02
5.765952380950000133e+02 3.460714285710000127e+02
1.207500000000000000e+02 3.465500000000000114e+02
2.305952380950000133e+02 3.473095238099999733e+02
1.515526315790000069e+02 3.475526315789999785e+02
3.609545454550000159e+02 3.471363636359999987e+02
1.879000000000000057e+02 3.481000000000000227e+02
4.772500000000000000e+02 3.487500000000000000e+02
4.462894736839999723e+02 3.495000000000000000e+02
3.702142857140000274e+02 3.500000000000000000e+02
4.083461538459999929e+02 3.499615384620000214e+02
5.957692307699999645e+01 3.516538461540000071e+02
2.675000000000000000e+01 3.521250000000000000e+02
5.562999999999999545e+02 3.515000000000000000e+02
1.034500000000000028e+02 3.536000000000000227e+02
3.381250000000000000e+02 3.537500000000000000e+02
4.970454545449999841e+02 3.528636363640000013e+02
2.622826086960000112e+02 3.544130434780000201e+02
5.875000000000000000e+02 3.540000000000000000e+02
2.130384615380000071e+02 3.563461538459999929e+02
2.920000000000000000e+02 3.560000000000000000e+02
7.950000000000000000e+01 3.581190476190000140e+02
5.135000000000000000e+02 3.585000000000000000e+02
1.693235294119999992e+02 3.595588235289999943e+02
5.780000000000000000e+02 3.592777777779999724e+02
5.390384615379999786e+02 3.596538461540000071e+02
4.031818181799999934e+01 3.606818181819999722e+02
3.721190476190000140e+02 3.614523809519999986e+02
1.105000000000000000e+02 3.635416666670000154e+02
4.226818181819999722e+02 3.616818181819999722e+02
2.820000000000000000e+02 3.633000000000000114e+02
3.150000000000000000e+02 3.633000000000000114e+02
3.896176470589999781e+02 3.639117647059999854e+02
4.577500000000000000e+02 3.641250000000000000e+02
2.457222222219999992e+02 3.665555555560000016e+02
5.870555555559999448e+02 3.662777777779999724e+02
1.450000000000000000e+01 3.676739130430000273e+02
1.880000000000000000e+02 3.670000000000000000e+02
4.748999999999999773e+02 3.685666666669999927e+02
5.040000000000000000e+02 3.680000000000000000e+02
4.100000000000000000e+02 3.720000000000000000e+02
3.381666666670000154e+02 3.730333333329999732e+02
5.700000000000000000e+01 3.737857142859999726e+02
9.709999999999999432e+01 3.741000000000000227e+02
2.020882352939999862e+02 3.743823529410000219e+02
2.272142857139999990e+02 3.738571428569999853e+02
1.323461538459999929e+02 3.752692307689999893e+02
2.652500000000000000e+02 3.762500000000000000e+02
5.268684210530000200e+02 3.762894736839999723e+02
5.550000000000000000e+02 3.762777777779999724e+02
3.795555555560000016e+02 3.777222222220000276e+02
1.529666666669999984e+02 3.783666666670000041e+02
1.894000000000000057e+02 3.794499999999999886e+02
5.785000000000000000e+02 3.808684210530000200e+02
7.865789473700000656e+01 3.813421052630000077e+02
2.835000000000000000e+02 3.815000000000000000e+02
1.196578947370000066e+02 3.826578947369999923e+02
3.582857142859999726e+02 3.822857142859999726e+02
3.890882352940000146e+02 3.826176470589999781e+02
1.592142857139999990e+02 3.830000000000000000e+02
4.573666666670000041e+02 3.830333333329999732e+02
3.900000000000000000e+01 3.845000000000000000e+02
3.041153846149999822e+02 3.841153846149999822e+02
4.446578947369999923e+02 3.846578947369999923e+02
1.408076923079999858e+02 3.854230769229999964e+02
4.103421052630000077e+02 3.853421052630000077e+02
3.280000000000000000e+02 3.880000000000000000e+02
5.013000000000000114e+02 3.885000000000000000e+02
6.434210526299999344e+01 3.904473684210000215e+02
5.223666666670000041e+02 3.899666666670000268e+02
5.330625000000000000e+02 3.907500000000000000e+02
5.970588235000000132e+00 3.918529411760000016e+02
2.098846153849999894e+02 3.921153846149999822e+02
2.327500000000000000e+02 3.932500000000000000e+02
4.804499999999999886e+02 3.943999999999999773e+02
3.446578947369999923e+02 3.954473684210000215e+02
3.628999999999999773e+02 3.954599999999999795e+02
4.298846153850000178e+02 3.948846153850000178e+02
1.618684210529999916e+02 3.962894736839999723e+02
2.503125000000000000e+02 3.958125000000000000e+02
1.720555555560000016e+02 3.971666666670000154e+02
2.785000000000000000e+02 3.976999999999999886e+02
5.602894736839999723e+02 3.981315789469999800e+02
2.350000000000000000e+01 3.986999999999999886e+02
8.729999999999999716e+01 3.990000000000000000e+02
9.873529411799999878e+01 3.992647058819999870e+02
1.885000000000000000e+02 3.993000000000000114e+02
3.035909090910000145e+02 3.994090909089999855e+02
5.720000000000000000e+02 3.987857142859999726e+02
3.823000000000000114e+02 4.020000000000000000e+02
3.877777777800000081e+01 4.033333333329999846e+02
1.452894736840000007e+02 4.048684210530000200e+02
5.145000000000000000e+02 4.045000000000000000e+02
4.470882352940000146e+02 4.066176470589999781e+02
3.221000000000000227e+02 4.068999999999999773e+02
1.241153846149999964e+02 4.081153846149999822e+02
4.243750000000000000e+02 4.088125000000000000e+02
9.528571428600000104e+01 4.097142857140000274e+02
2.431153846150000106e+02 4.094230769229999964e+02
4.748000000000000114e+02 4.093500000000000227e+02
4.876000000000000227e+02 4.095500000000000114e+02
2.175909090909999861e+02 4.104090909089999855e+02
3.060000000000000000e+02 4.097857142859999726e+02
4.059117647059999854e+02 4.106176470589999781e+02
2.022500000000000000e+02 4.111666666670000154e+02
2.577500000000000000e+02 4.117500000000000000e+02
5.280000000000000000e+02 4.127857142859999726e+02
3.471315789469999800e+02 4.147105263160000277e+02
4.376333333329999959e+02 4.139666666670000268e+02
1.680000000000000000e+02 4.147857142859999726e+02
3.000000000000000000e+00 4.165000000000000000e+02
2.373529411799999878e+01 4.167352941180000130e+02
5.771052631599999927e+01 4.161315789469999800e+02
6.943750000000000000e+01 4.158125000000000000e+02
1.870000000000000000e+02 4.156999999999999886e+02
5.444411764709999488e+02 4.162647058819999870e+02
5.858999999999999773e+02 4.161000000000000227e+02
3.782500000000000000e+02 4.169375000000000000e+02
2.851000000000000227e+02 4.188999999999999773e+02
5.156176470589999781e+02 4.190294117650000203e+02
4.165000000000000000e+02 4.208333333329999846e+02
1.073947368420000004e+02 4.229210526319999985e+02
3.883750000000000000e+02 4.223750000000000000e+02
5.630000000000000000e+02 4.240000000000000000e+02
3.870000000000000284e+01 4.250000000000000000e+02
1.545000000000000000e+02 4.250000000000000000e+02
3.160000000000000000e+02 4.252142857140000274e+02
2.417352941180000130e+02 4.262647058819999870e+02
4.742647058819999870e+02 4.272647058819999870e+02
2.068333333330000130e+02 4.276111111110000138e+02
2.895000000000000000e+02 4.275000000000000000e+02
3.430000000000000000e+02 4.280000000000000000e+02
4.584090909089999855e+02 4.303636363640000013e+02
5.750333333329999732e+02 4.293666666670000041e+02
9.050000000000000000e+01 4.318529411760000016e+02
4.231250000000000000e+02 4.312500000000000000e+02
7.059999999999999432e+01 4.328000000000000114e+02
2.530000000000000000e+02 4.320000000000000000e+02
2.585666666669999927e+02 4.321000000000000227e+02
3.223888888889999862e+02 4.322222222220000276e+02
3.611000000000000227e+02 4.324333333330000073e+02
5.348999999999999773e+02 4.318999999999999773e+02
4.932500000000000000e+02 4.339166666670000154e+02
1.292500000000000000e+02 4.353500000000000227e+02
1.708157894740000131e+02 4.354473684210000215e+02
2.807500000000000000e+02 4.347500000000000000e+02
1.885000000000000000e+02 4.357857142859999726e+02
2.315833333330000130e+02 4.368333333329999846e+02
3.905000000000000000e+02 4.365000000000000000e+02
4.220588235299999980e+01 4.386176470589999781e+02
1.521666666669999870e+02 4.392333333330000187e+02
2.977222222220000276e+02 4.390000000000000000e+02
4.613000000000000114e+02 4.400000000000000000e+02
5.138846153849999610e+02 4.401153846149999822e+02
5.575833333330000414e+02 4.408333333329999846e+02
3.546250000000000000e+02 4.423750000000000000e+02
3.972142857140000274e+02 4.430000000000000000e+02
4.335000000000000000e+02 4.430000000000000000e+02
1.878571428600000104e+01 4.440000000000000000e+02
7.912500000000000000e+01 4.472500000000000000e+02
1.085000000000000000e+02 4.475000000000000000e+02
2.580000000000000000e+02 4.472142857140000274e+02
2.787857142859999726e+02 4.470000000000000000e+02
3.781363636359999987e+02 4.467727272729999868e+02
4.828809523809999860e+02 4.499761904759999993e+02
4.933421052630000077e+02 4.496578947369999923e+02
5.875000000000000000e+02 4.490000000000000000e+02
1.290000000000000000e+02 4.507222222220000276e+02
1.953421052630000077e+02 4.516578947369999923e+02
2.154090909090000139e+02 4.515909090910000145e+02
3.140000000000000000e+02 4.512142857140000274e+02
5.637727272729999868e+02 4.530000000000000000e+02
4.445000000000000000e+02 4.530000000000000000e+02
3.673529411799999878e+01 4.552647058819999870e+02
4.226176470589999781e+02 4.550882352940000146e+02
6.791176470599999959e+01 4.566176470589999781e+02
1.697307692310000107e+02 4.558846153850000178e+02
3.335000000000000000e+02 4.582083333329999846e+02
5.351428571430000147e+02 4.567857142859999726e+02
1.040000000000000036e+01 4.584499999999999886e+02
2.416818181820000007e+02 4.576818181819999722e+02
3.630000000000000000e+02 4.580000000000000000e+02
3.987500000000000000e+02 4.587500000000000000e+02
9.771428571399999896e+01 4.601428571430000147e+02
4.594499999999999886e+02 4.613999999999999773e+02
1.432500000000000000e+02 4.620833333329999846e+02
3.441666666670000154e+02 4.622500000000000000e+02
5.270000000000000000e+02 4.627222222220000276e+02
8.311538461499999642e+01 4.638846153850000178e+02
2.259615384619999929e+02 4.653461538459999929e+02
2.325000000000000000e+01 4.679166666670000154e+02
4.882894736839999723e+02 4.688684210530000200e+02
5.666111111110000138e+02 4.682222222220000276e+02
4.387222222220000276e+02 4.703888888889999862e+02
4.998846153850000178e+02 4.701153846149999822e+02
1.210000000000000000e+02 4.710000000000000000e+02
2.800000000000000000e+02 4.710000000000000000e+02
5.533823529410000219e+02 4.710882352940000146e+02
1.917500000000000000e+02 4.719166666670000154e+02
3.786818181819999722e+02 4.716818181819999722e+02
4.766666666700000121e+01 4.735000000000000000e+02
2.117777777780000008e+02 4.736111111110000138e+02
2.580000000000000000e+02 4.735000000000000000e+02
2.983666666670000041e+02 4.730333333329999732e+02
3.200000000000000000e+02 4.750000000000000000e+02
4.686578947369999923e+02 4.766578947369999923e+02
6.735714285699999948e+01 4.785714285710000127e+02
1.067500000000000000e+02 4.781250000000000000e+02
1.705555555560000016e+02 4.783888888889999862e+02
9.550000000000000711e+00 4.793999999999999773e+02
1.532333333329999903e+02 4.795000000000000000e+02
2.331153846150000106e+02 4.788846153850000178e+02
3.978333333329999846e+02 4.808888888889999862e+02
4.178333333329999846e+02 4.802500000000000000e+02
4.990000000000000000e+02 4.797857142859999726e+02
2.727777777779999724e+02 4.823888888889999862e+02
3.372272727270000132e+02 4.830000000000000000e+02
4.489166666670000154e+02 4.822500000000000000e+02
3.643888888889999862e+02 4.831666666670000154e+02
3.778846153850000178e+02 4.828846153850000178e+02
7.988461538500000358e+01 4.841153846149999822e+02
1.324473684209999931e+02 4.843421052630000077e+02
5.607272727270000132e+02 4.847727272729999868e+02
5.390000000000000000e+02 4.857857142859999726e+02
5.235000000000000000e+02 4.865000000000000000e+02
2.091153846150000106e+02 4.878846153850000178e+02
3.158333333329999846e+02 4.898333333329999846e+02
4.787500000000000000e+02 4.890000000000000000e+02
5.780000000000000000e+02 4.895000000000000000e+02
2.490999999999999943e+02 4.908999999999999773e+02
5.500000000000000000e+01 4.926999999999999886e+02
1.908846153849999894e+02 4.931153846149999822e+02
3.073529411799999878e+01 4.947352941180000130e+02
1.177000000000000028e+02 4.946999999999999886e+02
1.661363636359999987e+02 4.942272727270000132e+02
2.172142857139999990e+02 4.940000000000000000e+02
2.995000000000000000e+02 4.948529411760000016e+02
1.518846153849999894e+02 4.961153846149999822e+02
5.343888888889999862e+02 4.968333333329999846e+02
9.285714290000000037e-01 4.977857142859999726e+02
3.681666666670000154e+02 4.975833333329999846e+02
4.033999999999999773e+02 4.985500000000000114e+02
4.398846153850000178e+02 4.991153846149999822e+02
2.205555555600000162e+01 5.010555555560000016e+02
1.406176470590000065e+02 4.999117647059999854e+02
3.435000000000000000e+02 5.000000000000000000e+02
6.783333333299999879e+01 5.016111111110000138e+02
2.796333333329999959e+02 5.021666666670000154e+02
3.853095238099999733e+02 5.024523809519999986e+02
4.600000000000000000e+02 5.020000000000000000e+02
5.034230769229999964e+02 5.018076923080000142e+02
5.253461538459999929e+02 5.019615384620000214e+02
2.598999999999999773e+02 5.045666666669999927e+02
4.168999999999999773e+02 5.038999999999999773e+02
2.415000000000000000e+02 5.060000000000000000e+02
5.600000000000000000e+02 5.062142857140000274e+02
4.619230769199999997e+01 5.085769230770000036e+02
8.975000000000000000e+01 5.098750000000000000e+02
1.055000000000000000e+02 5.105000000000000000e+02
2.974090909089999855e+02 5.101363636359999987e+02
3.155833333329999846e+02 5.098333333329999846e+02
4.716333333329999959e+02 5.120333333329999732e+02
6.811904761899999983e+01 5.137380952380000281e+02
3.500789473680000015e+02 5.133421052630000077e+02
2.100999999999999943e+02 5.138999999999999773e+02
4.033947368419999862e+02 5.139210526320000554e+02
5.345000000000000000e+02 5.140000000000000000e+02
5.826052631579999570e+02 5.150789473679999446e+02
2.296818181820000007e+02 5.146818181820000291e+02
2.668750000000000000e+01 5.156875000000000000e+02
1.591521739130000128e+02 5.171086956520000513e+02
1.788846153849999894e+02 5.162692307690000462e+02
4.466818181819999722e+02 5.163181818179999709e+02
3.301666666670000154e+02 5.166111111110000138e+02
4.915000000000000000e+02 5.178529411759999448e+02
5.159444444440000552e+02 5.176111111110000138e+02
3.841363636359999987e+02 5.174090909090000423e+02
5.589666666670000268e+02 5.183666666670000041e+02
4.290000000000000000e+02 5.190000000000000000e+02
1.987857142860000010e+02 5.200000000000000000e+02
9.134210526299999344e+01 5.213421052630000077e+02
3.153888888889999862e+02 5.212222222220000276e+02
2.448750000000000000e+02 5.237500000000000000e+02
2.815909090910000145e+02 5.235909090909999577e+02
1.263823529409999935e+02 5.237941176470000073e+02
5.828333333330000414e+02 5.266428571430000147e+02
2.625909090910000145e+02 5.271363636360000555e+02
4.676666666700000263e+01 5.288333333330000414e+02
4.660294117650000203e+02 5.288529411759999448e+02
4.409375000000000000e+02 5.292500000000000000e+02
5.601000000000000227e+02 5.308999999999999773e+02
6.388888889000000404e+00 5.330555555559999448e+02
1.167380952379999997e+02 5.341190476189999572e+02
1.447857142860000010e+02 5.330000000000000000e+02
3.692894736839999723e+02 5.345000000000000000e+02
4.844499999999999886e+02 5.346000000000000227e+02
5.125000000000000000e+02 5.335000000000000000e+02
5.298684210530000200e+02 5.345000000000000000e+02
1.716666666669999870e+02 5.350000000000000000e+02
2.265000000000000000e+02 5.355000000000000000e+02
4.999375000000000000e+02 5.352500000000000000e+02
2.141153846150000106e+02 5.358846153849999610e+02
7.200000000000000000e+01 5.370000000000000000e+02
4.196538461540000071e+02 5.365769230769999467e+02
3.438999999999999773e+02 5.401000000000000227e+02
1.917500000000000000e+02 5.417500000000000000e+02
2.921153846149999822e+02 5.408846153849999610e+02
3.130000000000000071e+01 5.430000000000000000e+02
3.831000000000000227e+02 5.418999999999999773e+02
4.070000000000000000e+02 5.417857142860000295e+02
3.058333333329999846e+02 5.432500000000000000e+02
4.721666666670000154e+02 5.456111111110000138e+02
5.700000000000000000e+01 5.457000000000000455e+02
5.696904761900000267e+02 5.464047619049999867e+02
2.621428571430000147e+02 5.472857142860000295e+02
3.250000000000000000e+02 5.472272727270000132e+02
4.306176470589999781e+02 5.470882352940000146e+02
1.220000000000000000e+02 5.485000000000000000e+02
4.460333333329999732e+02 5.486333333329999959e+02
5.861666666669999586e+02 5.485000000000000000e+02
1.017941176469999931e+02 5.490882352940000146e+02
5.115384614999999968e+00 5.498846153849999610e+02
3.782857142859999726e+02 5.508571428569999853e+02
2.087666666670000097e+02 5.528333333330000414e+02
2.250000000000000000e+02 5.530000000000000000e+02
2.546176470590000065e+02 5.530882352940000146e+02
2.739117647059999854e+02 5.543823529410000219e+02
3.528947368400000073e+01 5.555000000000000000e+02
1.366428571429999863e+02 5.556904761900000267e+02
1.579000000000000057e+02 5.548999999999999773e+02
5.278333333330000414e+02 5.552333333330000187e+02
5.120333333329999732e+02 5.563666666670000041e+02
5.485526315790000353e+02 5.566578947369999923e+02
2.998999999999999773e+02 5.568999999999999773e+02
3.521470588239999984e+02 5.595000000000000000e+02
5.025000000000000000e+01 5.600833333330000414e+02
7.800000000000000000e+01 5.611666666669999586e+02
3.360000000000000000e+02 5.615000000000000000e+02
