5.707142857099999844e+01 2.000000000000000000e+00
9.000000000000000000e+01 5.000000000000000000e-01
1.110000000000000000e+02 5.000000000000000000e-01
1.278076923080000000e+02 1.500000000000000000e+00
2.940000000000000000e+02 8.333333330000000094e-01
3.340000000000000000e+02 5.000000000000000000e-01
3.704130434780000201e+02 2.934782608999999987e+00
5.486428571430000147e+02 7.857142860000000395e-01
5.843999999999999773e+02 2.450000000000000178e+00
4.868421052999999610e+00 4.710526316000000158e+00
2.756578947369999923e+02 4.657894737000000340e+00
5.567857142860000295e+02 5.000000000000000000e+00
1.595000000000000000e+02 6.500000000000000000e+00
4.830882352940000146e+02 6.617647059000000276e+00
2.285000000000000000e+02 6.500000000000000000e+00
2.616666666700000121e+01 8.166666666999999435e+00
1.937352941180000130e+02 8.558823528999999652e+00
3.528846153850000178e+02 8.115384614999999968e+00
4.687857142859999726e+02 8.000000000000000000e+00
3.280789473680000015e+02 9.605263157999999635e+00
4.045000000000000000e+02 9.147058824000000143e+00
7.225000000000000000e+01 9.833333333000000565e+00
2.542647058819999870e+02 1.097058823499999924e+01
5.035000000000000000e+02 1.050000000000000000e+01
1.032894736840000007e+02 1.239473684200000037e+01
9.100000000000000000e+01 1.250000000000000000e+01
4.560000000000000000e+02 1.300000000000000000e+01
5.253333333330000414e+02 1.388888888900000040e+01
3.069210526319999985e+02 1.560526315799999963e+01
3.976999999999999886e+02 1.450000000000000000e+01
5.146666666669999586e+02 1.577777777800000081e+01
5.380333333329999732e+02 1.536666666700000050e+01
4.476333333329999959e+02 1.596666666700000015e+01
1.409000000000000057e+02 1.710000000000000142e+01
5.665000000000000000e+02 1.828947368400000073e+01
1.760000000000000000e+02 2.000000000000000000e+01
3.492826086960000112e+02 2.058695652200000126e+01
4.216111111110000138e+02 2.077777777800000081e+01
4.731999999999999886e+02 2.039999999999999858e+01
4.952333333330000187e+02 2.050000000000000000e+01
1.583888888889999862e+02 2.177777777800000081e+01
2.116176470590000065e+02 2.091176470599999959e+01
1.225999999999999943e+02 2.255000000000000071e+01
3.800000000000000000e+02 2.200000000000000000e+01
5.783823529410000219e+02 2.308823529400000041e+01
2.367941176470000073e+02 2.408823529400000041e+01
2.408823529400000041e+01 2.761764705899999939e+01
2.755000000000000000e+02 2.669999999999999929e+01
3.210000000000000000e+02 2.772222222199999919e+01
5.510000000000000142e+01 2.810000000000000142e+01
8.150000000000000000e+01 2.900000000000000000e+01
2.020333333330000016e+02 2.863333333299999950e+01
2.920000000000000000e+02 2.750000000000000000e+01
3.095000000000000000e+02 2.969999999999999929e+01
3.959090909100000033e+01 3.213636363599999868e+01
1.797222222219999992e+02 3.255555555600000162e+01
2.546666666669999870e+02 3.141666666700000121e+01
1.082999999999999972e+02 3.370000000000000284e+01
3.643333333329999846e+02 3.258333333299999879e+01
2.195000000000000000e+02 3.350000000000000000e+01
2.408846153849999894e+02 3.411538461500000352e+01
4.117142857140000274e+02 3.414285714300000052e+01
3.900000000000000000e+02 3.450000000000000000e+01
5.385000000000000000e+02 3.492857142900000156e+01
4.493750000000000000e+02 3.718750000000000000e+01
5.276111111110000138e+02 3.722222222199999919e+01
1.481666666669999870e+02 3.836666666699999695e+01
3.399117647059999854e+02 3.838235294100000061e+01
4.056666666670000154e+02 3.838888888900000040e+01
9.750000000000000000e+00 3.925000000000000000e+01
4.291470588239999984e+02 3.944117647099999857e+01
5.536428571430000147e+02 3.921428571399999896e+01
8.531818181799999934e+01 4.231818181799999934e+01
5.040714285710000127e+02 4.145238095199999862e+01
7.076666666699999553e+01 4.216666666700000121e+01
3.850000000000000000e+02 4.200000000000000000e+01
5.753666666670000041e+02 4.196666666699999837e+01
2.665000000000000000e+02 4.300000000000000000e+01
4.833333333329999846e+02 4.338888888900000040e+01
2.956176470589999781e+02 4.508823529400000041e+01
1.590000000000000000e+02 4.672222222199999919e+01
3.506111111110000138e+02 4.677777777800000081e+01
3.641666666670000154e+02 4.750000000000000000e+01
1.167500000000000000e+02 4.806250000000000000e+01
3.941000000000000227e+02 5.010000000000000142e+01
2.603846153799999996e+01 5.234615384599999999e+01
4.239999999999999858e+01 5.245000000000000284e+01
5.457857142860000295e+02 5.200000000000000000e+01
5.735294117999999663e+00 5.326470588200000122e+01
1.875000000000000000e+02 5.350000000000000000e+01
4.461153846149999822e+02 5.288461538499999648e+01
2.862777777779999724e+02 5.444444444399999838e+01
3.192142857140000274e+02 5.400000000000000000e+01
3.313000000000000114e+02 5.450000000000000000e+01
1.433888888889999862e+02 5.694444444399999838e+01
4.919666666670000268e+02 5.663333333300000305e+01
6.786842105300000583e+01 5.797368421099999836e+01
2.020000000000000000e+02 5.750000000000000000e+01
2.265000000000000000e+02 5.750000000000000000e+01
3.803888888889999862e+02 5.722222222199999919e+01
5.108846153850000178e+02 5.711538461500000352e+01
5.662222222220000276e+02 5.838888888900000040e+01
2.578999999999999773e+02 5.910000000000000142e+01
4.161315789469999800e+02 5.944736842100000018e+01
4.667941176470000073e+02 5.938235294100000061e+01
9.203333333300000163e+01 6.036666666699999695e+01
1.051153846149999964e+02 6.211538461500000352e+01
1.268636363640000013e+02 6.304545454499999835e+01
3.392142857140000274e+02 6.500000000000000000e+01
5.562272727270000132e+02 6.554545454499999835e+01
5.886818181820000291e+02 6.468181818200000066e+01
2.370000000000000000e+02 6.600000000000000000e+01
5.250000000000000000e+02 6.650000000000000000e+01
1.590000000000000000e+02 6.850000000000000000e+01
4.001470588239999984e+02 6.802941176500000608e+01
2.003823529409999935e+02 6.908823529400000041e+01
2.675000000000000000e+02 7.000000000000000000e+01
3.513947368419999862e+02 7.007894736800000146e+01
4.826999999999999886e+02 6.950000000000000000e+01
4.948999999999999773e+02 6.990000000000000568e+01
4.050000000000000000e+01 7.114705882399999837e+01
2.200714285710000127e+02 7.150000000000000000e+01
2.516666666700000121e+01 7.241666666700000121e+01
7.557692307700000356e+01 7.180769230800000003e+01
4.258999999999999773e+02 7.209999999999999432e+01
1.520000000000000000e+02 7.400000000000000000e+01
3.169285714289999873e+02 7.450000000000000000e+01
4.485000000000000000e+02 7.500000000000000000e+01
4.146176470589999781e+02 7.591176470599999959e+01
5.342105262999999660e+00 7.934210526299999344e+01
2.990000000000000000e+02 7.950000000000000000e+01
2.796499999999999773e+02 8.220000000000000284e+01
3.270882352940000146e+02 8.138235294099999351e+01
3.635400000000000205e+02 8.190000000000000568e+01
3.875000000000000000e+02 8.150000000000000000e+01
3.100000000000000000e+01 8.200000000000000000e+01
5.367647058800000082e+01 8.267647058800000082e+01
1.107000000000000028e+02 8.150000000000000000e+01
4.650000000000000000e+02 8.200000000000000000e+01
5.711153846150000390e+02 8.188461538500000358e+01
1.355000000000000000e+02 8.350000000000000000e+01
1.770000000000000000e+02 8.372222222199999919e+01
5.391000000000000227e+02 8.343333333299999310e+01
2.235000000000000000e+02 8.492857142900000156e+01
5.147142857139999705e+02 8.514285714300000052e+01
2.115000000000000000e+02 8.650000000000000000e+01
4.870000000000000000e+02 8.668750000000000000e+01
5.466250000000000000e+02 8.681250000000000000e+01
4.536818181819999722e+02 8.704545454499999835e+01
1.530000000000000000e+02 8.800000000000000000e+01
2.534090909090000139e+02 8.859090909100000033e+01
9.250000000000000000e+01 8.950000000000000000e+01
2.388333333330000130e+02 8.983333333299999879e+01
4.988750000000000000e+02 9.350000000000000000e+01
5.238571428569999853e+02 9.457142857099999844e+01
5.703999999999999773e+02 9.479999999999999716e+01
3.121666666670000154e+02 9.576666666699999553e+01
4.745000000000000000e+02 9.633333333299999879e+01
2.920714285710000127e+02 9.759523809499999913e+01
4.110000000000000000e+02 9.721428571399999896e+01
1.083888888890000004e+02 9.866666666700000121e+01
1.877500000000000000e+02 9.812500000000000000e+01
7.850000000000000000e+01 9.850000000000000000e+01
1.718333333330000130e+02 9.876666666699999553e+01
2.265999999999999943e+02 9.954999999999999716e+01
4.314499999999999886e+02 9.940000000000000568e+01
3.700000000000000000e+01 1.002142857139999990e+02
5.588461538499999648e+01 1.011153846149999964e+02
3.521250000000000000e+02 1.017500000000000000e+02
5.900714285709999558e+02 1.012142857139999990e+02
2.526999999999999886e+02 1.020000000000000000e+02
3.250625000000000000e+02 1.022500000000000000e+02
4.562857142859999726e+02 1.022857142860000010e+02
1.300000000000000000e+02 1.027857142860000010e+02
1.431428571429999863e+02 1.037142857139999990e+02
3.645000000000000000e+02 1.046052631579999996e+02
1.350000000000000000e+01 1.058529411760000016e+02
9.438235294099999351e+01 1.059117647059999996e+02
3.942142857140000274e+02 1.060000000000000000e+02
5.177222222220000276e+02 1.070000000000000000e+02
5.461315789469999800e+02 1.085000000000000000e+02
7.063043478299999833e+01 1.096304347829999983e+02
2.079166666669999870e+02 1.087500000000000000e+02
2.768846153850000178e+02 1.091153846149999964e+02
1.701153846150000106e+02 1.111153846149999964e+02
5.672692307690000462e+02 1.107307692309999965e+02
1.211153846149999964e+02 1.121153846149999964e+02
3.072222222220000276e+02 1.123888888890000004e+02
4.909444444439999984e+02 1.126111111109999996e+02
2.564285714300000052e+01 1.137857142860000010e+02
4.307500000000000000e+02 1.131666666670000012e+02
4.706176470589999781e+02 1.139117647059999996e+02
2.202647058819999870e+02 1.177352941179999988e+02
4.036176470589999781e+02 1.169117647059999996e+02
5.400000000000000000e+02 1.175000000000000000e+02
1.022999999999999972e+02 1.175000000000000000e+02
2.583999999999999773e+02 1.184500000000000028e+02
2.475000000000000000e+02 1.185000000000000000e+02
5.905000000000000000e+02 1.185000000000000000e+02
2.936000000000000227e+02 1.204500000000000028e+02
4.998809523809999860e+02 1.207380952379999997e+02
1.857857142860000010e+02 1.210000000000000000e+02
1.757142857099999844e+01 1.218571428569999995e+02
3.154166666670000154e+02 1.241666666670000012e+02
4.501666666670000154e+02 1.233888888890000004e+02
3.369615384620000214e+02 1.253461538460000071e+02
1.438000000000000114e+02 1.275999999999999943e+02
4.240000000000000000e+02 1.275000000000000000e+02
5.756538461540000071e+02 1.270384615380000071e+02
1.743747553819999894e+02 1.473747553819999894e+02
3.751666666670000154e+02 1.282500000000000000e+02
5.206111111110000138e+02 1.289444444439999984e+02
5.426470588200000122e+01 1.292647058819999870e+02
3.623421052630000077e+02 1.303421052630000077e+02
4.430000000000000000e+02 1.310000000000000000e+02
4.630000000000000000e+02 1.305000000000000000e+02
5.480000000000000000e+02 1.310000000000000000e+02
6.775000000000000000e+01 1.321666666669999870e+02
1.640000000000000000e+02 1.327222222219999992e+02
2.342777777780000008e+02 1.320000000000000000e+02
1.650000000000000000e+01 1.339285714289999873e+02
2.809166666670000154e+02 1.337500000000000000e+02
9.050000000000000000e+01 1.345000000000000000e+02
2.135000000000000000e+02 1.366052631580000138e+02
3.001000000000000227e+02 1.359000000000000057e+02
3.878999999999999773e+02 1.360999999999999943e+02
4.797307692310000107e+02 1.362692307689999893e+02
3.415000000000000000e+02 1.382894736840000007e+02
3.911538461500000352e+01 1.391153846150000106e+02
1.160000000000000000e+02 1.397500000000000000e+02
2.612142857140000274e+02 1.390000000000000000e+02
9.558823528999999652e+00 1.401470588239999984e+02
1.311666666669999870e+02 1.404166666669999870e+02
1.511923076920000142e+02 1.395000000000000000e+02
5.431153846150000390e+02 1.401153846150000106e+02
5.019117647059999854e+02 1.426176470590000065e+02
5.873461538459999929e+02 1.430384615380000071e+02
4.157105263160000277e+02 1.452368421049999938e+02
5.580000000000000000e+02 1.447857142860000010e+02
3.190000000000000000e+02 1.467857142860000010e+02
4.426470588200000122e+01 1.490294117649999919e+02
1.239000000000000057e+02 1.489000000000000057e+02
3.356428571430000147e+02 1.493095238100000017e+02
4.315000000000000000e+02 1.503000000000000114e+02
3.608684210530000200e+02 1.512894736840000007e+02
3.947222222220000276e+02 1.524444444439999984e+02
4.600000000000000000e+02 1.525000000000000000e+02
4.955909090910000145e+02 1.535909090909999861e+02
8.875000000000000000e+01 1.542500000000000000e+02
2.143461538459999929e+02 1.540384615380000071e+02
2.509499999999999886e+02 1.546999999999999886e+02
4.788684210530000200e+02 1.542894736840000007e+02
5.281875000000000000e+02 1.553125000000000000e+02
7.555555555999999839e+00 1.572777777780000008e+02
1.083421052629999934e+02 1.576578947369999923e+02
2.913888888889999862e+02 1.582222222219999992e+02
5.668478260870000440e+02 1.585869565220000084e+02
6.850000000000000000e+01 1.605000000000000000e+02
2.652777777779999724e+02 1.600000000000000000e+02
3.580000000000000000e+02 1.600000000000000000e+02
5.381000000000000227e+02 1.600999999999999943e+02
1.813260869570000011e+02 1.615000000000000000e+02
2.743750000000000000e+02 1.616250000000000000e+02
4.381000000000000227e+02 1.620999999999999943e+02
1.393666666670000041e+02 1.630333333330000016e+02
2.296428571429999863e+02 1.633095238100000017e+02
3.120000000000000000e+02 1.640000000000000000e+02
3.783666666670000041e+02 1.644333333330000073e+02
4.088333333329999846e+02 1.636111111110000138e+02
1.975000000000000000e+01 1.652500000000000000e+02
4.200000000000000000e+01 1.672142857139999990e+02
5.130000000000000000e+02 1.680000000000000000e+02
5.088235294000000408e+00 1.696176470590000065e+02
2.115909090909999861e+02 1.688636363640000013e+02
4.620000000000000000e+02 1.690000000000000000e+02
3.200000000000000000e+02 1.697857142860000010e+02
4.352222222220000276e+02 1.706111111110000138e+02
6.550000000000000000e+01 1.715000000000000000e+02
2.853750000000000000e+02 1.706250000000000000e+02
5.806666666669999586e+02 1.717777777780000008e+02
1.017777777780000008e+02 1.723888888889999862e+02
1.292857142860000010e+02 1.725714285710000127e+02
5.541470588240000552e+02 1.729705882350000081e+02
5.367352941179999561e+02 1.747352941180000130e+02
2.396818181820000007e+02 1.762272727270000132e+02
5.005000000000000000e+02 1.755000000000000000e+02
4.830500000000000114e+02 1.766500000000000057e+02
8.061764705900000649e+01 1.769117647060000138e+02
1.776176470590000065e+02 1.785000000000000000e+02
3.923999999999999773e+02 1.784499999999999886e+02
2.400000000000000000e+01 1.790000000000000000e+02
4.479117647059999854e+02 1.792647058819999870e+02
4.000000000000000000e+00 1.802142857139999990e+02
3.693823529410000219e+02 1.810294117649999919e+02
1.150000000000000000e+02 1.827857142860000010e+02
2.028684210529999916e+02 1.832894736840000007e+02
4.144090909089999855e+02 1.828636363640000013e+02
1.512619047620000003e+02 1.851190476190000140e+02
2.210555555560000016e+02 1.853888888889999862e+02
2.857777777779999724e+02 1.856111111110000138e+02
3.408636363640000013e+02 1.844090909090000139e+02
3.586578947369999923e+02 1.853421052630000077e+02
2.488529411760000016e+02 1.895000000000000000e+02
4.650000000000000000e+02 1.885000000000000000e+02
5.246176470589999781e+02 1.890882352939999862e+02
1.416666666699999944e+01 1.897500000000000000e+02
2.761153846149999822e+02 1.901153846150000106e+02
5.685000000000000000e+02 1.905000000000000000e+02
5.354999999999999716e+01 1.925999999999999943e+02
4.260000000000000000e+02 1.917857142860000010e+02
4.807105263160000277e+02 1.934473684209999931e+02
3.166666666999999880e+00 1.948333333330000130e+02
8.561764705900000649e+01 1.940882352939999862e+02
1.901363636359999987e+02 1.940454545450000126e+02
2.095000000000000000e+02 1.945000000000000000e+02
3.023888888889999862e+02 1.942222222219999992e+02
3.190000000000000000e+02 1.942142857139999990e+02
4.686999999999999886e+02 1.960000000000000000e+02
3.234615384599999999e+01 1.966153846150000106e+02
1.250000000000000000e+02 1.965000000000000000e+02
3.570000000000000000e+02 1.965000000000000000e+02
1.698846153849999894e+02 1.971153846150000106e+02
1.490000000000000000e+02 1.980000000000000000e+02
5.892142857139999705e+02 1.980000000000000000e+02
1.033823529409999935e+02 1.995000000000000000e+02
5.046000000000000227e+02 1.995500000000000114e+02
4.437857142859999726e+02 2.010000000000000000e+02
2.869666666670000268e+02 2.026333333329999959e+02
5.511315789469999800e+02 2.019736842110000055e+02
3.292500000000000000e+02 2.037500000000000000e+02
3.755500000000000114e+02 2.035999999999999943e+02
5.383125000000000000e+02 2.033125000000000000e+02
2.456538461540000071e+02 2.040384615380000071e+02
3.938571428569999853e+02 2.042142857139999990e+02
2.635000000000000000e+02 2.077105263159999993e+02
3.017777777779999724e+02 2.083888888889999862e+02
5.197142857139999705e+02 2.081428571429999863e+02
6.285294117600000163e+01 2.090294117649999919e+02
2.210000000000000000e+02 2.090000000000000000e+02
2.758809523809999860e+02 2.097857142860000010e+02
2.935714285699999948e+01 2.100238095240000007e+02
9.000000000000000000e+01 2.097857142860000010e+02
4.161086956519999944e+02 2.109782608700000139e+02
1.315000000000000000e+02 2.120000000000000000e+02
3.172500000000000000e+02 2.121250000000000000e+02
4.183333333299999879e+01 2.135833333330000130e+02
3.693823529410000219e+02 2.142058823529999927e+02
1.209000000000000057e+02 2.159000000000000057e+02
1.913421052630000077e+02 2.166578947369999923e+02
5.010000000000000000e+02 2.160000000000000000e+02
5.703666666670000041e+02 2.160333333330000016e+02
1.000000000000000000e+01 2.170000000000000000e+02
1.770294117649999919e+02 2.178529411760000016e+02
3.873750000000000000e+02 2.173750000000000000e+02
4.750625000000000000e+02 2.187500000000000000e+02
7.016666666700000121e+01 2.186111111110000138e+02
1.587142857139999990e+02 2.191428571429999863e+02
2.853684210530000200e+02 2.254736842110000055e+02
4.361000000000000227e+02 2.199000000000000057e+02
4.505000000000000000e+02 2.200000000000000000e+02
3.423999999999999773e+02 2.225500000000000114e+02
2.149000000000000057e+02 2.230000000000000000e+02
2.341428571429999863e+02 2.232857142860000010e+02
5.560000000000000000e+02 2.232142857139999990e+02
2.825000000000000000e+01 2.245625000000000000e+02
1.007222222219999992e+02 2.260000000000000000e+02
5.905000000000000000e+02 2.245000000000000000e+02
2.528809523809999860e+02 2.305476190480000014e+02
3.922222222199999919e+01 2.316111111110000138e+02
6.000000000000000000e+01 2.310000000000000000e+02
3.859210526319999985e+02 2.316052631580000138e+02
4.021666666670000154e+02 2.307500000000000000e+02
4.420384615379999786e+02 2.313461538459999929e+02
5.385499999999999545e+02 2.315999999999999943e+02
1.235000000000000000e+02 2.328529411760000016e+02
8.500000000000000000e+00 2.345000000000000000e+02
1.607666666670000097e+02 2.348333333330000130e+02
4.952500000000000000e+02 2.342500000000000000e+02
5.196538461540000071e+02 2.340384615380000071e+02
1.465000000000000000e+02 2.355000000000000000e+02
3.661153846149999822e+02 2.351153846150000106e+02
3.266176470589999781e+02 2.360882352939999862e+02
4.685000000000000000e+02 2.368529411760000016e+02
4.236666666670000154e+02 2.377777777780000008e+02
1.967500000000000000e+02 2.381250000000000000e+02
2.909210526319999985e+02 2.380789473680000015e+02
5.727500000000000000e+02 2.387500000000000000e+02
7.900000000000000000e+01 2.405000000000000000e+02
2.641470588239999984e+02 2.400294117649999919e+02
3.096333333329999959e+02 2.410333333330000016e+02
2.242368421049999938e+02 2.421315789470000084e+02
3.438636363640000013e+02 2.425909090909999861e+02
5.950000000000000000e+01 2.440714285710000127e+02
1.051666666670000012e+02 2.442333333329999903e+02
3.788636363640000013e+02 2.435909090909999861e+02
5.584444444440000552e+02 2.453888888889999862e+02
2.093461538459999929e+02 2.463461538459999929e+02
2.683823529410000219e+02 2.459705882350000081e+02
4.357857142859999726e+02 2.470000000000000000e+02
4.687307692310000107e+02 2.482692307689999893e+02
3.270000000000000000e+02 2.490000000000000000e+02
5.105000000000000000e+02 2.490714285710000127e+02
5.348846153849999610e+02 2.488846153849999894e+02
8.950000000000000000e+01 2.502894736840000007e+02
4.040000000000000000e+02 2.502272727270000132e+02
1.089000000000000057e+02 2.510999999999999943e+02
1.805000000000000000e+02 2.510000000000000000e+02
4.988461538499999648e+01 2.518846153849999894e+02
2.468750000000000000e+01 2.530000000000000000e+02
1.472142857139999990e+02 2.530000000000000000e+02
2.390000000000000000e+02 2.532272727270000132e+02
4.996578947369999923e+02 2.546578947369999923e+02
1.289375000000000000e+02 2.552500000000000000e+02
2.895714285710000127e+02 2.554285714289999873e+02
4.491315789469999800e+02 2.555000000000000000e+02
4.846538461540000071e+02 2.547307692310000107e+02
5.766111111110000138e+02 2.554444444439999984e+02
3.653181818180000278e+02 2.562272727270000132e+02
2.296578947369999923e+02 2.593421052630000077e+02
1.919000000000000057e+02 2.605400000000000205e+02
5.508999999999999773e+02 2.619399999999999977e+02
1.845238095199999862e+01 2.631190476190000140e+02
1.718529411760000016e+02 2.625000000000000000e+02
2.576428571430000147e+02 2.623095238099999733e+02
3.066111111110000138e+02 2.623333333329999846e+02
3.828999999999999773e+02 2.621000000000000227e+02
4.092777777779999724e+02 2.624444444439999984e+02
4.318999999999999773e+02 2.621499999999999773e+02
1.208636363640000013e+02 2.644090909089999855e+02
3.221999999999999886e+02 2.653500000000000227e+02
1.014090909089999997e+02 2.678636363640000013e+02
5.890882352940000146e+02 2.676176470589999781e+02
5.658846153849999610e+02 2.678846153850000178e+02
6.575000000000000000e+01 2.697500000000000000e+02
3.503823529410000219e+02 2.690882352940000146e+02
4.423181818180000278e+02 2.693181818180000278e+02
4.944411764710000057e+02 2.687352941180000130e+02
3.390000000000000000e+02 2.702142857140000274e+02
4.581153846149999822e+02 2.698846153850000178e+02
1.445000000000000000e+02 2.710000000000000000e+02
5.272142857139999705e+02 2.710000000000000000e+02
3.995000000000000000e+02 2.715000000000000000e+02
3.827777777800000081e+01 2.730000000000000000e+02
2.044130434779999916e+02 2.737173913039999888e+02
3.026111111110000138e+02 2.728333333329999846e+02
1.916052631580000138e+02 2.750789473680000015e+02
2.440000000000000000e+02 2.745000000000000000e+02
2.781000000000000227e+02 2.751000000000000227e+02
3.756111111110000138e+02 2.761666666670000154e+02
8.409999999999999432e+01 2.771000000000000227e+02
4.759615384620000214e+02 2.766538461540000071e+02
5.023421052630000077e+02 2.781842105260000153e+02
1.361875000000000000e+02 2.820000000000000000e+02
5.706499999999999773e+02 2.819499999999999886e+02
2.250999999999999943e+02 2.821000000000000227e+02
1.748636363640000013e+02 2.825909090910000145e+02
3.484333333330000073e+02 2.827666666669999813e+02
5.348636363639999445e+02 2.830454545449999841e+02
7.286363636400000132e+01 2.839545454550000159e+02
1.561666666669999870e+02 2.845833333329999846e+02
2.560000000000000000e+02 2.858076923080000142e+02
1.414705882400000014e+01 2.869705882349999797e+02
2.848846153850000178e+02 2.867307692310000107e+02
3.721153846149999822e+02 2.871153846149999822e+02
4.057307692310000107e+02 2.872692307689999893e+02
4.428999999999999773e+02 2.871000000000000227e+02
4.747222222220000276e+02 2.871111111110000138e+02
5.021428571399999896e+01 2.890000000000000000e+02
9.150000000000000000e+01 2.889285714289999873e+02
1.080000000000000000e+02 2.890000000000000000e+02
5.534375000000000000e+02 2.897500000000000000e+02
2.693750000000000000e+02 2.903750000000000000e+02
3.903750000000000000e+02 2.913125000000000000e+02
4.900000000000000000e+02 2.910000000000000000e+02
1.822894736840000007e+02 2.925000000000000000e+02
2.085000000000000000e+02 2.920000000000000000e+02
3.147857142859999726e+02 2.920000000000000000e+02
2.335000000000000142e+01 2.938000000000000114e+02
5.882500000000000000e+02 2.928750000000000000e+02
1.569117647060000138e+02 2.976176470589999781e+02
3.315000000000000000e+02 2.968333333329999846e+02
5.317666666669999813e+02 2.986999999999999886e+02
2.420999999999999943e+02 2.988999999999999773e+02
4.575555555560000016e+02 3.006111111110000138e+02
5.096176470589999781e+02 3.009117647059999854e+02
6.034615384599999999e+01 3.029615384620000214e+02
1.259210526319999985e+02 3.036052631580000138e+02
2.963999999999999773e+02 3.030500000000000114e+02
4.231999999999999886e+02 3.033999999999999773e+02
3.668125000000000000e+02 3.043125000000000000e+02
7.300000000000000000e+01 3.050000000000000000e+02
4.091842105260000153e+02 3.057631578950000062e+02
4.327608695650000072e+02 3.062391304349999928e+02
5.636818181820000291e+02 3.057727272729999868e+02
9.444444440000000496e-01 3.067222222220000276e+02
1.476176470590000065e+02 3.079117647059999854e+02
1.669000000000000057e+02 3.078999999999999773e+02
3.516333333329999959e+02 3.088333333329999846e+02
2.273529411799999878e+01 3.102647058819999870e+02
3.881000000000000227e+02 3.101000000000000227e+02
5.749666666670000268e+02 3.103666666670000041e+02
4.571428571399999896e+01 3.111428571430000147e+02
1.841363636359999987e+02 3.109545454550000159e+02
2.217500000000000000e+02 3.109375000000000000e+02
3.225000000000000000e+02 3.108750000000000000e+02
4.398999999999999773e+02 3.111000000000000227e+02
2.605000000000000000e+02 3.128529411760000016e+02
2.787857142859999726e+02 3.120000000000000000e+02
9.870000000000000284e+01 3.136999999999999886e+02
4.846000000000000227e+02 3.135500000000000114e+02
2.026578947369999923e+02 3.153421052630000077e+02
2.414230769229999964e+02 3.155000000000000000e+02
4.171153846149999822e+02 3.161153846149999822e+02
5.379444444440000552e+02 3.166111111110000138e+02
4.610333333329999732e+02 3.176333333329999959e+02
2.918478260869999872e+02 3.185869565219999799e+02
1.605909090909999861e+02 3.194090909089999855e+02
4.962500000000000000e+02 3.191250000000000000e+02
5.065384615400000001e+01 3.200384615379999786e+02
3.554130434780000201e+02 3.212826086960000112e+02
3.985000000000000000e+02 3.215000000000000000e+02
5.503999999999999773e+02 3.211999999999999886e+02
1.232999999999999972e+02 3.231999999999999886e+02
5.695666666670000495e+02 3.226999999999999886e+02
5.896538461540000071e+02 3.235000000000000000e+02
7.468181818200000066e+01 3.253181818180000278e+02
8.728947368400000073e+01 3.251315789469999800e+02
3.390000000000000000e+02 3.252142857140000274e+02
4.287857142859999726e+02 3.250000000000000000e+02
5.000000000000000000e-01 3.250000000000000000e+02
2.012222222219999992e+02 3.266111111110000138e+02
5.162777777779999724e+02 3.270000000000000000e+02
2.670000000000000000e+02 3.280000000000000000e+02
4.812500000000000000e+02 3.291250000000000000e+02
2.211666666669999870e+02 3.297500000000000000e+02
7.382352940999999724e+00 3.319117647059999854e+02
3.150000000000000000e+02 3.320000000000000000e+02
4.648333333329999846e+02 3.317500000000000000e+02
3.677272727300000099e+01 3.340000000000000000e+02
1.776578947369999923e+02 3.333421052630000077e+02
2.348846153849999894e+02 3.331153846149999822e+02
2.515000000000000000e+02 3.330000000000000000e+02
1.100000000000000000e+02 3.345000000000000000e+02
3.515476190480000014e+02 3.343095238099999733e+02
7.111538461499999642e+01 3.348846153850000178e+02
1.297222222219999992e+02 3.350000000000000000e+02
3.745500000000000114e+02 3.356000000000000227e+02
3.025000000000000000e+02 3.360000000000000000e+02
1.550789473680000015e+02 3.376052631580000138e+02
4.164333333330000073e+02 3.371000000000000227e+02
4.448999999999999773e+02 3.381000000000000227e+02
5.558846153849999610e+02 3.391153846149999822e+02
4.990000000000000000e+02 3.400000000000000000e+02
5.398333333330000414e+02 3.403666666670000041e+02
4.034210526300000055e+01 3.416578947369999923e+02
3.306000000000000227e+02 3.414499999999999886e+02
3.939666666670000268e+02 3.416333333329999959e+02
5.100000000000000000e+01 3.430000000000000000e+02
1.707500000000000000e+02 3.428750000000000000e+02
2.121153846150000106e+02 3.441153846149999822e+02
4.648999999999999773e+02 3.438999999999999773e+02
4.843500000000000227e+02 3.451999999999999886e+02
3.765000000000000000e+02 3.455000000000000000e+02
2.582222222220000276e+02 3.463888888889999862e+02
2.757222222220000276e+02 3.460000000000000000e+02
5.271000000000000227e+02 3.458999999999999773e+02
4.290000000000000000e+02 3.475000000000000000e+02
9.150000000000000000e+01 3.495000000000000000e+02
5.743999999999999773e+02 3.501999999999999886e+02
1.975526315790000069e+02 3.524473684210000215e+02
1.482647058819999870e+02 3.537352941180000130e+02
3.546111111110000138e+02 3.528333333329999846e+02
4.463095238099999733e+02 3.535476190480000014e+02
1.644999999999999929e+01 3.543999999999999773e+02
5.535000000000000000e+02 3.543000000000000114e+02
3.330000000000000000e+02 3.560000000000000000e+02
1.500000000000000000e+00 3.575000000000000000e+02
7.016666666700000121e+01 3.582333333330000187e+02
4.952500000000000000e+02 3.578333333329999846e+02
1.330652173910000045e+02 3.595000000000000000e+02
2.963999999999999773e+02 3.599499999999999886e+02
1.045000000000000000e+02 3.598333333329999846e+02
2.831153846149999822e+02 3.601153846149999822e+02
4.076999999999999886e+02 3.597666666669999813e+02
8.421428571399999896e+01 3.618333333329999846e+02
4.550000000000000000e+01 3.620000000000000000e+02
2.353823529409999935e+02 3.620882352940000146e+02
5.180000000000000000e+02 3.617857142859999726e+02
5.416538461540000071e+02 3.619615384620000214e+02
5.732000000000000455e+02 3.626499999999999773e+02
2.664090909089999855e+02 3.635909090910000145e+02
2.736666666700000050e+01 3.638333333329999846e+02
2.093181818179999993e+02 3.636818181819999722e+02
3.675454545449999841e+02 3.648181818180000278e+02
1.164545454550000017e+02 3.662272727270000132e+02
3.206538461540000071e+02 3.659615384620000214e+02
4.690000000000000000e+02 3.660000000000000000e+02
1.680000000000000000e+02 3.677857142859999726e+02
1.911666666669999870e+02 3.704166666670000154e+02
3.924499999999999886e+02 3.706000000000000227e+02
4.296818181819999722e+02 3.703181818180000278e+02
3.410882352940000146e+02 3.736176470589999781e+02
4.436363636359999987e+02 3.735000000000000000e+02
5.540000000000000000e+02 3.740000000000000000e+02
5.264333333329999505e+02 3.752333333330000187e+02
4.871666666670000154e+02 3.757666666669999813e+02
1.645833333299999879e+01 3.783750000000000000e+02
6.311538461500000352e+01 3.768846153850000178e+02
1.408636363640000013e+02 3.765909090910000145e+02
2.312692307689999893e+02 3.771153846149999822e+02
3.864473684210000215e+02 3.775526315789999785e+02
1.590999999999999943e+02 3.781000000000000227e+02
4.996578947369999923e+02 3.786578947369999923e+02
9.859090909100000033e+01 3.788636363640000013e+02
2.129705882350000081e+02 3.791470588239999984e+02
2.445500000000000114e+02 3.793999999999999773e+02
4.160000000000000000e+02 3.805000000000000000e+02
4.250000000000000000e+01 3.811470588239999984e+02
2.663421052630000077e+02 3.833421052630000077e+02
1.627777777780000008e+02 3.846111111110000138e+02
3.140000000000000000e+02 3.840000000000000000e+02
2.885000000000000000e+02 3.865000000000000000e+02
3.295000000000000000e+02 3.867105263160000277e+02
8.135714285699999948e+01 3.876904761900000267e+02
1.903000000000000114e+02 3.880000000000000000e+02
3.625000000000000000e+02 3.870000000000000000e+02
4.000000000000000000e+02 3.870000000000000000e+02
4.608333333329999846e+02 3.876333333329999959e+02
4.852500000000000000e+02 3.903500000000000227e+02
5.806578947369999923e+02 3.916578947369999923e+02
1.264444444439999984e+02 3.933888888889999862e+02
6.686842105300000583e+01 3.967105263160000277e+02
4.165000000000000000e+02 3.965000000000000000e+02
5.180000000000000000e+02 3.955000000000000000e+02
3.081315789469999800e+02 3.972894736839999723e+02
4.990000000000000000e+02 3.970000000000000000e+02
7.815789473999999792e+00 3.989736842109999770e+02
2.318529411760000016e+02 3.980294117650000203e+02
3.486578947369999923e+02 3.986578947369999923e+02
4.407857142859999726e+02 3.980000000000000000e+02
5.363461538459999929e+02 3.979615384620000214e+02
1.406818181820000007e+02 3.986818181819999722e+02
2.171363636359999987e+02 3.989545454550000159e+02
1.810454545450000126e+02 4.001363636359999987e+02
2.001153846150000106e+02 4.001153846149999822e+02
4.556052631580000138e+02 4.005000000000000000e+02
2.820000000000000000e+02 4.010000000000000000e+02
8.513636363599999868e+01 4.020454545449999841e+02
1.686111111110000138e+02 4.032222222220000276e+02
5.632500000000000000e+02 4.032500000000000000e+02
3.125000000000000000e+01 4.041666666670000154e+02
1.095000000000000000e+02 4.050000000000000000e+02
3.271666666670000154e+02 4.057500000000000000e+02
4.878571428600000104e+01 4.070000000000000000e+02
5.822333333330000187e+02 4.078333333329999846e+02
1.201153846149999964e+02 4.078846153850000178e+02
4.081470588239999984e+02 4.080294117650000203e+02
4.237666666669999813e+02 4.081666666670000154e+02
5.115000000000000000e+02 4.076999999999999886e+02
3.454499999999999886e+02 4.096000000000000227e+02
3.695909090910000145e+02 4.105909090910000145e+02
3.847500000000000000e+02 4.098333333329999846e+02
5.333333333330000414e+02 4.095833333329999846e+02
1.493947368419999862e+02 4.120789473680000015e+02
2.677222222220000276e+02 4.110000000000000000e+02
2.006111111110000138e+02 4.138333333329999846e+02
9.942857142900000156e+01 4.156428571430000147e+02
2.501923076920000142e+02 4.154230769229999964e+02
7.900000000000000000e+01 4.165000000000000000e+02
2.290000000000000000e+02 4.162272727270000132e+02
4.733500000000000227e+02 4.162500000000000000e+02
4.903823529410000219e+02 4.159117647059999854e+02
5.202941176499999898e+01 4.178529411760000016e+02
3.784499999999999886e+02 4.193999999999999773e+02
5.497777777779999724e+02 4.193888888889999862e+02
2.835000000000000000e+02 4.210000000000000000e+02
4.436333333329999959e+02 4.210333333329999732e+02
5.631428571430000147e+02 4.217142857140000274e+02
8.617647058999999388e+00 4.219117647059999854e+02
5.160882352940000146e+02 4.223823529410000219e+02
1.732692307689999893e+02 4.228846153850000178e+02
3.228999999999999773e+02 4.231000000000000227e+02
4.201470588239999984e+02 4.230294117650000203e+02
1.848636363640000013e+02 4.235909090910000145e+02
3.100000000000000000e+02 4.260000000000000000e+02
3.637500000000000000e+01 4.276250000000000000e+02
3.480000000000000000e+02 4.280000000000000000e+02
3.953750000000000000e+02 4.276250000000000000e+02
2.038235294100000061e+01 4.287941176470000073e+02
1.335000000000000000e+02 4.300000000000000000e+02
1.115499999999999972e+02 4.313999999999999773e+02
2.145909090909999861e+02 4.328636363640000013e+02
4.576499999999999773e+02 4.341999999999999886e+02
5.277777777999999920e+00 4.339444444439999984e+02
1.505000000000000000e+02 4.335000000000000000e+02
2.477631578950000062e+02 4.341315789469999800e+02
6.590000000000000568e+01 4.364499999999999886e+02
4.868750000000000000e+02 4.352500000000000000e+02
9.277777777800000081e+01 4.361111111110000138e+02
2.638846153850000178e+02 4.358846153850000178e+02
3.293999999999999773e+02 4.368000000000000114e+02
2.940714285710000127e+02 4.367857142859999726e+02
2.856250000000000000e+02 4.373750000000000000e+02
1.728571428600000104e+01 4.392857142859999726e+02
3.901363636359999987e+02 4.384090909089999855e+02
5.761153846150000390e+02 4.391153846149999822e+02
3.561363636359999987e+02 4.410454545449999841e+02
3.727500000000000000e+02 4.408333333329999846e+02
5.011666666670000154e+02 4.405833333329999846e+02
5.223333333299999737e+01 4.421666666670000154e+02
1.915000000000000000e+02 4.415000000000000000e+02
5.354333333329999505e+02 4.423666666670000041e+02
4.300000000000000000e+02 4.430000000000000000e+02
8.394444444399999838e+01 4.459444444439999984e+02
2.648333333329999846e+02 4.447666666669999813e+02
4.692500000000000000e+02 4.450833333329999846e+02
5.538636363639999445e+02 4.444090909089999855e+02
2.960000000000000000e+02 4.467222222220000276e+02
5.217500000000000000e+02 4.460833333329999846e+02
1.102619047620000003e+02 4.482142857140000274e+02
2.298846153849999894e+02 4.467307692310000107e+02
1.768529411760000016e+02 4.490294117650000203e+02
5.685000000000000000e+02 4.495000000000000000e+02
2.794333333330000073e+02 4.498999999999999773e+02
4.843421052630000077e+02 4.503421052630000077e+02
4.046333333329999959e+02 4.509666666670000268e+02
4.313181818180000278e+02 4.506818181819999722e+02
4.446764705879999724e+02 4.516764705879999724e+02
1.340294117649999919e+02 4.528529411760000016e+02
1.578750000000000000e+02 4.527500000000000000e+02
3.166999999999999886e+02 4.535000000000000000e+02
3.805000000000000000e+02 4.540000000000000000e+02
1.978333333330000130e+02 4.555000000000000000e+02
2.157380952379999997e+02 4.558809523809999860e+02
2.465909090909999861e+02 4.568636363640000013e+02
5.895000000000000000e+02 4.570000000000000000e+02
4.225000000000000000e+02 4.580000000000000000e+02
5.035000000000000000e+02 4.580000000000000000e+02
5.481666666669999586e+02 4.586333333329999959e+02
3.365909090910000145e+02 4.614090909089999855e+02
3.563333333300000305e+01 4.619666666670000268e+02
2.582142857140000274e+02 4.620000000000000000e+02
6.925000000000000000e+01 4.637500000000000000e+02
3.530000000000000000e+02 4.630000000000000000e+02
3.690000000000000000e+02 4.630000000000000000e+02
1.531363636359999987e+02 4.645909090910000145e+02
1.534210526300000055e+01 4.663421052630000077e+02
1.000000000000000000e+02 4.660000000000000000e+02
4.642272727270000132e+02 4.662727272729999868e+02
1.711153846150000106e+02 4.671153846149999822e+02
4.415000000000000000e+02 4.680000000000000000e+02
4.836578947369999923e+02 4.696578947369999923e+02
5.108846153850000178e+02 4.688846153850000178e+02
8.159090909100000033e+01 4.698636363640000013e+02
2.147941176470000073e+02 4.707941176470000073e+02
5.280882352940000146e+02 4.709117647059999854e+02
2.287307692310000107e+02 4.711153846149999822e+02
3.761363636359999987e+02 4.710454545449999841e+02
3.991818181819999722e+02 4.713636363640000013e+02
5.509285714290000442e+02 4.723095238099999733e+02
1.247000000000000028e+02 4.725000000000000000e+02
2.576333333329999959e+02 4.730333333329999732e+02
5.723999999999999773e+02 4.734499999999999886e+02
2.853750000000000000e+02 4.748125000000000000e+02
3.186538461540000071e+02 4.740384615379999786e+02
6.890000000000000568e+01 4.758999999999999773e+02
3.033421052630000077e+02 4.766578947369999923e+02
4.900000000000000000e+01 4.792142857140000274e+02
1.150000000000000000e+01 4.805000000000000000e+02
2.564285714300000052e+01 4.805000000000000000e+02
3.465000000000000000e+02 4.801666666670000154e+02
4.560000000000000000e+02 4.810000000000000000e+02
1.750294117649999919e+02 4.826176470589999781e+02
1.940000000000000000e+02 4.818333333329999846e+02
5.655909090909999577e+02 4.825909090910000145e+02
1.569000000000000057e+02 4.841000000000000227e+02
4.078157894739999847e+02 4.845526315789999785e+02
5.378999999999999773e+02 4.841000000000000227e+02
1.409117647060000138e+02 4.856176470589999781e+02
5.241153846150000390e+02 4.851153846149999822e+02
2.314090909090000139e+02 4.858636363640000013e+02
4.278999999999999773e+02 4.858999999999999773e+02
4.704499999999999886e+02 4.863999999999999773e+02
1.073888888890000004e+02 4.887777777779999724e+02
3.196578947369999923e+02 4.894473684210000215e+02
4.968846153850000178e+02 4.888846153850000178e+02
3.623888888889999862e+02 4.898333333329999846e+02
3.842142857140000274e+02 4.900000000000000000e+02
2.055000000000000000e+02 4.920000000000000000e+02
3.018999999999999773e+02 4.918999999999999773e+02
5.288461538499999648e+01 4.931153846149999822e+02
2.578999999999999773e+02 4.941000000000000227e+02
4.811666666670000154e+02 4.948333333329999846e+02
5.835000000000000000e+02 4.940000000000000000e+02
8.656666666700000690e+01 4.956333333329999959e+02
1.577500000000000000e+02 4.961666666670000154e+02
2.803421052630000077e+02 4.966578947369999923e+02
7.000000000000000000e+01 4.973000000000000114e+02
1.731666666669999870e+02 4.977500000000000000e+02
3.825000000000000000e+01 4.996499999999999773e+02
1.228846153850000036e+02 4.988846153850000178e+02
4.378846153850000178e+02 4.998846153850000178e+02
5.690000000000000000e+02 5.000000000000000000e+02
4.189117647059999854e+02 5.016176470589999781e+02
2.270000000000000000e+02 5.022142857140000274e+02
2.592647058819999870e+02 5.027941176470000073e+02
3.977941176470000073e+02 5.037941176470000073e+02
5.241363636360000555e+02 5.025909090910000145e+02
5.399545454550000159e+02 5.031363636359999987e+02
1.090263157889999945e+02 5.051315789469999800e+02
1.433823529409999935e+02 5.042058823529999927e+02
1.967857142860000010e+02 5.038571428569999853e+02
3.423666666670000041e+02 5.038333333329999846e+02
4.357142857000000369e+00 5.056904761900000267e+02
4.611666666670000154e+02 5.052500000000000000e+02
5.072500000000000000e+02 5.061666666670000154e+02
2.441153846150000106e+02 5.071153846149999822e+02
3.653461538459999929e+02 5.080384615379999786e+02
3.793500000000000227e+02 5.088000000000000114e+02
4.803421052630000077e+02 5.106578947369999923e+02
5.826000000000000227e+02 5.114499999999999886e+02
1.914705882399999837e+01 5.120294117649999635e+02
3.128571428569999853e+02 5.122142857139999705e+02
4.933421052630000077e+02 5.130789473679999446e+02
5.261111111099999960e+01 5.143888888889999862e+02
2.831000000000000227e+02 5.141000000000000227e+02
2.953181818180000278e+02 5.136818181820000291e+02
9.144444444399999838e+01 5.152777777779999724e+02
3.535000000000000000e+02 5.157105263160000277e+02
4.501666666670000154e+02 5.155833333330000414e+02
5.400000000000000000e+02 5.160000000000000000e+02
7.340000000000000568e+01 5.172000000000000455e+02
1.754166666669999870e+02 5.181666666669999586e+02
2.127666666670000097e+02 5.188333333330000414e+02
1.299000000000000057e+02 5.198999999999999773e+02
3.307857142859999726e+02 5.200000000000000000e+02
4.550000000000000000e+01 5.227857142860000295e+02
9.800000000000000000e+01 5.220000000000000000e+02
4.329615384620000214e+02 5.223461538459999929e+02
5.631153846150000390e+02 5.217307692309999538e+02
3.529999999999999716e+01 5.244333333329999505e+02
1.585999999999999943e+02 5.242000000000000455e+02
2.265000000000000000e+02 5.240000000000000000e+02
2.652500000000000000e+02 5.238333333330000414e+02
2.797272727270000132e+02 5.272272727270000132e+02
3.188750000000000000e+02 5.262500000000000000e+02
2.013750000000000000e+02 5.271250000000000000e+02
5.143125000000000000e+02 5.272500000000000000e+02
4.089705882349999797e+02 5.281470588240000552e+02
2.520555555560000016e+02 5.310000000000000000e+02
3.874090909089999855e+02 5.298636363639999445e+02
1.170000000000000000e+02 5.337727272729999868e+02
2.135000000000000000e+02 5.327000000000000455e+02
4.221153846149999822e+02 5.328846153849999610e+02
5.560000000000000000e+02 5.335000000000000000e+02
5.382777777779999724e+02 5.345555555559999448e+02
4.900882352940000146e+02 5.353823529410000219e+02
5.063333333300000305e+01 5.359666666670000268e+02
4.420000000000000000e+02 5.357857142860000295e+02
3.339999999999999858e+01 5.377999999999999545e+02
4.670882352940000146e+02 5.373823529410000219e+02
5.168636363639999445e+02 5.369545454550000159e+02
3.000000000000000000e+02 5.380000000000000000e+02
2.291666666669999870e+02 5.398333333330000414e+02
5.865526315790000353e+02 5.398684210530000200e+02
3.717777777779999724e+02 5.403888888889999862e+02
1.277777777800000081e+01 5.413888888889999862e+02
1.698333333330000130e+02 5.417500000000000000e+02
5.027222222220000276e+02 5.420000000000000000e+02
3.896875000000000000e+02 5.436875000000000000e+02
1.510333333330000016e+02 5.443666666670000041e+02
3.500333333329999732e+02 5.446333333329999959e+02
1.311470588239999984e+02 5.449705882350000365e+02
2.643571428569999853e+02 5.454285714290000442e+02
4.108999999999999773e+02 5.454333333329999505e+02
1.927105263159999993e+02 5.465000000000000000e+02
7.685294117600000163e+01 5.475000000000000000e+02
3.358684210530000200e+02 5.472894736839999723e+02
2.058846153849999894e+02 5.487307692309999538e+02
4.545714285710000127e+02 5.500714285709999558e+02
1.303333333299999985e+01 5.533666666670000041e+02
6.170000000000000284e+01 5.527999999999999545e+02
2.851000000000000227e+02 5.531000000000000227e+02
2.290000000000000000e+02 5.540000000000000000e+02
3.148636363640000013e+02 5.535909090909999577e+02
3.400000000000000000e+01 5.565000000000000000e+02
3.762142857140000274e+02 5.560000000000000000e+02
4.777777777779999724e+02 5.563888888889999862e+02
5.331666666669999586e+02 5.557500000000000000e+02
5.682500000000000000e+02 5.564500000000000455e+02
1.063823529409999935e+02 5.570882352940000146e+02
2.477222222219999992e+02 5.570000000000000000e+02
8.426923076900000353e+01 5.591153846150000390e+02
3.001666666670000154e+02 5.603666666670000041e+02
3.645000000000000000e+02 5.605000000000000000e+02
4.281250000000000000e+02 5.602500000000000000e+02
5.500000000000000000e+02 5.600000000000000000e+02
5.161250000000000000e+02 5.625000000000000000e+02
1.660000000000000000e+02 5.637000000000000455e+02
4.955000000000000000e+02 5.638636363639999445e+02
4.450000000000000000e+02 5.641666666669999586e+02
