5.000000000000000000e-01 5.000000000000000000e-01
5.250000000000000000e+01 7.500000000000000000e-01
1.697222222219999992e+02 9.444444440000000496e-01
2.803421052630000077e+02 2.342105263000000104e+00
3.703333333329999846e+02 1.333333332999999898e+00
4.867857142859999726e+02 1.642857143000000075e+00
4.986176470589999781e+02 1.794117646999999982e+00
5.766499999999999773e+02 3.200000000000000178e+00
1.575000000000000000e+02 3.000000000000000000e+00
5.231000000000000227e+02 3.100000000000000089e+00
5.585000000000000000e+02 4.299999999999999822e+00
3.518999999999999773e+02 5.900000000000000355e+00
4.036875000000000000e+02 5.687500000000000000e+00
3.223888888889999862e+02 7.777777777999999920e+00
1.400882352939999862e+02 8.617647058999999388e+00
1.970000000000000000e+02 8.277777778000000808e+00
3.870454545449999841e+02 8.136363636000000454e+00
4.568636363640000013e+02 8.045454545000000124e+00
2.925000000000000000e+01 9.250000000000000000e+00
2.974499999999999886e+02 9.599999999999999645e+00
7.013636363599999868e+01 9.590909091000000330e+00
2.152142857139999990e+02 1.000000000000000000e+01
2.595000000000000000e+02 1.085294117599999986e+01
4.218999999999999773e+02 9.900000000000000355e+00
1.721666666669999870e+02 1.341666666699999944e+01
8.496666666699999837e+01 1.463333333299999950e+01
4.420000000000000000e+02 1.427777777800000081e+01
5.546578947369999923e+02 1.455263157899999982e+01
5.095000000000000000e+02 1.500000000000000000e+01
5.350000000000000000e+02 1.500000000000000000e+01
1.057222222219999992e+02 1.700000000000000000e+01
3.574090909089999855e+02 1.840909090899999967e+01
2.330000000000000000e+02 2.000000000000000000e+01
4.840000000000000000e+02 2.050000000000000000e+01
2.676999999999999886e+02 2.050000000000000000e+01
1.640882352939999862e+02 2.238235294100000061e+01
5.900000000000000000e+01 2.350000000000000000e+01
1.246500000000000057e+02 2.325000000000000000e+01
4.721470588239999984e+02 2.302941176499999898e+01
5.706904761900000267e+02 2.364285714300000052e+01
7.736956521700000167e+01 2.471739130399999951e+01
3.267222222220000276e+02 2.400000000000000000e+01
3.773333333329999846e+02 2.461111111099999960e+01
1.885294117600000163e+01 2.502941176499999898e+01
4.131428571430000147e+02 2.557142857099999844e+01
2.898333333329999846e+02 2.575000000000000000e+01
2.172777777780000008e+02 2.783333333299999879e+01
5.288846153849999610e+02 2.811538461499999997e+01
6.750000000000000000e+00 2.925000000000000000e+01
4.170000000000000284e+01 2.900000000000000000e+01
1.740000000000000000e+02 2.900000000000000000e+01
3.917222222220000276e+02 2.883333333299999879e+01
4.523333333329999846e+02 2.938888888900000040e+01
5.875000000000000000e+02 2.950000000000000000e+01
9.896153846199999293e+01 3.134615384599999999e+01
3.640454545449999841e+02 3.086363636400000132e+01
2.012142857139999990e+02 3.200000000000000000e+01
3.048846153850000178e+02 3.211538461500000352e+01
1.430000000000000000e+02 3.300000000000000000e+01
2.551363636359999987e+02 3.259090909100000033e+01
5.501875000000000000e+02 3.337500000000000000e+01
6.128571428600000104e+01 3.385714285699999948e+01
8.935714285699999948e+01 3.483333333299999879e+01
4.285000000000000000e+02 3.400000000000000000e+01
4.732222222220000276e+02 3.538888888900000040e+01
2.348846153849999894e+02 3.588461538499999648e+01
5.020000000000000000e+02 3.677272727300000099e+01
5.234473684209999647e+02 3.765789473699999945e+01
1.105000000000000000e+02 3.885294117600000163e+01
3.348999999999999773e+02 3.810000000000000142e+01
3.780000000000000000e+02 3.800000000000000000e+01
2.996333333329999959e+02 4.183333333299999879e+01
4.041470588239999984e+02 4.297058823500000102e+01
1.620000000000000000e+02 4.550000000000000000e+01
5.746250000000000000e+02 4.650000000000000000e+01
2.850000000000000000e+01 4.700000000000000000e+01
2.651315789469999800e+02 4.728947368400000073e+01
5.349615384620000214e+02 4.665384615400000001e+01
4.265789473699999945e+01 4.865789473699999945e+01
3.099615384620000214e+02 4.765384615400000001e+01
3.910000000000000000e+02 4.750000000000000000e+01
3.268636363640000013e+02 4.904545454499999835e+01
4.223095238099999733e+02 4.935714285699999948e+01
4.946250000000000000e+02 5.031250000000000000e+01
2.301315789470000084e+02 5.128947368400000073e+01
3.475000000000000000e+02 5.100000000000000000e+01
3.616176470589999781e+02 5.091176470599999959e+01
4.355000000000000000e+02 5.100000000000000000e+01
5.103181818180000278e+02 5.068181818200000066e+01
2.031470588239999984e+02 5.250000000000000000e+01
1.351315789470000084e+02 5.328947368400000073e+01
2.813666666670000041e+02 5.296666666699999837e+01
2.000000000000000000e+00 5.400000000000000000e+01
4.577941176470000073e+02 5.461764705899999939e+01
1.799347826089999955e+02 5.558695652200000126e+01
5.602222222220000276e+02 5.561111111099999960e+01
1.041153846149999964e+02 5.711538461500000352e+01
1.254090909089999997e+02 5.713636363599999868e+01
3.345000000000000000e+02 5.780769230800000003e+01
4.746999999999999886e+02 5.800000000000000000e+01
6.339999999999999858e+01 5.954999999999999716e+01
2.121428571399999896e+01 6.000000000000000000e+01
5.220000000000000000e+02 6.050000000000000000e+01
1.680000000000000000e+02 6.078571428600000104e+01
2.570000000000000000e+02 6.150000000000000000e+01
3.770000000000000000e+02 6.127777777800000081e+01
4.267777777779999724e+02 6.261111111099999960e+01
8.575000000000000000e+01 6.293750000000000000e+01
5.483636363639999445e+02 6.350000000000000000e+01
5.828636363639999445e+02 6.259090909100000033e+01
1.406538461540000071e+02 6.403846153800000707e+01
4.516999999999999886e+02 6.350000000000000000e+01
4.914166666670000154e+02 6.625000000000000000e+01
1.918750000000000000e+02 6.706250000000000000e+01
3.914705882399999837e+01 6.850000000000000000e+01
7.600000000000000000e+01 6.821428571399999896e+01
2.350999999999999943e+02 6.790000000000000568e+01
1.080000000000000000e+02 6.829999999999999716e+01
2.121923076920000142e+02 6.942307692299999644e+01
3.945555555560000016e+02 6.966666666700000121e+01
3.143666666670000041e+02 7.096666666699999837e+01
2.657142857140000274e+02 7.214285714300000052e+01
3.436111111110000138e+02 7.366666666700000121e+01
5.108999999999999773e+02 7.343333333299999310e+01
2.793823529410000219e+02 7.391176470599999959e+01
4.677857142859999726e+02 7.385714285699999948e+01
5.875000000000000000e+02 7.400000000000000000e+01
2.978846153850000178e+02 7.488461538500000358e+01
5.350000000000000000e+02 7.521428571399999896e+01
1.102631578899999987e+01 7.686842105300000583e+01
1.715000000000000000e+02 7.750000000000000000e+01
3.220000000000000000e+02 7.872222222199999919e+01
1.260000000000000000e+02 7.878571428600000104e+01
5.728750000000000000e+02 7.925000000000000000e+01
2.340000000000000000e+02 7.900000000000000000e+01
4.177222222220000276e+02 8.100000000000000000e+01
5.545555555559999448e+02 8.238888888900000040e+01
5.967647058800000082e+01 8.367647058800000082e+01
2.086578947369999923e+02 8.365789473700000656e+01
2.233461538459999929e+02 8.342307692299999644e+01
4.777857142859999726e+02 8.300000000000000000e+01
9.161111111099999960e+01 8.422222222199999919e+01
1.569000000000000057e+02 8.409999999999999432e+01
3.068846153850000178e+02 8.488461538500000358e+01
3.222222222199999919e+01 8.633333333299999879e+01
3.665000000000000000e+02 8.650000000000000000e+01
5.010384615379999786e+02 8.634615384600000709e+01
7.400000000000000000e+01 8.700000000000000000e+01
3.847777777779999724e+02 8.838888888900000040e+01
4.458846153850000178e+02 8.888461538500000358e+01
4.708636363640000013e+02 8.986363636400000132e+01
5.666578947369999923e+02 9.065789473700000656e+01
2.555000000000000000e+02 9.171052631599999927e+01
5.810263157890000230e+02 9.186842105300000583e+01
1.326333333329999959e+02 9.303333333300000163e+01
2.882500000000000000e+02 9.325000000000000000e+01
1.052999999999999972e+02 9.429999999999999716e+01
6.099999999999999645e+00 9.509999999999999432e+01
4.242307692300000355e+01 9.619230769199999997e+01
1.421153846150000106e+02 9.657692307700000356e+01
2.728999999999999773e+02 9.590000000000000568e+01
3.443823529410000219e+02 9.608823529400000041e+01
4.090000000000000000e+02 9.650000000000000000e+01
1.701666666669999870e+02 9.675000000000000000e+01
4.292777777779999724e+02 9.700000000000000000e+01
5.811538461500000352e+01 9.788461538500000358e+01
5.229285714290000442e+02 9.850000000000000000e+01
1.860999999999999943e+02 9.890000000000000568e+01
3.297777777779999724e+02 9.933333333299999879e+01
3.892692307689999893e+02 9.988461538500000358e+01
4.924499999999999886e+02 1.015999999999999943e+02
9.021428571399999896e+01 1.020000000000000000e+02
2.286578947369999923e+02 1.036578947370000066e+02
2.488846153849999894e+02 1.031153846149999964e+02
1.586538461540000071e+02 1.050384615380000071e+02
4.475000000000000000e+02 1.050714285709999984e+02
5.105000000000000000e+02 1.056052631579999996e+02
5.409210526320000554e+02 1.056052631579999996e+02
1.987857142860000010e+02 1.060000000000000000e+02
3.637941176470000073e+02 1.062058823530000069e+02
7.528260869599999694e+01 1.095869565219999942e+02
1.088636363640000013e+02 1.094090909089999997e+02
2.884499999999999886e+02 1.104000000000000057e+02
5.807142857139999705e+02 1.101428571430000005e+02
5.577142857139999705e+02 1.112857142860000010e+02
2.583421052630000077e+02 1.125526315790000069e+02
3.017500000000000000e+02 1.129375000000000000e+02
4.043421052630000077e+02 1.133421052629999934e+02
2.972222222199999919e+01 1.140000000000000000e+02
1.227500000000000000e+02 1.141666666670000012e+02
4.261000000000000227e+02 1.140999999999999943e+02
2.436250000000000000e+02 1.143750000000000000e+02
3.378636363640000013e+02 1.144090909089999997e+02
4.757222222220000276e+02 1.150000000000000000e+02
3.563888888889999862e+02 1.177777777780000008e+02
4.453750000000000000e+02 1.166250000000000000e+02
4.925476190480000014e+02 1.173095238100000017e+02
5.348999999999999773e+02 1.189000000000000057e+02
1.879000000000000057e+02 1.214333333329999931e+02
2.197500000000000000e+02 1.210625000000000000e+02
5.680000000000000000e+02 1.212142857139999990e+02
1.417222222219999992e+02 1.234444444439999984e+02
1.668157894740000131e+02 1.230263157889999945e+02
9.653846154000000013e+00 1.235769230770000036e+02
5.096666666699999837e+01 1.246333333329999959e+02
5.551000000000000227e+02 1.244333333329999931e+02
4.201000000000000227e+02 1.250999999999999943e+02
1.200333333330000016e+02 1.266333333329999959e+02
2.056578947369999923e+02 1.266578947370000066e+02
5.228684210530000200e+02 1.267631578950000062e+02
8.250000000000000000e+01 1.272999999999999972e+02
3.166538461540000071e+02 1.275000000000000000e+02
3.875666666669999927e+02 1.279000000000000057e+02
4.768846153850000178e+02 1.281153846150000106e+02
4.390000000000000000e+02 1.287857142860000010e+02
3.363333333300000305e+01 1.300333333330000016e+02
6.375000000000000000e+01 1.301666666669999870e+02
1.014090909089999997e+02 1.304090909090000139e+02
4.581153846149999822e+02 1.311153846150000106e+02
2.489375000000000000e+02 1.327500000000000000e+02
1.744285714289999873e+02 1.332857142860000010e+02
2.358333333330000130e+02 1.331666666669999870e+02
3.342222222220000276e+02 1.331111111110000138e+02
3.745000000000000000e+02 1.326999999999999886e+02
1.321428571400000074e+01 1.340000000000000000e+02
2.693181818180000278e+02 1.336818181820000007e+02
1.450000000000000000e+02 1.355000000000000000e+02
2.944411764710000057e+02 1.363235294119999992e+02
3.110000000000000000e+02 1.362142857139999990e+02
4.092857142859999726e+02 1.378571428570000137e+02
5.312142857139999705e+02 1.388571428570000137e+02
1.870333333330000016e+02 1.406333333329999959e+02
7.599999999999999645e+00 1.415500000000000114e+02
3.547222222220000276e+02 1.410000000000000000e+02
1.614834710739999935e+02 1.477644628099999977e+02
5.819615384620000214e+02 1.423461538459999929e+02
4.185294117600000163e+01 1.430294117649999919e+02
2.263095238100000017e+02 1.436428571429999863e+02
4.748684210530000200e+02 1.435526315790000069e+02
4.988846153850000178e+02 1.438846153849999894e+02
4.501000000000000227e+02 1.450999999999999943e+02
5.538333333330000414e+02 1.454166666669999870e+02
5.838888888900000040e+01 1.466666666669999870e+02
4.295000000000000000e+02 1.455000000000000000e+02
5.241153846150000390e+02 1.461153846150000106e+02
9.507894736800000146e+01 1.496052631580000138e+02
1.119000000000000057e+02 1.489000000000000057e+02
2.553499999999999943e+02 1.501999999999999886e+02
3.372272727270000132e+02 1.495454545450000126e+02
2.088846153849999894e+02 1.512692307689999893e+02
2.861666666670000154e+02 1.515000000000000000e+02
5.664090909090000423e+02 1.514090909090000139e+02
2.470294117649999919e+02 1.548529411760000016e+02
3.076363636359999987e+02 1.551818181820000007e+02
3.888999999999999773e+02 1.539000000000000057e+02
4.895000000000000000e+02 1.545000000000000000e+02
8.122222222199999919e+01 1.550555555560000016e+02
5.430000000000000000e+02 1.557857142860000010e+02
3.681000000000000227e+02 1.569000000000000057e+02
1.423076922999999994e+00 1.581923076920000142e+02
4.340000000000000000e+02 1.582142857139999990e+02
1.395000000000000000e+02 1.587857142860000010e+02
2.727857142859999726e+02 1.595000000000000000e+02
3.536818181819999722e+02 1.603181818179999993e+02
4.010833333329999846e+02 1.597500000000000000e+02
3.600000000000000000e+01 1.612142857139999990e+02
1.871818181820000007e+02 1.633636363640000013e+02
6.200000000000000000e+01 1.647222222219999992e+02
2.144090909090000139e+02 1.638636363640000013e+02
5.113421052630000077e+02 1.643421052630000077e+02
4.543750000000000000e+02 1.651875000000000000e+02
2.135714285699999948e+01 1.666904761899999983e+02
9.509999999999999432e+01 1.659000000000000057e+02
1.260000000000000000e+02 1.662142857139999990e+02
1.481363636359999987e+02 1.655909090909999861e+02
3.245666666669999927e+02 1.669000000000000057e+02
4.739117647059999854e+02 1.676176470590000065e+02
2.012894736840000007e+02 1.698684210529999916e+02
2.883888888889999862e+02 1.691666666669999870e+02
5.508999999999999773e+02 1.700999999999999943e+02
3.000000000000000000e+00 1.715000000000000000e+02
4.255500000000000114e+02 1.714000000000000057e+02
8.432352941199999918e+01 1.733235294119999992e+02
1.651153846150000106e+02 1.728846153849999894e+02
1.465000000000000000e+02 1.752894736840000007e+02
5.807105263160000277e+02 1.755000000000000000e+02
2.180882352939999862e+02 1.763823529409999935e+02
2.449705882350000081e+02 1.761470588239999984e+02
3.739375000000000000e+02 1.767500000000000000e+02
3.930000000000000000e+02 1.765000000000000000e+02
5.188095238100000017e+01 1.787380952379999997e+02
4.092500000000000000e+02 1.791666666669999870e+02
1.600000000000000000e+01 1.800000000000000000e+02
2.848999999999999773e+02 1.799000000000000057e+02
3.383181818180000278e+02 1.803181818179999993e+02
4.660000000000000000e+02 1.795000000000000000e+02
5.385476190480000014e+02 1.803095238100000017e+02
2.990000000000000000e+02 1.815000000000000000e+02
4.975000000000000000e+02 1.818809523809999860e+02
5.464285713999999849e+00 1.845714285710000127e+02
3.543823529410000219e+02 1.820882352939999862e+02
2.945652173899999937e+01 1.844130434779999916e+02
1.055000000000000000e+02 1.840000000000000000e+02
4.411315789469999800e+02 1.847105263159999993e+02
5.726000000000000227e+02 1.864499999999999886e+02
1.880000000000000000e+02 1.877857142860000010e+02
2.452333333329999903e+02 1.881666666669999870e+02
2.710000000000000000e+02 1.873000000000000114e+02
5.213421052630000077e+02 1.884473684209999931e+02
7.373529411799999878e+01 1.917352941180000130e+02
1.210714285709999984e+02 1.915000000000000000e+02
3.148846153850000178e+02 1.911153846150000106e+02
3.695500000000000114e+02 1.914000000000000057e+02
4.573571428569999853e+02 1.916904761899999983e+02
1.040714285709999984e+02 1.925000000000000000e+02
1.385000000000000000e+02 1.920000000000000000e+02
4.785000000000000000e+02 1.928333333330000130e+02
5.566000000000000227e+02 1.934499999999999886e+02
4.433461538459999929e+02 1.940384615380000071e+02
5.814705882399999837e+01 1.955000000000000000e+02
2.015000000000000000e+02 1.955000000000000000e+02
3.563823529410000219e+02 1.959117647060000138e+02
4.248529411760000016e+02 1.965000000000000000e+02
2.878750000000000000e+02 1.977500000000000000e+02
2.335714285710000127e+02 1.982857142860000010e+02
5.010294117650000203e+02 1.981470588239999984e+02
1.625000000000000000e+02 1.990000000000000000e+02
3.266739130430000273e+02 1.995000000000000000e+02
2.176999999999999886e+02 2.005000000000000000e+02
2.934565217389999816e+02 2.021086956519999944e+02
3.948999999999999773e+02 2.010000000000000000e+02
5.342500000000000000e+02 2.011250000000000000e+02
8.400000000000000000e+01 2.017857142860000010e+02
5.839666666670000268e+02 2.026333333329999959e+02
1.937777777780000008e+02 2.033888888889999862e+02
5.680333333329999732e+02 2.036333333329999959e+02
2.529761904759999993e+02 2.051190476190000140e+02
4.528571428600000104e+01 2.081428571429999863e+02
4.342692307689999893e+02 2.077307692310000107e+02
2.646904761900000267e+02 2.093571428570000137e+02
3.197500000000000000e+02 2.091250000000000000e+02
1.140000000000000000e+02 2.097857142860000010e+02
1.590000000000000000e+02 2.102142857139999990e+02
5.139545454550000159e+02 2.111363636359999987e+02
1.907575757600000088e+01 2.127121212119999996e+02
4.092272727270000132e+02 2.130000000000000000e+02
5.375499999999999545e+02 2.124000000000000057e+02
7.179999999999999716e+01 2.131999999999999886e+02
2.286999999999999886e+02 2.133000000000000114e+02
3.458684210530000200e+02 2.137105263159999993e+02
3.800454545449999841e+02 2.128636363640000013e+02
2.040454545450000126e+02 2.148636363640000013e+02
1.270000000000000000e+02 2.160000000000000000e+02
3.588999999999999773e+02 2.160999999999999943e+02
4.952500000000000000e+02 2.161666666669999870e+02
5.578999999999999773e+02 2.160999999999999943e+02
5.865909090909999577e+02 2.161363636359999987e+02
2.812121212119999996e+02 2.217575757580000015e+02
4.750000000000000000e+02 2.175000000000000000e+02
1.785714285999999928e+00 2.200000000000000000e+02
1.710000000000000000e+02 2.200000000000000000e+02
3.279285714289999873e+02 2.206904761899999983e+02
4.535909090910000145e+02 2.196818181820000007e+02
9.275000000000000000e+01 2.216500000000000057e+02
1.425000000000000000e+02 2.218333333330000130e+02
3.972692307689999893e+02 2.222692307689999893e+02
5.886363636400000132e+01 2.230454545450000126e+02
3.845416666670000154e+02 2.245000000000000000e+02
1.910000000000000000e+02 2.257222222219999992e+02
2.424499999999999886e+02 2.255999999999999943e+02
4.381153846149999822e+02 2.258846153849999894e+02
5.750000000000000000e+02 2.276999999999999886e+02
2.245000000000000000e+02 2.295000000000000000e+02
3.570000000000000000e+02 2.290000000000000000e+02
4.231250000000000000e+02 2.302500000000000000e+02
1.630000000000000000e+02 2.310000000000000000e+02
5.136818181820000291e+02 2.306818181820000007e+02
9.757142857099999844e+01 2.323571428570000137e+02
3.035714285710000127e+02 2.325714285710000127e+02
4.595000000000000000e+02 2.328529411760000016e+02
4.898684210530000200e+02 2.322894736840000007e+02
1.237500000000000000e+02 2.341250000000000000e+02
2.866000000000000227e+02 2.345500000000000114e+02
2.630000000000000000e+02 2.355000000000000000e+02
7.850000000000000000e+01 2.365000000000000000e+02
7.500000000000000000e+00 2.378529411760000016e+02
3.390000000000000000e+02 2.370000000000000000e+02
3.534210526300000055e+01 2.386578947369999923e+02
5.711538461500000352e+01 2.378846153849999894e+02
1.743333333330000130e+02 2.385000000000000000e+02
2.350882352939999862e+02 2.433823529409999935e+02
4.539736842109999770e+02 2.438684210529999916e+02
2.713888888889999862e+02 2.442222222219999992e+02
3.228529411760000016e+02 2.445000000000000000e+02
5.303666666670000041e+02 2.439666666669999984e+02
5.512333333330000187e+02 2.445000000000000000e+02
1.289000000000000057e+02 2.459000000000000057e+02
3.732142857140000274e+02 2.460000000000000000e+02
4.007222222220000276e+02 2.460000000000000000e+02
4.722142857140000274e+02 2.460000000000000000e+02
5.141153846150000390e+02 2.458846153849999894e+02
2.122857142860000010e+02 2.468571428570000137e+02
2.314705882399999837e+01 2.485000000000000000e+02
1.067857142860000010e+02 2.490000000000000000e+02
4.293333333329999846e+02 2.492222222219999992e+02
4.871153846149999822e+02 2.491153846150000106e+02
1.456333333329999959e+02 2.499666666669999984e+02
1.985000000000000000e+02 2.510000000000000000e+02
5.387500000000000000e+02 2.507500000000000000e+02
3.050000000000000000e+02 2.515000000000000000e+02
4.128571428600000104e+01 2.524285714289999873e+02
7.900000000000000000e+01 2.527222222219999992e+02
3.594230769229999964e+02 2.518076923079999858e+02
4.946052631580000138e+02 2.550789473680000015e+02
5.730000000000000000e+02 2.547857142860000010e+02
2.882142857140000274e+02 2.565000000000000000e+02
2.273750000000000000e+02 2.588750000000000000e+02
2.488888888889999862e+02 2.581111111110000138e+02
3.851470588239999984e+02 2.600294117650000203e+02
3.439473684200000037e+01 2.609210526319999985e+02
1.180000000000000000e+02 2.606999999999999886e+02
1.656111111110000138e+02 2.617777777779999724e+02
3.449117647059999854e+02 2.616176470589999781e+02
9.166666666999999435e+00 2.625000000000000000e+02
5.850882352940000146e+02 2.626176470589999781e+02
1.823421052630000077e+02 2.633421052630000077e+02
4.117857142859999726e+02 2.630000000000000000e+02
4.719615384620000214e+02 2.626538461540000071e+02
5.178571428569999853e+02 2.642142857140000274e+02
4.275000000000000000e+02 2.657105263160000277e+02
6.102631578900000164e+01 2.661315789469999800e+02
1.418846153849999894e+02 2.658846153850000178e+02
8.090000000000000568e+01 2.668999999999999773e+02
4.886176470589999781e+02 2.669117647059999854e+02
2.980000000000000000e+02 2.676999999999999886e+02
3.931363636359999987e+02 2.675909090910000145e+02
5.593181818179999709e+02 2.676818181819999722e+02
3.322857142859999726e+02 2.688571428569999853e+02
9.507894736800000146e+01 2.703947368419999862e+02
4.598076923080000142e+02 2.704230769229999964e+02
2.745000000000000000e+02 2.711666666670000154e+02
3.140000000000000000e+02 2.710000000000000000e+02
5.075000000000000000e+02 2.710000000000000000e+02
2.345000000000000000e+02 2.725000000000000000e+02
3.738636363640000013e+02 2.730454545449999841e+02
4.420000000000000000e+02 2.732142857140000274e+02
2.004090909090000139e+02 2.744090909089999855e+02
6.688461538500000358e+01 2.748846153850000178e+02
1.000000000000000000e+01 2.777727272729999868e+02
1.282647058819999870e+02 2.772647058819999870e+02
5.740882352940000146e+02 2.776176470589999781e+02
1.556111111110000138e+02 2.781666666670000154e+02
5.350000000000000000e+02 2.776999999999999886e+02
1.681923076920000142e+02 2.795769230770000036e+02
2.288846153849999894e+02 2.791153846149999822e+02
3.649545454550000159e+02 2.798636363640000013e+02
2.565000000000000000e+02 2.828809523809999860e+02
3.519117647059999854e+02 2.826176470589999781e+02
2.828333333329999846e+02 2.825833333329999846e+02
4.079285714289999873e+02 2.834285714289999873e+02
4.330294117650000203e+02 2.831470588239999984e+02
4.914499999999999886e+02 2.846000000000000227e+02
4.568750000000000000e+01 2.848125000000000000e+02
8.509999999999999432e+01 2.851000000000000227e+02
1.042222222219999992e+02 2.853888888889999862e+02
2.281250000000000000e+01 2.865625000000000000e+02
2.665000000000000000e+02 2.873000000000000114e+02
3.829375000000000000e+02 2.872500000000000000e+02
4.747222222220000276e+02 2.875555555560000016e+02
5.481153846150000390e+02 2.872692307689999893e+02
3.133666666670000041e+02 2.890333333329999732e+02
1.235499999999999972e+02 2.906000000000000227e+02
5.845000000000000000e+02 2.900000000000000000e+02
1.870000000000000000e+02 2.912777777779999724e+02
2.050384615380000071e+02 2.913461538459999929e+02
4.171000000000000227e+02 2.908999999999999773e+02
5.575499999999999545e+02 2.926000000000000227e+02
6.366666666700000121e+01 2.924166666670000154e+02
5.286111111110000138e+02 2.944444444439999984e+02
4.523421052630000077e+02 2.956578947369999923e+02
1.550789473680000015e+02 2.976052631580000138e+02
2.339000000000000057e+02 2.971000000000000227e+02
3.027500000000000000e+02 2.984499999999999886e+02
2.122058823529999927e+02 2.997941176470000073e+02
3.278999999999999773e+02 2.988999999999999773e+02
3.468999999999999773e+02 2.988999999999999773e+02
4.203333333300000163e+01 3.003666666670000041e+02
1.405500000000000114e+02 3.006000000000000227e+02
1.644000000000000057e+02 3.014499999999999886e+02
3.216999999999999886e+02 3.023500000000000227e+02
3.620000000000000000e+02 3.010000000000000000e+02
2.535000000000000000e+02 3.035000000000000000e+02
7.775000000000000000e+01 3.038333333329999846e+02
4.061315789469999800e+02 3.045000000000000000e+02
2.732142857140000274e+02 3.050000000000000000e+02
3.755000000000000000e+02 3.050000000000000000e+02
5.032500000000000000e+02 3.048750000000000000e+02
5.762142857139999705e+02 3.050000000000000000e+02
1.933823529409999935e+02 3.060882352940000146e+02
1.055263157899999982e+01 3.073421052630000077e+02
4.368333333329999846e+02 3.073666666670000041e+02
9.190000000000000568e+01 3.078999999999999773e+02
4.822222222220000276e+02 3.093888888889999862e+02
1.170000000000000000e+02 3.107727272729999868e+02
1.815000000000000000e+02 3.096999999999999886e+02
4.598076923080000142e+02 3.105769230770000036e+02
5.260000000000000000e+02 3.107222222220000276e+02
1.574523809519999986e+02 3.126904761900000267e+02
5.537500000000000000e+02 3.137500000000000000e+02
4.150000000000000000e+02 3.135000000000000000e+02
2.367500000000000000e+02 3.149166666670000154e+02
3.543750000000000000e+02 3.168333333329999846e+02
3.904499999999999886e+02 3.173999999999999773e+02
8.445000000000000284e+01 3.182500000000000000e+02
4.946250000000000000e+02 3.181875000000000000e+02
7.300000000000000000e+01 3.192142857140000274e+02
2.860000000000000000e+02 3.200000000000000000e+02
4.328571428569999853e+02 3.192857142859999726e+02
5.865714285709999558e+02 3.196428571430000147e+02
2.738125000000000000e+02 3.204375000000000000e+02
3.360000000000000000e+02 3.197857142859999726e+02
5.311538461500000352e+01 3.218846153850000178e+02
2.131153846150000106e+02 3.221153846149999822e+02
3.147500000000000000e+02 3.218333333329999846e+02
2.600000000000000089e+00 3.234499999999999886e+02
2.525000000000000000e+02 3.230000000000000000e+02
3.439473684200000037e+01 3.270789473680000015e+02
5.115000000000000000e+02 3.275000000000000000e+02
5.710000000000000000e+02 3.275000000000000000e+02
1.738333333330000130e+02 3.285000000000000000e+02
3.435000000000000000e+02 3.285000000000000000e+02
4.638846153850000178e+02 3.278846153850000178e+02
4.791153846149999822e+02 3.278846153850000178e+02
1.062857142860000010e+02 3.288571428569999853e+02
2.302142857139999990e+02 3.290000000000000000e+02
3.787352941180000130e+02 3.297352941180000130e+02
1.960000000000000000e+02 3.305000000000000000e+02
4.423666666670000041e+02 3.300333333329999732e+02
1.276176470590000065e+02 3.309117647059999854e+02
5.473181818179999709e+02 3.306818181819999722e+02
6.611538461499999642e+01 3.318846153850000178e+02
3.015000000000000000e+02 3.320000000000000000e+02
4.118846153850000178e+02 3.331153846149999822e+02
5.025666666669999927e+02 3.328999999999999773e+02
4.600000000000000000e+01 3.362142857140000274e+02
1.465999999999999943e+02 3.361999999999999886e+02
3.265500000000000114e+02 3.363999999999999773e+02
3.050000000000000000e+01 3.381470588239999984e+02
3.961000000000000227e+02 3.383666666670000041e+02
5.697173913039999888e+02 3.391086956519999944e+02
2.153181818179999993e+02 3.386818181819999722e+02
2.452894736840000007e+02 3.405000000000000000e+02
5.310333333329999732e+02 3.403666666670000041e+02
1.014705882400000014e+01 3.415588235289999943e+02
2.732777777779999724e+02 3.420000000000000000e+02
3.573461538459999929e+02 3.420384615379999786e+02
1.275909090910000003e+02 3.435909090910000145e+02
1.647666666670000097e+02 3.448333333329999846e+02
8.668750000000000000e+01 3.448125000000000000e+02
1.924333333330000073e+02 3.448999999999999773e+02
4.296111111110000138e+02 3.463333333329999846e+02
4.600000000000000000e+02 3.455000000000000000e+02
5.193461538459999929e+02 3.467307692310000107e+02
1.470000000000000000e+02 3.480000000000000000e+02
3.764166666670000154e+02 3.481666666670000154e+02
9.927777777800000081e+01 3.500000000000000000e+02
2.257222222219999992e+02 3.500000000000000000e+02
3.344375000000000000e+02 3.507500000000000000e+02
4.408684210530000200e+02 3.502894736839999723e+02
2.550000000000000000e+01 3.518076923080000142e+02
4.815000000000000000e+02 3.515000000000000000e+02
4.041666666670000154e+02 3.524166666670000154e+02
2.950652173909999760e+02 3.535000000000000000e+02
6.300000000000000000e+01 3.543333333329999846e+02
2.090000000000000000e+02 3.552142857140000274e+02
2.548809523809999860e+02 3.554047619049999867e+02
4.923750000000000000e+02 3.546250000000000000e+02
5.575000000000000000e+02 3.546999999999999886e+02
5.875000000000000000e+02 3.545000000000000000e+02
3.926923076900000353e+01 3.583461538459999929e+02
5.110454545449999841e+02 3.591363636359999987e+02
3.188636363640000013e+02 3.599545454550000159e+02
1.618846153849999894e+02 3.611153846149999822e+02
5.371153846150000390e+02 3.608846153850000178e+02
7.797826086999999973e+01 3.632826086960000112e+02
2.837307692310000107e+02 3.623461538459999929e+02
4.230000000000000000e+02 3.617857142859999726e+02
3.665500000000000114e+02 3.636000000000000227e+02
5.665909090909999577e+02 3.635909090910000145e+02
3.898999999999999773e+02 3.645666666669999927e+02
4.575000000000000000e+02 3.648529411760000016e+02
1.191190476189999998e+02 3.662619047619999719e+02
2.250000000000000000e+01 3.676363636359999987e+02
1.848333333330000130e+02 3.669444444439999984e+02
1.370000000000000000e+02 3.677857142859999726e+02
2.367777777780000008e+02 3.696666666670000154e+02
4.125000000000000000e+02 3.690000000000000000e+02
5.491250000000000000e+02 3.717500000000000000e+02
5.864285714300000052e+01 3.734285714289999873e+02
9.250000000000000000e+01 3.726999999999999886e+02
1.549666666669999984e+02 3.736333333329999959e+02
2.270000000000000000e+02 3.730000000000000000e+02
3.836904761900000267e+02 3.738333333329999846e+02
4.769375000000000000e+02 3.728750000000000000e+02
3.427105263160000277e+02 3.745000000000000000e+02
4.464499999999999886e+02 3.747500000000000000e+02
4.986904761900000267e+02 3.743571428569999853e+02
5.270000000000000000e+02 3.755000000000000000e+02
3.775000000000000000e+01 3.758750000000000000e+02
2.911315789469999800e+02 3.787631578950000062e+02
7.008823529400000041e+01 3.793823529410000219e+02
1.788684210529999916e+02 3.793947368419999862e+02
2.610000000000000000e+02 3.790000000000000000e+02
1.600999999999999943e+02 3.811000000000000227e+02
2.026764705880000008e+02 3.813235294120000276e+02
3.195000000000000000e+02 3.825000000000000000e+02
4.587142857140000274e+02 3.817142857140000274e+02
3.041666666670000154e+02 3.835833333329999846e+02
3.438000000000000114e+02 3.845500000000000114e+02
4.835000000000000000e+02 3.865000000000000000e+02
5.683421052630000077e+02 3.866578947369999923e+02
5.000000000000000000e-01 3.865000000000000000e+02
3.611250000000000000e+02 3.872500000000000000e+02
5.210000000000000000e+02 3.867857142859999726e+02
1.180000000000000000e+02 3.890000000000000000e+02
5.722222222199999919e+01 3.916666666670000154e+02
1.354230769229999964e+02 3.908846153850000178e+02
3.869666666670000268e+02 3.913666666670000041e+02
2.743461538459999929e+02 3.920384615379999786e+02
4.052500000000000000e+02 3.924499999999999886e+02
1.739444444439999984e+02 3.921666666670000154e+02
2.145000000000000000e+02 3.925000000000000000e+02
1.900000000000000000e+02 3.942142857140000274e+02
3.041666666670000154e+02 3.945000000000000000e+02
4.275833333329999846e+02 3.938333333329999846e+02
4.995000000000000000e+02 3.935000000000000000e+02
5.366333333329999959e+02 3.940333333329999732e+02
8.086363636400000132e+01 3.955909090910000145e+02
9.778571428600000104e+01 3.960000000000000000e+02
2.539375000000000000e+02 3.967500000000000000e+02
5.512000000000000455e+02 3.966000000000000227e+02
1.161111111099999960e+01 3.972222222220000276e+02
2.700000000000000000e+01 3.970000000000000000e+02
2.345000000000000000e+02 3.987105263160000277e+02
4.531666666670000154e+02 3.985000000000000000e+02
4.710000000000000142e+01 3.991000000000000227e+02
3.812692307689999893e+02 4.021153846149999822e+02
4.702777777779999724e+02 4.040000000000000000e+02
1.610000000000000000e+02 4.050555555560000016e+02
2.390999999999999943e+02 4.048999999999999773e+02
3.225909090910000145e+02 4.051363636359999987e+02
3.455000000000000000e+02 4.065000000000000000e+02
3.647173913039999888e+02 4.065869565219999799e+02
4.060000000000000000e+02 4.060000000000000000e+02
5.153181818179999709e+02 4.062272727270000132e+02
7.038461537999999962e+00 4.073461538459999929e+02
4.270000000000000000e+02 4.072142857140000274e+02
5.682500000000000000e+02 4.068750000000000000e+02
9.096666666699999837e+01 4.103666666670000041e+02
1.180000000000000000e+02 4.100000000000000000e+02
2.831000000000000227e+02 4.101000000000000227e+02
3.110000000000000000e+02 4.120000000000000000e+02
5.264333333329999505e+02 4.121000000000000227e+02
5.071052631599999927e+01 4.131315789469999800e+02
1.414523809519999986e+02 4.136904761900000267e+02
2.627222222220000276e+02 4.130000000000000000e+02
4.915000000000000000e+02 4.142500000000000000e+02
3.710000000000000000e+02 4.152777777779999724e+02
5.862142857139999705e+02 4.150000000000000000e+02
7.409999999999999432e+01 4.161000000000000227e+02
5.375000000000000000e+02 4.165000000000000000e+02
2.031153846150000106e+02 4.168846153850000178e+02
4.367142857140000274e+02 4.178571428569999853e+02
1.879000000000000057e+02 4.188999999999999773e+02
1.702941176499999898e+01 4.208529411760000016e+02
2.196428571429999863e+02 4.213095238099999733e+02
3.202857142859999726e+02 4.217142857140000274e+02
4.091666666670000154e+02 4.211666666670000154e+02
4.585000000000000000e+02 4.223636363640000013e+02
3.359090909100000033e+01 4.231363636359999987e+02
1.530000000000000000e+02 4.227857142859999726e+02
1.638846153849999894e+02 4.227307692310000107e+02
5.621666666669999586e+02 4.234166666670000154e+02
1.149000000000000057e+02 4.261499999999999773e+02
7.500000000000000000e-01 4.255000000000000000e+02
8.697058823499999392e+01 4.271470588239999984e+02
3.897857142859999726e+02 4.265000000000000000e+02
4.858888888889999862e+02 4.282222222220000276e+02
2.440172413790000121e+02 4.296034482759999946e+02
5.086111111110000138e+02 4.282222222220000276e+02
1.355909090909999861e+02 4.295909090910000145e+02
3.438571428569999853e+02 4.294285714289999873e+02
3.681153846149999822e+02 4.291153846149999822e+02
2.628999999999999773e+02 4.311000000000000227e+02
4.235555555560000016e+02 4.317222222220000276e+02
6.271052631599999927e+01 4.327631578950000062e+02
2.948750000000000000e+02 4.320000000000000000e+02
2.095000000000000000e+02 4.325000000000000000e+02
5.724333333329999505e+02 4.338999999999999773e+02
3.855000000000000000e+02 4.355000000000000000e+02
1.935000000000000000e+02 4.373000000000000114e+02
3.243823529410000219e+02 4.369117647059999854e+02
4.985909090910000145e+02 4.368636363640000013e+02
5.583181818179999709e+02 4.373181818180000278e+02
2.801666666670000154e+02 4.376111111110000138e+02
3.506250000000000000e+02 4.376250000000000000e+02
5.311000000000000227e+02 4.384333333330000073e+02
1.145000000000000000e+02 4.395000000000000000e+02
2.185714285699999948e+01 4.414285714289999873e+02
5.077777777800000081e+01 4.413888888889999862e+02
1.692222222219999992e+02 4.422222222220000276e+02
2.111521739130000128e+02 4.434130434780000201e+02
2.317857142860000010e+02 4.430000000000000000e+02
3.964090909089999855e+02 4.431363636359999987e+02
3.775000000000000000e+02 4.435000000000000000e+02
4.392333333330000187e+02 4.458333333329999846e+02
4.663000000000000114e+02 4.445000000000000000e+02
4.976111111110000138e+02 4.452222222220000276e+02
5.110000000000000000e+02 4.450000000000000000e+02
8.940000000000000568e+01 4.464499999999999886e+02
1.540999999999999943e+02 4.475666666669999927e+02
2.775000000000000000e+02 4.466666666670000154e+02
3.305000000000000000e+02 4.475000000000000000e+02
4.301153846149999822e+02 4.472692307689999893e+02
2.986000000000000227e+02 4.484499999999999886e+02
4.759210526319999985e+02 4.496052631580000138e+02
5.413823529410000219e+02 4.489117647059999854e+02
2.619666666670000268e+02 4.506333333329999959e+02
2.250000000000000000e+00 4.511499999999999773e+02
2.447307692310000107e+02 4.518846153850000178e+02
4.616499999999999773e+02 4.532500000000000000e+02
5.669285714290000442e+02 4.535952380950000133e+02
5.854999999999999716e+01 4.546000000000000227e+02
3.161999999999999886e+02 4.533000000000000114e+02
1.700384615380000071e+02 4.553461538459999929e+02
5.847857142860000295e+02 4.550000000000000000e+02
1.296578947369999923e+02 4.573421052630000077e+02
3.388461538499999648e+01 4.591153846149999822e+02
4.168529411760000016e+02 4.599705882349999797e+02
1.931470588239999984e+02 4.615000000000000000e+02
3.608846153850000178e+02 4.611153846149999822e+02
9.763333333299999595e+01 4.619666666670000268e+02
5.197777777779999724e+02 4.626111111110000138e+02
3.959210526319999985e+02 4.636052631580000138e+02
8.288461538500000358e+01 4.641153846149999822e+02
2.820000000000000000e+02 4.642142857140000274e+02
4.888000000000000114e+02 4.646000000000000227e+02
5.563999999999999773e+02 4.645500000000000114e+02
5.683888888889999862e+02 4.645555555560000016e+02
3.458846153850000178e+02 4.648846153850000178e+02
1.450000000000000000e+02 4.657857142859999726e+02
2.268846153849999894e+02 4.658846153850000178e+02
4.403750000000000000e+02 4.668750000000000000e+02
1.167500000000000000e+02 4.688333333329999846e+02
2.163888888889999862e+02 4.692222222220000276e+02
2.585714285710000127e+02 4.696428571430000147e+02
3.111428571430000147e+02 4.697142857140000274e+02
3.792500000000000000e+02 4.691666666670000154e+02
5.080000000000000000e+02 4.690000000000000000e+02
2.011538461499999997e+01 4.711153846149999822e+02
4.825000000000000000e+01 4.721666666670000154e+02
2.997500000000000000e+02 4.718750000000000000e+02
4.275769230770000036e+02 4.728076923080000142e+02
1.871153846150000106e+02 4.741153846149999822e+02
3.433888888889999862e+02 4.750555555560000016e+02
1.367352941180000130e+02 4.762647058819999870e+02
6.733333333299999879e+01 4.775000000000000000e+02
5.405000000000000000e+02 4.770000000000000000e+02
1.582692307689999893e+02 4.802692307689999893e+02
4.990000000000000000e+02 4.800000000000000000e+02
1.346153845999999987e+00 4.815000000000000000e+02
1.752500000000000000e+02 4.825625000000000000e+02
4.740789473680000015e+02 4.826052631580000138e+02
5.230000000000000000e+02 4.822142857140000274e+02
1.010000000000000000e+02 4.830000000000000000e+02
4.490000000000000000e+02 4.830000000000000000e+02
2.355000000000000000e+02 4.840000000000000000e+02
3.997105263160000277e+02 4.848684210530000200e+02
3.191470588239999984e+02 4.859705882349999797e+02
3.798846153850000178e+02 4.868846153850000178e+02
2.447941176470000073e+02 4.886176470589999781e+02
4.340000000000000000e+02 4.865000000000000000e+02
5.684565217389999816e+02 4.887608695650000072e+02
3.636250000000000000e+02 4.883750000000000000e+02
8.050000000000000000e+01 4.900000000000000000e+02
2.180000000000000000e+02 4.902142857140000274e+02
1.495000000000000000e+02 4.905000000000000000e+02
2.086538461540000071e+02 4.910384615379999786e+02
2.765500000000000114e+02 4.916000000000000227e+02
5.816176470589999781e+02 4.910882352940000146e+02
1.871153846150000106e+02 4.928846153850000178e+02
4.390000000000000000e+02 4.930000000000000000e+02
4.811875000000000000e+02 4.936250000000000000e+02
1.670454545450000126e+02 4.945000000000000000e+02
5.358333333330000414e+02 4.949444444439999984e+02
3.050000000000000000e+01 4.958333333329999846e+02
1.182857142860000010e+02 4.962857142859999726e+02
2.991000000000000227e+02 4.958999999999999773e+02
3.950000000000000000e+02 4.960000000000000000e+02
5.550000000000000000e+01 4.978333333329999846e+02
3.476538461540000071e+02 4.969615384620000214e+02
3.680000000000000000e+02 4.966999999999999886e+02
1.077000000000000028e+02 5.010000000000000000e+02
1.420333333330000016e+02 5.006333333329999959e+02
4.223235294120000276e+02 5.003235294120000276e+02
5.018846153850000178e+02 4.998846153850000178e+02
5.620000000000000000e+02 4.997857142859999726e+02
2.351153846150000106e+02 5.008846153850000178e+02
2.617857142859999726e+02 5.010000000000000000e+02
2.778125000000000000e+02 5.016250000000000000e+02
6.700000000000000000e+01 5.020000000000000000e+02
8.463333333299999595e+01 5.020333333329999732e+02
4.599615384620000214e+02 5.023461538459999929e+02
5.243666666670000041e+02 5.020333333329999732e+02
4.766176470589999781e+02 5.030882352940000146e+02
3.746499999999999773e+02 5.057500000000000000e+02
3.175000000000000000e+02 5.075000000000000000e+02
1.638888888900000040e+01 5.083333333329999846e+02
2.075000000000000000e+02 5.080000000000000000e+02
4.897500000000000000e+02 5.090000000000000000e+02
5.768684210530000200e+02 5.087631578950000062e+02
4.688461538499999648e+01 5.098846153850000178e+02
1.534523809519999986e+02 5.112619047619999719e+02
3.290000000000000000e+02 5.110000000000000000e+02
1.770999999999999943e+02 5.121000000000000227e+02
3.491666666670000154e+02 5.138333333330000414e+02
2.661764705899999939e+01 5.162058823529999927e+02
2.306538461540000071e+02 5.159615384620000214e+02
2.956999999999999886e+02 5.155000000000000000e+02
4.455000000000000000e+02 5.155000000000000000e+02
5.531000000000000227e+02 5.161000000000000227e+02
5.070000000000000000e+02 5.182777777779999724e+02
1.900882352939999862e+02 5.193823529410000219e+02
4.318999999999999773e+02 5.201000000000000227e+02
5.332142857139999705e+02 5.200000000000000000e+02
3.845000000000000000e+02 5.208333333330000414e+02
6.954761904800000138e+01 5.228809523810000428e+02
1.247142857139999990e+02 5.222857142860000295e+02
4.015000000000000000e+02 5.220000000000000000e+02
4.606904761900000267e+02 5.244523809519999986e+02
9.879999999999999716e+01 5.273999999999999773e+02
2.623461538459999929e+02 5.270384615379999786e+02
3.673421052630000077e+02 5.276578947369999923e+02
2.406578947369999923e+02 5.283421052630000077e+02
3.113333333329999846e+02 5.287777777779999724e+02
4.858999999999999773e+02 5.281000000000000227e+02
1.094000000000000057e+02 5.294500000000000455e+02
4.689999999999999858e+01 5.301000000000000227e+02
4.401470588239999984e+02 5.305000000000000000e+02
5.598846153849999610e+02 5.298846153849999610e+02
1.471052631599999927e+01 5.321315789469999800e+02
2.787500000000000000e+02 5.332500000000000000e+02
2.713636363599999868e+01 5.341818181820000291e+02
2.088846153849999894e+02 5.348846153849999610e+02
4.225833333329999846e+02 5.348333333330000414e+02
4.965000000000000000e+02 5.350000000000000000e+02
1.703181818179999993e+02 5.366818181820000291e+02
5.780000000000000000e+02 5.370000000000000000e+02
1.433666666670000041e+02 5.379666666670000268e+02
3.308809523809999860e+02 5.400238095239999438e+02
3.481428571430000147e+02 5.397142857139999705e+02
5.158636363639999445e+02 5.389545454550000159e+02
5.336000000000000227e+02 5.405499999999999545e+02
1.909210526319999985e+02 5.413947368420000430e+02
2.921923076919999858e+02 5.409615384620000214e+02
3.070000000000000000e+02 5.410000000000000000e+02
7.609999999999999432e+01 5.421000000000000227e+02
2.316578947369999923e+02 5.426578947369999923e+02
1.296176470590000065e+02 5.430882352940000146e+02
3.875000000000000000e+02 5.430000000000000000e+02
4.063461538459999929e+02 5.430384615379999786e+02
2.062857142860000010e+02 5.451428571430000147e+02
9.400000000000000000e+01 5.467857142860000295e+02
2.608333333329999846e+02 5.467666666669999813e+02
4.262142857140000274e+02 5.470000000000000000e+02
5.483333333299999879e+01 5.496111111110000138e+02
2.527500000000000000e+02 5.510625000000000000e+02
5.304166666669999586e+02 5.511666666669999586e+02
5.522619047619999719e+02 5.514523809519999986e+02
2.642857143000000075e+00 5.522142857139999705e+02
3.314705882399999837e+01 5.520294117649999635e+02
2.265000000000000000e+02 5.520000000000000000e+02
1.670999999999999943e+02 5.535666666670000495e+02
3.707666666669999813e+02 5.548333333330000414e+02
4.680000000000000000e+02 5.542777777779999724e+02
5.101153846149999822e+02 5.551153846150000390e+02
4.493666666670000041e+02 5.557000000000000455e+02
5.701818181820000291e+02 5.566363636360000555e+02
2.985000000000000000e+02 5.570000000000000000e+02
4.917916666670000154e+02 5.587916666669999586e+02
8.165384615399999291e+01 5.589615384620000214e+02
2.805000000000000000e+02 5.597105263160000277e+02
3.575000000000000000e+02 5.590000000000000000e+02
3.957500000000000000e+02 5.597500000000000000e+02
1.140000000000000000e+02 5.597857142860000295e+02
5.300000000000000000e+01 5.605000000000000000e+02
1.745000000000000000e+02 5.605000000000000000e+02
3.375000000000000000e+02 5.615000000000000000e+02
