2.000000000000000000e+00 1.500000000000000000e+00
4.371428571399999896e+01 1.857142856999999925e+00
1.525000000000000000e+02 5.000000000000000000e-01
2.785000000000000000e+02 8.750000000000000000e-01
3.240000000000000000e+02 2.277777777999999920e+00
4.010000000000000000e+02 1.500000000000000000e+00
4.690000000000000000e+02 8.333333330000000094e-01
5.005000000000000000e+02 5.000000000000000000e-01
4.804444444439999984e+02 4.722222222000000080e+00
5.585909090909999577e+02 3.863636363999999990e+00
7.100000000000000000e+01 4.500000000000000000e+00
2.251363636359999987e+02 4.590909091000000330e+00
2.600294117650000203e+02 6.147058824000000143e+00
3.713999999999999773e+02 6.450000000000000178e+00
5.770000000000000000e+02 6.277777777999999920e+00
3.490000000000000000e+02 7.000000000000000000e+00
5.189615384620000214e+02 7.346153845999999987e+00
2.338888888900000040e+01 8.222222221999999192e+00
1.957352941180000130e+02 8.264705881999999448e+00
3.055000000000000000e+02 9.500000000000000000e+00
2.341153846150000106e+02 1.011538461499999997e+01
9.944736842099999308e+01 1.234210526300000055e+01
3.853000000000000114e+02 1.150000000000000000e+01
1.356875000000000000e+02 1.318750000000000000e+01
2.167500000000000000e+02 1.312500000000000000e+01
4.576818181819999722e+02 1.331818181799999934e+01
8.496666666699999837e+01 1.436666666700000050e+01
4.208529411760000016e+02 1.397058823499999924e+01
4.390000000000000000e+02 1.400000000000000000e+01
5.542647058820000439e+02 1.526470588199999945e+01
5.414285714290000442e+02 1.628571428600000104e+01
1.761363636359999987e+02 1.659090909100000033e+01
5.080882352940000146e+02 1.761764705899999939e+01
1.231470588239999984e+02 1.997058823500000102e+01
2.722500000000000000e+02 2.083333333299999879e+01
4.643999999999999773e+02 2.144999999999999929e+01
2.077777777800000081e+01 2.238888888900000040e+01
2.837500000000000000e+02 2.216666666700000121e+01
3.267500000000000000e+02 2.325000000000000000e+01
5.900000000000000000e+01 2.427777777800000081e+01
7.683333333299999879e+01 2.464285714300000052e+01
1.553421052630000077e+02 2.465789473699999945e+01
3.510000000000000000e+02 2.477272727300000099e+01
4.831428571430000147e+02 2.428571428600000104e+01
5.298333333330000414e+02 2.416666666700000121e+01
5.708333333330000414e+02 2.450000000000000000e+01
1.040000000000000000e+02 2.550000000000000000e+01
3.696176470589999781e+02 2.491176470599999959e+01
1.758333333330000130e+02 2.616666666700000121e+01
3.928333333329999846e+02 2.638888888900000040e+01
8.277777778000000808e+00 2.800000000000000000e+01
3.786363636400000132e+01 2.795454545500000165e+01
4.536904761900000267e+02 3.035714285699999948e+01
4.088846153850000178e+02 3.088461538500000003e+01
3.077857142859999726e+02 3.200000000000000000e+01
1.446333333329999959e+02 3.303333333300000163e+01
1.990000000000000000e+02 3.300000000000000000e+01
3.651153846149999822e+02 3.311538461500000352e+01
5.580333333329999732e+02 3.336666666699999695e+01
2.505000000000000000e+02 3.350000000000000000e+01
4.733235294120000276e+02 3.455882352900000143e+01
1.125000000000000000e+02 3.500000000000000000e+01
2.141363636359999987e+02 3.440909090899999967e+01
4.293888888889999862e+02 3.522222222199999919e+01
4.988000000000000114e+02 3.560000000000000142e+01
2.375909090909999861e+02 3.613636363599999868e+01
4.053125000000000000e+02 3.662500000000000000e+01
6.600000000000000000e+01 3.778571428600000104e+01
3.315000000000000000e+02 3.800000000000000000e+01
3.790000000000000000e+02 3.850000000000000000e+01
5.205000000000000000e+02 3.928947368400000073e+01
8.240909090899999967e+01 4.240909090899999967e+01
2.268809523809999860e+02 4.278571428600000104e+01
2.615714285710000127e+02 4.235714285699999948e+01
2.999117647059999854e+02 4.338235294100000061e+01
5.681000000000000227e+02 4.410000000000000142e+01
1.372894736840000007e+02 4.513157894700000128e+01
2.810000000000000142e+01 4.610000000000000142e+01
1.636111111110000138e+02 4.677777777800000081e+01
4.454999999999999716e+01 4.760000000000000142e+01
1.855500000000000114e+02 4.839999999999999858e+01
3.519117647059999854e+02 4.861764705899999939e+01
5.416818181820000291e+02 4.831818181799999934e+01
3.263000000000000114e+02 4.850000000000000000e+01
3.867857142859999726e+02 4.900000000000000000e+01
3.621250000000000000e+02 5.175000000000000000e+01
4.435000000000000000e+02 5.150000000000000000e+01
4.652222222220000276e+02 5.138888888900000040e+01
2.868125000000000000e+02 5.262500000000000000e+01
3.152500000000000000e+02 5.183333333299999879e+01
4.952500000000000000e+02 5.187500000000000000e+01
2.047352941180000130e+02 5.308823529400000041e+01
2.611111111000000040e+00 5.477777777800000081e+01
1.060000000000000000e+02 5.400000000000000000e+01
5.071153846149999822e+02 5.388461538499999648e+01
4.167631578950000062e+02 5.613157894700000128e+01
5.435952380950000133e+02 5.726190476200000035e+01
5.600000000000000000e+02 5.650000000000000000e+01
5.841666666669999586e+02 5.575000000000000000e+01
6.065789473699999945e+01 5.834210526300000055e+01
2.401999999999999886e+02 5.864999999999999858e+01
3.787500000000000000e+02 5.787500000000000000e+01
1.639615384619999929e+02 5.865384615400000001e+01
2.499117647060000138e+02 5.938235294100000061e+01
1.180000000000000000e+02 5.950000000000000000e+01
1.417142857139999990e+02 6.214285714300000052e+01
3.967777777779999724e+02 6.261111111099999960e+01
4.736999999999999886e+02 6.150000000000000000e+01
8.390000000000000568e+01 6.310000000000000142e+01
3.388333333329999846e+02 6.325000000000000000e+01
4.302142857140000274e+02 6.300000000000000000e+01
2.665000000000000000e+02 6.435714285699999948e+01
5.262500000000000000e+02 6.412500000000000000e+01
4.961000000000000227e+02 6.490000000000000568e+01
4.896666666699999837e+01 6.636666666700000405e+01
1.978529411760000016e+02 6.602941176500000608e+01
4.520000000000000000e+02 6.670000000000000284e+01
2.130999999999999943e+02 6.809999999999999432e+01
2.413636363599999868e+01 6.859090909100000033e+01
1.718809523809999860e+02 7.302380952400000069e+01
3.151153846149999822e+02 7.188461538500000358e+01
3.433999999999999773e+02 7.254999999999999716e+01
1.125909090910000003e+02 7.413636363599999868e+01
7.200000000000000000e+01 7.521428571399999896e+01
2.746111111110000138e+02 7.522222222199999919e+01
4.686250000000000000e+02 7.518750000000000000e+01
5.346333333329999959e+02 7.503333333300000163e+01
2.975000000000000000e+02 7.570000000000000284e+01
5.082142857140000274e+02 7.600000000000000000e+01
3.647727272729999868e+02 7.850000000000000000e+01
5.729117647059999854e+02 7.838235294099999351e+01
9.250000000000000000e+00 7.912500000000000000e+01
2.259666666669999984e+02 7.936666666700000405e+01
2.333000000000000114e+02 7.809999999999999432e+01
1.281666666669999870e+02 7.975000000000000000e+01
2.534090909090000139e+02 8.059090909100000033e+01
3.319117647059999854e+02 8.061764705900000649e+01
1.539615384619999929e+02 8.065384615399999291e+01
8.775000000000000000e+01 8.206250000000000000e+01
2.072058823529999927e+02 8.291176470599999959e+01
4.131250000000000000e+02 8.375000000000000000e+01
4.831000000000000227e+02 8.309999999999999432e+01
5.863333333300000305e+01 8.403333333300000163e+01
4.265000000000000000e+02 8.571052631599999927e+01
3.134210526300000055e+01 8.734210526299999344e+01
3.846666666670000154e+02 8.761111111099999960e+01
3.062142857140000274e+02 8.800000000000000000e+01
1.701666666669999870e+02 8.875000000000000000e+01
4.487142857140000274e+02 8.914285714300000052e+01
5.027142857140000274e+02 8.885714285699999948e+01
5.480000000000000000e+02 8.878571428600000104e+01
4.700384615379999786e+02 8.965384615399999291e+01
5.732500000000000000e+02 9.075000000000000000e+01
1.321153846150000106e+02 9.111538461499999642e+01
7.570000000000000284e+01 9.250000000000000000e+01
5.835000000000000000e+02 9.350000000000000000e+01
5.711538461500000352e+01 9.388461538500000358e+01
4.087500000000000000e+02 9.556250000000000000e+01
1.102500000000000000e+02 9.612500000000000000e+01
2.966000000000000227e+02 9.654999999999999716e+01
5.291153846150000390e+02 9.588461538500000358e+01
2.465000000000000000e+02 9.695454545500000165e+01
1.300000000000000000e+01 9.850000000000000000e+01
8.996666666699999837e+01 9.863333333299999595e+01
1.920000000000000000e+02 9.821428571399999896e+01
2.301999999999999886e+02 9.865000000000000568e+01
5.432894736839999723e+02 9.886842105300000583e+01
2.683666666670000041e+02 9.896666666699999837e+01
3.508999999999999773e+02 9.990000000000000568e+01
3.723421052630000077e+02 1.006578947370000066e+02
3.843333333329999846e+02 1.000833333329999988e+02
3.900000000000000000e+01 1.032142857139999990e+02
1.409615384619999929e+02 1.033461538460000071e+02
1.606333333329999959e+02 1.030333333330000016e+02
4.833750000000000000e+02 1.031875000000000000e+02
4.476333333329999959e+02 1.040333333330000016e+02
3.263888888889999862e+02 1.055555555560000016e+02
1.990000000000000000e+02 1.057857142860000010e+02
5.115000000000000000e+02 1.088333333329999988e+02
1.241923076920000000e+02 1.104230769229999964e+02
2.594499999999999886e+02 1.104000000000000057e+02
5.658846153849999610e+02 1.108846153850000036e+02
2.410000000000000000e+02 1.115000000000000000e+02
4.423888888889999862e+02 1.121666666670000012e+02
2.910000000000000000e+02 1.135000000000000000e+02
3.080000000000000000e+02 1.130000000000000000e+02
4.205000000000000000e+02 1.130000000000000000e+02
1.019615384619999929e+02 1.136538461539999929e+02
2.934210526300000055e+01 1.153421052629999934e+02
2.181428571429999863e+02 1.154285714290000016e+02
3.346999999999999886e+02 1.145000000000000000e+02
5.800000000000000000e+02 1.152142857139999990e+02
6.928260869599999694e+01 1.164130434780000058e+02
4.070625000000000000e+02 1.162500000000000000e+02
4.680000000000000000e+02 1.160000000000000000e+02
1.400000000000000000e+01 1.172142857139999990e+02
1.907857142860000010e+02 1.170000000000000000e+02
4.950000000000000000e+01 1.180000000000000000e+02
5.044499999999999886e+02 1.204000000000000057e+02
5.331666666669999586e+02 1.204166666670000012e+02
1.480294117649999919e+02 1.211470588239999984e+02
1.623750000000000000e+02 1.211875000000000000e+02
5.531153846150000390e+02 1.211153846149999964e+02
3.603999999999999773e+02 1.234500000000000028e+02
4.200000000000000000e+02 1.240000000000000000e+02
2.316176470590000065e+02 1.260882352940000004e+02
3.769166666670000154e+02 1.257500000000000000e+02
5.220263157890000230e+02 1.261842105260000011e+02
3.143461538459999929e+02 1.272692307690000035e+02
5.661153846150000390e+02 1.271153846149999964e+02
6.404545454499999835e+01 1.281363636359999987e+02
1.284333333330000073e+02 1.285666666669999927e+02
3.908999999999999773e+02 1.280999999999999943e+02
4.461000000000000227e+02 1.279000000000000057e+02
8.468181818200000066e+01 1.286818181820000007e+02
1.055909090910000003e+02 1.295909090909999861e+02
2.114000000000000057e+02 1.295500000000000114e+02
2.740000000000000000e+02 1.290000000000000000e+02
4.865000000000000000e+02 1.275000000000000000e+02
4.818846153850000178e+02 1.298846153849999894e+02
3.328750000000000000e+02 1.317500000000000000e+02
1.830000000000000000e+02 1.320000000000000000e+02
2.953235294120000276e+02 1.335588235289999943e+02
4.660000000000000000e+02 1.342142857139999990e+02
1.381153846150000106e+02 1.348846153849999894e+02
5.828636363639999445e+02 1.355909090909999861e+02
2.490999999999999943e+02 1.369000000000000057e+02
1.688461538500000003e+01 1.378846153849999894e+02
4.978999999999999773e+02 1.379000000000000057e+02
5.315625000000000000e+02 1.383125000000000000e+02
3.610000000000000142e+01 1.390999999999999943e+02
4.118529411760000016e+02 1.389705882350000081e+02
5.601666666669999586e+02 1.392333333329999903e+02
1.603595041320000121e+02 1.475991735540000036e+02
1.880000000000000000e+02 1.425000000000000000e+02
2.114090909090000139e+02 1.431363636359999987e+02
3.090000000000000000e+02 1.432142857139999990e+02
5.000000000000000000e+00 1.450000000000000000e+02
5.134210526300000055e+01 1.456578947369999923e+02
3.540000000000000000e+02 1.450000000000000000e+02
2.572500000000000000e+02 1.462500000000000000e+02
4.305000000000000000e+02 1.470000000000000000e+02
5.181000000000000227e+02 1.470999999999999943e+02
6.634210526299999344e+01 1.483421052630000077e+02
1.132142857139999990e+02 1.480000000000000000e+02
7.587500000000000000e+01 1.499375000000000000e+02
1.008333333329999988e+02 1.493571428570000137e+02
2.408333333330000130e+02 1.492222222219999992e+02
4.792619047619999719e+02 1.495476190480000014e+02
1.376999999999999886e+02 1.506999999999999886e+02
2.344000000000000057e+02 1.505500000000000114e+02
4.520789473680000015e+02 1.503947368419999862e+02
2.808999999999999773e+02 1.509000000000000057e+02
3.375500000000000114e+02 1.525999999999999943e+02
3.753666666670000041e+02 1.544333333330000073e+02
3.853823529410000219e+02 1.549117647060000138e+02
3.510000000000000000e+02 1.555000000000000000e+02
4.431000000000000227e+02 1.559000000000000057e+02
4.998809523809999860e+02 1.572619047620000003e+02
3.082619047619999719e+02 1.601190476190000140e+02
1.807894736800000146e+01 1.606052631580000138e+02
5.372857142860000295e+02 1.601428571429999863e+02
5.688809523810000428e+02 1.612619047620000003e+02
2.135000000000000000e+02 1.633000000000000114e+02
3.991666666670000154e+02 1.627500000000000000e+02
1.865000000000000000e+02 1.645000000000000000e+02
2.728333333329999846e+02 1.637222222219999992e+02
3.217500000000000000e+02 1.641250000000000000e+02
1.642857143000000075e+00 1.651428571429999863e+02
9.491176470599999959e+01 1.666176470590000065e+02
2.810454545449999841e+02 1.661363636359999987e+02
5.107500000000000000e+02 1.670000000000000000e+02
3.829999999999999716e+01 1.665000000000000000e+02
1.548846153849999894e+02 1.681153846150000106e+02
6.007894736800000146e+01 1.706052631580000138e+02
2.029210526319999985e+02 1.706052631580000138e+02
4.617500000000000000e+02 1.701250000000000000e+02
4.788333333329999846e+02 1.707777777780000008e+02
5.816578947369999923e+02 1.710789473680000015e+02
7.676666666699999553e+01 1.726999999999999886e+02
1.200384615380000071e+02 1.716538461540000071e+02
4.244499999999999886e+02 1.725999999999999943e+02
4.933421052630000077e+02 1.743421052630000077e+02
2.202777777780000008e+02 1.754444444439999984e+02
2.388333333330000130e+02 1.758888888889999862e+02
3.390833333329999846e+02 1.752500000000000000e+02
5.535000000000000000e+02 1.748333333330000130e+02
3.676764705879999724e+02 1.766764705880000008e+02
5.312894736839999723e+02 1.778684210529999916e+02
1.768181818200000066e+01 1.776818181820000007e+02
1.738333333330000130e+02 1.785000000000000000e+02
3.867777777779999724e+02 1.783333333330000130e+02
5.345238095199999862e+01 1.797380952379999997e+02
4.352894736839999723e+02 1.798684210529999916e+02
1.421315789470000084e+02 1.802894736840000007e+02
2.784444444439999984e+02 1.807222222219999992e+02
1.060882352940000004e+02 1.813823529409999935e+02
3.599117647059999854e+02 1.826176470590000065e+02
4.665000000000000000e+02 1.835000000000000000e+02
1.835000000000000000e+02 1.835000000000000000e+02
2.952647058819999870e+02 1.842647058819999870e+02
4.813823529410000219e+02 1.840882352939999862e+02
5.702058823529999927e+02 1.842647058819999870e+02
4.073333333329999846e+02 1.865000000000000000e+02
1.250000000000000000e+01 1.880000000000000000e+02
3.650000000000000000e+01 1.885000000000000000e+02
2.037500000000000000e+02 1.887500000000000000e+02
2.453125000000000000e+02 1.886875000000000000e+02
3.172142857140000274e+02 1.906428571429999863e+02
3.726176470589999781e+02 1.910882352939999862e+02
5.173888888889999862e+02 1.912222222219999992e+02
1.399000000000000057e+02 1.920999999999999943e+02
1.643461538459999929e+02 1.930384615380000071e+02
2.742500000000000000e+02 1.931666666669999870e+02
7.661764705900000649e+01 1.949117647060000138e+02
1.080999999999999943e+02 1.949000000000000057e+02
3.355000000000000000e+02 1.955000000000000000e+02
3.971153846149999822e+02 1.961153846150000106e+02
2.895000000000000000e+02 1.971470588239999984e+02
4.230000000000000000e+02 1.970000000000000000e+02
4.661190476190000140e+02 1.985000000000000000e+02
1.221153846149999964e+02 1.988846153849999894e+02
5.522222222220000276e+02 1.993888888889999862e+02
6.238888888900000040e+01 2.007777777780000008e+02
3.467352941180000130e+02 2.007352941180000130e+02
5.350882352940000146e+02 2.006176470590000065e+02
4.416333333329999959e+02 2.010333333330000016e+02
4.991000000000000227e+02 2.020999999999999943e+02
2.181153846150000106e+02 2.031153846150000106e+02
2.428846153849999894e+02 2.031153846150000106e+02
2.976578947369999923e+02 2.033421052630000077e+02
5.842142857139999705e+02 2.030000000000000000e+02
1.900000000000000000e+01 2.047500000000000000e+02
5.711153846150000390e+02 2.038846153849999894e+02
2.696499999999999773e+02 2.057500000000000000e+02
4.350000000000000000e+01 2.060000000000000000e+02
4.323666666670000041e+02 2.060333333330000016e+02
4.740000000000000000e+02 2.060000000000000000e+02
2.575500000000000114e+02 2.074000000000000057e+02
8.003333333300000163e+01 2.096333333329999959e+02
1.256764705880000008e+02 2.096764705880000008e+02
1.855526315790000069e+02 2.097105263159999993e+02
5.177857142860000295e+02 2.100000000000000000e+02
1.596538461540000071e+02 2.119615384619999929e+02
2.088636363640000013e+02 2.114090909090000139e+02
4.052777777779999724e+02 2.120000000000000000e+02
3.200000000000000000e+02 2.135000000000000000e+02
3.422222222220000276e+02 2.136111111110000138e+02
3.798000000000000114e+02 2.131999999999999886e+02
5.750000000000000000e+00 2.138333333330000130e+02
1.185000000000000000e+02 2.140000000000000000e+02
3.586764705879999724e+02 2.144411764710000057e+02
7.350000000000000000e+01 2.160000000000000000e+02
1.795526315790000069e+02 2.171315789470000084e+02
4.960000000000000000e+02 2.170000000000000000e+02
2.400000000000000000e+01 2.177857142860000010e+02
9.983333333299999879e+01 2.190714285710000127e+02
2.817717391300000145e+02 2.226956521740000028e+02
4.480000000000000000e+02 2.176666666669999870e+02
5.823666666670000041e+02 2.181666666669999870e+02
2.301153846150000106e+02 2.197307692310000107e+02
5.302619047619999719e+02 2.228809523809999860e+02
5.515000000000000000e+02 2.213461538459999929e+02
5.129999999999999716e+01 2.241999999999999886e+02
2.433571428570000137e+02 2.268333333330000130e+02
5.111153846149999822e+02 2.258846153849999894e+02
1.993421052630000077e+02 2.276578947369999923e+02
1.485000000000000000e+02 2.280000000000000000e+02
4.025000000000000000e+02 2.280000000000000000e+02
4.593235294120000276e+02 2.286764705880000008e+02
2.603421052630000077e+02 2.293421052630000077e+02
8.265789473700000656e+01 2.303421052630000077e+02
2.265999999999999943e+02 2.314499999999999886e+02
3.250000000000000000e+02 2.315000000000000000e+02
3.905500000000000114e+02 2.320500000000000114e+02
5.647105263160000277e+02 2.315000000000000000e+02
1.290000000000000000e+02 2.325000000000000000e+02
1.635000000000000000e+02 2.320000000000000000e+02
3.630000000000000000e+02 2.325000000000000000e+02
4.202500000000000000e+02 2.328750000000000000e+02
4.380454545449999841e+02 2.328636363640000013e+02
4.857777777779999724e+02 2.346111111110000138e+02
3.097857142859999726e+02 2.350000000000000000e+02
9.500000000000000000e+00 2.375000000000000000e+02
1.762142857139999990e+02 2.370000000000000000e+02
3.361764705899999939e+01 2.379117647060000138e+02
5.714285714300000052e+01 2.407142857139999990e+02
1.010625000000000000e+02 2.398750000000000000e+02
3.700000000000000000e+02 2.400000000000000000e+02
2.866578947369999923e+02 2.416578947369999923e+02
5.475000000000000000e+02 2.420000000000000000e+02
2.067857142860000010e+02 2.430000000000000000e+02
5.319666666670000268e+02 2.433666666670000041e+02
2.723888888889999862e+02 2.447777777780000008e+02
4.242142857140000274e+02 2.440000000000000000e+02
1.475000000000000000e+02 2.446666666669999870e+02
3.408636363640000013e+02 2.444090909090000139e+02
5.118571428569999853e+02 2.457142857139999990e+02
8.261111111099999960e+01 2.467777777780000008e+02
3.280000000000000000e+02 2.462777777780000008e+02
4.022142857140000274e+02 2.462142857139999990e+02
1.128846153850000036e+02 2.471153846150000106e+02
2.428333333330000130e+02 2.471666666669999870e+02
4.452647058819999870e+02 2.470882352939999862e+02
5.841470588240000552e+02 2.475000000000000000e+02
1.850000000000000000e+01 2.478333333330000130e+02
4.728571428600000104e+01 2.491428571429999863e+02
3.665000000000000000e+02 2.513000000000000114e+02
4.990000000000000000e+02 2.512777777780000008e+02
1.885000000000000000e+02 2.527916666669999870e+02
4.683461538459999929e+02 2.522692307689999893e+02
5.451956521739999744e+02 2.527608695650000072e+02
1.326999999999999886e+02 2.533000000000000114e+02
4.861153846149999822e+02 2.531153846150000106e+02
5.682142857139999705e+02 2.550000000000000000e+02
3.036666666670000154e+02 2.567777777779999724e+02
2.811000000000000227e+02 2.568999999999999773e+02
3.517857142859999726e+02 2.570000000000000000e+02
3.891666666670000154e+02 2.575000000000000000e+02
4.271315789469999800e+02 2.572894736839999723e+02
2.555000000000000000e+02 2.582894736839999723e+02
1.631875000000000000e+02 2.613750000000000000e+02
4.738333333329999846e+02 2.617666666669999813e+02
1.300000000000000000e+01 2.637222222220000276e+02
2.253421052630000077e+02 2.633421052630000077e+02
3.095000000000000000e+02 2.645000000000000000e+02
4.110000000000000000e+02 2.645000000000000000e+02
1.873571428570000137e+02 2.661190476190000140e+02
5.560000000000000000e+02 2.650000000000000000e+02
3.877777777800000081e+01 2.666111111110000138e+02
6.350000000000000000e+01 2.665000000000000000e+02
2.077105263159999993e+02 2.668684210530000200e+02
5.190000000000000000e+02 2.660000000000000000e+02
1.465000000000000000e+02 2.670714285710000127e+02
4.545000000000000000e+02 2.670000000000000000e+02
5.044499999999999886e+02 2.676000000000000227e+02
5.806176470589999781e+02 2.675000000000000000e+02
8.662500000000000000e+01 2.688125000000000000e+02
9.692105263199999854e+01 2.696052631580000138e+02
1.169545454550000017e+02 2.688636363640000013e+02
2.963750000000000000e+02 2.683750000000000000e+02
4.381153846149999822e+02 2.688846153850000178e+02
2.749117647059999854e+02 2.702647058819999870e+02
3.261250000000000000e+02 2.707500000000000000e+02
2.350000000000000000e+02 2.710000000000000000e+02
3.893181818180000278e+02 2.713181818180000278e+02
3.776999999999999886e+02 2.720000000000000000e+02
4.883888888889999862e+02 2.724444444439999984e+02
5.310454545449999841e+02 2.721363636359999987e+02
1.701153846150000106e+02 2.738846153850000178e+02
6.200000000000000000e+01 2.748333333329999846e+02
1.347857142860000010e+02 2.760000000000000000e+02
1.540000000000000000e+02 2.756999999999999886e+02
3.475625000000000000e+02 2.761875000000000000e+02
2.220999999999999943e+02 2.791000000000000227e+02
5.744500000000000455e+02 2.803999999999999773e+02
4.378529411760000016e+02 2.815000000000000000e+02
1.286842105300000050e+01 2.827631578950000062e+02
2.882142857140000274e+02 2.820000000000000000e+02
4.873076923099999647e+01 2.838846153850000178e+02
3.170714285710000127e+02 2.845714285710000127e+02
2.685000000000000000e+02 2.842142857140000274e+02
4.078999999999999773e+02 2.848999999999999773e+02
8.429999999999999716e+01 2.865666666669999927e+02
5.438571428569999853e+02 2.862857142859999726e+02
3.186842105299999872e+01 2.872894736839999723e+02
3.670000000000000000e+02 2.872142857140000274e+02
2.579583333329999846e+02 2.885416666670000154e+02
1.526176470590000065e+02 2.892058823529999927e+02
2.016538461540000071e+02 2.890384615379999786e+02
3.860333333329999732e+02 2.896333333329999959e+02
4.734499999999999886e+02 2.893999999999999773e+02
4.935000000000000000e+02 2.895000000000000000e+02
1.060000000000000000e+02 2.910000000000000000e+02
1.247222222219999992e+02 2.910000000000000000e+02
1.874444444439999984e+02 2.917222222220000276e+02
1.662647058819999870e+02 2.935000000000000000e+02
4.223235294120000276e+02 2.934411764710000057e+02
4.580294117650000203e+02 2.938529411760000016e+02
2.985000000000000000e+02 2.950000000000000000e+02
5.870714285709999558e+02 2.952142857140000274e+02
5.761111111099999960e+01 2.958333333329999846e+02
5.550000000000000000e+02 2.966999999999999886e+02
2.160000000000000000e+02 2.975000000000000000e+02
2.391428571429999863e+02 2.977142857140000274e+02
5.250625000000000000e+02 2.982500000000000000e+02
3.325000000000000000e+02 2.988750000000000000e+02
3.983235294120000276e+02 2.997352941180000130e+02
4.303333333300000163e+01 3.003666666670000041e+02
3.416999999999999886e+02 3.003000000000000114e+02
7.213636363599999868e+01 3.010454545449999841e+02
3.581000000000000227e+02 3.008999999999999773e+02
1.936578947369999923e+02 3.026578947369999923e+02
2.547352941180000130e+02 3.022647058819999870e+02
5.073750000000000000e+02 3.035625000000000000e+02
4.412142857140000274e+02 3.040000000000000000e+02
2.790333333329999732e+02 3.056333333329999959e+02
1.077777777800000081e+01 3.066111111110000138e+02
1.397777777780000008e+02 3.076666666670000154e+02
3.205000000000000000e+02 3.072894736839999723e+02
3.829117647059999854e+02 3.073823529410000219e+02
1.741363636359999987e+02 3.075909090910000145e+02
4.545000000000000000e+02 3.076999999999999886e+02
9.307142857099999844e+01 3.095714285710000127e+02
5.333333333330000414e+02 3.113888888889999862e+02
2.416999999999999886e+02 3.120000000000000000e+02
4.777222222220000276e+02 3.120000000000000000e+02
1.580000000000000000e+02 3.136999999999999886e+02
2.946363636359999987e+02 3.141818181819999722e+02
5.745000000000000000e+02 3.127857142859999726e+02
4.086538461540000071e+02 3.140384615379999786e+02
3.358846153850000178e+02 3.148846153850000178e+02
5.000000000000000000e+01 3.157857142859999726e+02
1.189000000000000057e+02 3.167500000000000000e+02
5.491250000000000000e+02 3.162500000000000000e+02
3.120384615379999786e+02 3.173461538459999929e+02
3.896428571430000147e+02 3.178333333329999846e+02
2.148846153849999894e+02 3.181153846149999822e+02
3.645000000000000000e+02 3.185000000000000000e+02
6.475000000000000000e+01 3.188333333329999846e+02
4.991470588239999984e+02 3.205000000000000000e+02
3.300000000000000000e+01 3.223181818180000278e+02
4.270000000000000000e+02 3.232142857140000274e+02
4.808333333329999846e+02 3.227500000000000000e+02
8.483333333299999879e+01 3.248333333329999846e+02
2.539375000000000000e+02 3.238750000000000000e+02
1.779000000000000057e+02 3.248999999999999773e+02
5.188684210530000200e+02 3.257105263160000277e+02
2.500000000000000000e+00 3.261470588239999984e+02
2.670000000000000000e+02 3.262142857140000274e+02
3.749117647059999854e+02 3.266176470589999781e+02
1.326578947369999923e+02 3.273421052630000077e+02
4.611153846149999822e+02 3.271153846149999822e+02
1.445000000000000000e+02 3.285000000000000000e+02
1.977777777780000008e+02 3.296111111110000138e+02
5.688846153849999610e+02 3.291153846149999822e+02
5.511153846150000390e+02 3.298846153850000178e+02
1.103235294119999992e+02 3.316764705879999724e+02
6.900000000000000000e+01 3.320000000000000000e+02
4.429117647059999854e+02 3.323823529410000219e+02
2.975000000000000000e+02 3.331470588239999984e+02
2.297307692310000107e+02 3.342692307689999893e+02
3.483571428569999853e+02 3.365000000000000000e+02
4.956538461540000071e+02 3.359615384620000214e+02
8.438888888900000040e+01 3.376666666670000154e+02
4.142142857140000274e+02 3.370000000000000000e+02
2.090384615380000071e+02 3.383461538459999929e+02
1.725000000000000000e+02 3.394444444439999984e+02
5.390000000000000000e+02 3.390000000000000000e+02
5.325000000000000000e+01 3.398333333329999846e+02
3.195000000000000000e+02 3.402894736839999723e+02
5.767380952380000281e+02 3.421190476190000140e+02
2.793421052630000077e+02 3.424473684210000215e+02
3.559615384620000214e+02 3.423461538459999929e+02
3.071052631599999927e+01 3.431315789469999800e+02
2.545000000000000000e+02 3.431470588239999984e+02
5.555555555999999839e+00 3.452777777779999724e+02
3.749545454550000159e+02 3.448636363640000013e+02
3.910000000000000000e+02 3.460000000000000000e+02
4.296578947369999923e+02 3.466578947369999923e+02
4.664166666670000154e+02 3.458333333329999846e+02
4.835000000000000000e+02 3.461666666670000154e+02
5.221428571430000147e+02 3.467142857140000274e+02
1.208333333329999988e+02 3.475476190480000014e+02
1.452500000000000000e+02 3.480625000000000000e+02
1.945000000000000000e+02 3.480714285710000127e+02
9.827777777800000081e+01 3.500000000000000000e+02
3.325000000000000000e+02 3.508529411760000016e+02
4.401666666670000154e+02 3.518333333329999846e+02
2.262222222219999992e+02 3.526111111110000138e+02
5.107727272729999868e+02 3.522272727270000132e+02
3.680652173909999760e+02 3.535869565219999799e+02
6.503846153800000707e+01 3.543461538459999929e+02
2.568529411760000016e+02 3.540294117650000203e+02
4.916999999999999886e+02 3.535000000000000000e+02
5.495000000000000000e+02 3.543000000000000114e+02
4.046538461540000071e+02 3.551923076919999858e+02
5.325909090909999577e+02 3.558636363640000013e+02
5.744473684209999647e+02 3.564473684210000215e+02
2.067500000000000000e+02 3.571666666670000154e+02
3.185714285699999948e+01 3.577857142859999726e+02
1.645000000000000000e+02 3.580000000000000000e+02
2.765000000000000000e+02 3.580000000000000000e+02
4.703846153799999996e+01 3.595000000000000000e+02
3.180000000000000000e+02 3.585000000000000000e+02
1.868636363640000013e+02 3.594090909089999855e+02
2.981818181819999722e+02 3.610909090910000145e+02
7.681818181799999934e+01 3.630909090910000145e+02
4.645625000000000000e+02 3.636250000000000000e+02
1.104090909089999997e+02 3.655909090910000145e+02
2.404499999999999886e+02 3.663999999999999773e+02
4.288636363640000013e+02 3.654090909089999855e+02
3.951470588239999984e+02 3.679705882349999797e+02
4.990882352940000146e+02 3.686176470589999781e+02
5.860789473679999446e+02 3.686052631580000138e+02
6.116666666700000121e+01 3.687500000000000000e+02
2.000000000000000000e+01 3.710000000000000000e+02
3.813888888889999862e+02 3.707777777779999724e+02
5.288529411759999448e+02 3.705000000000000000e+02
5.536111111110000138e+02 3.712222222220000276e+02
1.550000000000000000e+02 3.722142857140000274e+02
2.220454545450000126e+02 3.715000000000000000e+02
4.810000000000000000e+02 3.725000000000000000e+02
9.164285714300000052e+01 3.742142857140000274e+02
1.380000000000000000e+02 3.737857142859999726e+02
1.874047619049999867e+02 3.750714285710000127e+02
3.446176470589999781e+02 3.739117647059999854e+02
4.180000000000000000e+02 3.760000000000000000e+02
7.738235294099999351e+01 3.769117647059999854e+02
4.469117647059999854e+02 3.773823529410000219e+02
5.723999999999999773e+02 3.775500000000000114e+02
4.038235294100000061e+01 3.790882352940000146e+02
2.019000000000000057e+02 3.798999999999999773e+02
2.616111111110000138e+02 3.802222222220000276e+02
2.877500000000000000e+02 3.827500000000000000e+02
3.102142857140000274e+02 3.818571428569999853e+02
3.256176470589999781e+02 3.830882352940000146e+02
1.655625000000000000e+02 3.853750000000000000e+02
5.167142857139999705e+02 3.858571428569999853e+02
5.000000000000000000e-01 3.855000000000000000e+02
1.169375000000000000e+02 3.872500000000000000e+02
1.360000000000000000e+02 3.877857142859999726e+02
3.625000000000000000e+02 3.880000000000000000e+02
3.869705882349999797e+02 3.888529411760000016e+02
4.617500000000000000e+02 3.881250000000000000e+02
5.750000000000000000e+01 3.905000000000000000e+02
4.052894736839999723e+02 3.905000000000000000e+02
4.352142857140000274e+02 3.900000000000000000e+02
4.943000000000000114e+02 3.900000000000000000e+02
3.482222222220000276e+02 3.913888888889999862e+02
4.850500000000000114e+02 3.916000000000000227e+02
3.032500000000000000e+02 3.927500000000000000e+02
1.770000000000000000e+02 3.926999999999999886e+02
2.741153846149999822e+02 3.931153846149999822e+02
2.583421052630000077e+02 3.943421052630000077e+02
5.387857142860000295e+02 3.940000000000000000e+02
5.587631578949999493e+02 3.942368421049999938e+02
6.388888889000000404e+00 3.967777777779999724e+02
8.150000000000000000e+01 3.955000000000000000e+02
1.607222222219999992e+02 3.960000000000000000e+02
1.968571428570000137e+02 3.977142857140000274e+02
2.135909090909999861e+02 3.971363636359999987e+02
3.591363636359999987e+02 3.981363636359999987e+02
1.053823529409999935e+02 3.980882352940000146e+02
2.335000000000000000e+02 3.985000000000000000e+02
2.869999999999999929e+01 4.015000000000000000e+02
4.266999999999999886e+02 4.026999999999999886e+02
5.076818181819999722e+02 4.016818181819999722e+02
1.430789473680000015e+02 4.033947368419999862e+02
4.735500000000000114e+02 4.043999999999999773e+02
5.681153846150000390e+02 4.041153846149999822e+02
4.381250000000000000e+01 4.053750000000000000e+02
2.406538461540000071e+02 4.050384615379999786e+02
4.030000000000000000e+02 4.050000000000000000e+02
4.510000000000000000e+02 4.065000000000000000e+02
1.155000000000000000e+02 4.065000000000000000e+02
5.321153846150000390e+02 4.072692307689999893e+02
3.865000000000000000e+02 4.085000000000000000e+02
3.300000000000000000e+02 4.095000000000000000e+02
3.492500000000000000e+02 4.102500000000000000e+02
9.178571428600000104e+01 4.120000000000000000e+02
2.856333333329999959e+02 4.120333333329999732e+02
5.327777777800000081e+01 4.130000000000000000e+02
2.648529411760000016e+02 4.130294117650000203e+02
3.744499999999999886e+02 4.133999999999999773e+02
8.000000000000000000e+00 4.145000000000000000e+02
7.696666666699999837e+01 4.143666666670000041e+02
2.141999999999999886e+02 4.143999999999999773e+02
4.930294117650000203e+02 4.147352941180000130e+02
1.638846153849999894e+02 4.151153846149999822e+02
5.391666666669999586e+02 4.155000000000000000e+02
1.850000000000000000e+01 4.172894736839999723e+02
1.990454545450000126e+02 4.178636363640000013e+02
5.650454545449999841e+02 4.178636363640000013e+02
1.811153846150000106e+02 4.201153846149999822e+02
3.075000000000000000e+02 4.196538461540000071e+02
1.491666666669999870e+02 4.214166666670000154e+02
3.207500000000000000e+02 4.215625000000000000e+02
4.106176470589999781e+02 4.209117647059999854e+02
4.380000000000000000e+02 4.210000000000000000e+02
5.102500000000000000e+02 4.210625000000000000e+02
3.337500000000000000e+01 4.263750000000000000e+02
9.568750000000000000e+01 4.271875000000000000e+02
1.087857142860000010e+02 4.278809523809999860e+02
3.856111111110000138e+02 4.271666666670000154e+02
4.618000000000000114e+02 4.273999999999999773e+02
2.600000000000000000e+02 4.291666666670000154e+02
2.799999999999999822e+00 4.298000000000000114e+02
6.677777777800000081e+01 4.306111111110000138e+02
2.358684210529999916e+02 4.302368421049999938e+02
2.926250000000000000e+02 4.306250000000000000e+02
3.477857142859999726e+02 4.310000000000000000e+02
4.741000000000000227e+02 4.311000000000000227e+02
1.353260869570000011e+02 4.325000000000000000e+02
1.916250000000000000e+02 4.316250000000000000e+02
3.678076923080000142e+02 4.324230769229999964e+02
2.091363636359999987e+02 4.340454545449999841e+02
5.549545454550000159e+02 4.338636363640000013e+02
2.578333333329999846e+02 4.350333333329999732e+02
4.285000000000000000e+02 4.360000000000000000e+02
5.301000000000000227e+02 4.351000000000000227e+02
5.727307692309999538e+02 4.351153846149999822e+02
2.785000000000000000e+02 4.357857142859999726e+02
4.994090909089999855e+02 4.358636363640000013e+02
2.010000000000000142e+01 4.368999999999999773e+02
3.225000000000000000e+02 4.378000000000000114e+02
3.516250000000000000e+02 4.376250000000000000e+02
3.843750000000000000e+02 4.383750000000000000e+02
1.689000000000000057e+02 4.404333333330000073e+02
4.102941176499999898e+01 4.411470588239999984e+02
1.490000000000000000e+02 4.412142857140000274e+02
2.310999999999999943e+02 4.431000000000000227e+02
2.944444444439999984e+02 4.437222222220000276e+02
3.765000000000000000e+02 4.430000000000000000e+02
5.106538461540000071e+02 4.430384615379999786e+02
4.655000000000000000e+02 4.446999999999999886e+02
2.173000000000000114e+02 4.470000000000000000e+02
4.025000000000000000e+02 4.470714285710000127e+02
4.832894736839999723e+02 4.480789473680000015e+02
4.268636363640000013e+02 4.475909090910000145e+02
1.095000000000000000e+02 4.495000000000000000e+02
2.733571428569999853e+02 4.497857142859999726e+02
1.935000000000000000e+02 4.505000000000000000e+02
4.938750000000000000e+02 4.502500000000000000e+02
8.275000000000000000e+01 4.512500000000000000e+02
2.447307692310000107e+02 4.516538461540000071e+02
5.721190476189999572e+02 4.515000000000000000e+02
6.591176470599999959e+01 4.523823529410000219e+02
4.472647058819999870e+02 4.522647058819999870e+02
2.800000000000000000e+01 4.530000000000000000e+02
4.209375000000000000e+02 4.532500000000000000e+02
1.228947368400000073e+01 4.545000000000000000e+02
2.578846153850000178e+02 4.558846153850000178e+02
3.370000000000000000e+02 4.566818181819999722e+02
5.858999999999999773e+02 4.561000000000000227e+02
1.305000000000000000e+02 4.575000000000000000e+02
3.111666666670000154e+02 4.573888888889999862e+02
5.391000000000000227e+02 4.588999999999999773e+02
4.633333333329999846e+02 4.602222222220000276e+02
3.653181818180000278e+02 4.613181818180000278e+02
3.947380952380000281e+02 4.618809523809999860e+02
5.213823529410000219e+02 4.609117647059999854e+02
1.058571428569999995e+02 4.622857142859999726e+02
1.680000000000000000e+02 4.620000000000000000e+02
4.868529411760000016e+02 4.635000000000000000e+02
1.185000000000000000e+02 4.636999999999999886e+02
4.398333333329999846e+02 4.648333333329999846e+02
2.810000000000000000e+02 4.647857142859999726e+02
3.498846153850000178e+02 4.651153846149999822e+02
5.571315789469999800e+02 4.655000000000000000e+02
4.750000000000000000e+01 4.660000000000000000e+02
2.965000000000000000e+02 4.660000000000000000e+02
3.754166666670000154e+02 4.661666666670000154e+02
1.481153846150000106e+02 4.668846153850000178e+02
2.142222222219999992e+02 4.676111111110000138e+02
2.560000000000000000e+02 4.667857142859999726e+02
2.321666666669999870e+02 4.677500000000000000e+02
5.746333333329999959e+02 4.679666666670000268e+02
7.913636363599999868e+01 4.699545454550000159e+02
1.896999999999999886e+02 4.705000000000000000e+02
3.217857142859999726e+02 4.710000000000000000e+02
4.142142857140000274e+02 4.720000000000000000e+02
5.048846153850000178e+02 4.721153846149999822e+02
1.996153846200000004e+01 4.743461538459999929e+02
6.078571428600000104e+01 4.750000000000000000e+02
8.599999999999999645e+00 4.768000000000000114e+02
1.020999999999999943e+02 4.788999999999999773e+02
4.545000000000000000e+02 4.793000000000000114e+02
4.689117647059999854e+02 4.801470588239999984e+02
1.588571428570000137e+02 4.812857142859999726e+02
5.212999999999999545e+02 4.805000000000000000e+02
1.366578947369999923e+02 4.826578947369999923e+02
1.740333333330000016e+02 4.826333333329999959e+02
4.395000000000000000e+02 4.805000000000000000e+02
2.492142857139999990e+02 4.826428571430000147e+02
4.940000000000000000e+02 4.830000000000000000e+02
3.403999999999999773e+02 4.841999999999999886e+02
5.431000000000000227e+02 4.841000000000000227e+02
2.294166666669999870e+02 4.853333333329999846e+02
4.033888888889999862e+02 4.857777777779999724e+02
5.850000000000000000e+02 4.865000000000000000e+02
3.812272727270000132e+02 4.868636363640000013e+02
2.011153846150000106e+02 4.881153846149999822e+02
2.716000000000000227e+02 4.885500000000000114e+02
3.024285714289999873e+02 4.878571428569999853e+02
5.626250000000000000e+02 4.891666666670000154e+02
3.159117647059999854e+02 4.893823529410000219e+02
3.636250000000000000e+02 4.886250000000000000e+02
1.525000000000000000e+02 4.895000000000000000e+02
3.810000000000000142e+01 4.911000000000000227e+02
8.103846153800000707e+01 4.916538461540000071e+02
4.392142857140000274e+02 4.930000000000000000e+02
2.250000000000000000e+02 4.937857142859999726e+02
4.820000000000000000e+02 4.940000000000000000e+02
4.650000000000000000e+01 4.950000000000000000e+02
7.250000000000000000e+01 4.953000000000000114e+02
4.619615384620000214e+02 4.953461538459999929e+02
1.849666666669999984e+02 4.966333333329999959e+02
3.999117647059999854e+02 4.959117647059999854e+02
5.078333333329999846e+02 4.964166666670000154e+02
2.581153846149999822e+02 4.971153846149999822e+02
1.218333333329999988e+02 4.982333333330000187e+02
3.478846153850000178e+02 4.981153846149999822e+02
3.825000000000000000e+02 4.985000000000000000e+02
3.618333333329999846e+02 4.986111111110000138e+02
5.625769230769999467e+02 4.988846153850000178e+02
1.950000000000000000e+01 4.998333333329999846e+02
4.220000000000000000e+02 5.015000000000000000e+02
1.685000000000000000e+02 5.015000000000000000e+02
2.400000000000000000e+02 5.022142857140000274e+02
5.190000000000000000e+02 5.017857142859999726e+02
5.406250000000000000e+02 5.020000000000000000e+02
9.009999999999999432e+01 5.041000000000000227e+02
1.359000000000000057e+02 5.038999999999999773e+02
2.731000000000000227e+02 5.041000000000000227e+02
3.158846153850000178e+02 5.036538461540000071e+02
1.090000000000000000e+02 5.092777777779999724e+02
2.082142857139999990e+02 5.090000000000000000e+02
4.004545454499999835e+01 5.108636363640000013e+02
1.570000000000000000e+02 5.120000000000000000e+02
1.744166666669999870e+02 5.118333333329999846e+02
3.345000000000000000e+02 5.120000000000000000e+02
4.754333333330000073e+02 5.128999999999999773e+02
6.639473684200000037e+01 5.139210526320000554e+02
2.228846153849999894e+02 5.142692307690000462e+02
2.928333333329999846e+02 5.144166666669999586e+02
4.526250000000000000e+02 5.133750000000000000e+02
5.151000000000000227e+02 5.138999999999999773e+02
5.541000000000000227e+02 5.141000000000000227e+02
5.846111111110000138e+02 5.152222222220000276e+02
4.947352941180000130e+02 5.162647058820000439e+02
1.312142857139999990e+02 5.180000000000000000e+02
1.927500000000000000e+02 5.178750000000000000e+02
4.008529411760000016e+02 5.180294117649999635e+02
4.355000000000000000e+02 5.180000000000000000e+02
2.628999999999999773e+02 5.198999999999999773e+02
3.502894736839999723e+02 5.205000000000000000e+02
5.332142857139999705e+02 5.200000000000000000e+02
3.778636363640000013e+02 5.210454545449999841e+02
2.767857142859999726e+02 5.231190476189999572e+02
3.106578947369999923e+02 5.226578947369999923e+02
2.656666666699999979e+01 5.231000000000000227e+02
8.963636363599999868e+01 5.251818181820000291e+02
4.620000000000000000e+02 5.240000000000000000e+02
2.410882352939999862e+02 5.276176470589999781e+02
3.677105263160000277e+02 5.278684210530000200e+02
5.781666666669999586e+02 5.275000000000000000e+02
2.110454545450000126e+02 5.281363636360000555e+02
4.850000000000000000e+02 5.280000000000000000e+02
1.151818181820000007e+02 5.294545454550000159e+02
1.676818181820000007e+02 5.286818181820000291e+02
5.527000000000000455e+02 5.292999999999999545e+02
4.235000000000000000e+02 5.320000000000000000e+02
5.050000000000000000e+01 5.340000000000000000e+02
2.964285714289999873e+02 5.349285714290000442e+02
4.370625000000000000e+02 5.357500000000000000e+02
1.065789473699999945e+01 5.365526315790000353e+02
1.875500000000000114e+02 5.363999999999999773e+02
3.496999999999999886e+02 5.375666666670000495e+02
3.421428571399999896e+01 5.388809523810000428e+02
3.992692307689999893e+02 5.378846153849999610e+02
5.170454545449999841e+02 5.381363636360000555e+02
1.439000000000000057e+02 5.391000000000000227e+02
4.932222222220000276e+02 5.396111111110000138e+02
2.260000000000000000e+02 5.405000000000000000e+02
3.882857142859999726e+02 5.398571428569999853e+02
5.331666666669999586e+02 5.405000000000000000e+02
7.314705882399999837e+01 5.430294117649999635e+02
2.676333333329999959e+02 5.429666666670000268e+02
1.029117647059999996e+02 5.456176470589999781e+02
3.120000000000000000e+02 5.455000000000000000e+02
3.302826086960000112e+02 5.465869565220000368e+02
4.680000000000000000e+02 5.465000000000000000e+02
5.655909090909999577e+02 5.464090909090000423e+02
2.091153846150000106e+02 5.471153846150000390e+02
4.244411764710000057e+02 5.485588235290000512e+02
1.264444444439999984e+02 5.497777777779999724e+02
3.747666666669999813e+02 5.495000000000000000e+02
5.294230769230000533e+02 5.496538461540000071e+02
5.450000000000000000e+01 5.497857142860000295e+02
4.519615384620000214e+02 5.505769230769999467e+02
2.490333333330000016e+02 5.513666666670000041e+02
5.863125000000000000e+02 5.513125000000000000e+02
3.018750000000000000e+01 5.526250000000000000e+02
5.515476190480000014e+02 5.526904761900000267e+02
7.136363635999999566e+00 5.544090909090000423e+02
8.003333333300000163e+01 5.566333333329999959e+02
3.396111111110000138e+02 5.567777777779999724e+02
1.612142857139999990e+02 5.570000000000000000e+02
2.294166666669999870e+02 5.571666666669999586e+02
3.597857142859999726e+02 5.570000000000000000e+02
5.051250000000000000e+02 5.575000000000000000e+02
2.781153846149999822e+02 5.601153846150000390e+02
4.935588235289999943e+02 5.602647058820000439e+02
1.180000000000000000e+02 5.605000000000000000e+02
1.371250000000000000e+02 5.611250000000000000e+02
1.820000000000000000e+02 5.611666666669999586e+02
4.040000000000000000e+02 5.611666666669999586e+02
2.955000000000000000e+02 5.615000000000000000e+02
3.205000000000000000e+02 5.615000000000000000e+02
