2.871428571399999896e+01 1.357142856999999925e+00
1.748684210529999916e+02 1.657894736999999896e+00
2.276999999999999886e+02 9.000000000000000222e-01
3.462142857140000274e+02 9.285714290000000037e-01
3.705000000000000000e+02 5.000000000000000000e-01
4.095000000000000000e+02 8.750000000000000000e-01
5.590000000000000000e+02 2.214285713999999849e+00
5.846875000000000000e+02 1.687500000000000000e+00
4.828571428600000104e+01 4.571428571000000218e+00
7.100000000000000000e+01 4.700000000000000178e+00
1.494000000000000057e+02 5.450000000000000178e+00
2.726578947369999923e+02 5.342105262999999660e+00
5.063999999999999773e+02 5.450000000000000178e+00
1.882647058819999870e+02 6.264705882000000337e+00
4.421315789469999800e+02 6.289473683999999842e+00
4.869375000000000000e+02 6.750000000000000000e+00
3.305000000000000000e+02 7.000000000000000000e+00
5.242500000000000000e+02 7.437500000000000000e+00
1.083947368420000004e+02 8.078947367999999685e+00
5.407857142860000295e+02 8.000000000000000000e+00
2.516578947369999923e+02 9.342105263000000548e+00
4.568999999999999773e+02 8.900000000000000355e+00
1.396764705880000008e+02 1.067647058800000082e+01
1.770000000000000000e+02 1.000000000000000000e+01
4.271000000000000227e+02 9.900000000000000355e+00
9.196153846199999293e+01 1.065384615400000001e+01
2.073888888889999862e+02 1.355555555599999984e+01
3.861363636359999987e+02 1.395454545499999988e+01
1.589705882350000081e+02 1.585294117599999986e+01
3.495000000000000000e+02 1.550000000000000000e+01
4.716111111110000138e+02 1.594444444400000016e+01
2.390882352939999862e+02 1.661764705899999939e+01
3.006111111110000138e+02 1.722222222199999919e+01
3.745000000000000000e+02 1.800000000000000000e+01
4.887857142859999726e+02 1.800000000000000000e+01
5.155000000000000000e+02 1.814705882399999837e+01
7.040909090899999967e+01 1.959090909100000033e+01
5.630882352940000146e+02 1.961764705899999939e+01
5.210000000000000142e+01 2.010000000000000142e+01
1.286842105300000050e+01 2.176315789499999909e+01
5.787500000000000000e+02 2.175000000000000000e+01
3.181250000000000000e+02 2.225000000000000000e+01
1.174500000000000028e+02 2.460000000000000142e+01
2.723000000000000114e+02 2.350000000000000000e+01
1.950000000000000000e+02 2.521428571399999896e+01
3.928333333329999846e+02 2.475000000000000000e+01
1.369000000000000057e+02 2.589999999999999858e+01
5.037500000000000000e+02 2.675000000000000000e+01
3.750000000000000000e+01 2.750000000000000000e+01
9.759090909100000033e+01 2.786363636400000132e+01
5.365769230769999467e+02 2.865384615400000001e+01
4.137142857140000274e+02 2.885714285699999948e+01
5.529285714290000442e+02 2.950000000000000000e+01
2.370833333330000130e+02 2.975000000000000000e+01
3.642692307689999893e+02 2.988461538500000003e+01
4.265000000000000000e+02 3.000000000000000000e+01
5.186666666669999586e+02 3.061111111099999960e+01
2.838846153850000178e+02 3.111538461499999997e+01
3.094090909089999855e+02 3.086363636400000132e+01
3.342500000000000000e+02 3.112500000000000000e+01
2.201153846150000106e+02 3.211538461500000352e+01
1.823421052630000077e+02 3.334210526300000055e+01
2.548846153849999894e+02 3.311538461500000352e+01
6.396153846200000004e+01 3.365384615400000001e+01
8.500000000000000000e+01 3.450000000000000000e+01
4.482894736839999723e+02 3.586842105299999872e+01
1.059999999999999964e+01 3.620000000000000284e+01
1.590000000000000000e+02 3.750000000000000000e+01
5.860000000000000000e+02 3.750000000000000000e+01
5.752647058820000439e+02 3.873529411799999878e+01
3.808846153850000178e+02 3.942307692300000355e+01
3.810000000000000142e+01 4.010000000000000142e+01
1.207500000000000000e+02 4.075000000000000000e+01
2.700882352940000146e+02 4.061764705899999939e+01
2.923750000000000000e+02 4.081250000000000000e+01
3.988750000000000000e+02 4.075000000000000000e+01
2.103333333300000163e+01 4.136666666699999695e+01
3.456578947369999923e+02 4.234210526300000055e+01
4.774473684210000215e+02 4.213157894700000128e+01
5.384230769230000533e+02 4.180769230800000003e+01
3.675666666669999927e+02 4.389999999999999858e+01
1.988529411760000016e+02 4.550000000000000000e+01
4.140789473680000015e+02 4.660526315799999963e+01
4.382500000000000000e+02 4.583333333299999879e+01
3.121428571430000147e+02 4.721428571399999896e+01
8.099999999999999645e+00 4.810000000000000142e+01
2.318000000000000114e+02 4.860000000000000142e+01
4.582058823529999927e+02 4.861764705899999939e+01
6.234210526300000055e+01 4.955263157899999982e+01
4.867666666669999813e+02 4.916666666700000121e+01
3.865833333329999846e+02 5.050000000000000000e+01
1.432500000000000000e+02 5.175000000000000000e+01
3.278846153850000178e+02 5.088461538499999648e+01
1.060000000000000000e+02 5.200000000000000000e+01
8.470000000000000284e+01 5.370000000000000284e+01
1.850000000000000000e+02 5.600000000000000000e+01
2.576111111110000138e+02 5.594444444399999838e+01
5.281470588240000552e+02 5.550000000000000000e+01
5.133461538459999929e+02 5.642307692300000355e+01
5.537727272729999868e+02 5.700000000000000000e+01
3.707777777779999724e+02 5.738888888900000040e+01
5.778846153849999610e+02 5.911538461500000352e+01
2.836176470589999781e+02 6.091176470599999959e+01
5.677352941179999561e+02 6.126470588200000122e+01
1.230000000000000000e+02 6.200000000000000000e+01
4.820000000000000000e+02 6.170000000000000284e+01
3.121000000000000227e+02 6.310000000000000142e+01
3.391666666670000154e+02 6.275000000000000000e+01
1.850000000000000000e+01 6.423333333300000447e+01
4.501363636359999987e+02 6.340909090899999967e+01
1.607857142860000010e+02 6.600000000000000000e+01
3.490263157890000230e+02 6.650000000000000000e+01
3.928750000000000000e+02 6.650000000000000000e+01
2.415000000000000000e+02 6.786842105300000583e+01
2.143666666670000041e+02 6.809999999999999432e+01
1.100000000000000000e+02 6.829999999999999716e+01
4.238235294100000061e+01 7.020588235300000690e+01
1.476333333329999959e+02 6.996666666699999837e+01
2.610000000000000000e+02 6.978571428600000104e+01
4.603571428569999853e+02 7.071428571399999896e+01
4.284375000000000000e+02 7.162500000000000000e+01
7.721428571399999896e+01 7.185714285699999948e+01
1.318846153849999894e+02 7.211538461499999642e+01
2.986111111110000138e+02 7.283333333299999879e+01
9.455263157900000692e+01 7.481578947399999890e+01
4.110000000000000000e+02 7.400000000000000000e+01
4.955000000000000000e+02 7.414705882399999837e+01
5.639117647059999854e+02 7.461764705900000649e+01
2.088235293999999964e+00 7.538235294099999351e+01
1.813000000000000114e+02 7.600000000000000000e+01
1.948333333330000130e+02 7.522222222199999919e+01
5.500000000000000000e+01 7.650000000000000000e+01
2.187666666670000097e+02 7.783333333299999879e+01
4.825000000000000000e+02 7.800000000000000000e+01
5.159666666670000268e+02 7.863333333299999595e+01
2.554761904800000138e+01 7.930952381000000173e+01
3.870000000000000000e+02 7.900000000000000000e+01
5.471000000000000227e+02 8.009999999999999432e+01
2.330000000000000000e+02 8.000000000000000000e+01
4.478636363640000013e+02 8.040909090899999967e+01
5.306250000000000000e+02 8.181250000000000000e+01
2.783999999999999773e+02 8.370000000000000284e+01
3.674130434780000201e+02 8.428260869599999694e+01
3.242142857140000274e+02 8.400000000000000000e+01
1.499666666669999984e+02 8.663333333299999595e+01
2.601315789469999800e+02 8.671052631599999927e+01
7.586363636400000132e+01 8.804545454499999835e+01
1.080999999999999943e+02 8.809999999999999432e+01
3.148846153850000178e+02 8.888461538500000358e+01
4.345000000000000000e+02 9.100000000000000000e+01
5.211428571430000147e+02 9.071428571399999896e+01
1.869000000000000057e+02 9.190000000000000568e+01
1.757142857139999990e+02 9.371428571399999896e+01
2.066111111110000138e+02 9.322222222199999919e+01
4.000714285710000127e+02 9.392857142900000156e+01
4.967857142859999726e+02 9.335714285699999948e+01
1.248571428569999995e+02 9.471428571399999896e+01
3.521428571399999896e+01 9.500000000000000000e+01
2.897631578950000062e+02 9.613157894699999417e+01
4.637857142859999726e+02 9.600000000000000000e+01
5.183333333299999879e+01 9.725000000000000000e+01
2.210000000000000000e+02 9.772222222199999919e+01
3.213421052630000077e+02 9.734210526299999344e+01
1.478846153849999894e+02 1.001153846149999964e+02
5.696111111110000138e+02 1.002222222219999992e+02
8.250000000000000000e+01 1.018529411760000016e+02
5.382352940999999724e+00 1.019117647059999996e+02
2.752142857140000274e+02 1.030000000000000000e+02
4.557857142859999726e+02 1.030000000000000000e+02
5.176428571430000147e+02 1.035000000000000000e+02
2.441363636359999987e+02 1.039545454550000017e+02
3.420000000000000000e+02 1.052777777780000008e+02
4.241666666670000154e+02 1.052333333330000045e+02
5.470000000000000000e+02 1.055000000000000000e+02
6.779166666700000121e+01 1.064583333329999988e+02
3.045000000000000000e+02 1.060000000000000000e+02
4.901875000000000000e+02 1.066875000000000000e+02
5.601153846150000390e+02 1.058846153850000036e+02
2.289999999999999858e+01 1.074333333329999931e+02
3.881153846149999822e+02 1.078846153850000036e+02
4.716999999999999886e+02 1.077666666669999955e+02
3.708157894739999847e+02 1.106578947370000066e+02
1.075909090910000003e+02 1.111363636359999987e+02
1.167500000000000000e+02 1.108333333329999988e+02
1.659000000000000057e+02 1.110999999999999943e+02
2.058846153849999894e+02 1.111153846149999964e+02
5.305000000000000000e+02 1.110000000000000000e+02
2.398333333330000130e+02 1.119444444439999984e+02
4.423750000000000000e+02 1.123750000000000000e+02
1.830333333330000016e+02 1.146333333329999959e+02
2.828999999999999773e+02 1.150999999999999943e+02
1.406999999999999886e+02 1.164000000000000057e+02
2.262333333329999903e+02 1.161666666670000012e+02
6.590909091000000330e+00 1.181363636359999987e+02
2.624499999999999886e+02 1.194000000000000057e+02
3.142142857140000274e+02 1.190000000000000000e+02
3.990000000000000000e+02 1.192777777780000008e+02
3.388846153850000178e+02 1.211153846149999964e+02
1.110000000000000000e+02 1.227000000000000028e+02
3.512500000000000000e+02 1.237500000000000000e+02
4.371428571399999896e+01 1.242857142860000010e+02
4.957500000000000000e+02 1.252500000000000000e+02
4.637857142859999726e+02 1.260000000000000000e+02
5.751666666669999586e+02 1.255833333329999988e+02
4.401000000000000227e+02 1.270999999999999943e+02
5.482692307690000462e+02 1.273461538460000071e+02
1.632777777780000008e+02 1.290000000000000000e+02
1.770000000000000000e+02 1.292142857139999990e+02
3.705909090910000145e+02 1.288636363640000013e+02
4.777500000000000000e+02 1.289375000000000000e+02
8.600000000000000000e+01 1.300000000000000000e+02
2.693181818180000278e+02 1.313181818179999993e+02
4.228750000000000000e+02 1.317500000000000000e+02
2.000000000000000000e+01 1.320000000000000000e+02
6.350000000000000000e+01 1.316999999999999886e+02
5.165499999999999545e+02 1.325999999999999943e+02
1.220000000000000000e+02 1.330000000000000000e+02
2.989999999999999858e+01 1.339000000000000057e+02
2.045476190480000014e+02 1.343095238100000017e+02
2.296578947369999923e+02 1.343421052630000077e+02
2.872647058819999870e+02 1.342647058819999870e+02
2.573666666670000041e+02 1.350333333330000016e+02
3.890000000000000000e+02 1.355000000000000000e+02
8.750000000000000000e-01 1.385000000000000000e+02
5.068999999999999773e+02 1.390999999999999943e+02
5.421000000000000227e+02 1.389000000000000057e+02
5.526250000000000000e+02 1.398125000000000000e+02
5.763461538459999929e+02 1.389615384619999929e+02
3.314473684210000215e+02 1.406578947369999923e+02
1.610454545450000126e+02 1.469214876030000028e+02
1.951250000000000000e+02 1.412500000000000000e+02
3.135000000000000000e+02 1.410000000000000000e+02
1.420000000000000000e+02 1.427857142860000010e+02
3.622777777779999724e+02 1.430000000000000000e+02
4.581666666670000154e+02 1.436333333329999959e+02
4.293000000000000114e+02 1.435999999999999943e+02
4.056052631580000138e+02 1.449210526319999985e+02
8.302941176500000608e+01 1.471470588239999984e+02
3.910000000000000000e+02 1.470000000000000000e+02
1.218750000000000000e+02 1.487500000000000000e+02
2.070000000000000000e+02 1.480000000000000000e+02
4.354999999999999716e+01 1.504000000000000057e+02
3.281666666670000154e+02 1.505476190480000014e+02
5.000000000000000000e-01 1.505000000000000000e+02
4.699210526319999985e+02 1.516052631580000138e+02
5.220000000000000000e+02 1.515000000000000000e+02
2.227173913039999888e+02 1.525869565220000084e+02
6.122222222199999919e+01 1.543888888889999862e+02
1.810000000000000000e+02 1.550000000000000000e+02
2.643888888889999862e+02 1.542222222219999992e+02
3.697666666669999813e+02 1.541666666669999870e+02
5.643750000000000000e+02 1.548333333330000130e+02
4.352857142859999726e+02 1.555714285710000127e+02
2.431666666669999870e+02 1.561666666669999870e+02
2.992619047619999719e+02 1.571190476190000140e+02
1.320714285710000127e+02 1.572857142860000010e+02
2.848750000000000000e+02 1.572500000000000000e+02
9.854761904800000138e+01 1.583095238100000017e+02
2.085000000000000000e+02 1.585000000000000000e+02
4.915909090910000145e+02 1.595909090909999861e+02
5.432142857139999705e+02 1.590000000000000000e+02
1.535000000000000000e+02 1.603000000000000114e+02
4.250000000000000000e+01 1.609285714289999873e+02
2.735000000000000000e+02 1.602142857139999990e+02
3.463000000000000114e+02 1.615000000000000000e+02
4.243888888889999862e+02 1.642222222219999992e+02
4.586333333329999959e+02 1.639666666669999984e+02
5.195526315790000353e+02 1.646578947369999923e+02
2.821666666670000154e+02 1.647222222219999992e+02
3.995000000000000000e+02 1.650000000000000000e+02
1.678571428600000104e+01 1.668809523809999860e+02
2.445476190480000014e+02 1.666904761899999983e+02
1.022222222199999919e+01 1.673888888889999862e+02
5.570000000000000000e+02 1.677857142860000010e+02
6.659999999999999432e+01 1.695500000000000114e+02
3.710000000000000000e+02 1.695000000000000000e+02
1.266538461539999929e+02 1.699615384619999929e+02
3.180000000000000000e+02 1.712142857139999990e+02
5.392000000000000455e+02 1.714000000000000057e+02
9.565789473700000656e+01 1.736578947369999923e+02
5.727500000000000000e+02 1.740000000000000000e+02
4.723999999999999773e+02 1.745500000000000114e+02
5.032500000000000000e+02 1.747500000000000000e+02
1.455909090909999861e+02 1.754090909090000139e+02
8.050000000000000000e+01 1.778529411760000016e+02
3.318846153850000178e+02 1.772692307689999893e+02
3.551250000000000000e+02 1.773750000000000000e+02
4.442647058819999870e+02 1.772647058819999870e+02
1.988684210529999916e+02 1.787105263159999993e+02
1.650000000000000000e+02 1.795000000000000000e+02
3.917105263160000277e+02 1.792368421049999938e+02
2.096153846200000004e+01 1.803461538459999929e+02
4.050000000000000000e+02 1.800000000000000000e+02
2.835000000000000000e+02 1.818529411760000016e+02
4.617666666669999813e+02 1.818333333330000130e+02
3.154333333330000073e+02 1.820999999999999943e+02
5.155555555559999448e+02 1.822777777780000008e+02
3.500000000000000000e+00 1.830000000000000000e+02
2.216578947369999923e+02 1.846578947369999923e+02
4.611904761899999983e+01 1.867380952379999997e+02
7.850000000000000000e+01 1.860000000000000000e+02
1.062777777780000008e+02 1.865555555560000016e+02
2.532647058819999870e+02 1.872647058819999870e+02
4.239285714289999873e+02 1.875000000000000000e+02
2.743000000000000114e+02 1.875000000000000000e+02
3.029117647059999854e+02 1.886176470590000065e+02
1.204545454500000012e+01 1.891363636359999987e+02
1.823000000000000114e+02 1.905000000000000000e+02
3.511000000000000227e+02 1.909000000000000057e+02
4.854499999999999886e+02 1.914000000000000057e+02
2.789130434799999847e+01 1.927173913039999888e+02
1.037777777780000008e+02 1.923333333330000130e+02
5.491250000000000000e+02 1.922500000000000000e+02
5.661842105260000153e+02 1.924473684209999931e+02
2.826538461540000071e+02 1.930384615380000071e+02
1.277857142860000010e+02 1.940000000000000000e+02
5.283888888889999862e+02 1.952222222219999992e+02
2.092500000000000000e+02 1.970000000000000000e+02
3.896111111110000138e+02 1.958333333330000130e+02
4.480000000000000000e+02 1.960000000000000000e+02
4.930000000000000000e+02 1.965000000000000000e+02
4.500000000000000000e+00 1.975000000000000000e+02
3.760625000000000000e+02 1.982500000000000000e+02
1.415000000000000000e+02 1.990000000000000000e+02
4.568684210530000200e+02 1.997105263159999993e+02
1.700000000000000000e+02 2.002142857139999990e+02
2.265000000000000000e+02 1.995000000000000000e+02
1.882777777780000008e+02 2.020000000000000000e+02
4.086111111110000138e+02 2.027777777780000008e+02
5.513157894700000128e+01 2.032894736840000007e+02
3.322777777779999724e+02 2.040000000000000000e+02
5.150000000000000000e+02 2.037857142860000010e+02
2.337857142860000010e+02 2.050000000000000000e+02
8.688461538500000358e+01 2.068846153849999894e+02
1.511666666669999870e+02 2.084166666669999870e+02
1.269047619000000005e+01 2.095476190480000014e+02
3.117666666669999813e+02 2.091666666669999870e+02
1.160000000000000000e+02 2.102142857139999990e+02
2.927500000000000000e+02 2.101250000000000000e+02
1.340999999999999943e+02 2.114333333330000073e+02
2.513181818179999993e+02 2.125909090909999861e+02
4.817777777779999724e+02 2.123888888889999862e+02
5.302500000000000000e+02 2.126500000000000057e+02
5.708999999999999773e+02 2.120999999999999943e+02
4.063333333300000305e+01 2.129666666669999984e+02
3.825000000000000000e+02 2.130000000000000000e+02
3.100000000000000000e+01 2.145000000000000000e+02
7.200000000000000000e+01 2.133000000000000114e+02
2.045000000000000000e+02 2.140000000000000000e+02
2.310000000000000000e+02 2.142142857139999990e+02
2.734545454550000159e+02 2.142272727270000132e+02
3.687222222220000276e+02 2.140000000000000000e+02
4.300000000000000000e+02 2.142142857139999990e+02
9.185294117600000163e+01 2.154411764710000057e+02
1.710000000000000000e+02 2.152777777780000008e+02
5.047500000000000000e+02 2.158333333330000130e+02
2.818000000000000114e+02 2.217750000000000057e+02
5.575000000000000000e+02 2.190000000000000000e+02
3.441190476190000140e+02 2.207857142860000010e+02
4.040000000000000000e+02 2.210000000000000000e+02
4.511000000000000227e+02 2.210000000000000000e+02
2.506052631580000138e+02 2.230789473680000015e+02
3.221111111110000138e+02 2.237222222219999992e+02
5.871250000000000000e+02 2.235000000000000000e+02
4.181666666670000154e+02 2.245000000000000000e+02
4.865000000000000000e+02 2.251363636359999987e+02
5.695000000000000000e+02 2.241190476190000140e+02
1.216111111109999996e+02 2.260555555560000016e+02
5.691666666700000121e+01 2.282500000000000000e+02
1.395000000000000000e+02 2.280000000000000000e+02
3.077857142859999726e+02 2.280000000000000000e+02
3.665789473699999945e+01 2.293421052630000077e+02
3.591153846149999822e+02 2.288846153849999894e+02
3.818636363640000013e+02 2.301363636359999987e+02
4.444090909089999855e+02 2.291363636359999987e+02
4.675000000000000000e+02 2.304444444439999984e+02
5.125000000000000000e+02 2.303000000000000114e+02
2.911764706000000036e+00 2.316176470590000065e+02
1.032500000000000000e+02 2.318750000000000000e+02
1.916578947369999923e+02 2.343421052630000077e+02
5.310000000000000000e+02 2.342142857139999990e+02
1.556333333329999959e+02 2.349666666669999984e+02
2.586578947369999923e+02 2.355526315790000069e+02
5.535555555559999448e+02 2.356111111110000138e+02
8.138888888900000040e+01 2.362222222219999992e+02
2.179117647060000138e+02 2.373823529409999935e+02
2.896578947369999923e+02 2.373421052630000077e+02
5.870714285709999558e+02 2.372142857139999990e+02
4.036363636359999987e+02 2.389090909090000139e+02
5.078571428569999853e+02 2.382857142860000010e+02
2.327777777800000081e+01 2.405555555560000016e+02
3.462692307689999893e+02 2.398846153849999894e+02
2.727105263160000277e+02 2.418684210529999916e+02
3.788333333329999846e+02 2.407500000000000000e+02
4.502500000000000000e+02 2.412500000000000000e+02
4.310000000000000000e+02 2.425000000000000000e+02
6.500000000000000000e+01 2.435000000000000000e+02
3.236176470589999781e+02 2.439117647060000138e+02
1.792500000000000000e+02 2.449166666669999870e+02
3.615909090910000145e+02 2.451363636359999987e+02
5.690000000000000000e+02 2.452142857139999990e+02
1.071153846149999964e+02 2.458846153849999894e+02
1.324411764710000057e+02 2.466764705880000008e+02
2.349210526319999985e+02 2.466052631580000138e+02
4.064285714300000052e+01 2.473571428570000137e+02
1.941800000000000068e+02 2.477400000000000091e+02
2.092692307689999893e+02 2.476538461540000071e+02
1.451153846150000106e+02 2.488846153849999894e+02
4.741428571430000147e+02 2.487857142860000010e+02
4.872142857140000274e+02 2.490000000000000000e+02
3.826111111110000138e+02 2.527777777780000008e+02
1.666764705880000008e+02 2.533235294119999992e+02
2.975000000000000000e+02 2.530000000000000000e+02
1.238888888900000040e+01 2.542222222219999992e+02
8.740000000000000568e+01 2.555500000000000114e+02
6.068181818200000066e+01 2.563181818180000278e+02
2.162619047620000003e+02 2.581190476190000140e+02
4.053888888889999862e+02 2.582222222220000276e+02
5.013421052630000077e+02 2.590789473680000015e+02
5.378913043479999487e+02 2.582826086960000112e+02
2.868846153850000178e+02 2.587307692310000107e+02
5.259666666670000268e+02 2.606333333329999959e+02
1.442142857139999990e+02 2.610000000000000000e+02
1.210000000000000000e+02 2.630000000000000000e+02
4.315000000000000000e+02 2.635000000000000000e+02
2.676578947369999923e+02 2.646578947369999923e+02
3.178333333329999846e+02 2.648333333329999846e+02
3.506000000000000227e+02 2.645500000000000114e+02
1.025499999999999972e+02 2.663999999999999773e+02
2.505909090909999861e+02 2.664090909089999855e+02
5.862333333330000187e+02 2.668333333329999846e+02
4.946000000000000227e+02 2.684499999999999886e+02
5.590000000000000000e+02 2.680000000000000000e+02
3.745909090910000145e+02 2.691363636359999987e+02
4.765666666669999927e+02 2.701000000000000227e+02
3.285294117600000163e+01 2.710294117650000203e+02
1.810000000000000000e+02 2.710000000000000000e+02
4.567500000000000000e+02 2.711666666670000154e+02
7.900000000000000000e+01 2.732142857140000274e+02
1.299000000000000057e+02 2.728999999999999773e+02
3.965000000000000000e+02 2.730454545449999841e+02
4.414285714289999873e+02 2.727142857140000274e+02
2.341363636359999987e+02 2.740454545449999841e+02
3.341000000000000227e+02 2.741000000000000227e+02
5.012777777779999724e+02 2.744444444439999984e+02
1.528846153849999894e+02 2.751153846149999822e+02
2.069285714289999873e+02 2.754047619049999867e+02
4.300000000000000000e+01 2.767857142859999726e+02
2.950000000000000000e+02 2.767857142859999726e+02
5.326111111110000138e+02 2.781666666670000154e+02
1.678636363640000013e+02 2.784090909089999855e+02
5.659210526320000554e+02 2.806052631580000138e+02
3.685000000000000000e+02 2.810000000000000000e+02
4.002142857140000274e+02 2.811428571430000147e+02
4.447368421000000183e+00 2.829210526319999985e+02
6.688461538500000358e+01 2.821153846149999822e+02
3.441000000000000227e+02 2.828999999999999773e+02
3.870000000000000000e+02 2.830000000000000000e+02
2.251428571429999863e+02 2.842857142859999726e+02
3.097857142859999726e+02 2.840000000000000000e+02
1.110000000000000000e+02 2.855000000000000000e+02
4.660000000000000000e+02 2.850000000000000000e+02
2.476666666669999870e+02 2.869166666670000154e+02
4.174333333330000073e+02 2.867666666669999813e+02
2.663750000000000000e+02 2.876250000000000000e+02
5.474285714290000442e+02 2.880714285710000127e+02
2.848333333329999846e+02 2.892333333330000187e+02
4.366111111110000138e+02 2.893333333329999846e+02
4.837631578950000062e+02 2.891315789469999800e+02
5.217500000000000000e+02 2.888750000000000000e+02
5.870714285709999558e+02 2.892142857140000274e+02
1.776578947369999923e+02 2.903421052630000077e+02
3.280000000000000000e+02 2.905000000000000000e+02
2.527777777800000081e+01 2.924444444439999984e+02
2.041153846150000106e+02 2.918846153850000178e+02
9.090000000000000568e+01 2.928999999999999773e+02
2.370999999999999943e+02 2.931000000000000227e+02
3.611470588239999984e+02 2.935000000000000000e+02
6.411538461499999642e+01 2.972692307689999893e+02
1.620000000000000000e+02 2.975000000000000000e+02
4.047222222220000276e+02 2.975555555560000016e+02
4.545555555560000016e+02 2.977222222220000276e+02
5.038999999999999773e+02 2.968999999999999773e+02
1.485666666669999927e+02 2.978999999999999773e+02
1.227500000000000000e+02 2.997500000000000000e+02
2.760000000000000000e+02 2.995000000000000000e+02
5.632272727270000132e+02 2.995454545449999841e+02
3.787857142859999726e+02 3.000000000000000000e+02
1.346153845999999987e+00 3.015000000000000000e+02
2.562894736839999723e+02 3.015000000000000000e+02
1.000000000000000000e+02 3.025000000000000000e+02
4.763999999999999773e+02 3.028000000000000114e+02
1.448684210529999916e+02 3.032894736839999723e+02
2.965000000000000000e+02 3.032894736839999723e+02
3.125000000000000000e+02 3.040000000000000000e+02
4.351000000000000227e+02 3.041000000000000227e+02
2.216578947369999923e+02 3.056578947369999923e+02
3.452142857140000274e+02 3.060000000000000000e+02
2.000000000000000000e+01 3.070000000000000000e+02
3.722222222199999919e+01 3.073888888889999862e+02
7.300000000000000000e+01 3.063000000000000114e+02
1.803000000000000114e+02 3.065000000000000000e+02
5.781153846150000390e+02 3.081153846149999822e+02
2.012894736840000007e+02 3.091315789469999800e+02
5.484500000000000455e+02 3.093999999999999773e+02
2.358846153849999894e+02 3.111153846149999822e+02
4.971875000000000000e+02 3.116250000000000000e+02
1.098499999999999943e+02 3.158999999999999773e+02
4.561153846149999822e+02 3.148846153850000178e+02
2.645000000000000000e+02 3.166250000000000000e+02
5.297500000000000000e+02 3.192500000000000000e+02
9.250000000000000000e+01 3.205000000000000000e+02
3.297857142859999726e+02 3.200000000000000000e+02
4.140384615379999786e+02 3.203461538459999929e+02
4.791666666700000121e+01 3.207500000000000000e+02
1.935000000000000000e+02 3.218684210530000200e+02
5.641153846150000390e+02 3.208846153850000178e+02
1.621500000000000057e+02 3.224499999999999886e+02
2.924090909089999855e+02 3.225909090910000145e+02
4.325000000000000000e+02 3.220000000000000000e+02
1.085294117599999986e+01 3.229705882349999797e+02
7.096153846199999293e+01 3.226538461540000071e+02
2.119545454549999874e+02 3.226818181819999722e+02
3.078999999999999773e+02 3.228999999999999773e+02
3.566000000000000227e+02 3.231999999999999886e+02
3.933000000000000114e+02 3.250000000000000000e+02
1.260000000000000000e+02 3.250000000000000000e+02
2.702173913000000027e+01 3.268913043480000056e+02
4.795909090910000145e+02 3.271363636359999987e+02
4.653000000000000114e+02 3.275000000000000000e+02
5.135499999999999545e+02 3.286000000000000227e+02
5.870714285709999558e+02 3.277857142859999726e+02
2.490882352939999862e+02 3.306176470589999781e+02
4.511000000000000227e+02 3.304333333330000073e+02
2.354333333330000073e+02 3.312333333330000187e+02
5.472692307690000462e+02 3.311153846149999822e+02
1.521315789470000084e+02 3.327105263160000277e+02
1.830000000000000000e+02 3.322777777779999724e+02
3.213000000000000114e+02 3.326000000000000227e+02
3.401086956519999944e+02 3.330217391300000145e+02
4.950000000000000000e+01 3.343000000000000114e+02
6.700000000000000000e+01 3.342142857140000274e+02
3.730000000000000000e+02 3.350000000000000000e+02
2.461111111099999960e+01 3.364444444439999984e+02
2.769705882349999797e+02 3.361470588239999984e+02
4.050000000000000000e+02 3.367857142859999726e+02
1.059666666669999984e+02 3.386333333329999959e+02
3.890000000000000000e+02 3.382142857140000274e+02
4.265000000000000000e+02 3.382894736839999723e+02
4.623181818180000278e+02 3.386818181819999722e+02
5.028846153850000178e+02 3.391153846149999822e+02
5.178999999999999773e+02 3.398999999999999773e+02
9.173529411799999878e+01 3.412647058819999870e+02
5.335000000000000000e+02 3.418076923080000142e+02
3.020000000000000000e+02 3.420000000000000000e+02
1.274090909089999997e+02 3.435909090910000145e+02
2.124166666669999870e+02 3.431666666670000154e+02
4.776578947369999923e+02 3.431842105260000153e+02
1.914333333330000073e+02 3.448999999999999773e+02
3.721153846149999822e+02 3.448846153850000178e+02
1.682500000000000000e+02 3.460625000000000000e+02
5.709285714290000442e+02 3.470714285710000127e+02
6.296153846200000004e+01 3.471923076919999858e+02
2.475000000000000000e+02 3.470000000000000000e+02
5.851000000000000227e+02 3.481000000000000227e+02
1.285294117599999986e+01 3.500294117650000203e+02
3.225000000000000000e+01 3.499375000000000000e+02
3.557500000000000000e+02 3.508333333329999846e+02
2.347777777780000008e+02 3.526111111110000138e+02
1.513421052630000077e+02 3.533421052630000077e+02
4.122142857140000274e+02 3.540000000000000000e+02
2.981190476190000140e+02 3.552619047619999719e+02
4.476000000000000227e+02 3.555500000000000114e+02
4.188461538499999648e+01 3.557307692310000107e+02
4.929166666670000154e+02 3.557500000000000000e+02
5.079545454550000159e+02 3.568636363640000013e+02
5.555000000000000000e+02 3.570000000000000000e+02
1.005000000000000000e+02 3.581666666670000154e+02
3.348999999999999773e+02 3.585666666669999927e+02
4.281363636359999987e+02 3.574090909089999855e+02
4.599666666670000268e+02 3.583666666670000041e+02
8.493478260899999555e+01 3.612391304349999928e+02
2.622777777779999724e+02 3.600000000000000000e+02
3.105909090910000145e+02 3.598636363640000013e+02
3.935000000000000000e+02 3.598333333329999846e+02
1.640909090899999967e+01 3.615909090910000145e+02
1.164565217389999958e+02 3.618913043480000056e+02
2.133461538459999929e+02 3.620384615379999786e+02
3.647727272729999868e+02 3.630000000000000000e+02
5.341153846150000390e+02 3.618846153850000178e+02
1.826818181820000007e+02 3.643181818180000278e+02
4.796176470589999781e+02 3.639117647059999854e+02
1.691153846150000106e+02 3.648846153850000178e+02
2.770000000000000000e+02 3.650000000000000000e+02
5.753421052630000077e+02 3.653421052630000077e+02
3.390000000000000000e+02 3.665000000000000000e+02
5.400000000000000000e+01 3.682142857140000274e+02
4.165000000000000000e+02 3.690000000000000000e+02
1.287307692310000107e+02 3.703461538459999929e+02
2.078529411760000016e+02 3.735000000000000000e+02
2.465000000000000000e+02 3.735555555560000016e+02
5.075000000000000000e+02 3.733947368419999862e+02
5.228125000000000000e+02 3.733125000000000000e+02
2.843636363640000013e+02 3.760454545449999841e+02
3.739444444439999984e+02 3.756111111110000138e+02
1.469117647060000138e+02 3.763823529410000219e+02
2.235000000000000000e+02 3.775000000000000000e+02
2.700000000000000000e+02 3.800000000000000000e+02
3.045000000000000000e+02 3.790000000000000000e+02
3.637142857140000274e+02 3.788571428569999853e+02
5.497222222220000276e+02 3.790000000000000000e+02
1.640000000000000000e+02 3.805000000000000000e+02
4.383000000000000114e+02 3.810000000000000000e+02
9.688461538500000358e+01 3.806538461540000071e+02
4.627500000000000000e+02 3.815625000000000000e+02
3.265789473699999945e+01 3.833421052630000077e+02
1.843571428570000137e+02 3.833095238099999733e+02
7.372222222199999919e+01 3.845555555560000016e+02
1.250000000000000000e+02 3.855000000000000000e+02
3.951250000000000000e+02 3.850625000000000000e+02
5.355625000000000000e+02 3.852500000000000000e+02
5.776428571430000147e+02 3.873095238099999733e+02
2.490882352939999862e+02 3.893823529410000219e+02
4.156999999999999886e+02 3.900000000000000000e+02
4.755526315789999785e+02 3.896578947369999923e+02
1.161111111099999960e+01 3.902222222220000276e+02
4.270000000000000000e+02 3.895000000000000000e+02
1.441153846150000106e+02 3.908846153850000178e+02
2.384499999999999886e+02 3.916000000000000227e+02
3.223333333329999846e+02 3.913888888889999862e+02
3.392894736839999723e+02 3.925000000000000000e+02
1.733750000000000000e+02 3.923750000000000000e+02
2.148636363640000013e+02 3.925909090910000145e+02
4.976111111110000138e+02 3.928333333329999846e+02
1.000000000000000000e+02 3.945000000000000000e+02
1.921153846150000106e+02 3.938846153850000178e+02
5.176538461540000071e+02 3.942692307689999893e+02
3.906250000000000000e+01 3.962500000000000000e+02
6.422222222199999919e+01 3.966111111110000138e+02
2.736999999999999886e+02 3.955000000000000000e+02
2.850000000000000000e+01 3.975000000000000000e+02
8.216666666700000121e+01 3.986111111110000138e+02
2.977222222220000276e+02 3.990000000000000000e+02
3.694090909089999855e+02 3.994090909089999855e+02
4.455000000000000000e+02 4.000000000000000000e+02
1.636578947369999923e+02 4.016578947369999923e+02
3.881363636359999987e+02 4.019545454550000159e+02
5.566052631579999570e+02 4.025000000000000000e+02
5.777666666669999813e+02 4.021666666670000154e+02
3.275000000000000000e+02 4.030000000000000000e+02
2.600294117650000203e+02 4.058529411760000016e+02
4.196250000000000000e+02 4.058125000000000000e+02
4.925526315789999785e+02 4.057105263160000277e+02
5.258846153849999610e+02 4.071153846149999822e+02
6.950000000000000000e+01 4.090714285710000127e+02
5.100000000000000000e+02 4.086999999999999886e+02
1.175909090910000003e+02 4.101363636359999987e+02
1.455999999999999943e+02 4.115500000000000114e+02
4.695909090910000145e+02 4.114090909089999855e+02
5.000000000000000000e-01 4.110000000000000000e+02
2.250200000000000102e+02 4.136999999999999886e+02
2.388846153849999894e+02 4.131153846149999822e+02
3.408333333329999846e+02 4.135000000000000000e+02
3.997222222220000276e+02 4.130000000000000000e+02
9.709999999999999432e+01 4.141000000000000227e+02
3.114285714289999873e+02 4.140000000000000000e+02
4.438571428569999853e+02 4.144285714289999873e+02
2.038333333330000130e+02 4.167500000000000000e+02
2.781153846149999822e+02 4.194230769229999964e+02
5.593461538459999929e+02 4.190384615379999786e+02
1.122500000000000000e+02 4.206499999999999773e+02
1.704166666669999870e+02 4.198333333329999846e+02
2.572222222199999919e+01 4.218888888889999862e+02
5.371052631599999927e+01 4.214473684210000215e+02
1.864090909090000139e+02 4.208636363640000013e+02
3.121000000000000227e+02 4.208999999999999773e+02
3.752727272729999868e+02 4.217727272729999868e+02
5.449705882350000365e+02 4.218529411760000016e+02
4.805000000000000000e+02 4.227105263160000277e+02
3.468333333329999846e+02 4.240000000000000000e+02
8.944117647100000568e+01 4.257352941180000130e+02
2.555714285710000127e+02 4.258571428569999853e+02
5.194500000000000455e+02 4.253999999999999773e+02
9.000000000000000222e-01 4.256999999999999886e+02
3.416666666700000121e+01 4.270555555560000016e+02
3.897857142859999726e+02 4.265000000000000000e+02
4.166428571430000147e+02 4.273095238099999733e+02
4.534130434780000201e+02 4.278913043480000056e+02
4.285000000000000000e+02 4.287105263160000277e+02
1.260714285709999984e+02 4.294047619049999867e+02
4.953000000000000114e+02 4.285000000000000000e+02
1.505000000000000000e+02 4.296999999999999886e+02
2.935000000000000000e+02 4.297857142859999726e+02
3.668333333329999846e+02 4.297500000000000000e+02
2.414473684209999931e+02 4.318684210530000200e+02
3.285500000000000114e+02 4.313999999999999773e+02
1.925000000000000000e+02 4.317857142859999726e+02
2.111666666669999870e+02 4.316111111110000138e+02
5.806538461540000071e+02 4.317307692310000107e+02
2.765000000000000000e+02 4.340000000000000000e+02
4.765789473699999945e+01 4.363421052630000077e+02
5.384333333329999505e+02 4.362333333330000187e+02
6.840909090899999967e+01 4.381363636359999987e+02
1.764000000000000057e+02 4.375500000000000114e+02
3.503750000000000000e+02 4.396250000000000000e+02
4.022692307689999893e+02 4.402692307689999893e+02
1.242857142899999978e+01 4.413571428569999853e+02
8.172222222199999919e+01 4.410000000000000000e+02
1.092777777780000008e+02 4.410000000000000000e+02
2.338846153849999894e+02 4.410384615379999786e+02
3.037500000000000000e+02 4.415500000000000114e+02
5.512142857139999705e+02 4.410000000000000000e+02
3.911999999999999886e+02 4.416999999999999886e+02
4.663181818180000278e+02 4.417727272729999868e+02
1.572500000000000000e+02 4.428750000000000000e+02
5.173461538459999929e+02 4.429615384620000214e+02
4.961000000000000227e+02 4.451000000000000227e+02
5.644523809519999986e+02 4.466904761900000267e+02
1.356500000000000057e+02 4.481999999999999886e+02
2.100000000000000000e+02 4.501818181819999722e+02
3.731363636359999987e+02 4.484090909089999855e+02
4.311363636359999987e+02 4.484090909089999855e+02
4.400000000000000000e+02 4.490000000000000000e+02
5.351000000000000227e+02 4.501000000000000227e+02
2.627857142859999726e+02 4.510000000000000000e+02
2.806818181819999722e+02 4.523181818180000278e+02
4.788333333329999846e+02 4.524047619049999867e+02
1.022142857139999990e+02 4.540000000000000000e+02
2.370000000000000000e+02 4.540000000000000000e+02
3.276818181819999722e+02 4.547727272729999868e+02
3.173000000000000114e+02 4.560000000000000000e+02
4.558333333329999846e+02 4.565000000000000000e+02
3.010000000000000142e+01 4.578999999999999773e+02
1.958333333330000130e+02 4.585000000000000000e+02
3.476999999999999886e+02 4.575000000000000000e+02
1.483181818179999993e+02 4.586818181819999722e+02
1.737307692310000107e+02 4.591153846149999822e+02
4.206000000000000227e+02 4.595500000000000114e+02
3.750000000000000000e+00 4.602500000000000000e+02
6.328947368400000073e+01 4.618684210530000200e+02
2.292500000000000000e+02 4.609166666670000154e+02
4.024090909089999855e+02 4.621363636359999987e+02
3.660000000000000000e+02 4.620000000000000000e+02
5.705000000000000000e+02 4.630000000000000000e+02
5.010000000000000000e+02 4.645000000000000000e+02
1.155000000000000000e+02 4.683000000000000114e+02
4.337352941180000130e+02 4.685000000000000000e+02
5.469117647059999854e+02 4.683823529410000219e+02
8.650000000000000000e+01 4.690000000000000000e+02
2.739666666670000268e+02 4.696333333329999959e+02
5.256111111110000138e+02 4.692222222220000276e+02
2.062222222219999992e+02 4.703888888889999862e+02
4.823888888889999862e+02 4.702222222220000276e+02
2.850000000000000000e+01 4.720000000000000000e+02
4.168181818200000066e+01 4.716818181819999722e+02
2.921999999999999886e+02 4.733999999999999773e+02
1.547142857139999990e+02 4.741428571430000147e+02
2.513461538459999929e+02 4.741923076919999858e+02
3.733181818180000278e+02 4.742272727270000132e+02
1.752777777780000008e+02 4.750000000000000000e+02
4.140000000000000000e+02 4.752142857140000274e+02
4.743823529410000219e+02 4.750882352940000146e+02
1.911153846150000106e+02 4.758846153850000178e+02
3.370000000000000000e+02 4.766999999999999886e+02
3.141000000000000227e+02 4.768999999999999773e+02
4.033571428569999853e+02 4.775000000000000000e+02
4.483461538459999929e+02 4.770384615379999786e+02
1.286578947369999923e+02 4.795526315789999785e+02
3.825714285710000127e+02 4.790714285710000127e+02
4.305000000000000000e+02 4.790000000000000000e+02
5.351250000000000000e+02 4.805000000000000000e+02
5.647380952380000281e+02 4.802142857140000274e+02
2.791315789469999800e+02 4.822894736839999723e+02
6.221428571399999896e+01 4.830000000000000000e+02
8.703333333300000163e+01 4.836333333329999959e+02
1.085000000000000000e+02 4.831470588239999984e+02
5.781000000000000227e+02 4.831000000000000227e+02
5.590909091000000330e+00 4.844090909089999855e+02
5.002142857140000274e+02 4.841428571430000147e+02
2.350000000000000000e+02 4.850000000000000000e+02
3.195000000000000000e+02 4.862894736839999723e+02
4.840000000000000000e+02 4.860000000000000000e+02
2.450999999999999943e+02 4.871000000000000227e+02
3.000000000000000000e+01 4.885000000000000000e+02
3.655000000000000000e+02 4.875000000000000000e+02
5.175769230769999467e+02 4.881923076919999858e+02
2.208333333330000130e+02 4.892500000000000000e+02
2.960000000000000000e+02 4.897857142859999726e+02
1.495909090909999861e+02 4.911363636359999987e+02
1.220999999999999943e+02 4.918999999999999773e+02
2.055909090909999861e+02 4.931363636359999987e+02
3.411428571430000147e+02 4.957142857140000274e+02
6.570000000000000284e+01 4.960000000000000000e+02
5.400000000000000000e+02 4.955000000000000000e+02
1.708333333330000130e+02 4.963888888889999862e+02
5.026818181819999722e+02 4.966818181819999722e+02
5.214285714300000052e+01 4.987142857140000274e+02
1.930000000000000000e+02 4.995000000000000000e+02
4.146333333329999959e+02 4.989666666670000268e+02
4.333000000000000114e+02 4.993000000000000114e+02
4.555833333329999846e+02 4.991666666670000154e+02
3.750000000000000000e+00 5.016499999999999773e+02
3.663181818180000278e+02 5.023181818180000278e+02
4.003095238099999733e+02 5.034047619049999867e+02
2.526111111110000138e+02 5.047777777779999724e+02
5.532500000000000000e+02 5.038750000000000000e+02
1.016904761899999983e+02 5.055952380950000133e+02
1.413750000000000000e+02 5.050625000000000000e+02
4.693666666670000041e+02 5.060333333329999732e+02
2.162500000000000000e+01 5.071875000000000000e+02
5.228571428569999853e+02 5.075714285710000127e+02
2.806333333329999959e+02 5.080333333329999732e+02
3.101000000000000227e+02 5.078999999999999773e+02
3.826000000000000227e+02 5.085500000000000114e+02
2.369615384619999929e+02 5.086538461540000071e+02
8.338235294099999351e+01 5.100882352940000146e+02
3.305000000000000000e+02 5.103000000000000114e+02
4.473181818180000278e+02 5.106818181819999722e+02
5.771315789469999800e+02 5.117105263160000277e+02
4.500000000000000000e+01 5.143333333330000414e+02
3.565555555560000016e+02 5.147222222220000276e+02
4.300000000000000000e+02 5.137857142860000295e+02
4.866176470589999781e+02 5.140882352940000146e+02
2.967500000000000000e+02 5.151666666669999586e+02
5.408333333330000414e+02 5.150000000000000000e+02
2.052142857139999990e+02 5.160000000000000000e+02
4.095000000000000000e+02 5.165000000000000000e+02
1.243333333329999988e+02 5.175000000000000000e+02
5.535000000000000000e+02 5.170000000000000000e+02
7.150000000000000000e+01 5.186363636360000555e+02
3.283333333299999879e+01 5.191666666669999586e+02
1.535909090909999861e+02 5.195909090909999577e+02
9.700000000000000000e+01 5.200000000000000000e+02
1.739000000000000057e+02 5.198999999999999773e+02
2.272142857139999990e+02 5.200000000000000000e+02
5.127352941179999561e+02 5.224411764709999488e+02
2.575000000000000000e+02 5.240000000000000000e+02
3.839545454550000159e+02 5.235000000000000000e+02
3.186578947369999923e+02 5.256578947369999923e+02
8.673913043000000656e+00 5.270652173910000329e+02
1.966111111110000138e+02 5.267777777779999724e+02
5.138235294100000061e+01 5.270882352940000146e+02
2.490000000000000000e+02 5.280000000000000000e+02
2.842272727270000132e+02 5.300000000000000000e+02
5.355499999999999545e+02 5.313999999999999773e+02
5.865000000000000000e+02 5.325000000000000000e+02
4.158999999999999773e+02 5.328999999999999773e+02
4.448750000000000000e+02 5.332500000000000000e+02
4.773823529410000219e+02 5.330882352940000146e+02
7.785294117600000163e+01 5.340294117649999635e+02
1.510333333330000016e+02 5.343666666670000041e+02
2.078636363640000013e+02 5.334090909090000423e+02
2.326578947369999923e+02 5.343421052630000077e+02
3.409666666670000268e+02 5.346333333329999959e+02
4.620000000000000000e+02 5.340000000000000000e+02
1.661363636359999987e+02 5.349545454550000159e+02
2.891428571430000147e+02 5.352857142860000295e+02
3.820000000000000000e+02 5.355000000000000000e+02
3.633421052630000077e+02 5.366578947369999923e+02
5.173888888889999862e+02 5.358333333330000414e+02
5.577142857139999705e+02 5.361428571430000147e+02
1.113888888890000004e+02 5.382222222220000276e+02
3.102142857140000274e+02 5.400000000000000000e+02
2.450000000000000000e+01 5.415000000000000000e+02
1.229375000000000000e+02 5.417500000000000000e+02
2.601153846149999822e+02 5.411153846150000390e+02
3.230000000000000000e+02 5.415000000000000000e+02
5.017352941180000130e+02 5.415000000000000000e+02
1.853421052630000077e+02 5.426578947369999923e+02
4.014285714289999873e+02 5.448571428569999853e+02
1.026923076899999998e+01 5.488846153849999610e+02
1.581153846150000106e+02 5.488846153849999610e+02
2.785000000000000000e+02 5.495000000000000000e+02
5.650000000000000000e+01 5.497857142860000295e+02
9.577777777800000081e+01 5.503888888889999862e+02
4.526538461540000071e+02 5.500384615379999786e+02
2.303181818179999993e+02 5.506818181820000291e+02
4.760000000000000000e+02 5.510000000000000000e+02
5.743636363639999445e+02 5.513636363639999445e+02
5.449210526320000554e+02 5.526052631579999570e+02
2.025714285710000127e+02 5.527142857139999705e+02
3.501000000000000227e+02 5.531000000000000227e+02
4.313666666670000041e+02 5.531666666669999586e+02
1.432826086960000112e+02 5.545869565220000368e+02
5.220384615379999786e+02 5.536538461540000071e+02
3.777857142859999726e+02 5.560000000000000000e+02
2.506111111110000138e+02 5.577777777779999724e+02
7.333333333299999879e+01 5.585000000000000000e+02
3.310882352940000146e+02 5.583823529410000219e+02
1.761666666669999870e+02 5.587666666669999813e+02
3.138235294100000061e+01 5.599117647059999854e+02
3.158333333329999846e+02 5.602500000000000000e+02
3.031363636359999987e+02 5.605909090909999577e+02
5.113000000000000114e+02 5.611000000000000227e+02
2.065000000000000000e+02 5.615000000000000000e+02
