5.196666666699999837e+01 2.366666667000000057e+00
1.305000000000000000e+02 5.000000000000000000e-01
1.728000000000000114e+02 1.750000000000000000e+00
2.280000000000000000e+02 8.333333330000000094e-01
2.796578947369999923e+02 2.342105263000000104e+00
4.986578947369999923e+02 2.657894736999999896e+00
5.760000000000000000e+02 2.722222222000000080e+00
3.751666666670000154e+02 3.500000000000000000e+00
4.883666666670000041e+02 3.033333332999999854e+00
1.562647058819999870e+02 4.264705882000000337e+00
6.725000000000000000e+01 4.916666667000000324e+00
3.525000000000000000e+02 5.000000000000000000e+00
5.251153846150000390e+02 5.423076922999999994e+00
4.055000000000000000e+02 6.000000000000000000e+00
5.538846153849999610e+02 5.884615385000000032e+00
3.007894736800000146e+01 7.394736842000000365e+00
1.972222222219999992e+02 7.611111110999999596e+00
3.232777777779999724e+02 8.555555555999999839e+00
2.146578947369999923e+02 9.657894736999999452e+00
4.250000000000000000e+02 9.000000000000000000e+00
3.948636363640000013e+02 9.590909091000000330e+00
2.970263157890000230e+02 1.150000000000000000e+01
1.400000000000000000e+02 1.200000000000000000e+01
1.724166666669999870e+02 1.216666666699999944e+01
4.590555555560000016e+02 1.172222222199999919e+01
2.588529411760000016e+02 1.302941176500000076e+01
5.350000000000000000e+02 1.300000000000000000e+01
8.529999999999999716e+01 1.430000000000000071e+01
4.422777777779999724e+02 1.400000000000000000e+01
5.101000000000000227e+02 1.409999999999999964e+01
5.550000000000000000e+02 1.472222222199999919e+01
1.076578947370000066e+02 1.565789473699999945e+01
3.555526315789999785e+02 1.628947368400000073e+01
1.643571428570000137e+02 1.978571428600000104e+01
4.850000000000000000e+02 1.878571428600000104e+01
2.366333333329999959e+02 2.003333333300000163e+01
4.730000000000000000e+02 2.172222222199999919e+01
3.783421052630000077e+02 2.234210526300000055e+01
5.908823529400000041e+01 2.338235294100000061e+01
5.702894736839999723e+02 2.386842105299999872e+01
7.750000000000000000e+01 2.450000000000000000e+01
1.243823529409999935e+02 2.408823529400000041e+01
3.265000000000000000e+02 2.450000000000000000e+01
1.850000000000000000e+01 2.500000000000000000e+01
2.706818181819999722e+02 2.531818181799999934e+01
3.030000000000000000e+02 2.700000000000000000e+01
3.862500000000000000e+02 2.675000000000000000e+01
9.785714285699999948e+01 2.871428571399999896e+01
2.892142857140000274e+02 2.800000000000000000e+01
7.549999999999999822e+00 2.939999999999999858e+01
4.141153846149999822e+02 2.911538461499999997e+01
4.513947368419999862e+02 2.950000000000000000e+01
5.291153846150000390e+02 2.911538461499999997e+01
1.742647058819999870e+02 3.026470588200000122e+01
2.191666666669999870e+02 2.961111111099999960e+01
4.272222222220000276e+02 3.038888888900000040e+01
5.515000000000000000e+02 3.000000000000000000e+01
5.870714285709999558e+02 3.021428571399999896e+01
2.017142857139999990e+02 3.114285714300000052e+01
3.979999999999999716e+01 3.379999999999999716e+01
6.411538461499999642e+01 3.411538461500000352e+01
8.559090909100000033e+01 3.440909090899999967e+01
1.418333333330000130e+02 3.403333333300000163e+01
2.510000000000000000e+02 3.350000000000000000e+01
3.650000000000000000e+02 3.421428571399999896e+01
3.786999999999999886e+02 3.350000000000000000e+01
2.341363636359999987e+02 3.540909090899999967e+01
4.720294117650000203e+02 3.685294117600000163e+01
5.021499999999999773e+02 3.685000000000000142e+01
5.233999999999999773e+02 3.745000000000000284e+01
3.356111111110000138e+02 3.855555555600000162e+01
1.104500000000000028e+02 4.039999999999999858e+01
2.992142857140000274e+02 4.200000000000000000e+01
4.015000000000000000e+02 4.371052631599999927e+01
5.360000000000000000e+02 4.400000000000000000e+01
2.303499999999999943e+02 4.579999999999999716e+01
5.759117647059999854e+02 4.538235294100000061e+01
1.616176470590000065e+02 4.591176470599999959e+01
3.278636363640000013e+02 4.540909090899999967e+01
2.810000000000000142e+01 4.710000000000000142e+01
2.673888888889999862e+02 4.722222222199999919e+01
4.222777777779999724e+02 4.800000000000000000e+01
4.261764705899999939e+01 4.891176470599999959e+01
3.136538461540000071e+02 4.896153846200000004e+01
3.459117647059999854e+02 4.961764705899999939e+01
4.357857142859999726e+02 4.900000000000000000e+01
4.952142857140000274e+02 5.000000000000000000e+01
3.608750000000000000e+02 5.125000000000000000e+01
4.565000000000000000e+02 5.214705882399999837e+01
5.120000000000000000e+02 5.200000000000000000e+01
1.911764706000000036e+00 5.361764705899999939e+01
2.022500000000000000e+02 5.312500000000000000e+01
1.372894736840000007e+02 5.413157894700000128e+01
2.803666666670000041e+02 5.396666666699999837e+01
3.930000000000000000e+02 5.378571428600000104e+01
3.398846153850000178e+02 5.488461538499999648e+01
1.833571428570000137e+02 5.630952381000000173e+01
5.605499999999999545e+02 5.639999999999999858e+01
9.900000000000000000e+01 5.678571428600000104e+01
4.747500000000000000e+02 5.775000000000000000e+01
6.438888888900000040e+01 5.977777777800000081e+01
5.229375000000000000e+02 5.912500000000000000e+01
1.252999999999999972e+02 5.950000000000000000e+01
2.582222222220000276e+02 6.038888888900000040e+01
8.662500000000000000e+01 6.187500000000000000e+01
3.768750000000000000e+02 6.175000000000000000e+01
1.682142857139999990e+02 6.200000000000000000e+01
1.965384615400000001e+01 6.296153846200000004e+01
5.506000000000000227e+02 6.354999999999999716e+01
5.811153846150000390e+02 6.288461538499999648e+01
1.400333333330000016e+02 6.463333333299999595e+01
2.105000000000000000e+02 6.423333333300000447e+01
4.266333333329999959e+02 6.403333333300000163e+01
3.930882352940000146e+02 6.638235294099999351e+01
4.910000000000000000e+02 6.621428571399999896e+01
1.115000000000000000e+02 6.829999999999999716e+01
1.911470588239999984e+02 6.850000000000000000e+01
2.385000000000000000e+02 6.928947368400000073e+01
4.308823529400000041e+01 7.091176470599999959e+01
4.525000000000000000e+02 6.950000000000000000e+01
7.721428571399999896e+01 7.100000000000000000e+01
2.625000000000000000e+02 7.200000000000000000e+01
3.141428571430000147e+02 7.178571428600000104e+01
5.116999999999999886e+02 7.263333333299999595e+01
5.872142857139999705e+02 7.235714285699999948e+01
3.442500000000000000e+02 7.425000000000000000e+01
4.681000000000000227e+02 7.409999999999999432e+01
2.813421052630000077e+02 7.592105263199999854e+01
2.930000000000000000e+02 7.550000000000000000e+01
5.351000000000000227e+02 7.590000000000000568e+01
1.077777777800000081e+01 7.738888888900000040e+01
1.255909090910000003e+02 7.786363636400000132e+01
1.722894736840000007e+02 7.850000000000000000e+01
5.722142857139999705e+02 7.900000000000000000e+01
2.380000000000000000e+02 7.900000000000000000e+01
4.180625000000000000e+02 8.025000000000000000e+01
5.533421052630000077e+02 8.065789473700000656e+01
3.675000000000000000e+02 8.150000000000000000e+01
4.777857142859999726e+02 8.100000000000000000e+01
6.026470588200000122e+01 8.273529411799999878e+01
3.223666666670000041e+02 8.203333333300000163e+01
9.266666666700000121e+01 8.477777777800000081e+01
1.579000000000000057e+02 8.409999999999999432e+01
2.093823529409999935e+02 8.408823529400000041e+01
2.222142857139999990e+02 8.400000000000000000e+01
3.080714285710000127e+02 8.450000000000000000e+01
3.213157894700000128e+01 8.550000000000000000e+01
5.001153846149999822e+02 8.611538461499999642e+01
3.850294117650000203e+02 8.814705882399999837e+01
4.445833333329999846e+02 8.816666666700000121e+01
7.637500000000000000e+01 8.862500000000000000e+01
2.585500000000000114e+02 8.975000000000000000e+01
4.697857142859999726e+02 8.900000000000000000e+01
5.656000000000000227e+02 9.054999999999999716e+01
1.049117647059999996e+02 9.238235294099999351e+01
5.806000000000000227e+02 9.254999999999999716e+01
4.075000000000000000e+01 9.443750000000000000e+01
1.327857142860000010e+02 9.400000000000000000e+01
4.328684210530000200e+02 9.550000000000000000e+01
4.441176471000000348e+00 9.667647058800000082e+01
1.440000000000000000e+02 9.600000000000000000e+01
1.731666666669999870e+02 9.641666666700000121e+01
2.741153846149999822e+02 9.611538461499999642e+01
2.906000000000000227e+02 9.679999999999999716e+01
3.282647058819999870e+02 9.708823529400000041e+01
3.433823529410000219e+02 9.708823529400000041e+01
4.092142857140000274e+02 9.700000000000000000e+01
1.855000000000000000e+02 9.826470588200000122e+01
5.212142857139999705e+02 9.800000000000000000e+01
5.740909090899999967e+01 9.886363636400000132e+01
3.907857142859999726e+02 1.010000000000000000e+02
8.987500000000000000e+01 1.035000000000000000e+02
2.280882352939999862e+02 1.043823529409999935e+02
2.475000000000000000e+02 1.042999999999999972e+02
4.920000000000000000e+02 1.045000000000000000e+02
1.590000000000000000e+02 1.052142857139999990e+02
4.475000000000000000e+02 1.051470588239999984e+02
5.111666666670000154e+02 1.055000000000000000e+02
7.307142857099999844e+01 1.065952380949999991e+02
1.991153846150000106e+02 1.058846153850000036e+02
5.432368421050000507e+02 1.072894736840000007e+02
3.651666666670000154e+02 1.092333333330000045e+02
5.581363636360000555e+02 1.089545454550000017e+02
5.819285714290000442e+02 1.095000000000000000e+02
2.881666666670000154e+02 1.108333333329999988e+02
3.004411764710000057e+02 1.116764705880000008e+02
2.580263157890000230e+02 1.128684210530000058e+02
1.071363636359999987e+02 1.130454545449999983e+02
4.030000000000000000e+02 1.135000000000000000e+02
4.764523809519999986e+02 1.133095238100000017e+02
2.989999999999999858e+01 1.139000000000000057e+02
4.277857142859999726e+02 1.140000000000000000e+02
1.218846153850000036e+02 1.148846153850000036e+02
3.391153846149999822e+02 1.151153846149999964e+02
3.539736842109999770e+02 1.175000000000000000e+02
5.357857142860000295e+02 1.180000000000000000e+02
2.398333333330000130e+02 1.186111111109999996e+02
4.403750000000000000e+02 1.183750000000000000e+02
4.931315789469999800e+02 1.202894736840000007e+02
7.214285713999999849e+00 1.220000000000000000e+02
1.408333333330000130e+02 1.228333333329999988e+02
1.865000000000000000e+02 1.222999999999999972e+02
2.203666666670000041e+02 1.219666666669999984e+02
5.700000000000000000e+02 1.217857142860000010e+02
8.416666666700000121e+01 1.223888888890000004e+02
1.672894736840000007e+02 1.231315789469999942e+02
4.206333333329999959e+02 1.240333333330000016e+02
4.989999999999999858e+01 1.260999999999999943e+02
5.550000000000000000e+02 1.257857142860000010e+02
6.786363636400000132e+01 1.269545454550000017e+02
2.051111111110000138e+02 1.278333333329999988e+02
4.430000000000000000e+02 1.270000000000000000e+02
4.802500000000000000e+02 1.271666666670000012e+02
5.231470588240000552e+02 1.270294117650000061e+02
1.195000000000000000e+02 1.280000000000000000e+02
3.171153846149999822e+02 1.278846153850000036e+02
3.870333333329999732e+02 1.283666666670000041e+02
4.583461538459999929e+02 1.290384615380000071e+02
1.765000000000000000e+02 1.300000000000000000e+02
3.112500000000000000e+01 1.312500000000000000e+02
1.001521739129999986e+02 1.314130434779999916e+02
2.701363636359999987e+02 1.305909090909999861e+02
2.493666666670000041e+02 1.319666666669999984e+02
3.721363636359999987e+02 1.319545454549999874e+02
1.442307692299999999e+01 1.328076923079999858e+02
3.347222222220000276e+02 1.340000000000000000e+02
2.330999999999999943e+02 1.349000000000000057e+02
1.458571428570000137e+02 1.367142857139999990e+02
2.937500000000000000e+02 1.370625000000000000e+02
3.138636363640000013e+02 1.375909090909999861e+02
4.085000000000000000e+02 1.380000000000000000e+02
5.316428571430000147e+02 1.387857142860000010e+02
3.556000000000000227e+02 1.395500000000000114e+02
1.872857142860000010e+02 1.402857142860000010e+02
8.250000000000000000e+00 1.409375000000000000e+02
1.612086614170000018e+02 1.472007874020000031e+02
4.732647058819999870e+02 1.436764705880000008e+02
5.527857142860000295e+02 1.430000000000000000e+02
5.798846153849999610e+02 1.428846153849999894e+02
4.503333333329999846e+02 1.446111111110000138e+02
5.008846153850000178e+02 1.438846153849999894e+02
4.071052631599999927e+01 1.455000000000000000e+02
2.226904761899999983e+02 1.454523809519999986e+02
5.247000000000000455e+02 1.476999999999999886e+02
5.691176470599999959e+01 1.486176470590000065e+02
1.125588235289999943e+02 1.496764705880000008e+02
2.072142857139999990e+02 1.490000000000000000e+02
3.368684210530000200e+02 1.492894736840000007e+02
4.261153846149999822e+02 1.488846153849999894e+02
9.507894736800000146e+01 1.506052631580000138e+02
2.548684210529999916e+02 1.512894736840000007e+02
8.233333333299999879e+01 1.532222222219999992e+02
2.872142857140000274e+02 1.530000000000000000e+02
3.906666666670000154e+02 1.536666666669999870e+02
3.073636363640000013e+02 1.545000000000000000e+02
3.690000000000000000e+02 1.545000000000000000e+02
5.645000000000000000e+02 1.545000000000000000e+02
2.440000000000000000e+02 1.555000000000000000e+02
4.370000000000000000e+02 1.555000000000000000e+02
2.222222222000000080e+00 1.566111111110000138e+02
4.893421052630000077e+02 1.583421052630000077e+02
5.432142857139999705e+02 1.580000000000000000e+02
1.372142857139999990e+02 1.600000000000000000e+02
3.700000000000000000e+01 1.605000000000000000e+02
3.522500000000000000e+02 1.619166666669999870e+02
1.489615384619999929e+02 1.633461538459999929e+02
1.874090909090000139e+02 1.635909090909999861e+02
2.735000000000000000e+02 1.625000000000000000e+02
4.050454545449999841e+02 1.628636363640000013e+02
4.550000000000000000e+02 1.635000000000000000e+02
5.117105263160000277e+02 1.635000000000000000e+02
2.148333333330000130e+02 1.636111111110000138e+02
6.440000000000000568e+01 1.655500000000000114e+02
9.561764705900000649e+01 1.660882352939999862e+02
1.850000000000000000e+01 1.675000000000000000e+02
2.811666666670000154e+02 1.666111111110000138e+02
1.276428571430000005e+02 1.687857142860000010e+02
4.723999999999999773e+02 1.684499999999999886e+02
2.013421052630000077e+02 1.693421052630000077e+02
3.253461538459999929e+02 1.687307692310000107e+02
5.512500000000000000e+02 1.690625000000000000e+02
4.256111111110000138e+02 1.702222222219999992e+02
3.382352941000000168e+00 1.729117647060000138e+02
8.400000000000000000e+01 1.755000000000000000e+02
2.471315789470000084e+02 1.757105263159999993e+02
3.743235294120000276e+02 1.757352941180000130e+02
2.183421052630000077e+02 1.763421052630000077e+02
5.805000000000000000e+02 1.768529411760000016e+02
1.412500000000000000e+02 1.772500000000000000e+02
1.645000000000000000e+02 1.770000000000000000e+02
3.908684210530000200e+02 1.787105263159999993e+02
4.070000000000000000e+02 1.785000000000000000e+02
5.123684210500000091e+01 1.791315789470000084e+02
1.099117647059999996e+02 1.788529411760000016e+02
5.400000000000000000e+02 1.792777777780000008e+02
3.526578947369999923e+02 1.806578947369999923e+02
4.652857142859999726e+02 1.798571428570000137e+02
3.003235294120000276e+02 1.815588235289999943e+02
3.362500000000000000e+02 1.811666666669999870e+02
4.999736842109999770e+02 1.818157894740000131e+02
2.813823529410000219e+02 1.820882352939999862e+02
1.300000000000000044e+00 1.830000000000000000e+02
2.066666666700000121e+01 1.835000000000000000e+02
4.421470588239999984e+02 1.829705882350000081e+02
2.737999999999999901e+01 1.852199999999999989e+02
5.220000000000000000e+02 1.875000000000000000e+02
5.723421052630000077e+02 1.876578947369999923e+02
1.188461538500000003e+01 1.878846153849999894e+02
2.455625000000000000e+02 1.883750000000000000e+02
2.735000000000000000e+02 1.875000000000000000e+02
1.875000000000000000e+02 1.900000000000000000e+02
7.300000000000000000e+01 1.910000000000000000e+02
1.230000000000000000e+02 1.907857142860000010e+02
3.143823529410000219e+02 1.910882352939999862e+02
3.692222222220000276e+02 1.913888888889999862e+02
5.560789473679999446e+02 1.916052631580000138e+02
1.380000000000000000e+02 1.927857142860000010e+02
3.548529411760000016e+02 1.935000000000000000e+02
4.815526315789999785e+02 1.933421052630000077e+02
4.461923076919999858e+02 1.945769230770000036e+02
1.080000000000000000e+02 1.947857142860000010e+02
4.560789473680000015e+02 1.953947368419999862e+02
5.650000000000000000e+01 1.960000000000000000e+02
4.257500000000000000e+02 1.961250000000000000e+02
5.008750000000000000e+02 1.967500000000000000e+02
2.034000000000000057e+02 1.970500000000000114e+02
2.872647058819999870e+02 1.982647058819999870e+02
1.637666666670000097e+02 2.015000000000000000e+02
1.905500000000000114e+02 2.015999999999999943e+02
2.178636363640000013e+02 2.005909090909999861e+02
2.322333333329999903e+02 2.018333333330000130e+02
3.930000000000000000e+02 2.006999999999999886e+02
5.345000000000000000e+02 2.014375000000000000e+02
2.928000000000000114e+02 2.024000000000000057e+02
3.274090909089999855e+02 2.024090909090000139e+02
5.840000000000000000e+02 2.025000000000000000e+02
8.600000000000000000e+01 2.032142857139999990e+02
5.676333333329999959e+02 2.040333333330000016e+02
2.522391304349999928e+02 2.051086956519999944e+02
3.192058823529999927e+02 2.080882352939999862e+02
4.347857142859999726e+02 2.080000000000000000e+02
4.550000000000000000e+01 2.098333333330000130e+02
3.790000000000000000e+02 2.086999999999999886e+02
1.590000000000000000e+02 2.102142857139999990e+02
2.651666666670000154e+02 2.115476190480000014e+02
5.130000000000000000e+02 2.105000000000000000e+02
1.488095238100000017e+01 2.127857142860000010e+02
1.166333333329999959e+02 2.119666666669999984e+02
2.075000000000000000e+02 2.123000000000000114e+02
4.100000000000000000e+02 2.130000000000000000e+02
5.342777777779999724e+02 2.118888888889999862e+02
2.225000000000000000e+01 2.131666666669999870e+02
3.467500000000000000e+02 2.147500000000000000e+02
1.290000000000000000e+02 2.160000000000000000e+02
2.310384615380000071e+02 2.156538461540000071e+02
3.591470588239999984e+02 2.165000000000000000e+02
4.793823529410000219e+02 2.162058823529999927e+02
4.952500000000000000e+02 2.158333333330000130e+02
7.261111111099999960e+01 2.168333333330000130e+02
1.698333333330000130e+02 2.178333333330000130e+02
5.871000000000000227e+02 2.166999999999999886e+02
2.815749999999999886e+02 2.225500000000000114e+02
5.000000000000000000e-01 2.200000000000000000e+02
9.065789473700000656e+01 2.203421052630000077e+02
4.500000000000000000e+02 2.193000000000000114e+02
5.563461538459999929e+02 2.200384615380000071e+02
3.235000000000000000e+02 2.215000000000000000e+02
3.988333333329999846e+02 2.212500000000000000e+02
1.407105263159999993e+02 2.227105263159999993e+02
2.416578947369999923e+02 2.253421052630000077e+02
4.398333333329999846e+02 2.252500000000000000e+02
5.725499999999999545e+02 2.254000000000000057e+02
5.850000000000000000e+01 2.260000000000000000e+02
3.823571428569999853e+02 2.261666666669999870e+02
1.897777777780000008e+02 2.276666666669999870e+02
5.110000000000000000e+02 2.280000000000000000e+02
2.240000000000000000e+02 2.292777777780000008e+02
3.038846153850000178e+02 2.301153846150000106e+02
3.608846153850000178e+02 2.298846153849999894e+02
4.240000000000000000e+02 2.300000000000000000e+02
4.908333333329999846e+02 2.301666666669999870e+02
1.000000000000000000e+02 2.310000000000000000e+02
1.630000000000000000e+02 2.310000000000000000e+02
8.200000000000000000e+01 2.347222222219999992e+02
1.226176470590000065e+02 2.340882352939999862e+02
4.600000000000000000e+02 2.340000000000000000e+02
2.606578947369999923e+02 2.366578947369999923e+02
2.899117647059999854e+02 2.363823529409999935e+02
3.398846153850000178e+02 2.361153846150000106e+02
6.763157894999999975e+00 2.378684210529999916e+02
5.763333333300000305e+01 2.370333333330000016e+02
3.639999999999999858e+01 2.385500000000000114e+02
1.738076923079999858e+02 2.395769230770000036e+02
4.527500000000000000e+02 2.407500000000000000e+02
3.279444444439999984e+02 2.446111111110000138e+02
5.298999999999999773e+02 2.439000000000000057e+02
5.535555555559999448e+02 2.443888888889999862e+02
1.070000000000000000e+02 2.462142857139999990e+02
1.320000000000000000e+02 2.462142857139999990e+02
1.460000000000000000e+02 2.457857142860000010e+02
2.346739130429999989e+02 2.470652173910000045e+02
3.758333333329999846e+02 2.457500000000000000e+02
4.006052631580000138e+02 2.459210526319999985e+02
5.136818181820000291e+02 2.463181818179999993e+02
2.412500000000000000e+01 2.477500000000000000e+02
4.302142857140000274e+02 2.470000000000000000e+02
1.965000000000000000e+02 2.485000000000000000e+02
2.091153846150000106e+02 2.478846153849999894e+02
2.710882352940000146e+02 2.483823529409999935e+02
4.739615384620000214e+02 2.483461538459999929e+02
3.044411764710000057e+02 2.503235294119999992e+02
3.585833333329999846e+02 2.501666666669999870e+02
4.010000000000000142e+01 2.509000000000000057e+02
5.375909090909999577e+02 2.514090909090000139e+02
8.000000000000000000e+01 2.537222222219999992e+02
4.856250000000000000e+02 2.536250000000000000e+02
5.740000000000000000e+02 2.545000000000000000e+02
4.950000000000000000e+02 2.567222222220000276e+02
2.270789473680000015e+02 2.573947368419999862e+02
2.480000000000000000e+02 2.587727272729999868e+02
2.866333333329999959e+02 2.590333333329999732e+02
3.835000000000000000e+02 2.600000000000000000e+02
1.657352941180000130e+02 2.615000000000000000e+02
8.342105263000000548e+00 2.623421052630000077e+02
3.350000000000000000e+01 2.625000000000000000e+02
1.201153846149999964e+02 2.621153846149999822e+02
4.127500000000000000e+02 2.624375000000000000e+02
1.413666666670000041e+02 2.630333333329999732e+02
1.811500000000000057e+02 2.638500000000000227e+02
4.715769230770000036e+02 2.631923076919999858e+02
3.448999999999999773e+02 2.638999999999999773e+02
4.306000000000000227e+02 2.645500000000000114e+02
5.180000000000000000e+02 2.637857142859999726e+02
5.860882352940000146e+02 2.646176470589999781e+02
6.075000000000000000e+01 2.657500000000000000e+02
4.902857142859999726e+02 2.668571428569999853e+02
2.986000000000000227e+02 2.681000000000000227e+02
3.948000000000000114e+02 2.676999999999999886e+02
5.564090909090000423e+02 2.681363636359999987e+02
7.809999999999999432e+01 2.688999999999999773e+02
9.600000000000000000e+01 2.702777777779999724e+02
2.376111111110000138e+02 2.698333333329999846e+02
3.345666666669999927e+02 2.698999999999999773e+02
2.742647058819999870e+02 2.714411764710000057e+02
3.161000000000000227e+02 2.711000000000000227e+02
4.390000000000000000e+02 2.710000000000000000e+02
4.565000000000000000e+02 2.706999999999999886e+02
3.732777777779999724e+02 2.721666666670000154e+02
5.077777777779999724e+02 2.726111111110000138e+02
2.023499999999999943e+02 2.758000000000000114e+02
6.800000000000000000e+01 2.756999999999999886e+02
1.274375000000000000e+02 2.762500000000000000e+02
8.261904762000000346e+00 2.778809523809999860e+02
5.737777777779999724e+02 2.773888888889999862e+02
1.661666666669999870e+02 2.782500000000000000e+02
5.316250000000000000e+02 2.783750000000000000e+02
3.669615384620000214e+02 2.803461538459999929e+02
2.281428571429999863e+02 2.817142857140000274e+02
2.565909090910000145e+02 2.825909090910000145e+02
1.530000000000000000e+02 2.823000000000000114e+02
2.818846153850000178e+02 2.831153846149999822e+02
3.496111111110000138e+02 2.837777777779999724e+02
4.080000000000000000e+02 2.830000000000000000e+02
4.903999999999999773e+02 2.831999999999999886e+02
4.500000000000000000e+01 2.847857142859999726e+02
1.050000000000000000e+02 2.847857142859999726e+02
2.677500000000000000e+02 2.842500000000000000e+02
4.322222222220000276e+02 2.853888888889999862e+02
4.753999999999999773e+02 2.869499999999999886e+02
8.578571428600000104e+01 2.868571428569999853e+02
3.818846153850000178e+02 2.868846153850000178e+02
5.441153846150000390e+02 2.867307692310000107e+02
2.256250000000000000e+01 2.886250000000000000e+02
2.010000000000000000e+02 2.895000000000000000e+02
3.121000000000000227e+02 2.888999999999999773e+02
4.160333333329999732e+02 2.893666666670000041e+02
5.865909090909999577e+02 2.891363636359999987e+02
1.877352941180000130e+02 2.907352941180000130e+02
1.225000000000000000e+02 2.908333333329999846e+02
5.588684210530000200e+02 2.915526315789999785e+02
5.290000000000000000e+02 2.935000000000000000e+02
6.465384615399999291e+01 2.950384615379999786e+02
2.341153846150000106e+02 2.958846153850000178e+02
3.262222222220000276e+02 2.973333333329999846e+02
4.545625000000000000e+02 2.977500000000000000e+02
1.486666666669999870e+02 2.999444444439999984e+02
1.620882352939999862e+02 2.996176470589999781e+02
2.120000000000000000e+02 3.001875000000000000e+02
3.031999999999999886e+02 2.996000000000000227e+02
3.478846153850000178e+02 2.988846153850000178e+02
4.275000000000000000e+01 3.008750000000000000e+02
1.426052631580000138e+02 3.009210526319999985e+02
3.212222222220000276e+02 3.016111111110000138e+02
3.620555555560000016e+02 3.016111111110000138e+02
4.070000000000000000e+02 3.017222222220000276e+02
2.730000000000000000e+02 3.032142857140000274e+02
3.762142857140000274e+02 3.030000000000000000e+02
5.026578947369999923e+02 3.043421052630000077e+02
4.361153846149999822e+02 3.051153846149999822e+02
1.050000000000000000e+01 3.066052631580000138e+02
7.661111111099999960e+01 3.058333333329999846e+02
1.927500000000000000e+02 3.063500000000000227e+02
9.190000000000000568e+01 3.071000000000000227e+02
1.800454545450000126e+02 3.071363636359999987e+02
4.829117647059999854e+02 3.073823529410000219e+02
5.780000000000000000e+02 3.077857142859999726e+02
1.158913043480000056e+02 3.097173913039999888e+02
2.552777777780000008e+02 3.090000000000000000e+02
1.584523809519999986e+02 3.126904761900000267e+02
5.257777777779999724e+02 3.123888888889999862e+02
2.355909090909999861e+02 3.128636363640000013e+02
4.597307692310000107e+02 3.131153846149999822e+02
5.537222222220000276e+02 3.130000000000000000e+02
4.165000000000000000e+02 3.160000000000000000e+02
8.622222222199999919e+01 3.173888888889999862e+02
3.908000000000000114e+02 3.173999999999999773e+02
4.947777777779999724e+02 3.173888888889999862e+02
2.158846153849999894e+02 3.178846153850000178e+02
2.736333333329999959e+02 3.189666666670000268e+02
3.543999999999999773e+02 3.191999999999999886e+02
5.859444444440000552e+02 3.203888888889999862e+02
3.353461538459999929e+02 3.210384615379999786e+02
7.209999999999999432e+01 3.221000000000000227e+02
2.882500000000000000e+02 3.222500000000000000e+02
4.323181818180000278e+02 3.223181818180000278e+02
2.382352941000000168e+00 3.229117647059999854e+02
5.100000000000000000e+01 3.225000000000000000e+02
2.523823529409999935e+02 3.229117647059999854e+02
3.132500000000000000e+02 3.229166666670000154e+02
4.795000000000000000e+02 3.235000000000000000e+02
4.602142857140000274e+02 3.250000000000000000e+02
5.717857142860000295e+02 3.260000000000000000e+02
3.329999999999999716e+01 3.290000000000000000e+02
4.428333333329999846e+02 3.288333333329999846e+02
1.055000000000000000e+02 3.290000000000000000e+02
1.256111111109999996e+02 3.297777777779999724e+02
1.730000000000000000e+02 3.295000000000000000e+02
2.319615384619999929e+02 3.286538461540000071e+02
3.403095238099999733e+02 3.295952380950000133e+02
5.155499999999999545e+02 3.293999999999999773e+02
1.959375000000000000e+02 3.307500000000000000e+02
3.788999999999999773e+02 3.301000000000000227e+02
5.521000000000000227e+02 3.298999999999999773e+02
7.100000000000000000e+01 3.315000000000000000e+02
3.020000000000000000e+02 3.320000000000000000e+02
4.114333333330000073e+02 3.331000000000000227e+02
3.256176470589999781e+02 3.340882352940000146e+02
4.870000000000000284e+01 3.345000000000000000e+02
5.034166666670000154e+02 3.348333333329999846e+02
1.495000000000000000e+02 3.361666666670000154e+02
3.039999999999999858e+01 3.375500000000000114e+02
3.946999999999999886e+02 3.372333333330000187e+02
2.155000000000000000e+02 3.405000000000000000e+02
2.732222222220000276e+02 3.406111111110000138e+02
5.687222222220000276e+02 3.401111111110000138e+02
1.175000000000000000e+01 3.423500000000000227e+02
3.576538461540000071e+02 3.420384615379999786e+02
5.342857142860000295e+02 3.429285714289999873e+02
2.452058823529999927e+02 3.443823529410000219e+02
4.592500000000000000e+02 3.441666666670000154e+02
8.856666666700000690e+01 3.448999999999999773e+02
1.210000000000000000e+02 3.456999999999999886e+02
1.953823529409999935e+02 3.459117647059999854e+02
4.291000000000000227e+02 3.461000000000000227e+02
5.187857142860000295e+02 3.461428571430000147e+02
1.465555555560000016e+02 3.475000000000000000e+02
1.670000000000000000e+02 3.473999999999999773e+02
2.262619047620000003e+02 3.491190476190000140e+02
2.621428571399999896e+01 3.500000000000000000e+02
9.934210526299999344e+01 3.504473684210000215e+02
3.350384615379999786e+02 3.508076923080000142e+02
4.410000000000000000e+02 3.503000000000000114e+02
4.938636363640000013e+02 3.502272727270000132e+02
3.775000000000000000e+02 3.520000000000000000e+02
4.046538461540000071e+02 3.519615384620000214e+02
4.813823529410000219e+02 3.520882352940000146e+02
6.264285714300000052e+01 3.545714285710000127e+02
2.563181818180000278e+02 3.552272727270000132e+02
2.978333333329999846e+02 3.544523809519999986e+02
2.098846153849999894e+02 3.551153846149999822e+02
5.870714285709999558e+02 3.552142857140000274e+02
4.059090909100000033e+01 3.561363636359999987e+02
5.086818181819999722e+02 3.570454545449999841e+02
5.545000000000000000e+02 3.575000000000000000e+02
3.185909090910000145e+02 3.601363636359999987e+02
4.238846153850000178e+02 3.601153846149999822e+02
1.621428571429999863e+02 3.612857142859999726e+02
1.178913043480000056e+02 3.630217391300000145e+02
3.892333333330000187e+02 3.628333333329999846e+02
4.570000000000000000e+02 3.626428571430000147e+02
5.342500000000000000e+02 3.621666666670000154e+02
7.781818181799999934e+01 3.635454545449999841e+02
3.657727272729999868e+02 3.636818181819999722e+02
1.821153846150000106e+02 3.642692307689999893e+02
2.831363636359999987e+02 3.645909090910000145e+02
2.219999999999999929e+01 3.663500000000000227e+02
5.683999999999999773e+02 3.665500000000000114e+02
1.351666666669999870e+02 3.670000000000000000e+02
2.370000000000000000e+02 3.707222222220000276e+02
4.165000000000000000e+02 3.700000000000000000e+02
4.767500000000000000e+02 3.721250000000000000e+02
5.476176470589999781e+02 3.720294117650000203e+02
5.716666666700000121e+01 3.732500000000000000e+02
9.304545454499999835e+01 3.731363636359999987e+02
1.552333333329999903e+02 3.731666666670000154e+02
3.421250000000000000e+02 3.749375000000000000e+02
4.454090909089999855e+02 3.747272727270000132e+02
4.995000000000000000e+02 3.745000000000000000e+02
3.691176470599999959e+01 3.753823529410000219e+02
2.272142857139999990e+02 3.750000000000000000e+02
3.844444444439999984e+02 3.752777777779999724e+02
5.262333333330000187e+02 3.758333333329999846e+02
2.907380952380000281e+02 3.771190476190000140e+02
2.610000000000000000e+02 3.790000000000000000e+02
1.628125000000000000e+02 3.806875000000000000e+02
4.615588235289999943e+02 3.816764705879999724e+02
6.885294117600000163e+01 3.819705882349999797e+02
1.785000000000000000e+02 3.827105263160000277e+02
2.030999999999999943e+02 3.818999999999999773e+02
3.038333333329999846e+02 3.824166666670000154e+02
3.194444444439999984e+02 3.837222222220000276e+02
3.417222222220000276e+02 3.850000000000000000e+02
4.825000000000000000e+02 3.855000000000000000e+02
3.605000000000000000e+02 3.870000000000000000e+02
5.681470588240000552e+02 3.875000000000000000e+02
5.222142857139999705e+02 3.880000000000000000e+02
1.185555555560000016e+02 3.892777777779999724e+02
1.358846153849999894e+02 3.911153846149999822e+02
3.876764705879999724e+02 3.915588235289999943e+02
5.694444444399999838e+01 3.926111111110000138e+02
2.790384615379999786e+02 3.923461538459999929e+02
4.045909090910000145e+02 3.925909090910000145e+02
8.379999999999999716e+01 3.928000000000000114e+02
1.004444444439999984e+02 3.932777777779999724e+02
4.258846153850000178e+02 3.928846153850000178e+02
4.956999999999999886e+02 3.925000000000000000e+02
1.941153846150000106e+02 3.941153846149999822e+02
5.375000000000000000e+02 3.940000000000000000e+02
1.775000000000000000e+02 3.945000000000000000e+02
2.155000000000000000e+02 3.953000000000000114e+02
3.040000000000000000e+02 3.952777777779999724e+02
1.271052631599999927e+01 3.968684210530000200e+02
4.608823529400000041e+01 3.976176470589999781e+02
2.535000000000000000e+02 3.975000000000000000e+02
4.507222222220000276e+02 3.970000000000000000e+02
5.505000000000000000e+02 3.975000000000000000e+02
2.352222222219999992e+02 3.986111111110000138e+02
2.950000000000000000e+01 3.985000000000000000e+02
3.836818181819999722e+02 4.003181818180000278e+02
1.636111111110000138e+02 4.017777777779999724e+02
3.241666666670000154e+02 4.037500000000000000e+02
3.681086956519999944e+02 4.047173913039999888e+02
4.696999999999999886e+02 4.050000000000000000e+02
2.400000000000000000e+02 4.047857142859999726e+02
5.214285713999999849e+00 4.060000000000000000e+02
4.061470588239999984e+02 4.065000000000000000e+02
3.440000000000000000e+02 4.073000000000000114e+02
4.266333333329999959e+02 4.074333333330000073e+02
5.685000000000000000e+02 4.076333333329999959e+02
1.161363636359999987e+02 4.075909090910000145e+02
5.137000000000000455e+02 4.085000000000000000e+02
9.043333333299999310e+01 4.103666666670000041e+02
2.826333333329999959e+02 4.100333333329999732e+02
5.258999999999999773e+02 4.108999999999999773e+02
1.455999999999999943e+02 4.125500000000000114e+02
2.614499999999999886e+02 4.133999999999999773e+02
4.917777777779999724e+02 4.136111111110000138e+02
5.871666666669999586e+02 4.130000000000000000e+02
5.000000000000000000e+01 4.142777777779999724e+02
5.375000000000000000e+02 4.163823529410000219e+02
7.371428571399999896e+01 4.171428571430000147e+02
1.992500000000000000e+02 4.168333333329999846e+02
3.083461538459999929e+02 4.170384615379999786e+02
3.708684210530000200e+02 4.172368421049999938e+02
4.357857142859999726e+02 4.180000000000000000e+02
1.853181818179999993e+02 4.203181818180000278e+02
1.661111111099999960e+01 4.217777777779999724e+02
2.225999999999999943e+02 4.211999999999999886e+02
3.201000000000000227e+02 4.211000000000000227e+02
4.093999999999999773e+02 4.215500000000000114e+02
3.750000000000000000e+01 4.225000000000000000e+02
8.825000000000000000e+01 4.232500000000000000e+02
1.531666666669999870e+02 4.234166666670000154e+02
1.652142857139999990e+02 4.230000000000000000e+02
4.573571428569999853e+02 4.231666666670000154e+02
5.590000000000000000e+02 4.223000000000000114e+02
3.880000000000000000e+02 4.235000000000000000e+02
1.158888888890000004e+02 4.251666666670000154e+02
4.850294117650000203e+02 4.251470588239999984e+02
2.611111111000000040e+00 4.278333333329999846e+02
1.356428571429999863e+02 4.293095238099999733e+02
3.428999999999999773e+02 4.288999999999999773e+02
4.241000000000000227e+02 4.291000000000000227e+02
5.100000000000000000e+02 4.290000000000000000e+02
2.389545454549999874e+02 4.317727272729999868e+02
2.632142857140000274e+02 4.309285714289999873e+02
6.245000000000000284e+01 4.333999999999999773e+02
2.045000000000000000e+02 4.326999999999999886e+02
5.727857142860000295e+02 4.330000000000000000e+02
2.786666666670000154e+02 4.336666666670000154e+02
2.920555555560000016e+02 4.338333333329999846e+02
3.688846153850000178e+02 4.341153846149999822e+02
1.885000000000000000e+02 4.360000000000000000e+02
3.236499999999999773e+02 4.366499999999999773e+02
3.865000000000000000e+02 4.355000000000000000e+02
3.543888888889999862e+02 4.368333333329999846e+02
4.978846153850000178e+02 4.368846153850000178e+02
5.020588235299999980e+01 4.387352941180000130e+02
5.316538461540000071e+02 4.390384615379999786e+02
5.585000000000000000e+02 4.390000000000000000e+02
1.102000000000000028e+02 4.405500000000000114e+02
2.285000000000000000e+02 4.396999999999999886e+02
3.970000000000000000e+02 4.410000000000000000e+02
2.114285714300000052e+01 4.425714285710000127e+02
1.701315789470000084e+02 4.425000000000000000e+02
8.934210526299999344e+01 4.436578947369999923e+02
2.099545454549999874e+02 4.436363636359999987e+02
3.773181818180000278e+02 4.443181818180000278e+02
4.262500000000000000e+02 4.451666666670000154e+02
5.111153846149999822e+02 4.449615384620000214e+02
4.620000000000000000e+02 4.455000000000000000e+02
1.569000000000000057e+02 4.468999999999999773e+02
2.786333333329999959e+02 4.471666666670000154e+02
3.012222222220000276e+02 4.483888888889999862e+02
4.937500000000000000e+02 4.484375000000000000e+02
5.388333333330000414e+02 4.486333333329999959e+02
3.276304347829999983e+02 4.502826086960000112e+02
4.399117647059999854e+02 4.503823529410000219e+02
4.770000000000000000e+02 4.517727272729999868e+02
2.445000000000000000e+02 4.516999999999999886e+02
4.595000000000000000e+02 4.525000000000000000e+02
5.657000000000000455e+02 4.530000000000000000e+02
1.428571429000000004e+00 4.533571428569999853e+02
2.613666666670000041e+02 4.539666666670000268e+02
5.850000000000000000e+02 4.545000000000000000e+02
3.100000000000000000e+01 4.565000000000000000e+02
1.718333333330000130e+02 4.562500000000000000e+02
3.173000000000000114e+02 4.560000000000000000e+02
5.860000000000000142e+01 4.575500000000000114e+02
1.303823529409999935e+02 4.570882352940000146e+02
1.970000000000000000e+02 4.572777777779999724e+02
9.678571428600000104e+01 4.600000000000000000e+02
3.650000000000000000e+02 4.595000000000000000e+02
4.202222222220000276e+02 4.603888888889999862e+02
3.966111111110000138e+02 4.639444444439999984e+02
5.195000000000000000e+02 4.635000000000000000e+02
2.264230769229999964e+02 4.641923076919999858e+02
2.820000000000000000e+02 4.642142857140000274e+02
3.449615384620000214e+02 4.643461538459999929e+02
5.725000000000000000e+02 4.646176470589999781e+02
8.413636363599999868e+01 4.645909090910000145e+02
1.153181818179999993e+02 4.646818181819999722e+02
1.440000000000000000e+02 4.652142857140000274e+02
4.898684210530000200e+02 4.652894736839999723e+02
5.566578947369999923e+02 4.653421052630000077e+02
4.410000000000000000e+02 4.675000000000000000e+02
5.078846153850000178e+02 4.678846153850000178e+02
2.164000000000000057e+02 4.694499999999999886e+02
2.065384615400000001e+01 4.699615384620000214e+02
2.590000000000000000e+02 4.705000000000000000e+02
3.795000000000000000e+02 4.703000000000000114e+02
2.989117647059999854e+02 4.726176470589999781e+02
3.107500000000000000e+02 4.721666666670000154e+02
4.152142857140000274e+02 4.730000000000000000e+02
4.675000000000000000e+01 4.738333333329999846e+02
3.406000000000000227e+02 4.744499999999999886e+02
1.362058823529999927e+02 4.757352941180000130e+02
1.881363636359999987e+02 4.754090909089999855e+02
5.374444444440000552e+02 4.776666666670000154e+02
6.711538461499999642e+01 4.798846153850000178e+02
1.590000000000000000e+02 4.800000000000000000e+02
4.755000000000000000e+02 4.802777777779999724e+02
5.003333333329999846e+02 4.815000000000000000e+02
1.765000000000000000e+02 4.822894736839999723e+02
4.475000000000000000e+02 4.816999999999999886e+02
4.289473683999999842e+00 4.838684210530000200e+02
1.013421052629999934e+02 4.836578947369999923e+02
3.996666666670000154e+02 4.836111111110000138e+02
5.233181818179999709e+02 4.827727272729999868e+02
2.323181818179999993e+02 4.863181818180000278e+02
2.455909090909999861e+02 4.858636363640000013e+02
3.603000000000000114e+02 4.860000000000000000e+02
3.796999999999999886e+02 4.865000000000000000e+02
4.321666666670000154e+02 4.858333333329999846e+02
5.692894736839999723e+02 4.878684210530000200e+02
2.218333333330000130e+02 4.884166666670000154e+02
8.021428571399999896e+01 4.900000000000000000e+02
1.538636363640000013e+02 4.894090909089999855e+02
3.165000000000000000e+02 4.908529411760000016e+02
2.780000000000000000e+02 4.915000000000000000e+02
5.816764705880000292e+02 4.913235294120000276e+02
1.889285714289999873e+02 4.925000000000000000e+02
4.380000000000000000e+02 4.925000000000000000e+02
4.812333333330000187e+02 4.928333333329999846e+02
2.051666666669999870e+02 4.932500000000000000e+02
2.850000000000000000e+01 4.938333333329999846e+02
2.971000000000000227e+02 4.938999999999999773e+02
1.181428571430000005e+02 4.952857142859999726e+02
5.396111111110000138e+02 4.948333333329999846e+02
3.475769230770000036e+02 4.968076923080000142e+02
3.938157894739999847e+02 4.964473684210000215e+02
1.703000000000000114e+02 4.965000000000000000e+02
5.033666666670000041e+02 4.969666666670000268e+02
5.203333333300000163e+01 4.996333333329999959e+02
3.681999999999999886e+02 4.991000000000000227e+02
6.538888888900000040e+01 4.998333333329999846e+02
1.059444444439999984e+02 5.003888888889999862e+02
5.621666666669999586e+02 4.995833333329999846e+02
4.221875000000000000e+02 5.013125000000000000e+02
2.338846153849999894e+02 5.021153846149999822e+02
2.790000000000000000e+02 5.020000000000000000e+02
4.582692307689999893e+02 5.021153846149999822e+02
4.736176470589999781e+02 5.019117647059999854e+02
8.350000000000000000e+01 5.030000000000000000e+02
1.419117647060000138e+02 5.036176470589999781e+02
2.622142857140000274e+02 5.030000000000000000e+02
5.258846153849999610e+02 5.038846153850000178e+02
2.027777777800000081e+01 5.080000000000000000e+02
2.080000000000000000e+02 5.080000000000000000e+02
3.168636363640000013e+02 5.082272727270000132e+02
3.776000000000000227e+02 5.085500000000000114e+02
4.876499999999999773e+02 5.108000000000000114e+02
1.529347826089999955e+02 5.113260869569999727e+02
3.331666666670000154e+02 5.106111111110000138e+02
3.506999999999999886e+02 5.127999999999999545e+02
4.640909090899999967e+01 5.128636363639999445e+02
1.773000000000000114e+02 5.125000000000000000e+02
4.458636363640000013e+02 5.130454545449999841e+02
5.557142857139999705e+02 5.131428571430000147e+02
5.779444444440000552e+02 5.136111111110000138e+02
2.923461538459999929e+02 5.139615384620000214e+02
2.921428571399999896e+01 5.178571428569999853e+02
1.903333333330000130e+02 5.196111111110000138e+02
2.291999999999999886e+02 5.192000000000000455e+02
4.306999999999999886e+02 5.195666666670000495e+02
7.204999999999999716e+01 5.203999999999999773e+02
1.238846153850000036e+02 5.198846153849999610e+02
5.079117647059999854e+02 5.203823529410000219e+02
5.331000000000000227e+02 5.201000000000000227e+02
4.027105263160000277e+02 5.221315789469999800e+02
9.986363636400000132e+01 5.250000000000000000e+02
3.847857142859999726e+02 5.240000000000000000e+02
4.600555555560000016e+02 5.250000000000000000e+02
3.675000000000000000e+02 5.275000000000000000e+02
4.723333333299999737e+01 5.288333333330000414e+02
2.598636363640000013e+02 5.274090909090000423e+02
4.865588235289999943e+02 5.287352941179999561e+02
2.402222222219999992e+02 5.293888888889999862e+02
3.125500000000000114e+02 5.293999999999999773e+02
1.465789473699999945e+01 5.303421052630000077e+02
1.077380952379999997e+02 5.308809523810000428e+02
4.420000000000000000e+02 5.300000000000000000e+02
2.817500000000000000e+02 5.320000000000000000e+02
2.079615384619999929e+02 5.316538461540000071e+02
5.601000000000000227e+02 5.318999999999999773e+02
2.581818181799999934e+01 5.336363636360000555e+02
4.975000000000000000e+02 5.338529411759999448e+02
4.221153846149999822e+02 5.358846153849999610e+02
1.429666666669999984e+02 5.376333333329999959e+02
3.306111111110000138e+02 5.379444444440000552e+02
5.798529411759999448e+02 5.375000000000000000e+02
1.675000000000000000e+02 5.375000000000000000e+02
5.116818181819999722e+02 5.390454545449999841e+02
2.900000000000000000e+02 5.395000000000000000e+02
3.472142857140000274e+02 5.400000000000000000e+02
5.337500000000000000e+02 5.402500000000000000e+02
7.665789473700000656e+01 5.416578947369999923e+02
2.339000000000000057e+02 5.408999999999999773e+02
3.110000000000000000e+02 5.410000000000000000e+02
1.287941176470000073e+02 5.422647058820000439e+02
1.895999999999999943e+02 5.435499999999999545e+02
3.863823529410000219e+02 5.432058823529999927e+02
2.055000000000000000e+02 5.450000000000000000e+02
2.590000000000000000e+02 5.452142857139999705e+02
4.032692307689999893e+02 5.451153846150000390e+02
4.268999999999999773e+02 5.464333333329999505e+02
5.216666666700000121e+01 5.476111111110000138e+02
4.455909090910000145e+02 5.498636363639999445e+02
3.884615385000000032e+00 5.511153846150000390e+02
9.600000000000000000e+01 5.510000000000000000e+02
2.280000000000000000e+02 5.510000000000000000e+02
2.543235294119999992e+02 5.514411764709999488e+02
5.525000000000000000e+02 5.515000000000000000e+02
1.660000000000000000e+02 5.525000000000000000e+02
5.307142857139999705e+02 5.518571428569999853e+02
3.450000000000000000e+01 5.530000000000000000e+02
4.708529411760000016e+02 5.545000000000000000e+02
5.730000000000000000e+02 5.550000000000000000e+02
3.712142857140000274e+02 5.560000000000000000e+02
5.120000000000000000e+02 5.562142857139999705e+02
1.766111111110000138e+02 5.572222222220000276e+02
2.997857142859999726e+02 5.570000000000000000e+02
4.907727272729999868e+02 5.580000000000000000e+02
8.121428571399999896e+01 5.590000000000000000e+02
2.812777777779999724e+02 5.590000000000000000e+02
1.138846153850000036e+02 5.601153846150000390e+02
3.575000000000000000e+02 5.600000000000000000e+02
3.963571428569999853e+02 5.612142857139999705e+02
3.345000000000000000e+02 5.615000000000000000e+02
