7.357142857000000369e+00 1.428571429000000004e+00
1.959705882350000081e+02 2.852941175999999857e+00
2.200000000000000000e+02 1.500000000000000000e+00
3.082142857140000274e+02 9.285714290000000037e-01
3.655000000000000000e+02 8.750000000000000000e-01
4.880000000000000000e+02 1.785714285999999928e+00
4.990000000000000000e+02 1.785714285999999928e+00
5.228636363639999445e+02 1.409090908999999892e+00
2.715000000000000000e+02 3.500000000000000000e+00
3.240000000000000000e+02 3.277777777999999920e+00
5.582999999999999545e+02 2.500000000000000000e+00
4.015500000000000114e+02 4.599999999999999645e+00
4.656999999999999886e+02 3.500000000000000000e+00
1.505999999999999943e+02 5.450000000000000178e+00
3.500000000000000000e+02 6.500000000000000000e+00
5.845499999999999545e+02 6.599999999999999645e+00
4.222500000000000000e+02 7.125000000000000000e+00
5.384333333329999505e+02 7.099999999999999645e+00
2.515000000000000000e+02 9.026315788999999867e+00
3.045434782610000184e+02 8.891304348000000246e+00
2.569047618999999827e+01 9.547619047999999609e+00
1.323750000000000000e+02 9.250000000000000000e+00
1.739545454549999874e+02 8.681818182000000661e+00
2.141470588239999984e+02 9.500000000000000000e+00
2.355000000000000000e+02 1.007142857100000022e+01
6.850000000000000000e+01 1.100000000000000000e+01
9.925000000000000000e+01 1.375000000000000000e+01
4.413823529410000219e+02 1.408823529400000041e+01
4.560000000000000000e+02 1.469999999999999929e+01
9.090000000000000568e+01 1.656666666699999979e+01
3.871363636359999987e+02 1.559090909100000033e+01
5.104375000000000000e+02 1.631250000000000000e+01
4.913461538459999929e+02 1.742307692299999999e+01
5.777777777800000081e+01 1.861111111099999960e+01
7.500000000000000000e+01 1.822727272699999901e+01
3.244473684210000215e+02 1.865789473699999945e+01
1.450000000000000000e+01 2.014705882399999837e+01
4.629117647059999854e+02 2.138235294100000061e+01
5.567777777779999724e+02 2.161111111099999960e+01
1.159736842110000055e+02 2.286842105299999872e+01
1.546176470590000065e+02 2.408823529400000041e+01
3.495434782610000184e+02 2.510869565200000153e+01
3.697105263160000277e+02 2.450000000000000000e+01
3.911363636359999987e+02 2.340909090899999967e+01
1.414285714289999873e+02 2.514285714300000052e+01
2.711999999999999886e+02 2.580000000000000071e+01
5.763999999999999773e+02 2.680000000000000071e+01
4.064090909089999855e+02 2.713636363599999868e+01
1.741666666669999870e+02 2.888888888900000040e+01
2.372692307689999893e+02 2.811538461499999997e+01
4.241000000000000227e+02 2.810000000000000142e+01
4.495000000000000000e+02 2.850000000000000000e+01
5.285833333330000414e+02 2.783333333299999879e+01
2.135000000000000000e+02 2.930000000000000071e+01
2.021153846150000106e+02 2.988461538500000003e+01
2.865666666669999927e+02 3.010000000000000142e+01
3.099615384620000214e+02 3.034615384599999999e+01
4.500000000000000000e+00 3.150000000000000000e+01
3.600000000000000000e+01 3.100000000000000000e+01
1.041153846149999964e+02 3.157692307700000001e+01
2.487307692310000107e+02 3.211538461500000352e+01
5.065000000000000000e+02 3.450000000000000000e+01
3.631153846149999822e+02 3.488461538499999648e+01
8.354347826100000418e+01 3.689130434799999847e+01
5.230882352940000146e+02 3.738235294100000061e+01
5.521153846150000390e+02 3.688461538499999648e+01
1.096578947370000066e+02 3.865789473699999945e+01
3.343823529410000219e+02 3.808823529400000041e+01
2.621428571399999896e+01 3.935714285699999948e+01
6.400000000000000000e+01 3.921428571399999896e+01
2.990333333329999732e+02 3.936666666699999695e+01
3.811666666670000154e+02 3.925000000000000000e+01
1.647857142860000010e+02 4.000000000000000000e+01
4.465789473699999945e+01 4.134210526300000055e+01
3.469375000000000000e+02 4.175000000000000000e+01
2.606111111110000138e+02 4.277777777800000081e+01
4.723666666670000041e+02 4.203333333300000163e+01
1.368684210529999916e+02 4.371052631599999927e+01
4.008999999999999773e+02 4.289999999999999858e+01
5.679666666670000268e+02 4.463333333300000305e+01
2.054473684209999931e+02 4.528947368400000073e+01
4.927352941180000130e+02 4.573529411799999878e+01
5.351000000000000227e+02 4.489999999999999858e+01
2.312619047620000003e+02 4.988095238100000017e+01
3.259545454550000159e+02 4.913636363599999868e+01
3.686999999999999886e+02 4.929999999999999716e+01
4.352500000000000000e+02 4.983333333299999879e+01
9.611111110999999596e+00 5.122222222199999919e+01
2.835000000000000000e+02 5.138235294100000061e+01
1.049545454550000017e+02 5.186363636400000132e+01
1.873181818179999993e+02 5.277272727300000099e+01
3.860000000000000000e+02 5.250000000000000000e+01
5.150000000000000000e+02 5.300000000000000000e+01
3.105000000000000000e+02 5.395454545500000165e+01
4.578529411760000016e+02 5.402941176499999898e+01
4.184090909089999855e+02 5.540909090899999967e+01
1.237500000000000000e+02 5.616666666700000121e+01
3.720000000000000000e+02 5.650000000000000000e+01
5.256666666669999586e+02 5.677777777800000081e+01
5.449210526320000554e+02 5.639473684200000037e+01
6.425000000000000000e+01 5.775000000000000000e+01
2.508333333330000130e+02 5.850000000000000000e+01
3.418846153850000178e+02 6.011538461500000352e+01
8.800000000000000000e+01 6.121428571399999896e+01
2.429736842110000055e+02 6.213157894700000128e+01
5.608333333330000414e+02 6.250000000000000000e+01
4.252142857140000274e+02 6.300000000000000000e+01
5.797500000000000000e+02 6.283333333299999879e+01
4.813000000000000114e+02 6.350000000000000000e+01
3.182142857140000274e+02 6.500000000000000000e+01
4.003999999999999773e+02 6.554999999999999716e+01
1.398846153849999894e+02 6.588461538500000358e+01
4.927500000000000000e+02 6.593750000000000000e+01
1.978571428600000104e+01 6.700000000000000000e+01
1.610384615380000071e+02 6.665384615399999291e+01
1.959000000000000057e+02 6.690000000000000568e+01
2.140000000000000000e+02 6.821428571399999896e+01
4.515000000000000000e+02 6.850000000000000000e+01
4.279411764700000020e+01 7.073529411799999878e+01
6.983333333299999879e+01 6.958333333299999879e+01
4.670000000000000000e+02 6.978571428600000104e+01
2.667500000000000000e+02 7.216666666700000121e+01
5.718999999999999773e+02 7.209999999999999432e+01
3.483999999999999773e+02 7.379999999999999716e+01
9.558823528999999652e+00 7.461764705900000649e+01
1.335000000000000000e+02 7.475000000000000000e+01
1.068333333329999988e+02 7.641666666700000121e+01
2.973181818180000278e+02 7.568181818200000066e+01
5.293666666670000041e+02 7.603333333300000163e+01
1.720000000000000000e+02 7.772222222199999919e+01
6.026470588200000122e+01 7.873529411799999878e+01
2.188846153849999894e+02 7.911538461499999642e+01
2.605454545449999841e+02 8.077272727300000099e+01
4.778999999999999773e+02 7.990000000000000568e+01
5.135000000000000000e+02 8.033333333299999879e+01
4.160000000000000000e+02 8.150000000000000000e+01
2.335000000000000000e+02 8.075000000000000000e+01
3.310000000000000000e+02 8.250000000000000000e+01
4.500000000000000000e+02 8.221428571399999896e+01
3.391176470599999959e+01 8.361764705900000649e+01
2.785500000000000114e+02 8.359999999999999432e+01
9.150000000000000000e+01 8.471052631599999927e+01
4.283571428569999853e+02 8.550000000000000000e+01
3.662826086960000112e+02 8.689130434800000558e+01
4.999666666670000268e+02 8.616666666700000121e+01
1.500000000000000000e+02 8.678571428600000104e+01
3.894473684210000215e+02 8.734210526299999344e+01
5.473823529410000219e+02 8.808823529400000041e+01
1.077500000000000000e+02 8.887500000000000000e+01
1.260882352940000004e+02 8.938235294099999351e+01
1.720000000000000000e+02 8.850000000000000000e+01
2.022222222219999992e+02 8.938888888900000040e+01
5.221153846150000390e+02 9.011538461499999642e+01
3.133461538459999929e+02 9.150000000000000000e+01
4.630000000000000000e+02 9.083333333299999879e+01
1.870999999999999943e+02 9.209999999999999432e+01
4.030000000000000000e+02 9.200000000000000000e+01
5.695000000000000000e+02 9.250000000000000000e+01
7.150000000000000000e+01 9.250000000000000000e+01
2.221666666669999870e+02 9.550000000000000000e+01
2.892272727270000132e+02 9.700000000000000000e+01
1.222222222199999919e+01 9.722222222199999919e+01
5.250000000000000000e+01 9.729999999999999716e+01
8.383333333299999879e+01 9.723333333300000447e+01
1.451363636359999987e+02 9.659090909100000033e+01
3.490294117650000203e+02 9.814705882399999837e+01
5.456904761900000267e+02 9.840476190500000087e+01
4.921000000000000227e+02 1.009000000000000057e+02
3.900000000000000000e+01 1.035000000000000000e+02
2.478636363640000013e+02 1.039545454550000017e+02
2.753000000000000114e+02 1.047000000000000028e+02
3.723888888889999862e+02 1.040555555560000016e+02
5.138333333330000414e+02 1.042333333330000045e+02
3.272368421049999938e+02 1.057631578950000062e+02
3.056333333329999959e+02 1.060333333330000016e+02
4.512333333330000187e+02 1.075000000000000000e+02
1.170000000000000000e+02 1.080000000000000000e+02
1.581153846150000106e+02 1.081153846149999964e+02
3.892692307689999893e+02 1.078846153850000036e+02
9.900000000000000000e+01 1.090000000000000000e+02
3.100000000000000000e+01 1.105000000000000000e+02
5.582500000000000000e+02 1.101666666670000012e+02
2.018846153849999894e+02 1.118846153850000036e+02
2.558684210529999916e+02 1.127105263159999993e+02
2.910000000000000000e+02 1.120000000000000000e+02
4.052222222220000276e+02 1.136111111109999996e+02
4.239117647059999854e+02 1.136176470590000065e+02
1.827857142860000010e+02 1.150000000000000000e+02
2.373750000000000000e+02 1.146250000000000000e+02
6.532608695700000112e+01 1.165000000000000000e+02
1.405999999999999943e+02 1.164500000000000028e+02
4.415000000000000000e+02 1.152142857139999990e+02
4.676176470589999781e+02 1.160882352940000004e+02
2.180000000000000000e+02 1.175000000000000000e+02
5.360000000000000000e+02 1.170000000000000000e+02
5.875000000000000000e+02 1.165000000000000000e+02
3.617500000000000000e+02 1.207500000000000000e+02
3.370000000000000000e+02 1.207857142860000010e+02
7.000000000000000000e+00 1.222142857139999990e+02
3.196666666670000154e+02 1.240000000000000000e+02
5.025000000000000000e+02 1.243571428569999995e+02
5.724090909090000423e+02 1.241363636359999987e+02
4.620000000000000000e+02 1.257857142860000010e+02
4.643750000000000000e+01 1.268125000000000000e+02
5.453666666670000041e+02 1.269666666669999984e+02
6.450000000000000000e+01 1.283000000000000114e+02
1.631875000000000000e+02 1.283750000000000000e+02
2.110882352939999862e+02 1.286176470590000065e+02
3.877142857140000274e+02 1.281428571429999863e+02
1.857142857099999844e+01 1.301428571429999863e+02
1.116428571430000005e+02 1.308333333330000130e+02
1.290000000000000000e+02 1.297857142860000010e+02
4.195000000000000000e+02 1.300000000000000000e+02
5.152647058820000439e+02 1.305000000000000000e+02
8.729999999999999716e+01 1.305000000000000000e+02
2.891000000000000227e+02 1.310999999999999943e+02
3.740000000000000000e+02 1.320000000000000000e+02
4.462142857140000274e+02 1.320000000000000000e+02
2.763000000000000114e+02 1.325000000000000000e+02
4.818846153850000178e+02 1.331153846150000106e+02
2.330999999999999943e+02 1.340999999999999943e+02
3.280625000000000000e+02 1.351250000000000000e+02
1.775000000000000000e+02 1.376333333329999959e+02
2.578999999999999773e+02 1.370999999999999943e+02
4.106176470589999781e+02 1.370882352939999862e+02
3.086333333329999959e+02 1.380333333330000016e+02
3.300000000000000000e+01 1.390000000000000000e+02
4.986999999999999886e+02 1.403000000000000114e+02
7.088235294000000408e+00 1.413823529409999935e+02
1.449000000000000057e+02 1.409000000000000057e+02
1.578822222219999958e+02 1.511666666669999870e+02
5.775000000000000000e+02 1.417500000000000000e+02
5.369615384620000214e+02 1.443461538459999929e+02
1.950000000000000000e+02 1.447857142860000010e+02
3.613999999999999773e+02 1.455500000000000114e+02
4.580000000000000000e+02 1.450000000000000000e+02
4.697500000000000000e+02 1.453499999999999943e+02
5.079999999999999716e+01 1.474000000000000057e+02
6.650000000000000000e+01 1.471666666669999870e+02
4.308846153850000178e+02 1.470384615380000071e+02
5.538529411759999448e+02 1.469705882350000081e+02
3.377500000000000000e+02 1.487500000000000000e+02
7.586842105300000583e+01 1.492894736840000007e+02
9.930952381000000173e+01 1.495476190480000014e+02
2.132142857139999990e+02 1.490000000000000000e+02
2.480600000000000023e+02 1.493000000000000114e+02
2.340000000000000000e+02 1.510000000000000000e+02
2.556500000000000057e+02 1.521999999999999886e+02
5.247941176470000073e+02 1.523823529409999935e+02
1.165000000000000000e+02 1.530000000000000000e+02
3.912500000000000000e+02 1.541250000000000000e+02
5.390000000000000000e+02 1.545000000000000000e+02
5.644090909090000423e+02 1.564090909090000139e+02
2.852777777779999724e+02 1.574444444439999984e+02
1.883571428570000137e+02 1.586904761899999983e+02
3.082619047619999719e+02 1.588809523809999860e+02
9.285714290000000037e-01 1.587857142860000010e+02
1.376999999999999886e+02 1.593000000000000114e+02
2.138636363640000013e+02 1.590454545450000126e+02
4.271428571399999896e+01 1.601428571429999863e+02
3.746875000000000000e+02 1.606250000000000000e+02
4.958500000000000227e+02 1.619000000000000057e+02
4.400000000000000000e+02 1.622142857139999990e+02
1.428571429000000004e+00 1.646428571429999863e+02
2.400000000000000000e+01 1.640000000000000000e+02
3.514090909089999855e+02 1.638636363640000013e+02
1.231153846149999964e+02 1.651153846150000106e+02
2.716250000000000000e+02 1.643750000000000000e+02
6.765789473700000656e+01 1.666578947369999923e+02
4.018000000000000114e+02 1.658000000000000114e+02
5.560333333329999732e+02 1.666333333329999959e+02
2.893888888889999862e+02 1.671666666669999870e+02
5.173235294119999708e+02 1.673235294119999992e+02
4.541250000000000000e+02 1.687500000000000000e+02
5.870714285709999558e+02 1.682142857139999990e+02
3.166333333329999959e+02 1.689666666669999984e+02
4.790714285710000127e+02 1.695952380950000133e+02
9.061764705900000649e+01 1.710882352939999862e+02
1.970000000000000000e+02 1.717222222219999992e+02
4.284090909089999855e+02 1.715909090909999861e+02
5.737500000000000000e+02 1.717500000000000000e+02
8.400000000000000000e+01 1.745000000000000000e+02
3.900714285710000127e+02 1.744047619049999867e+02
1.476904761899999983e+02 1.756428571429999863e+02
4.943421052630000077e+02 1.756578947369999923e+02
3.961538462000000038e+00 1.756538461540000071e+02
2.789666666670000268e+02 1.766333333329999959e+02
2.167777777780000008e+02 1.773888888889999862e+02
2.395909090909999861e+02 1.775909090909999861e+02
3.686111111110000138e+02 1.772222222219999992e+02
1.704545454499999835e+01 1.781363636359999987e+02
3.317500000000000000e+02 1.781666666669999870e+02
5.328684210530000200e+02 1.787105263159999993e+02
4.959090909100000033e+01 1.794090909090000139e+02
3.509117647059999854e+02 1.793823529409999935e+02
1.070000000000000000e+02 1.805000000000000000e+02
4.357500000000000000e+02 1.807500000000000000e+02
1.706111111110000138e+02 1.817777777780000008e+02
4.662692307689999893e+02 1.831153846150000106e+02
3.218846153850000178e+02 1.848846153849999894e+02
4.823823529410000219e+02 1.849117647060000138e+02
7.884615385000000032e+00 1.861153846150000106e+02
4.061666666670000154e+02 1.857500000000000000e+02
8.161111111099999960e+01 1.887777777780000008e+02
3.650000000000000000e+01 1.896363636359999987e+02
2.032777777780000008e+02 1.890000000000000000e+02
3.016111111110000138e+02 1.897777777780000008e+02
5.220000000000000000e+02 1.895000000000000000e+02
5.653333333330000414e+02 1.893888888889999862e+02
2.700000000000000000e+02 1.900000000000000000e+02
2.504444444439999984e+02 1.915000000000000000e+02
2.876111111110000138e+02 1.917777777780000008e+02
1.275000000000000000e+02 1.920714285710000127e+02
1.840000000000000000e+02 1.915000000000000000e+02
1.637857142860000010e+02 1.940000000000000000e+02
3.697777777779999724e+02 1.946111111110000138e+02
5.350000000000000000e+02 1.940000000000000000e+02
1.371250000000000000e+02 1.952500000000000000e+02
4.279117647059999854e+02 1.956176470590000065e+02
4.465000000000000000e+02 1.953333333330000130e+02
1.088750000000000000e+02 1.982500000000000000e+02
3.371666666670000154e+02 1.983750000000000000e+02
6.334210526300000055e+01 1.994473684209999931e+02
3.465000000000000000e+02 1.998529411760000016e+02
5.010333333329999732e+02 1.993666666670000041e+02
3.900000000000000000e+02 2.000000000000000000e+02
5.535499999999999545e+02 2.001999999999999886e+02
8.229999999999999716e+01 2.023000000000000114e+02
2.957500000000000000e+02 2.022500000000000000e+02
4.638529411760000016e+02 2.020294117649999919e+02
2.563421052630000077e+02 2.036578947369999923e+02
2.241153846150000106e+02 2.041153846150000106e+02
5.151153846150000390e+02 2.048846153849999894e+02
1.853888888889999862e+02 2.062222222219999992e+02
2.392142857139999990e+02 2.060000000000000000e+02
2.682272727270000132e+02 2.070000000000000000e+02
4.766764705879999724e+02 2.064411764710000057e+02
5.670333333329999732e+02 2.066333333329999959e+02
1.575000000000000000e+02 2.070000000000000000e+02
3.201250000000000000e+02 2.095000000000000000e+02
1.755882352900000143e+01 2.106764705880000008e+02
4.003333333300000163e+01 2.113666666670000041e+02
1.255000000000000000e+02 2.110000000000000000e+02
4.103999999999999773e+02 2.118000000000000114e+02
2.094090909090000139e+02 2.121363636359999987e+02
4.261923076919999858e+02 2.125769230770000036e+02
4.510000000000000000e+02 2.130000000000000000e+02
2.800000000000000000e+01 2.140000000000000000e+02
3.821666666670000154e+02 2.133888888889999862e+02
1.149000000000000057e+02 2.160999999999999943e+02
7.309999999999999432e+01 2.170999999999999943e+02
9.100000000000000000e+01 2.177222222219999992e+02
2.826170212769999921e+02 2.222765957450000087e+02
3.626578947369999923e+02 2.186578947369999923e+02
5.468333333330000414e+02 2.184166666669999870e+02
5.265476190480000014e+02 2.196904761899999983e+02
2.249000000000000057e+02 2.199000000000000057e+02
1.706578947369999923e+02 2.215526315790000069e+02
3.425000000000000000e+02 2.215000000000000000e+02
4.010000000000000000e+02 2.210000000000000000e+02
5.005000000000000000e+02 2.205000000000000000e+02
5.872142857139999705e+02 2.226428571429999863e+02
5.788461538499999648e+01 2.231153846150000106e+02
2.510789473680000015e+02 2.243947368419999862e+02
5.137857142860000295e+02 2.238571428570000137e+02
1.225000000000000000e+02 2.258750000000000000e+02
1.473000000000000114e+02 2.266500000000000057e+02
4.450000000000000000e+02 2.255000000000000000e+02
5.646250000000000000e+02 2.271666666669999870e+02
1.984000000000000057e+02 2.275500000000000114e+02
1.606250000000000000e+02 2.291875000000000000e+02
2.213421052630000077e+02 2.293421052630000077e+02
3.040333333329999732e+02 2.293666666670000041e+02
3.215909090910000145e+02 2.295909090909999861e+02
3.450000000000000178e+00 2.315999999999999943e+02
9.700000000000000000e+01 2.317857142860000010e+02
3.898000000000000114e+02 2.323499999999999943e+02
4.615000000000000000e+02 2.320000000000000000e+02
4.224333333330000073e+02 2.329000000000000057e+02
2.629117647059999854e+02 2.353823529409999935e+02
2.847500000000000000e+02 2.355500000000000114e+02
3.588846153850000178e+02 2.351153846150000106e+02
4.896000000000000227e+02 2.355500000000000114e+02
8.050000000000000000e+01 2.365000000000000000e+02
5.342857142860000295e+02 2.361428571429999863e+02
3.861111111099999960e+01 2.377777777780000008e+02
3.456818181819999722e+02 2.376818181820000007e+02
5.140000000000000000e+02 2.400000000000000000e+02
2.109666666669999984e+02 2.413666666670000041e+02
3.710000000000000000e+02 2.410000000000000000e+02
4.258333333329999846e+02 2.416333333329999959e+02
1.730000000000000000e+02 2.418333333330000130e+02
4.065869565219999799e+02 2.427173913039999888e+02
4.453421052630000077e+02 2.433421052630000077e+02
5.516578947369999923e+02 2.436578947369999923e+02
1.510000000000000000e+02 2.442142857139999990e+02
6.210000000000000142e+01 2.460999999999999943e+02
2.696666666670000154e+02 2.467777777780000008e+02
4.675833333329999846e+02 2.458333333330000130e+02
8.050000000000000000e+01 2.475000000000000000e+02
3.595000000000000000e+02 2.473000000000000114e+02
2.081578947399999890e+01 2.486578947369999923e+02
1.893750000000000000e+02 2.488333333330000130e+02
2.382142857139999990e+02 2.482142857139999990e+02
5.875000000000000000e+02 2.475000000000000000e+02
3.275000000000000000e+02 2.508684210529999916e+02
1.261428571430000005e+02 2.517142857139999990e+02
4.834230769229999964e+02 2.512692307689999893e+02
4.957857142859999726e+02 2.521190476190000140e+02
5.434090909090000423e+02 2.515909090909999861e+02
4.121428571399999896e+01 2.520000000000000000e+02
1.082142857139999990e+02 2.522857142860000010e+02
2.857142857140000274e+02 2.521428571429999863e+02
3.810294117650000203e+02 2.531470588239999984e+02
3.057777777779999724e+02 2.546111111110000138e+02
5.717352941179999561e+02 2.547352941180000130e+02
1.427777777800000081e+01 2.550000000000000000e+02
6.260000000000000142e+01 2.558000000000000114e+02
2.530454545450000126e+02 2.573636363640000013e+02
2.270789473680000015e+02 2.586052631580000138e+02
4.313000000000000114e+02 2.600000000000000000e+02
3.535000000000000000e+02 2.600000000000000000e+02
4.126875000000000000e+02 2.601875000000000000e+02
5.837222222220000276e+02 2.605555555560000016e+02
1.143181818179999993e+02 2.617727272729999868e+02
1.420000000000000000e+02 2.617857142859999726e+02
1.665666666669999927e+02 2.621000000000000227e+02
2.717777777779999724e+02 2.626111111110000138e+02
3.099705882349999797e+02 2.628529411760000016e+02
5.613181818179999709e+02 2.623181818180000278e+02
3.776315789499999909e+01 2.647631578950000062e+02
1.870000000000000000e+02 2.647727272729999868e+02
5.262500000000000000e+02 2.638333333329999846e+02
4.578333333329999846e+02 2.645833333329999846e+02
4.699666666670000268e+02 2.666333333329999959e+02
4.418846153850000178e+02 2.667307692310000107e+02
2.110238095240000007e+02 2.691666666670000154e+02
4.934375000000000000e+02 2.678125000000000000e+02
8.561764705900000649e+01 2.690882352940000146e+02
2.357857142860000010e+02 2.695000000000000000e+02
1.023499999999999943e+02 2.713000000000000114e+02
3.735000000000000000e+02 2.705000000000000000e+02
3.335000000000000000e+02 2.725000000000000000e+02
3.970833333329999846e+02 2.722500000000000000e+02
2.910000000000000000e+02 2.730000000000000000e+02
5.006000000000000227e+02 2.744499999999999886e+02
1.512500000000000000e+02 2.748333333329999846e+02
5.368333333330000414e+02 2.747500000000000000e+02
1.277857142860000010e+02 2.760000000000000000e+02
4.834615384599999999e+01 2.769615384620000214e+02
1.740999999999999943e+02 2.768999999999999773e+02
5.725000000000000000e+02 2.771315789469999800e+02
1.358695652199999948e+01 2.804565217389999816e+02
4.071153846149999822e+02 2.798846153850000178e+02
2.277857142860000010e+02 2.810000000000000000e+02
2.858846153850000178e+02 2.811153846149999822e+02
3.628846153850000178e+02 2.808846153850000178e+02
4.373947368419999862e+02 2.810789473680000015e+02
6.779999999999999716e+01 2.818000000000000114e+02
4.883999999999999773e+02 2.828000000000000114e+02
5.447857142860000295e+02 2.830000000000000000e+02
1.094444444439999984e+02 2.845000000000000000e+02
2.567608695650000072e+02 2.851956521739999744e+02
2.717857142859999726e+02 2.835000000000000000e+02
3.488750000000000000e+02 2.847500000000000000e+02
3.902500000000000000e+02 2.844375000000000000e+02
4.741666666670000154e+02 2.851666666670000154e+02
3.091923076919999858e+02 2.859615384620000214e+02
2.030999999999999943e+02 2.871000000000000227e+02
3.134210526300000055e+01 2.885526315789999785e+02
1.858529411760000016e+02 2.885000000000000000e+02
1.485000000000000000e+02 2.903947368419999862e+02
3.302647058819999870e+02 2.907352941180000130e+02
4.169375000000000000e+02 2.907500000000000000e+02
5.824375000000000000e+02 2.919375000000000000e+02
8.650000000000000000e+01 2.930714285710000127e+02
1.208684210530000058e+02 2.932894736839999723e+02
6.516666666700000121e+01 2.937500000000000000e+02
2.330999999999999943e+02 2.951000000000000227e+02
4.560789473680000015e+02 2.966052631580000138e+02
5.286578947369999923e+02 2.966578947369999923e+02
5.042500000000000000e+02 2.968750000000000000e+02
1.405000000000000000e+02 2.995000000000000000e+02
3.972894736839999723e+02 2.995000000000000000e+02
1.682222222219999992e+02 3.003888888889999862e+02
2.740333333329999732e+02 3.006333333329999959e+02
5.615000000000000000e+02 3.007105263160000277e+02
3.743750000000000000e+01 3.006875000000000000e+02
2.128684210529999916e+02 3.016578947369999923e+02
2.937272727270000132e+02 3.017727272729999868e+02
3.633888888889999862e+02 3.019444444439999984e+02
5.000000000000000000e-01 3.020000000000000000e+02
3.771428571430000147e+02 3.032857142859999726e+02
3.216111111110000138e+02 3.042222222220000276e+02
7.700000000000000000e+01 3.060000000000000000e+02
1.921315789470000084e+02 3.062368421049999938e+02
1.010000000000000000e+02 3.072142857140000274e+02
2.598333333329999846e+02 3.075000000000000000e+02
5.711153846150000390e+02 3.071153846149999822e+02
1.790000000000000000e+02 3.073000000000000114e+02
3.480000000000000000e+02 3.077857142859999726e+02
4.395000000000000000e+02 3.100000000000000000e+02
4.630333333329999732e+02 3.106333333329999959e+02
4.821111111110000138e+02 3.101111111110000138e+02
5.332058823529999927e+02 3.102647058819999870e+02
4.968750000000000000e+02 3.113750000000000000e+02
1.350000000000000000e+01 3.120000000000000000e+02
7.100000000000000000e+01 3.142142857140000274e+02
1.195909090910000003e+02 3.145909090910000145e+02
2.360000000000000000e+02 3.155000000000000000e+02
2.962272727270000132e+02 3.163181818180000278e+02
5.512368421050000507e+02 3.171315789469999800e+02
2.170000000000000000e+02 3.180000000000000000e+02
4.160000000000000000e+02 3.182142857140000274e+02
4.270000000000000000e+02 3.182142857140000274e+02
9.138888888900000040e+01 3.192222222220000276e+02
5.867000000000000455e+02 3.190000000000000000e+02
1.560000000000000000e+02 3.203000000000000114e+02
5.125000000000000000e+01 3.221666666670000154e+02
1.947222222219999992e+02 3.220000000000000000e+02
2.490000000000000000e+02 3.222142857140000274e+02
3.308846153850000178e+02 3.218846153850000178e+02
3.633750000000000000e+02 3.228333333329999846e+02
4.850000000000000000e+02 3.227857142859999726e+02
3.881086956519999944e+02 3.242826086960000112e+02
5.722857142860000295e+02 3.251428571430000147e+02
1.022222222199999919e+01 3.263888888889999862e+02
1.460000000000000000e+02 3.263000000000000114e+02
2.680333333329999732e+02 3.263666666670000041e+02
3.090000000000000000e+02 3.260000000000000000e+02
1.253421052629999934e+02 3.273421052630000077e+02
2.850000000000000000e+01 3.288500000000000227e+02
1.743823529409999935e+02 3.280882352940000146e+02
4.620384615379999786e+02 3.276538461540000071e+02
5.150294117649999635e+02 3.281470588239999984e+02
5.530000000000000000e+02 3.300000000000000000e+02
1.080000000000000000e+02 3.315000000000000000e+02
2.350000000000000000e+02 3.310000000000000000e+02
6.950000000000000000e+01 3.323000000000000114e+02
5.026538461540000071e+02 3.324230769229999964e+02
3.727500000000000000e+02 3.331250000000000000e+02
4.141000000000000227e+02 3.338999999999999773e+02
4.492500000000000000e+02 3.350625000000000000e+02
8.512500000000000000e+01 3.372500000000000000e+02
2.766000000000000227e+02 3.374499999999999886e+02
3.451086956519999944e+02 3.380217391300000145e+02
3.350000000000000000e+01 3.385000000000000000e+02
4.306578947369999923e+02 3.393421052630000077e+02
2.148846153849999894e+02 3.398846153850000178e+02
3.183823529410000219e+02 3.399117647059999854e+02
4.618999999999999773e+02 3.398999999999999773e+02
5.211153846150000390e+02 3.401153846149999822e+02
2.965000000000000000e+02 3.411470588239999984e+02
5.337857142860000295e+02 3.410000000000000000e+02
5.763999999999999773e+02 3.415500000000000114e+02
4.811538461500000352e+01 3.418846153850000178e+02
4.781666666670000154e+02 3.421666666670000154e+02
1.740000000000000000e+02 3.430000000000000000e+02
3.758636363640000013e+02 3.434090909089999855e+02
3.908750000000000000e+02 3.447500000000000000e+02
2.524499999999999886e+02 3.463999999999999773e+02
1.310652173910000045e+02 3.475869565219999799e+02
6.700000000000000000e+01 3.482142857140000274e+02
1.923235294119999992e+02 3.487352941180000130e+02
3.515000000000000000e+02 3.480000000000000000e+02
5.517999999999999545e+02 3.498000000000000114e+02
1.355000000000000071e+01 3.516000000000000227e+02
2.814285714300000052e+01 3.512857142859999726e+02
5.862142857139999705e+02 3.530000000000000000e+02
9.491176470599999959e+01 3.543823529410000219e+02
1.476111111110000138e+02 3.547777777779999724e+02
2.335952380950000133e+02 3.554047619049999867e+02
4.918636363640000013e+02 3.534090909089999855e+02
3.137307692310000107e+02 3.557307692310000107e+02
5.141153846150000390e+02 3.561153846149999822e+02
5.380000000000000000e+02 3.556999999999999886e+02
2.564090909089999855e+02 3.575909090910000145e+02
3.304375000000000000e+02 3.572500000000000000e+02
2.924090909089999855e+02 3.584090909089999855e+02
4.106333333329999959e+02 3.581666666670000154e+02
4.245909090910000145e+02 3.581363636359999987e+02
4.427222222220000276e+02 3.580000000000000000e+02
3.672894736839999723e+02 3.602368421049999938e+02
3.911000000000000227e+02 3.601000000000000227e+02
5.771666666669999586e+02 3.605000000000000000e+02
1.643461538459999929e+02 3.609615384620000214e+02
4.078571428600000104e+01 3.620000000000000000e+02
1.148684210530000058e+02 3.619736842109999770e+02
2.110000000000000000e+02 3.626666666670000154e+02
4.585625000000000000e+02 3.627500000000000000e+02
8.240909090899999967e+01 3.654090909089999855e+02
1.905000000000000000e+02 3.653000000000000114e+02
2.800000000000000000e+02 3.650000000000000000e+02
4.840000000000000000e+02 3.652142857140000274e+02
5.875000000000000000e+02 3.665000000000000000e+02
3.463823529410000219e+02 3.682058823529999927e+02
2.381666666669999870e+02 3.695000000000000000e+02
5.513947368420000430e+02 3.699210526319999985e+02
2.316666666700000121e+01 3.715416666670000154e+02
3.746111111110000138e+02 3.716666666670000154e+02
4.975909090910000145e+02 3.715909090910000145e+02
5.486363636400000132e+01 3.714090909089999855e+02
1.390000000000000000e+02 3.717857142859999726e+02
1.481153846150000106e+02 3.717307692310000107e+02
4.447105263160000277e+02 3.722368421049999938e+02
5.221000000000000227e+02 3.721000000000000227e+02
4.105555555560000016e+02 3.752777777779999724e+02
1.892500000000000000e+02 3.762500000000000000e+02
7.765789473700000656e+01 3.776578947369999923e+02
2.272142857139999990e+02 3.770000000000000000e+02
3.950000000000000000e+01 3.780000000000000000e+02
5.713333333330000414e+02 3.782222222220000276e+02
2.062500000000000000e+02 3.809375000000000000e+02
3.245000000000000000e+02 3.811666666670000154e+02
9.209999999999999432e+01 3.821000000000000227e+02
2.685555555560000016e+02 3.827222222220000276e+02
2.887173913039999888e+02 3.825869565219999799e+02
3.055833333329999846e+02 3.830833333329999846e+02
3.673750000000000000e+02 3.835625000000000000e+02
1.594444444439999984e+02 3.846111111110000138e+02
4.568999999999999773e+02 3.855666666669999927e+02
2.533888888889999862e+02 3.864444444439999984e+02
4.844499999999999886e+02 3.876000000000000227e+02
4.955000000000000000e+02 3.875000000000000000e+02
5.392500000000000000e+02 3.878750000000000000e+02
3.475500000000000114e+02 3.893999999999999773e+02
1.192777777780000008e+02 3.910000000000000000e+02
1.350000000000000000e+02 3.922142857140000274e+02
3.911000000000000227e+02 3.921000000000000227e+02
1.776999999999999886e+02 3.936000000000000227e+02
4.280000000000000000e+02 3.942142857140000274e+02
5.158846153849999610e+02 3.941153846149999822e+02
5.600000000000000000e+01 3.950000000000000000e+02
2.963999999999999773e+02 3.954499999999999886e+02
4.084523809519999986e+02 3.953095238099999733e+02
5.580294117649999635e+02 3.951470588239999984e+02
2.100000000000000000e+02 3.955000000000000000e+02
2.746999999999999886e+02 3.955000000000000000e+02
3.605909090910000145e+02 3.964090909089999855e+02
8.161111111099999960e+01 3.971666666670000154e+02
6.500000000000000000e+00 3.980000000000000000e+02
9.763333333299999595e+01 3.980333333329999732e+02
2.386052631580000138e+02 3.990789473680000015e+02
1.652500000000000000e+02 4.002500000000000000e+02
1.943461538459999929e+02 4.010384615379999786e+02
3.845000000000000000e+02 4.006999999999999886e+02
2.500000000000000000e+01 4.020000000000000000e+02
1.206666666670000012e+02 4.025000000000000000e+02
4.568750000000000000e+01 4.033125000000000000e+02
4.695000000000000000e+02 4.050652173909999760e+02
2.637222222220000276e+02 4.050000000000000000e+02
4.200333333329999732e+02 4.056333333329999959e+02
5.151363636360000555e+02 4.049545454550000159e+02
1.458157894740000131e+02 4.080263157890000230e+02
3.480000000000000000e+02 4.076999999999999886e+02
4.495000000000000000e+02 4.070000000000000000e+02
7.290000000000000568e+01 4.078999999999999773e+02
4.969705882349999797e+02 4.088529411760000016e+02
5.725714285709999558e+02 4.083571428569999853e+02
3.231153846149999822e+02 4.087307692310000107e+02
2.374090909090000139e+02 4.101363636359999987e+02
2.810000000000000000e+02 4.105000000000000000e+02
3.988750000000000000e+02 4.102500000000000000e+02
8.187500000000000000e+00 4.126250000000000000e+02
4.908823529400000041e+01 4.133823529410000219e+02
3.730000000000000000e+02 4.132777777779999724e+02
5.281000000000000227e+02 4.128999999999999773e+02
2.151190476190000140e+02 4.145000000000000000e+02
1.638846153849999894e+02 4.147307692310000107e+02
1.818846153849999894e+02 4.151153846149999822e+02
1.981363636359999987e+02 4.159545454550000159e+02
9.300000000000000000e+01 4.167857142859999726e+02
3.017857142859999726e+02 4.170000000000000000e+02
5.861153846150000390e+02 4.171153846149999822e+02
3.146333333329999959e+02 4.188333333329999846e+02
4.455769230770000036e+02 4.188076923080000142e+02
5.073500000000000227e+02 4.211999999999999886e+02
1.833333333299999879e+01 4.217777777779999724e+02
5.390882352940000146e+02 4.216176470589999781e+02
3.841666666670000154e+02 4.229444444439999984e+02
3.448999999999999773e+02 4.241000000000000227e+02
5.650000000000000000e+02 4.240000000000000000e+02
2.445526315790000069e+02 4.276578947369999923e+02
4.123095238099999733e+02 4.276428571430000147e+02
3.737500000000000000e+01 4.276250000000000000e+02
1.116578947370000066e+02 4.285526315789999785e+02
1.352500000000000000e+02 4.282500000000000000e+02
1.490000000000000000e+02 4.280000000000000000e+02
4.731190476190000140e+02 4.287380952380000281e+02
2.935000000000000000e+02 4.293000000000000114e+02
4.606363636359999987e+02 4.291363636359999987e+02
4.981153846149999822e+02 4.287307692310000107e+02
6.495000000000000284e+01 4.313999999999999773e+02
4.237500000000000000e+02 4.311250000000000000e+02
2.619545454550000159e+02 4.318636363640000013e+02
1.000000000000000000e+00 4.330000000000000000e+02
9.278571428600000104e+01 4.341190476190000140e+02
2.103750000000000000e+02 4.323750000000000000e+02
3.691000000000000227e+02 4.328999999999999773e+02
2.747857142859999726e+02 4.343571428569999853e+02
5.800000000000000000e+02 4.347857142859999726e+02
1.885000000000000000e+02 4.360000000000000000e+02
5.296250000000000000e+02 4.373125000000000000e+02
1.178571428599999926e+01 4.380000000000000000e+02
3.281666666670000154e+02 4.388333333329999846e+02
3.525000000000000000e+02 4.377857142859999726e+02
3.990000000000000000e+02 4.387857142859999726e+02
1.509000000000000057e+02 4.398999999999999773e+02
4.172222222199999919e+01 4.410000000000000000e+02
5.500000000000000000e+02 4.403000000000000114e+02
1.078684210530000058e+02 4.432894736839999723e+02
1.715000000000000000e+02 4.432894736839999723e+02
2.318846153849999894e+02 4.432692307689999893e+02
2.945000000000000000e+02 4.437500000000000000e+02
4.655833333329999846e+02 4.431666666670000154e+02
2.587142857140000274e+02 4.438571428569999853e+02
3.875000000000000000e+02 4.435000000000000000e+02
3.714090909089999855e+02 4.451363636359999987e+02
4.980000000000000000e+02 4.455000000000000000e+02
5.134166666669999586e+02 4.458333333329999846e+02
2.167272727270000132e+02 4.482272727270000132e+02
4.275000000000000000e+02 4.475000000000000000e+02
5.654090909090000423e+02 4.485909090910000145e+02
2.390999999999999943e+02 4.488999999999999773e+02
2.802692307689999893e+02 4.493461538459999929e+02
4.402894736839999723e+02 4.493421052630000077e+02
2.934210526300000055e+01 4.513421052630000077e+02
6.565000000000000568e+01 4.517500000000000000e+02
8.186842105300000583e+01 4.512894736839999723e+02
3.118846153850000178e+02 4.511153846149999822e+02
4.840000000000000000e+02 4.512777777779999724e+02
1.226190476200000035e+01 4.538809523809999860e+02
2.539000000000000057e+02 4.538999999999999773e+02
9.850000000000000000e+01 4.550000000000000000e+02
1.700000000000000000e+02 4.562142857140000274e+02
1.973888888889999862e+02 4.562222222220000276e+02
1.365000000000000000e+02 4.575000000000000000e+02
3.337380952380000281e+02 4.578809523809999860e+02
3.632857142859999726e+02 4.569285714289999873e+02
5.366250000000000000e+02 4.571875000000000000e+02
3.490000000000000000e+02 4.580000000000000000e+02
4.215000000000000000e+02 4.580000000000000000e+02
4.641999999999999886e+02 4.596000000000000227e+02
1.510000000000000000e+02 4.607857142859999726e+02
2.278333333330000130e+02 4.617500000000000000e+02
5.513421052630000077e+02 4.626578947369999923e+02
8.525000000000000000e+01 4.641666666670000154e+02
2.750000000000000000e+02 4.637857142859999726e+02
4.342647058819999870e+02 4.642647058819999870e+02
3.964565217389999816e+02 4.655869565219999799e+02
5.173823529410000219e+02 4.659117647059999854e+02
2.062777777780000008e+02 4.678333333329999846e+02
1.228333333329999988e+02 4.677500000000000000e+02
4.809117647059999854e+02 4.693823529410000219e+02
5.072500000000000000e+02 4.690833333329999846e+02
1.918846153849999894e+02 4.711153846149999822e+02
5.695000000000000000e+02 4.710000000000000000e+02
3.703000000000000114e+02 4.720000000000000000e+02
4.211538461500000352e+01 4.728846153850000178e+02
2.945000000000000000e+02 4.730000000000000000e+02
2.714285714300000052e+01 4.742857142859999726e+02
2.507857142860000010e+02 4.740000000000000000e+02
3.207142857140000274e+02 4.738571428569999853e+02
4.147500000000000000e+02 4.739166666670000154e+02
1.600000000000000000e+02 4.762142857140000274e+02
4.045526315789999785e+02 4.792894736839999723e+02
9.599999999999999645e+00 4.805500000000000114e+02
2.292500000000000000e+02 4.798333333329999846e+02
1.371250000000000000e+02 4.812500000000000000e+02
3.848999999999999773e+02 4.811000000000000227e+02
4.481153846149999822e+02 4.811153846149999822e+02
5.001153846149999822e+02 4.811153846149999822e+02
6.592857142900000156e+01 4.825000000000000000e+02
1.805476190480000014e+02 4.827380952380000281e+02
4.690000000000000000e+02 4.827727272729999868e+02
9.955555555600000162e+01 4.832777777779999724e+02
3.381470588239999984e+02 4.839705882349999797e+02
5.431000000000000227e+02 4.841000000000000227e+02
2.051923076920000142e+02 4.854230769229999964e+02
5.153181818179999709e+02 4.846818181819999722e+02
5.770625000000000000e+02 4.857500000000000000e+02
2.526999999999999886e+02 4.866999999999999886e+02
5.621521739129999560e+02 4.868043478260000256e+02
8.878571428600000104e+01 4.880000000000000000e+02
2.850000000000000000e+01 4.895000000000000000e+02
3.615000000000000000e+02 4.885000000000000000e+02
5.100000000000000000e+01 4.900000000000000000e+02
1.540000000000000000e+02 4.900000000000000000e+02
4.865000000000000000e+02 4.908529411760000016e+02
3.221250000000000000e+02 4.917500000000000000e+02
4.350000000000000000e+02 4.912142857140000274e+02
1.211153846149999964e+02 4.917307692310000107e+02
2.741666666670000154e+02 4.921666666670000154e+02
3.001875000000000000e+02 4.943750000000000000e+02
3.470000000000000000e+02 4.942142857140000274e+02
1.648636363640000013e+02 4.950454545449999841e+02
4.200000000000000000e+02 4.975000000000000000e+02
2.206538461540000071e+02 4.979615384620000214e+02
3.967105263160000277e+02 4.985000000000000000e+02
5.557500000000000000e+02 4.981666666670000154e+02
1.380333333330000016e+02 4.993666666670000041e+02
1.938571428570000137e+02 4.992857142859999726e+02
3.847105263160000277e+02 4.998684210530000200e+02
3.691153846149999822e+02 5.001153846149999822e+02
4.558999999999999773e+02 4.998999999999999773e+02
5.356111111110000138e+02 5.001666666670000154e+02
6.700000000000000000e+01 5.005000000000000000e+02
2.391923076920000142e+02 5.010384615379999786e+02
2.210000000000000142e+01 5.018999999999999773e+02
5.050000000000000000e+02 5.020000000000000000e+02
8.885294117600000163e+01 5.040294117650000203e+02
2.510000000000000000e+02 5.040000000000000000e+02
5.260000000000000000e+02 5.057857142859999726e+02
4.700000000000000000e+01 5.082142857140000274e+02
3.096538461540000071e+02 5.079615384620000214e+02
1.074000000000000057e+02 5.094499999999999886e+02
2.029666666669999984e+02 5.103666666670000041e+02
2.790000000000000000e+02 5.100000000000000000e+02
5.767999999999999545e+02 5.110500000000000114e+02
1.517727272729999868e+02 5.125454545449999841e+02
2.281363636359999987e+02 5.125909090909999577e+02
3.556904761900000267e+02 5.135476190480000014e+02
2.925000000000000000e+02 5.137000000000000455e+02
3.365909090910000145e+02 5.138636363639999445e+02
4.287857142859999726e+02 5.140000000000000000e+02
4.741666666670000154e+02 5.146333333329999959e+02
5.553461538459999929e+02 5.140384615379999786e+02
2.783333333299999879e+01 5.155000000000000000e+02
7.169047618999999827e+01 5.155476190480000014e+02
4.938333333329999846e+02 5.165000000000000000e+02
5.145000000000000000e+02 5.161666666669999586e+02
4.480000000000000000e+02 5.177857142860000295e+02
1.718636363640000013e+02 5.185909090909999577e+02
3.872272727270000132e+02 5.191363636360000555e+02
1.250714285709999984e+02 5.212857142860000295e+02
4.019761904759999993e+02 5.211190476189999572e+02
5.390833333330000414e+02 5.212500000000000000e+02
1.890882352939999862e+02 5.226176470589999781e+02
2.805454545449999841e+02 5.238181818179999709e+02
3.103500000000000227e+02 5.236499999999999773e+02
9.065789473700000656e+01 5.253421052630000077e+02
4.950000000000000000e+01 5.260000000000000000e+02
5.785000000000000000e+02 5.265000000000000000e+02
2.608846153850000178e+02 5.271153846150000390e+02
4.575526315789999785e+02 5.278157894739999847e+02
1.130000000000000000e+02 5.280000000000000000e+02
4.773888888889999862e+02 5.285555555559999448e+02
2.153000000000000114e+02 5.295000000000000000e+02
3.611315789469999800e+02 5.302894736839999723e+02
2.431250000000000000e+02 5.317500000000000000e+02
4.159375000000000000e+02 5.317500000000000000e+02
4.440000000000000000e+02 5.312142857139999705e+02
3.446176470589999781e+02 5.319117647059999854e+02
5.592500000000000000e+02 5.331666666669999586e+02
1.726999999999999886e+02 5.340000000000000000e+02
3.837857142859999726e+02 5.350000000000000000e+02
1.340000000000000036e+01 5.364500000000000455e+02
3.473809523799999965e+01 5.371190476189999572e+02
1.505000000000000000e+02 5.360000000000000000e+02
5.172999999999999545e+02 5.355000000000000000e+02
5.379347826089999671e+02 5.380652173910000329e+02
5.000000000000000000e-01 5.365000000000000000e+02
2.918846153850000178e+02 5.401153846150000390e+02
4.067857142859999726e+02 5.400000000000000000e+02
2.270000000000000000e+02 5.412777777779999724e+02
5.019117647059999854e+02 5.413823529410000219e+02
3.330000000000000000e+02 5.435000000000000000e+02
7.550000000000000000e+01 5.442894736839999723e+02
2.056333333329999959e+02 5.440333333329999732e+02
4.680294117650000203e+02 5.458529411759999448e+02
5.700652173910000329e+02 5.455869565220000368e+02
1.865000000000000000e+02 5.475000000000000000e+02
2.620000000000000000e+02 5.477857142860000295e+02
3.075000000000000000e+02 5.477000000000000455e+02
4.472142857140000274e+02 5.480000000000000000e+02
5.493500000000000227e+02 5.483500000000000227e+02
5.875000000000000000e+02 5.475000000000000000e+02
1.200000000000000000e+01 5.492142857139999705e+02
1.262500000000000000e+02 5.488750000000000000e+02
5.500000000000000000e+01 5.495000000000000000e+02
3.720000000000000000e+02 5.505000000000000000e+02
5.228846153849999610e+02 5.498846153849999610e+02
2.255909090909999861e+02 5.511363636360000555e+02
3.527500000000000000e+02 5.508750000000000000e+02
9.808823529400000041e+01 5.521470588240000552e+02
4.280000000000000000e+02 5.545000000000000000e+02
7.421428571399999896e+01 5.550000000000000000e+02
1.640000000000000000e+02 5.570000000000000000e+02
2.450000000000000000e+02 5.575000000000000000e+02
2.820000000000000000e+02 5.575000000000000000e+02
4.916000000000000227e+02 5.589500000000000455e+02
2.955000000000000071e+01 5.593999999999999773e+02
3.034166666670000154e+02 5.601666666669999586e+02
5.000000000000000000e+01 5.605000000000000000e+02
1.141363636359999987e+02 5.605909090909999577e+02
3.157857142859999726e+02 5.610714285709999558e+02
3.325000000000000000e+02 5.611250000000000000e+02
5.117857142859999726e+02 5.610714285709999558e+02
5.750000000000000000e+02 5.615000000000000000e+02
