7.911764705999999592e+00 1.794117646999999982e+00
5.150000000000000000e+01 5.000000000000000000e-01
2.725000000000000000e+02 1.750000000000000000e+00
3.090000000000000000e+02 5.000000000000000000e-01
3.705000000000000000e+02 5.000000000000000000e-01
4.986578947369999923e+02 2.815789473999999792e+00
1.476578947369999923e+02 3.342105263000000104e+00
1.945000000000000000e+02 3.000000000000000000e+00
3.518999999999999773e+02 4.099999999999999645e+00
5.518846153849999610e+02 3.884615385000000032e+00
4.036578947369999923e+02 5.657894737000000340e+00
4.876250000000000000e+02 5.812500000000000000e+00
5.251250000000000000e+02 5.500000000000000000e+00
1.388529411760000016e+02 6.500000000000000000e+00
2.517222222219999992e+02 6.555555555999999839e+00
3.234499999999999886e+02 6.599999999999999645e+00
5.829705882350000365e+02 7.147058824000000143e+00
2.714999999999999858e+01 8.900000000000000355e+00
2.136111111110000138e+02 8.333333333000000565e+00
3.004090909089999855e+02 8.409090908999999670e+00
7.279999999999999716e+01 8.800000000000000711e+00
3.933888888889999862e+02 8.611111110999999596e+00
4.256111111110000138e+02 9.944444444000000161e+00
5.418333333330000414e+02 9.233333332999999143e+00
4.518636363640000013e+02 1.013636363600000045e+01
1.770000000000000000e+02 1.069999999999999929e+01
2.303461538459999929e+02 1.203846153799999996e+01
4.440882352940000146e+02 1.338235294100000061e+01
8.976666666699999553e+01 1.656666666699999979e+01
1.027500000000000000e+02 1.725000000000000000e+01
7.550000000000000000e+01 1.867391304299999888e+01
3.232222222220000276e+02 1.811111111099999960e+01
1.561111111099999960e+01 1.922222222199999919e+01
5.738235294100000061e+01 1.908823529400000041e+01
5.135555555559999448e+02 2.038888888900000040e+01
1.167222222219999992e+02 2.100000000000000000e+01
5.570882352940000146e+02 2.161764705899999939e+01
3.553571428569999853e+02 2.369047618999999827e+01
2.725000000000000000e+02 2.430000000000000071e+01
4.671999999999999886e+02 2.464999999999999858e+01
4.121153846149999822e+02 2.488461538500000003e+01
1.429615384619999929e+02 2.565384615400000001e+01
1.598750000000000000e+02 2.637500000000000000e+01
3.725000000000000000e+02 2.663333333299999950e+01
4.917142857140000274e+02 2.614285714300000052e+01
5.757500000000000000e+02 2.675000000000000000e+01
3.022142857140000274e+02 2.700000000000000000e+01
4.258750000000000000e+02 2.775000000000000000e+01
2.021428571429999863e+02 2.842857142900000156e+01
3.855000000000000000e+02 2.750000000000000000e+01
4.495000000000000000e+02 2.850000000000000000e+01
9.871428571399999896e+01 2.942857142900000156e+01
2.545769230770000036e+02 2.919230769199999997e+01
5.295000000000000000e+02 2.900000000000000000e+01
1.737105263159999993e+02 3.086842105299999872e+01
2.400000000000000000e+02 3.021428571399999896e+01
2.193000000000000114e+02 3.050000000000000000e+01
2.821153846149999822e+02 3.111538461499999997e+01
5.501153846150000390e+02 3.111538461499999997e+01
4.599999999999999645e+00 3.254999999999999716e+01
4.150000000000000000e+01 3.150000000000000000e+01
3.600000000000000000e+02 3.150000000000000000e+01
3.809166666670000154e+02 3.325000000000000000e+01
6.059090909100000033e+01 3.513636363599999868e+01
5.042500000000000000e+02 3.575000000000000000e+01
5.245555555559999448e+02 3.538888888900000040e+01
3.355588235289999943e+02 3.732352941199999918e+01
2.978125000000000000e+02 3.837500000000000000e+01
2.707142857099999844e+01 3.971428571399999896e+01
1.647500000000000000e+02 3.912500000000000000e+01
3.988750000000000000e+02 3.975000000000000000e+01
1.107941176469999931e+02 4.061764705899999939e+01
4.450000000000000000e+01 4.100000000000000000e+01
4.723823529410000219e+02 4.091176470599999959e+01
2.259761904759999993e+02 4.288095238100000017e+01
3.493888888889999862e+02 4.244444444399999838e+01
5.387307692309999538e+02 4.173076923099999647e+01
8.432608695700000112e+01 4.350000000000000000e+01
4.380000000000000000e+02 4.550000000000000000e+01
2.048750000000000000e+02 4.625000000000000000e+01
4.918125000000000000e+02 4.637500000000000000e+01
1.336578947369999923e+02 4.765789473699999945e+01
2.621000000000000227e+02 4.689999999999999858e+01
5.711000000000000227e+02 4.710000000000000142e+01
1.834090909090000139e+02 4.859090909100000033e+01
3.318333333329999846e+02 4.738888888900000040e+01
4.578750000000000000e+02 4.875000000000000000e+01
3.088999999999999773e+02 4.879999999999999716e+01
3.680882352940000146e+02 4.938235294100000061e+01
3.929666666670000268e+02 4.963333333300000305e+01
9.277777778000000808e+00 5.300000000000000000e+01
2.818999999999999773e+02 5.289999999999999858e+01
4.204499999999999886e+02 5.339999999999999858e+01
3.727777777779999724e+02 5.461111111099999960e+01
9.934615384600000709e+01 5.503846153799999996e+01
6.586842105300000583e+01 5.623684210500000091e+01
3.366538461540000071e+02 5.696153846200000004e+01
5.131153846150000390e+02 5.688461538499999648e+01
5.296000000000000227e+02 5.754999999999999716e+01
2.367777777780000008e+02 5.822222222199999919e+01
5.773461538459999929e+02 5.903846153799999996e+01
8.819230769199999997e+01 6.057692307699999645e+01
1.258636363640000013e+02 6.104545454499999835e+01
2.133666666670000041e+02 6.096666666699999837e+01
2.519499999999999886e+02 6.229999999999999716e+01
5.448529411759999448e+02 6.202941176499999898e+01
5.615000000000000000e+02 6.271052631599999927e+01
4.861111111099999960e+01 6.477777777800000081e+01
1.589666666669999984e+02 6.463333333299999595e+01
4.245000000000000000e+02 6.485294117600000163e+01
4.790000000000000000e+02 6.470000000000000284e+01
1.934411764710000057e+02 6.632352941199999918e+01
3.181153846149999822e+02 6.611538461499999642e+01
4.911428571430000147e+02 6.671428571399999896e+01
2.596153846200000004e+01 6.734615384600000709e+01
7.583333333299999879e+01 6.841666666700000121e+01
1.399000000000000057e+02 6.809999999999999432e+01
4.443750000000000000e+02 6.862500000000000000e+01
4.674333333330000073e+02 6.890000000000000568e+01
1.060000000000000000e+02 7.000000000000000000e+01
2.925909090910000145e+02 6.986363636400000132e+01
3.957941176470000073e+02 6.991176470599999959e+01
2.616538461540000071e+02 7.150000000000000000e+01
3.483500000000000227e+02 7.320000000000000284e+01
5.706333333329999959e+02 7.203333333300000163e+01
8.500000000000000000e+00 7.371052631599999927e+01
1.337857142860000010e+02 7.600000000000000000e+01
2.201875000000000000e+02 7.643750000000000000e+01
5.293666666670000041e+02 7.596666666699999837e+01
3.307777777779999724e+02 7.738888888900000040e+01
3.645434782610000184e+02 7.758695652199999415e+01
4.810000000000000000e+02 7.750000000000000000e+01
6.018750000000000000e+01 7.837500000000000000e+01
1.732391304349999928e+02 7.910869565199999442e+01
4.173888888889999862e+02 7.922222222199999919e+01
5.121666666669999586e+02 8.063333333299999595e+01
2.390000000000000000e+02 7.950000000000000000e+01
3.400000000000000000e+01 8.250000000000000000e+01
2.508913043480000056e+02 8.254347826100000418e+01
4.510000000000000000e+02 8.283333333299999879e+01
9.312500000000000000e+01 8.450000000000000000e+01
1.489375000000000000e+02 8.425000000000000000e+01
2.750000000000000000e+02 8.400000000000000000e+01
3.898529411760000016e+02 8.550000000000000000e+01
4.981153846149999822e+02 8.611538461499999642e+01
7.204545454499999835e+01 8.813636363599999868e+01
2.021470588239999984e+02 8.850000000000000000e+01
5.527352941179999561e+02 8.826470588200000122e+01
1.260000000000000000e+02 8.921428571399999896e+01
4.231999999999999886e+02 8.945000000000000284e+01
1.105000000000000000e+02 9.000000000000000000e+01
4.625909090910000145e+02 9.013636363599999868e+01
5.251153846150000390e+02 8.988461538500000358e+01
1.682142857139999990e+02 9.100000000000000000e+01
4.046875000000000000e+02 9.100000000000000000e+01
5.677500000000000000e+02 9.134999999999999432e+01
1.900000000000000000e+02 9.221428571399999896e+01
3.112500000000000000e+02 9.216666666700000121e+01
1.131250000000000000e+01 9.431250000000000000e+01
2.237105263159999993e+02 9.450000000000000000e+01
5.211538461500000352e+01 9.511538461499999642e+01
2.972894736839999723e+02 9.586842105300000583e+01
8.383333333299999879e+01 9.603333333300000163e+01
3.463823529410000219e+02 9.608823529400000041e+01
3.691470588239999984e+02 9.897058823499999392e+01
5.411666666669999586e+02 9.983333333299999879e+01
4.276666666700000263e+01 1.011666666670000012e+02
1.478846153849999894e+02 1.008846153850000036e+02
3.302222222220000276e+02 1.023333333329999988e+02
2.443750000000000000e+02 1.033750000000000000e+02
2.728846153850000178e+02 1.048846153850000036e+02
3.080000000000000000e+02 1.055000000000000000e+02
5.165000000000000000e+02 1.053947368420000004e+02
4.913750000000000000e+02 1.061875000000000000e+02
5.600000000000000000e+02 1.060000000000000000e+02
1.062142857139999990e+02 1.070000000000000000e+02
1.180000000000000000e+02 1.070000000000000000e+02
3.857500000000000000e+02 1.079166666670000012e+02
3.050000000000000000e+01 1.090000000000000000e+02
2.882777777779999724e+02 1.095555555560000016e+02
4.516176470589999781e+02 1.089117647059999996e+02
1.588846153849999894e+02 1.098846153850000036e+02
2.008636363640000013e+02 1.114090909089999997e+02
1.851363636359999987e+02 1.125909090910000003e+02
4.027500000000000000e+02 1.131250000000000000e+02
4.261000000000000227e+02 1.130999999999999943e+02
7.291666666700000121e+01 1.151666666670000012e+02
1.435000000000000000e+02 1.158529411760000016e+02
2.553823529409999935e+02 1.150882352940000004e+02
4.456250000000000000e+02 1.153750000000000000e+02
5.371428571430000147e+02 1.157857142860000010e+02
6.000000000000000000e+00 1.172142857139999990e+02
4.718333333329999846e+02 1.171666666670000012e+02
5.025500000000000114e+02 1.172500000000000000e+02
2.435000000000000000e+02 1.175000000000000000e+02
3.585000000000000000e+02 1.185000000000000000e+02
5.870000000000000000e+02 1.180000000000000000e+02
2.181250000000000000e+02 1.205000000000000000e+02
3.351363636359999987e+02 1.204090909089999997e+02
4.363333333300000305e+01 1.230333333330000016e+02
8.950000000000000000e+01 1.225000000000000000e+02
3.195000000000000000e+02 1.236666666670000012e+02
5.462692307690000462e+02 1.243461538460000071e+02
1.260384615380000071e+02 1.263461538460000071e+02
4.650000000000000000e+02 1.260000000000000000e+02
2.075000000000000000e+02 1.270000000000000000e+02
5.735909090909999577e+02 1.268636363640000013e+02
1.118181818179999993e+02 1.284090909090000139e+02
1.615000000000000000e+02 1.285000000000000000e+02
3.705000000000000000e+02 1.286999999999999886e+02
3.854333333330000073e+02 1.293000000000000114e+02
5.152222222220000276e+02 1.293888888889999862e+02
2.907857142859999726e+02 1.300000000000000000e+02
4.190882352940000146e+02 1.306176470590000065e+02
7.050000000000000000e+01 1.316999999999999886e+02
1.740999999999999943e+02 1.320999999999999943e+02
2.111538461499999997e+01 1.331153846150000106e+02
4.397857142859999726e+02 1.330000000000000000e+02
2.307777777780000008e+02 1.343333333330000130e+02
3.278684210530000200e+02 1.347631578950000062e+02
4.768846153850000178e+02 1.341153846150000106e+02
2.707500000000000000e+02 1.348333333330000130e+02
4.072894736839999723e+02 1.365000000000000000e+02
3.803333333300000163e+01 1.376333333329999959e+02
5.761153846150000390e+02 1.381153846150000106e+02
2.561000000000000227e+02 1.390999999999999943e+02
7.777777777999999920e+00 1.405555555560000016e+02
3.138333333329999846e+02 1.402500000000000000e+02
1.415000000000000000e+02 1.418529411760000016e+02
5.510000000000000000e+02 1.410000000000000000e+02
4.875000000000000000e+01 1.426500000000000057e+02
1.602359999999999900e+02 1.479319999999999879e+02
4.991666666670000154e+02 1.427666666670000097e+02
4.765476190480000014e+02 1.446904761899999983e+02
5.355625000000000000e+02 1.446250000000000000e+02
6.250000000000000000e+01 1.460000000000000000e+02
1.930999999999999943e+02 1.449000000000000057e+02
2.326111111110000138e+02 1.452222222219999992e+02
3.358500000000000227e+02 1.468499999999999943e+02
3.606052631580000138e+02 1.470789473680000015e+02
4.246999999999999886e+02 1.465000000000000000e+02
4.580000000000000000e+02 1.480000000000000000e+02
9.622727272699999901e+01 1.500000000000000000e+02
2.078846153849999894e+02 1.501153846150000106e+02
2.557777777780000008e+02 1.523888888889999862e+02
7.622222222199999919e+01 1.536666666669999870e+02
1.170000000000000000e+02 1.530000000000000000e+02
4.986818181819999722e+02 1.542272727270000132e+02
5.215666666670000495e+02 1.530999999999999943e+02
2.466052631580000138e+02 1.549210526319999985e+02
3.080454545449999841e+02 1.552727272729999868e+02
3.909705882349999797e+02 1.541470588239999984e+02
2.088235293999999964e+00 1.576176470590000065e+02
1.316333333329999959e+02 1.569666666669999984e+02
1.894090909090000139e+02 1.575909090909999861e+02
2.823666666670000041e+02 1.569666666669999984e+02
5.431923076919999858e+02 1.574230769229999964e+02
2.135000000000000000e+02 1.580000000000000000e+02
2.693750000000000000e+02 1.583750000000000000e+02
3.687142857140000274e+02 1.587857142860000010e+02
4.361153846149999822e+02 1.591153846150000106e+02
5.708809523810000428e+02 1.607380952379999997e+02
1.558846153849999894e+02 1.611153846150000106e+02
4.056111111110000138e+02 1.611666666669999870e+02
4.375000000000000000e+01 1.628333333330000130e+02
3.473000000000000114e+02 1.625000000000000000e+02
2.855000000000000000e+02 1.632142857139999990e+02
4.567857142859999726e+02 1.640000000000000000e+02
1.977777777800000081e+01 1.673888888889999862e+02
4.765000000000000000e+02 1.677105263159999993e+02
1.262333333330000045e+02 1.688333333330000130e+02
3.157857142859999726e+02 1.680000000000000000e+02
1.687500000000000000e+00 1.696875000000000000e+02
4.287777777779999724e+02 1.696111111110000138e+02
5.163823529410000219e+02 1.690882352939999862e+02
5.573666666670000041e+02 1.690333333330000016e+02
5.741666666669999586e+02 1.695000000000000000e+02
6.775000000000000000e+01 1.707500000000000000e+02
9.044444444399999838e+01 1.717222222219999992e+02
1.975000000000000000e+02 1.725000000000000000e+02
1.740294117649999919e+02 1.751470588239999984e+02
3.322500000000000000e+02 1.758333333330000130e+02
3.539117647059999854e+02 1.766176470590000065e+02
3.938000000000000114e+02 1.763499999999999943e+02
2.438333333330000130e+02 1.775000000000000000e+02
2.855666666669999927e+02 1.769000000000000057e+02
3.720000000000000000e+02 1.777222222219999992e+02
8.236666666700000405e+01 1.780333333330000016e+02
2.162222222219999992e+02 1.786111111110000138e+02
4.942272727270000132e+02 1.790000000000000000e+02
1.850000000000000000e+01 1.785000000000000000e+02
4.750000000000000000e+01 1.795000000000000000e+02
5.364500000000000455e+02 1.805999999999999943e+02
5.785714286000000151e+00 1.810000000000000000e+02
1.425000000000000000e+02 1.815000000000000000e+02
4.667500000000000000e+02 1.808333333330000130e+02
3.410000000000000142e+01 1.850600000000000023e+02
4.393421052630000077e+02 1.846578947369999923e+02
1.155625000000000000e+02 1.856250000000000000e+02
3.205000000000000000e+02 1.855000000000000000e+02
4.105909090910000145e+02 1.858636363640000013e+02
4.775000000000000000e+02 1.865000000000000000e+02
2.733181818180000278e+02 1.873181818179999993e+02
5.223421052630000077e+02 1.874473684209999931e+02
5.647500000000000000e+02 1.882500000000000000e+02
8.138888888900000040e+01 1.897777777780000008e+02
1.810000000000000000e+02 1.900000000000000000e+02
2.996764705879999724e+02 1.904411764710000057e+02
1.013636363600000045e+01 1.905909090909999861e+02
2.489375000000000000e+02 1.917500000000000000e+02
2.001999999999999886e+02 1.925999999999999943e+02
2.874333333330000073e+02 1.919000000000000057e+02
3.326904761900000267e+02 1.935952380950000133e+02
4.282500000000000000e+02 1.940625000000000000e+02
1.282142857139999990e+02 1.950000000000000000e+02
3.707352941180000130e+02 1.957352941180000130e+02
4.662368421049999938e+02 1.952894736840000007e+02
5.353823529410000219e+02 1.949117647060000138e+02
1.367352941180000130e+02 1.967352941180000130e+02
3.908636363640000013e+02 1.955909090909999861e+02
6.038888888900000040e+01 1.977777777780000008e+02
1.009000000000000057e+02 1.970999999999999943e+02
1.620000000000000000e+02 1.972142857139999990e+02
5.002777777779999724e+02 1.970000000000000000e+02
4.481153846149999822e+02 1.981153846150000106e+02
5.562222222220000276e+02 1.983333333330000130e+02
2.429000000000000057e+02 2.000999999999999943e+02
2.925500000000000114e+02 2.025999999999999943e+02
3.510000000000000000e+02 2.025000000000000000e+02
2.241363636359999987e+02 2.040454545450000126e+02
2.535999999999999943e+02 2.040500000000000114e+02
5.170000000000000000e+02 2.040000000000000000e+02
8.638235294099999351e+01 2.049117647060000138e+02
1.568846153849999894e+02 2.071153846150000106e+02
3.196111111110000138e+02 2.077777777780000008e+02
5.660882352940000146e+02 2.076176470590000065e+02
1.340000000000000036e+01 2.085500000000000114e+02
3.810000000000000000e+02 2.076999999999999886e+02
3.865384615400000001e+01 2.090384615380000071e+02
2.656904761900000267e+02 2.093571428570000137e+02
4.713235294120000276e+02 2.093235294119999992e+02
4.110500000000000114e+02 2.104000000000000057e+02
1.118846153850000036e+02 2.108846153849999894e+02
1.877500000000000000e+02 2.112500000000000000e+02
4.270000000000000000e+02 2.110000000000000000e+02
2.257307692310000107e+02 2.133461538459999929e+02
9.372222222199999919e+01 2.145555555560000016e+02
5.536333333329999959e+02 2.140333333330000016e+02
6.762500000000000000e+01 2.146250000000000000e+02
1.258333333329999988e+02 2.147666666670000097e+02
3.100000000000000000e+01 2.162142857139999990e+02
1.706578947369999923e+02 2.164473684209999931e+02
2.080000000000000000e+02 2.180000000000000000e+02
2.814468085109999720e+02 2.223191489360000048e+02
4.553888888889999862e+02 2.183888888889999862e+02
3.628157894739999847e+02 2.193421052630000077e+02
3.406052631580000138e+02 2.199210526319999985e+02
5.015000000000000000e+02 2.200000000000000000e+02
1.467222222219999992e+02 2.225555555560000016e+02
4.041363636359999987e+02 2.214090909090000139e+02
5.336578947369999923e+02 2.236578947369999923e+02
5.855666666670000495e+02 2.230999999999999943e+02
1.255000000000000000e+02 2.251666666669999870e+02
1.952500000000000000e+02 2.252500000000000000e+02
2.500000000000000000e+02 2.260000000000000000e+02
5.768181818200000066e+01 2.282272727270000132e+02
3.078571428569999853e+02 2.277857142860000010e+02
3.906111111110000138e+02 2.282222222219999992e+02
5.188846153849999610e+02 2.281153846150000106e+02
8.250000000000000000e+01 2.291666666669999870e+02
1.601250000000000000e+02 2.302500000000000000e+02
2.203421052630000077e+02 2.303421052630000077e+02
4.243333333329999846e+02 2.303888888889999862e+02
4.453181818180000278e+02 2.302272727270000132e+02
6.549999999999999822e+00 2.315999999999999943e+02
1.029615384619999929e+02 2.313461538459999929e+02
3.565909090910000145e+02 2.308636363640000013e+02
3.282777777779999724e+02 2.320000000000000000e+02
4.925000000000000000e+02 2.325000000000000000e+02
4.618333333329999846e+02 2.335000000000000000e+02
5.671190476189999572e+02 2.337380952379999997e+02
2.889210526319999985e+02 2.353947368419999862e+02
3.834210526300000055e+01 2.363421052630000077e+02
2.590000000000000000e+02 2.360000000000000000e+02
5.351250000000000000e+02 2.377500000000000000e+02
2.670000000000000000e+02 2.400000000000000000e+02
3.471153846149999822e+02 2.408846153849999894e+02
1.732857142860000010e+02 2.421428571429999863e+02
4.065476190480000014e+02 2.431190476190000140e+02
5.128846153849999610e+02 2.418846153849999894e+02
5.533999999999999773e+02 2.428000000000000114e+02
2.438043478259999972e+02 2.452391304349999928e+02
1.292333333329999903e+02 2.455000000000000000e+02
3.711363636359999987e+02 2.444090909090000139e+02
4.729615384620000214e+02 2.455769230770000036e+02
6.085294117600000163e+01 2.465000000000000000e+02
3.628636363640000013e+02 2.454090909090000139e+02
2.122142857139999990e+02 2.470000000000000000e+02
4.247857142859999726e+02 2.470000000000000000e+02
4.815000000000000000e+02 2.470000000000000000e+02
2.350000000000000000e+01 2.482894736840000007e+02
3.197941176470000073e+02 2.483823529409999935e+02
7.865789473700000656e+01 2.496578947369999923e+02
1.060000000000000000e+02 2.490000000000000000e+02
4.467500000000000000e+02 2.500000000000000000e+02
4.036666666699999695e+01 2.499666666669999984e+02
1.500000000000000000e+02 2.512142857139999990e+02
3.849705882349999797e+02 2.511470588239999984e+02
5.403636363639999445e+02 2.515000000000000000e+02
3.055000000000000000e+02 2.521470588239999984e+02
5.730000000000000000e+02 2.530000000000000000e+02
1.904600000000000080e+02 2.550999999999999943e+02
4.945000000000000000e+02 2.545000000000000000e+02
2.883461538459999929e+02 2.562692307689999893e+02
3.488529411760000016e+02 2.565000000000000000e+02
1.565789473699999945e+01 2.573421052630000077e+02
2.260789473680000015e+02 2.576578947369999923e+02
2.500000000000000000e+02 2.572272727270000132e+02
4.252142857140000274e+02 2.581190476190000140e+02
6.402631578899999454e+01 2.583421052630000077e+02
4.120333333329999732e+02 2.596333333329999959e+02
1.200000000000000000e+02 2.600000000000000000e+02
1.680294117649999919e+02 2.608529411760000016e+02
1.454333333330000073e+02 2.614333333330000073e+02
3.545000000000000284e+01 2.623999999999999773e+02
2.716176470589999781e+02 2.630882352940000146e+02
1.835000000000000000e+02 2.645000000000000000e+02
5.866538461540000071e+02 2.645000000000000000e+02
5.253333333330000414e+02 2.655000000000000000e+02
8.350000000000000000e+01 2.660000000000000000e+02
2.045000000000000000e+02 2.665000000000000000e+02
4.708846153850000178e+02 2.671153846149999822e+02
5.609666666670000268e+02 2.673666666670000041e+02
3.105000000000000000e+02 2.685000000000000000e+02
3.755000000000000000e+02 2.686999999999999886e+02
4.609615384620000214e+02 2.698076923080000142e+02
4.938750000000000000e+02 2.705000000000000000e+02
1.016052631579999996e+02 2.720789473680000015e+02
1.295000000000000000e+02 2.727666666669999813e+02
4.450000000000000000e+02 2.720000000000000000e+02
4.998529411760000016e+02 2.725000000000000000e+02
2.913888888889999862e+02 2.728333333329999846e+02
3.323666666670000041e+02 2.739666666670000268e+02
2.413461538459999929e+02 2.750384615379999786e+02
3.948333333329999846e+02 2.745833333329999846e+02
5.715499999999999545e+02 2.752500000000000000e+02
1.159999999999999964e+01 2.771999999999999886e+02
4.910000000000000142e+01 2.771000000000000227e+02
5.344090909090000423e+02 2.788636363640000013e+02
1.701153846150000106e+02 2.801153846149999822e+02
4.062142857140000274e+02 2.800000000000000000e+02
1.526818181820000007e+02 2.813181818180000278e+02
2.841153846149999822e+02 2.808846153850000178e+02
3.670000000000000000e+02 2.803000000000000114e+02
4.333888888889999862e+02 2.812222222220000276e+02
2.560000000000000000e+02 2.827916666670000154e+02
4.884090909089999855e+02 2.825909090910000145e+02
2.919565217399999923e+01 2.842391304349999928e+02
6.429999999999999716e+01 2.825000000000000000e+02
2.245666666669999927e+02 2.833666666670000041e+02
3.102692307689999893e+02 2.831153846149999822e+02
3.440333333329999732e+02 2.833666666670000041e+02
5.499615384620000214e+02 2.838076923080000142e+02
4.726578947369999923e+02 2.843421052630000077e+02
3.910294117650000203e+02 2.851470588239999984e+02
1.113823529409999935e+02 2.869117647059999854e+02
1.840000000000000000e+02 2.870000000000000000e+02
4.188333333329999846e+02 2.879666666670000268e+02
2.070999999999999943e+02 2.891000000000000227e+02
5.851000000000000227e+02 2.888999999999999773e+02
2.716111111110000138e+02 2.908333333329999846e+02
3.333888888889999862e+02 2.917777777779999724e+02
4.566176470589999781e+02 2.916176470589999781e+02
1.470882352939999862e+02 2.923823529410000219e+02
2.360000000000000000e+02 2.920000000000000000e+02
8.509999999999999432e+01 2.928999999999999773e+02
1.205000000000000000e+02 2.936052631580000138e+02
5.291000000000000227e+02 2.938999999999999773e+02
5.070000000000000000e+02 2.970000000000000000e+02
6.458333333299999879e+01 2.978333333329999846e+02
2.930000000000000000e+02 3.000000000000000000e+02
3.723333333299999737e+01 3.008333333329999846e+02
1.626333333329999959e+02 2.999666666670000268e+02
2.770000000000000000e+02 2.997857142859999726e+02
3.800333333329999732e+02 3.006333333329999959e+02
1.449736842110000055e+02 3.021315789469999800e+02
2.550294117649999919e+02 3.011470588239999984e+02
3.200000000000000000e+02 3.017222222220000276e+02
3.635526315789999785e+02 3.014473684210000215e+02
5.595000000000000000e+02 3.025000000000000000e+02
5.000000000000000000e-01 3.015000000000000000e+02
2.139000000000000057e+02 3.031000000000000227e+02
3.988999999999999773e+02 3.038999999999999773e+02
5.760000000000000000e+02 3.052142857140000274e+02
4.348571428569999853e+02 3.077142857140000274e+02
7.383333333299999879e+01 3.076111111110000138e+02
1.009000000000000057e+02 3.081000000000000227e+02
1.928684210529999916e+02 3.082894736839999723e+02
3.446333333329999959e+02 3.080333333329999732e+02
4.821315789469999800e+02 3.082894736839999723e+02
1.726111111110000138e+02 3.088333333329999846e+02
5.285000000000000000e+02 3.095000000000000000e+02
1.438235294100000061e+01 3.110882352940000146e+02
1.179761904759999993e+02 3.118809523809999860e+02
2.351428571429999863e+02 3.117142857140000274e+02
2.923421052630000077e+02 3.133421052630000077e+02
4.580333333329999732e+02 3.136333333329999959e+02
5.001470588239999984e+02 3.135588235289999943e+02
5.541190476189999572e+02 3.147857142859999726e+02
3.634545454550000159e+02 3.157727272729999868e+02
3.295000000000000000e+02 3.180714285710000127e+02
4.325769230770000036e+02 3.191923076919999858e+02
7.283333333299999879e+01 3.202500000000000000e+02
1.555000000000000000e+02 3.205000000000000000e+02
4.122142857140000274e+02 3.200000000000000000e+02
5.850000000000000000e+02 3.207222222220000276e+02
3.073000000000000114e+02 3.218333333329999846e+02
4.716666666700000121e+01 3.217500000000000000e+02
2.485000000000000000e+02 3.228529411760000016e+02
4.644166666670000154e+02 3.219166666670000154e+02
9.266666666700000121e+01 3.233333333329999846e+02
1.976176470590000065e+02 3.230882352940000146e+02
2.708571428569999853e+02 3.237142857140000274e+02
3.884047619049999867e+02 3.240714285710000127e+02
5.190000000000000000e+02 3.242500000000000000e+02
5.718846153849999610e+02 3.238846153850000178e+02
2.739999999999999858e+01 3.255500000000000114e+02
1.266176470590000065e+02 3.249117647059999854e+02
2.182500000000000000e+02 3.259166666670000154e+02
9.131578946999999502e+00 3.277105263160000277e+02
4.840000000000000000e+02 3.292142857140000274e+02
1.432272727270000132e+02 3.310000000000000000e+02
1.742500000000000000e+02 3.299375000000000000e+02
1.049000000000000057e+02 3.318999999999999773e+02
3.713421052630000077e+02 3.323421052630000077e+02
4.124375000000000000e+02 3.323125000000000000e+02
2.357307692310000107e+02 3.333461538459999929e+02
3.496818181819999722e+02 3.337727272729999868e+02
4.731818181799999934e+01 3.353181818180000278e+02
4.483333333329999846e+02 3.353888888889999862e+02
7.334615384600000709e+01 3.357307692310000107e+02
2.785000000000000000e+02 3.368529411760000016e+02
3.139999999999999858e+01 3.375500000000000114e+02
1.699375000000000000e+02 3.377500000000000000e+02
5.392692307690000462e+02 3.368846153850000178e+02
5.510384615379999786e+02 3.373461538459999929e+02
5.036538461540000071e+02 3.379615384620000214e+02
4.645000000000000000e+02 3.393333333329999846e+02
5.733571428569999853e+02 3.396904761900000267e+02
8.261111111099999960e+01 3.405555555560000016e+02
2.536052631580000138e+02 3.405000000000000000e+02
2.953235294120000276e+02 3.403235294120000276e+02
3.237500000000000000e+02 3.411499999999999773e+02
4.310333333329999732e+02 3.403666666670000041e+02
5.225000000000000000e+02 3.400000000000000000e+02
4.793888888889999862e+02 3.416666666670000154e+02
2.128846153849999894e+02 3.428846153850000178e+02
3.945000000000000000e+02 3.452142857140000274e+02
1.889000000000000057e+02 3.458999999999999773e+02
1.202272727269999990e+02 3.480000000000000000e+02
3.520000000000000000e+02 3.473000000000000114e+02
5.860384615379999786e+02 3.483461538459999929e+02
6.633333333299999879e+01 3.495000000000000000e+02
3.710000000000000000e+02 3.500000000000000000e+02
9.750000000000000000e+00 3.514375000000000000e+02
3.200000000000000000e+01 3.512142857140000274e+02
4.978846153850000178e+02 3.518846153850000178e+02
2.953999999999999773e+02 3.538000000000000114e+02
9.520588235300000690e+01 3.551470588239999984e+02
1.466111111110000138e+02 3.543333333329999846e+02
5.570000000000000000e+02 3.536666666670000154e+02
4.134615384599999999e+01 3.560384615379999786e+02
2.325000000000000000e+02 3.558333333329999846e+02
3.131363636359999987e+02 3.557727272729999868e+02
3.301000000000000227e+02 3.561000000000000227e+02
5.715000000000000000e+02 3.565000000000000000e+02
2.560000000000000000e+02 3.590000000000000000e+02
4.100000000000000000e+02 3.585000000000000000e+02
4.281363636359999987e+02 3.574090909089999855e+02
4.431470588239999984e+02 3.579705882349999797e+02
4.602857142859999726e+02 3.587142857140000274e+02
3.641190476190000140e+02 3.597380952380000281e+02
3.950294117650000203e+02 3.601470588239999984e+02
5.090000000000000000e+02 3.593000000000000114e+02
5.363181818179999709e+02 3.612272727270000132e+02
1.626538461540000071e+02 3.620384615379999786e+02
2.095000000000000000e+02 3.633000000000000114e+02
8.259090909100000033e+01 3.655909090910000145e+02
2.751153846149999822e+02 3.651153846149999822e+02
4.838999999999999773e+02 3.661000000000000227e+02
1.104545454550000017e+02 3.677727272729999868e+02
1.851363636359999987e+02 3.665909090910000145e+02
2.422222222199999919e+01 3.683888888889999862e+02
5.478571428600000104e+01 3.680000000000000000e+02
1.382500000000000000e+02 3.680000000000000000e+02
3.460000000000000000e+02 3.680000000000000000e+02
4.137222222220000276e+02 3.685555555560000016e+02
3.755555555560000016e+02 3.703888888889999862e+02
5.226250000000000000e+02 3.703125000000000000e+02
5.492647058820000439e+02 3.704411764710000057e+02
1.487500000000000000e+02 3.710833333329999846e+02
2.380882352939999862e+02 3.713823529410000219e+02
4.422500000000000000e+02 3.722500000000000000e+02
5.861666666669999586e+02 3.725000000000000000e+02
4.985000000000000000e+02 3.739736842109999770e+02
3.692105263199999854e+01 3.753947368419999862e+02
1.833947368419999862e+02 3.755000000000000000e+02
7.386842105300000583e+01 3.767631578950000062e+02
2.231153846150000106e+02 3.771153846149999822e+02
3.049615384620000214e+02 3.786538461540000071e+02
2.912272727270000132e+02 3.800000000000000000e+02
1.621250000000000000e+02 3.802500000000000000e+02
5.675000000000000000e+02 3.805000000000000000e+02
9.134615384600000709e+01 3.812692307689999893e+02
3.207222222220000276e+02 3.815555555560000016e+02
4.605625000000000000e+02 3.812500000000000000e+02
2.073666666670000041e+02 3.819666666670000268e+02
2.670000000000000000e+02 3.827222222220000276e+02
3.676764705879999724e+02 3.833235294120000276e+02
2.547777777780000008e+02 3.866111111110000138e+02
3.458000000000000114e+02 3.866499999999999773e+02
4.836428571430000147e+02 3.863095238099999733e+02
5.411000000000000227e+02 3.868999999999999773e+02
4.281153846149999822e+02 3.901153846149999822e+02
5.005000000000000000e+02 3.900000000000000000e+02
1.199666666669999984e+02 3.913666666670000041e+02
2.118846153849999894e+02 3.911153846149999822e+02
3.922777777779999724e+02 3.920000000000000000e+02
5.140000000000000000e+02 3.922142857140000274e+02
1.363333333330000130e+02 3.935000000000000000e+02
2.967380952380000281e+02 3.941190476190000140e+02
2.804090909089999855e+02 3.941363636359999987e+02
5.661111111099999960e+01 3.957777777779999724e+02
9.912500000000000000e+01 3.952500000000000000e+02
1.601315789470000084e+02 3.952894736839999723e+02
5.539500000000000455e+02 3.953000000000000114e+02
4.092894736839999723e+02 3.961315789469999800e+02
2.513636363599999868e+01 3.970454545449999841e+02
1.892692307689999893e+02 3.973461538459999929e+02
9.750000000000000000e+00 3.987500000000000000e+02
8.750000000000000000e+01 3.975000000000000000e+02
1.725000000000000000e+02 3.972142857140000274e+02
2.392500000000000000e+02 3.987500000000000000e+02
4.800000000000000000e+01 4.015000000000000000e+02
3.890833333329999846e+02 4.012500000000000000e+02
3.591000000000000227e+02 4.025400000000000205e+02
1.413421052630000077e+02 4.037105263160000277e+02
3.255000000000000000e+02 4.035000000000000000e+02
4.208750000000000000e+02 4.037500000000000000e+02
4.541250000000000000e+02 4.037500000000000000e+02
4.685500000000000114e+02 4.053999999999999773e+02
2.651470588239999984e+02 4.060294117650000203e+02
3.455000000000000000e+02 4.065000000000000000e+02
7.411538461499999642e+01 4.081153846149999822e+02
8.033333332999999854e+00 4.093666666670000041e+02
2.366538461540000071e+02 4.090384615379999786e+02
3.980000000000000000e+02 4.090000000000000000e+02
4.975000000000000000e+02 4.100000000000000000e+02
5.111363636359999987e+02 4.085909090910000145e+02
5.252142857139999705e+02 4.090000000000000000e+02
5.728333333330000414e+02 4.095000000000000000e+02
1.240000000000000000e+02 4.096999999999999886e+02
2.008333333330000130e+02 4.105833333329999846e+02
2.805000000000000000e+02 4.120000000000000000e+02
3.078999999999999773e+02 4.118999999999999773e+02
3.708684210530000200e+02 4.152894736839999723e+02
4.771052631599999927e+01 4.165000000000000000e+02
9.250000000000000000e+01 4.170000000000000000e+02
1.880384615380000071e+02 4.173461538459999929e+02
1.620000000000000000e+02 4.190000000000000000e+02
2.160999999999999943e+02 4.191000000000000227e+02
3.158999999999999773e+02 4.188999999999999773e+02
4.446999999999999886e+02 4.193000000000000114e+02
3.865000000000000000e+02 4.205000000000000000e+02
5.383947368420000430e+02 4.215000000000000000e+02
5.595000000000000000e+02 4.215000000000000000e+02
1.889999999999999858e+01 4.228999999999999773e+02
3.638888888900000040e+01 4.226111111110000138e+02
4.611538461540000071e+02 4.241538461540000071e+02
3.477857142859999726e+02 4.250000000000000000e+02
1.345000000000000000e+02 4.265000000000000000e+02
5.094499999999999886e+02 4.266000000000000227e+02
2.886250000000000000e+02 4.263750000000000000e+02
4.115000000000000000e+02 4.275000000000000000e+02
1.134000000000000057e+02 4.284499999999999886e+02
1.473750000000000000e+02 4.276250000000000000e+02
2.056250000000000000e+02 4.276250000000000000e+02
2.620454545449999841e+02 4.278636363640000013e+02
4.280625000000000000e+02 4.292500000000000000e+02
2.430882352939999862e+02 4.306176470589999781e+02
4.996111111110000138e+02 4.298333333329999846e+02
8.800000000000000000e+01 4.312777777779999724e+02
6.386842105299999872e+01 4.332894736839999723e+02
4.780555555560000016e+02 4.336111111110000138e+02
3.611153846149999822e+02 4.338846153850000178e+02
5.791153846150000390e+02 4.352692307689999893e+02
2.753750000000000000e+02 4.356250000000000000e+02
1.278571428599999926e+01 4.370000000000000000e+02
1.936999999999999886e+02 4.370000000000000000e+02
3.280000000000000000e+02 4.380000000000000000e+02
2.295000000000000000e+02 4.380000000000000000e+02
2.630000000000000000e+02 4.380000000000000000e+02
5.497999999999999545e+02 4.381999999999999886e+02
5.310000000000000000e+02 4.395000000000000000e+02
4.028846153850000178e+02 4.398846153850000178e+02
4.602500000000000000e+02 4.411666666670000154e+02
3.563000000000000114e+02 4.418999999999999773e+02
3.865000000000000000e+02 4.433000000000000114e+02
4.328846153850000178e+02 4.432692307689999893e+02
1.716578947369999923e+02 4.441842105260000153e+02
2.145999999999999943e+02 4.448000000000000114e+02
4.425000000000000000e+01 4.448750000000000000e+02
1.490000000000000000e+02 4.447857142859999726e+02
3.720000000000000000e+02 4.450000000000000000e+02
5.678181818179999709e+02 4.463636363640000013e+02
2.968888888889999862e+02 4.471666666670000154e+02
4.821470588239999984e+02 4.470294117650000203e+02
5.140000000000000000e+02 4.467857142859999726e+02
1.923499999999999943e+02 4.498000000000000114e+02
2.395909090909999861e+02 4.491363636359999987e+02
2.618125000000000000e+02 4.496875000000000000e+02
8.754999999999999716e+01 4.506000000000000227e+02
1.123636363640000013e+02 4.504545454550000159e+02
6.214999999999999858e+01 4.518500000000000227e+02
4.192500000000000000e+02 4.517500000000000000e+02
4.489210526319999985e+02 4.513947368419999862e+02
4.933421052630000077e+02 4.514473684210000215e+02
7.973684211000000133e+00 4.521315789469999800e+02
2.797857142859999726e+02 4.520000000000000000e+02
3.173000000000000114e+02 4.530000000000000000e+02
3.385000000000000000e+02 4.535000000000000000e+02
1.042999999999999972e+02 4.546999999999999886e+02
3.585714285699999948e+01 4.552857142859999726e+02
1.372500000000000000e+02 4.562500000000000000e+02
4.645500000000000114e+02 4.563999999999999773e+02
3.503461538459999929e+02 4.582692307689999893e+02
5.428999999999999773e+02 4.578999999999999773e+02
1.730000000000000000e+02 4.587857142859999726e+02
2.308846153849999894e+02 4.611153846149999822e+02
1.513181818179999993e+02 4.623181818180000278e+02
2.747857142859999726e+02 4.630000000000000000e+02
3.606333333329999959e+02 4.629666666670000268e+02
4.348529411760000016e+02 4.635000000000000000e+02
5.512777777779999724e+02 4.630000000000000000e+02
3.972222222220000276e+02 4.656111111110000138e+02
5.676578947369999923e+02 4.653421052630000077e+02
5.175499999999999545e+02 4.666000000000000227e+02
2.075000000000000000e+02 4.675000000000000000e+02
4.817777777779999724e+02 4.673888888889999862e+02
4.221153846149999822e+02 4.678846153850000178e+02
5.082142857140000274e+02 4.680000000000000000e+02
3.190000000000000000e+02 4.687857142859999726e+02
4.088461538499999648e+01 4.698846153850000178e+02
8.668181818200000066e+01 4.696818181819999722e+02
1.872142857139999990e+02 4.710000000000000000e+02
2.501470588239999984e+02 4.715000000000000000e+02
2.918999999999999773e+02 4.711000000000000227e+02
3.708636363640000013e+02 4.705909090910000145e+02
1.176818181820000007e+02 4.716818181819999722e+02
5.250000000000000000e+00 4.752500000000000000e+02
2.621428571399999896e+01 4.763571428569999853e+02
1.602142857139999990e+02 4.760000000000000000e+02
4.490000000000000000e+02 4.770000000000000000e+02
1.372222222219999992e+02 4.783888888889999862e+02
4.063888888889999862e+02 4.797777777779999724e+02
2.349166666669999870e+02 4.804166666670000154e+02
5.448999999999999773e+02 4.801000000000000227e+02
1.788684210529999916e+02 4.812894736839999723e+02
4.315000000000000000e+02 4.795000000000000000e+02
3.852142857140000274e+02 4.820000000000000000e+02
4.721666666670000154e+02 4.825000000000000000e+02
6.175000000000000000e+01 4.828750000000000000e+02
3.441315789469999800e+02 4.831842105260000153e+02
3.625000000000000000e+02 4.830000000000000000e+02
5.782647058820000439e+02 4.832647058819999870e+02
1.010000000000000000e+02 4.840000000000000000e+02
4.995833333329999846e+02 4.841666666670000154e+02
5.151153846150000390e+02 4.841153846149999822e+02
3.150000000000000000e+01 4.870000000000000000e+02
8.850000000000000000e+01 4.891470588239999984e+02
2.471428571429999863e+02 4.892142857140000274e+02
3.151000000000000227e+02 4.894333333330000073e+02
5.665454545449999841e+02 4.897727272729999868e+02
2.078846153849999894e+02 4.908846153850000178e+02
2.756578947369999923e+02 4.915526315789999785e+02
4.870000000000000000e+02 4.912142857140000274e+02
1.243888888890000004e+02 4.923333333329999846e+02
2.177500000000000000e+02 4.918333333329999846e+02
2.960000000000000000e+02 4.917857142859999726e+02
4.340000000000000000e+02 4.922142857140000274e+02
3.463461538459999929e+02 4.944230769229999964e+02
1.696999999999999886e+02 4.945000000000000000e+02
5.376111111110000138e+02 4.951666666670000154e+02
5.521428571399999896e+01 4.960000000000000000e+02
1.530454545450000126e+02 4.965000000000000000e+02
4.193823529410000219e+02 4.966176470589999781e+02
6.486363636400000132e+01 4.969545454550000159e+02
4.550384615379999786e+02 4.971923076919999858e+02
3.785000000000000000e+02 4.992500000000000000e+02
3.956578947369999923e+02 4.990789473680000015e+02
5.550000000000000000e+02 4.980000000000000000e+02
1.650000000000000000e+01 4.991470588239999984e+02
2.505666666669999927e+02 5.004333333330000073e+02
5.008846153850000178e+02 4.998846153850000178e+02
1.908571428570000137e+02 5.012857142859999726e+02
2.364285714289999873e+02 5.016428571430000147e+02
8.661764705900000649e+01 5.017941176470000073e+02
1.426250000000000000e+02 5.028125000000000000e+02
3.658333333329999846e+02 5.032500000000000000e+02
3.097727272729999868e+02 5.051363636359999987e+02
1.098529411760000016e+02 5.059705882349999797e+02
5.231153846150000390e+02 5.078846153850000178e+02
2.778750000000000000e+02 5.097500000000000000e+02
2.026176470590000065e+02 5.106176470589999781e+02
2.968000000000000114e+02 5.093000000000000114e+02
4.790000000000000000e+02 5.110000000000000000e+02
4.315000000000000000e+02 5.123333333330000414e+02
4.666666666700000121e+01 5.135000000000000000e+02
1.518684210529999916e+02 5.137105263160000277e+02
4.461363636359999987e+02 5.125909090909999577e+02
4.957500000000000000e+02 5.136499999999999773e+02
6.421428571399999896e+01 5.154523809519999986e+02
5.106111111110000138e+02 5.145555555559999448e+02
5.849736842109999770e+02 5.148684210530000200e+02
1.709545454549999874e+02 5.165000000000000000e+02
3.569761904759999993e+02 5.168333333330000414e+02
1.222142857139999990e+02 5.170000000000000000e+02
3.250000000000000000e+01 5.180000000000000000e+02
2.292142857139999990e+02 5.180000000000000000e+02
3.311363636359999987e+02 5.185909090909999577e+02
5.594230769230000533e+02 5.190384615379999786e+02
5.390000000000000000e+02 5.202142857139999705e+02
4.043999999999999773e+02 5.222000000000000455e+02
1.893750000000000000e+02 5.231875000000000000e+02
2.573461538459999929e+02 5.239615384620000214e+02
2.737916666670000154e+02 5.247916666669999586e+02
3.860000000000000000e+02 5.250000000000000000e+02
3.099210526319999985e+02 5.266052631579999570e+02
5.193750000000000000e+01 5.277500000000000000e+02
4.778750000000000000e+02 5.277500000000000000e+02
9.350000000000000000e+01 5.281666666669999586e+02
1.095909090910000003e+02 5.284090909090000423e+02
4.566999999999999886e+02 5.282999999999999545e+02
3.612222222220000276e+02 5.306111111110000138e+02
4.179666666670000268e+02 5.301666666669999586e+02
3.450000000000000000e+02 5.315000000000000000e+02
5.760789473679999446e+02 5.316052631579999570e+02
2.443888888889999862e+02 5.322222222220000276e+02
3.165789473699999945e+01 5.343421052630000077e+02
3.852500000000000000e+02 5.341250000000000000e+02
1.514705882400000014e+01 5.350294117649999635e+02
4.440000000000000000e+02 5.350000000000000000e+02
1.679545454549999874e+02 5.358636363639999445e+02
2.126818181820000007e+02 5.362272727270000132e+02
2.891153846149999822e+02 5.358846153849999610e+02
5.114090909089999855e+02 5.361363636360000555e+02
5.560000000000000000e+02 5.362142857139999705e+02
1.506333333329999959e+02 5.380333333329999732e+02
5.376428571430000147e+02 5.383095238099999733e+02
3.053181818180000278e+02 5.413181818179999709e+02
3.323999999999999773e+02 5.415499999999999545e+02
7.750000000000000000e+01 5.425000000000000000e+02
1.825000000000000000e+02 5.425000000000000000e+02
4.989666666670000268e+02 5.433666666670000041e+02
1.030294117650000061e+02 5.441470588240000552e+02
2.296176470590000065e+02 5.440882352940000146e+02
2.601153846149999822e+02 5.438846153849999610e+02
5.550000000000000000e+01 5.445000000000000000e+02
2.037857142860000010e+02 5.450000000000000000e+02
4.032142857140000274e+02 5.450000000000000000e+02
1.312647058819999870e+02 5.472647058820000439e+02
5.483947368420000430e+02 5.485000000000000000e+02
5.638913043479999487e+02 5.482826086960000112e+02
5.230000000000000000e+02 5.487857142860000295e+02
2.300000000000000000e+02 5.500000000000000000e+02
4.660882352940000146e+02 5.506176470589999781e+02
1.233333333300000056e+01 5.515000000000000000e+02
3.550000000000000000e+02 5.510000000000000000e+02
3.710000000000000000e+02 5.525000000000000000e+02
7.521428571399999896e+01 5.540000000000000000e+02
4.270000000000000000e+02 5.545000000000000000e+02
5.868999999999999773e+02 5.542000000000000455e+02
1.649000000000000057e+02 5.548999999999999773e+02
4.478846153850000178e+02 5.551153846150000390e+02
2.830000000000000000e+02 5.567222222220000276e+02
2.455000000000000000e+02 5.570000000000000000e+02
3.326111111110000138e+02 5.577777777779999724e+02
2.665789473699999945e+01 5.583421052630000077e+02
4.881818181819999722e+02 5.585454545449999841e+02
3.173000000000000114e+02 5.590000000000000000e+02
4.022619047619999719e+02 5.599285714290000442e+02
1.748846153849999894e+02 5.601153846150000390e+02
1.127000000000000028e+02 5.606000000000000227e+02
1.430000000000000000e+02 5.615000000000000000e+02
3.025000000000000000e+02 5.615000000000000000e+02
5.090000000000000000e+02 5.615000000000000000e+02
5.760000000000000000e+02 5.615000000000000000e+02
