4.008999999999999773e+02 1.899999999999999911e+00
4.678333333329999846e+02 2.250000000000000000e+00
5.532999999999999545e+02 1.399999999999999911e+00
5.812777777779999724e+02 9.444444440000000496e-01
3.233421052630000077e+02 3.342105263000000104e+00
4.588461538499999648e+01 4.884615385000000032e+00
1.495000000000000000e+02 5.000000000000000000e+00
2.235000000000000000e+02 4.700000000000000178e+00
7.270000000000000284e+01 5.500000000000000000e+00
2.760000000000000000e+02 7.500000000000000000e+00
3.015000000000000000e+02 7.500000000000000000e+00
3.479666666670000268e+02 8.366666667000000501e+00
4.846764705879999724e+02 8.441176471000000348e+00
5.395000000000000000e+02 8.000000000000000000e+00
8.609999999999999432e+01 9.099999999999999645e+00
3.746904761900000267e+02 9.642857143000000519e+00
5.215000000000000000e+02 9.852941175999999857e+00
2.397058823500000102e+01 1.085294117599999986e+01
1.779545454549999874e+02 9.863636363999999546e+00
1.925000000000000000e+02 1.100000000000000000e+01
2.515000000000000000e+02 1.216666666699999944e+01
1.342500000000000000e+02 1.287500000000000000e+01
5.616176470589999781e+02 1.308823529400000041e+01
1.007500000000000000e+02 1.444999999999999929e+01
4.275714285710000127e+02 1.435714285699999948e+01
4.356176470589999781e+02 1.391176470599999959e+01
4.535000000000000000e+02 1.400000000000000000e+01
5.158999999999999773e+02 1.456666666699999979e+01
2.136578947369999923e+02 1.565789473699999945e+01
3.905000000000000000e+02 1.650000000000000000e+01
2.299000000000000057e+02 1.810000000000000142e+01
4.901153846149999822e+02 1.788461538500000003e+01
5.733333333330000414e+02 1.922222222199999919e+01
1.375000000000000000e+01 2.175000000000000000e+01
3.561190476190000140e+02 2.273809523799999965e+01
3.906999999999999886e+02 2.150000000000000000e+01
2.660000000000000000e+02 2.300000000000000000e+01
4.666578947369999923e+02 2.365789473699999945e+01
5.309666666670000268e+02 2.336666666700000050e+01
1.028846153850000036e+02 2.511538461499999997e+01
1.185999999999999943e+02 2.555000000000000071e+01
1.605000000000000000e+02 2.528947368400000073e+01
1.781315789470000084e+02 2.497368421099999836e+01
5.361764705899999939e+01 2.591176470599999959e+01
7.150000000000000000e+01 2.632608695700000112e+01
3.095000000000000000e+02 2.700000000000000000e+01
3.216111111110000138e+02 2.777777777800000081e+01
3.745000000000000000e+02 2.728947368400000073e+01
2.496999999999999886e+02 2.800000000000000000e+01
2.826538461540000071e+02 2.903846153799999996e+01
1.283333333300000056e+01 3.035714285699999948e+01
3.600000000000000000e+01 3.000000000000000000e+01
2.358846153849999894e+02 3.011538461499999997e+01
1.352857142860000010e+02 3.114285714300000052e+01
4.090000000000000000e+02 3.121428571399999896e+01
5.580000000000000000e+02 3.121428571399999896e+01
4.337500000000000000e+02 3.212500000000000000e+01
4.968000000000000114e+02 3.239999999999999858e+01
1.960000000000000000e+02 3.300000000000000000e+01
4.550454545449999841e+02 3.400000000000000000e+01
1.142222222219999992e+02 3.438888888900000040e+01
3.603461538459999929e+02 3.396153846200000004e+01
2.171153846150000106e+02 3.488461538499999648e+01
3.832142857140000274e+02 3.500000000000000000e+01
4.783888888889999862e+02 3.577777777800000081e+01
9.059090909100000033e+01 3.759090909100000033e+01
5.168333333330000414e+02 3.750000000000000000e+01
3.301000000000000227e+02 3.789999999999999858e+01
3.987941176470000073e+02 3.838235294100000061e+01
6.521428571399999896e+01 3.900000000000000000e+01
1.560882352939999862e+02 4.161764705899999939e+01
3.449375000000000000e+02 4.375000000000000000e+01
2.621666666670000154e+02 4.416666666700000121e+01
3.602222222220000276e+02 4.438888888900000040e+01
5.418333333330000414e+02 4.375000000000000000e+01
3.645000000000000284e+01 4.639999999999999858e+01
2.955000000000000000e+02 4.600000000000000000e+01
4.415000000000000000e+02 4.600000000000000000e+01
5.697666666669999813e+02 4.683333333299999879e+01
2.200000000000000000e+01 4.678571428600000104e+01
4.606176470589999781e+02 4.691176470599999959e+01
4.500000000000000000e+00 4.800000000000000000e+01
1.337105263159999993e+02 4.850000000000000000e+01
3.325000000000000000e+02 4.800000000000000000e+01
1.963750000000000000e+02 4.918750000000000000e+01
2.297380952379999997e+02 5.188095238100000017e+01
1.018636363640000013e+02 5.140909090899999967e+01
2.864375000000000000e+02 5.250000000000000000e+01
3.867857142859999726e+02 5.200000000000000000e+01
1.772826086960000112e+02 5.341304347799999874e+01
4.213421052630000077e+02 5.434210526300000055e+01
4.909666666670000268e+02 5.436666666699999695e+01
3.125000000000000000e+02 5.470000000000000284e+01
5.666578947369999923e+02 5.644736842100000018e+01
5.775000000000000000e+01 5.706250000000000000e+01
5.116666666670000154e+02 5.750000000000000000e+01
5.292500000000000000e+02 5.712500000000000000e+01
5.781153846150000390e+02 5.788461538499999648e+01
2.388461538500000003e+01 5.911538461500000352e+01
4.805000000000000000e+02 5.900000000000000000e+01
8.043333333299999310e+01 6.110000000000000142e+01
1.192999999999999972e+02 6.050000000000000000e+01
3.385000000000000000e+02 6.070000000000000284e+01
3.710000000000000000e+02 6.127777777800000081e+01
5.447777777779999724e+02 6.133333333299999879e+01
2.159000000000000057e+02 6.210000000000000142e+01
2.527105263159999993e+02 6.250000000000000000e+01
1.462857142860000010e+02 6.285714285699999948e+01
3.981470588239999984e+02 6.350000000000000000e+01
4.330000000000000000e+02 6.300000000000000000e+01
2.342894736840000007e+02 6.450000000000000000e+01
1.966578947369999923e+02 6.565789473700000656e+01
4.968750000000000000e+02 6.525000000000000000e+01
3.910000000000000142e+01 6.590000000000000568e+01
1.625909090909999861e+02 6.586363636400000132e+01
2.605909090910000145e+02 6.613636363599999868e+01
3.095000000000000000e+02 6.766666666700000121e+01
3.422222222220000276e+02 6.866666666700000121e+01
2.930454545449999841e+02 6.913636363599999868e+01
4.460000000000000000e+02 6.929999999999999716e+01
1.729285714289999873e+02 7.130952381000000173e+01
1.284090909090000139e+02 7.213636363599999868e+01
5.175000000000000000e+02 7.450000000000000000e+01
7.236666666700000405e+01 7.503333333300000163e+01
1.125909090910000003e+02 7.513636363599999868e+01
3.238529411760000016e+02 7.602941176500000608e+01
4.628529411760000016e+02 7.650000000000000000e+01
4.827142857140000274e+02 7.814285714300000052e+01
5.660000000000000000e+02 7.800000000000000000e+01
2.187857142860000010e+02 7.900000000000000000e+01
8.683333333299999879e+01 8.088888888900000040e+01
6.722222222000000080e+00 8.144444444399999838e+01
5.367666666669999813e+02 8.116666666700000121e+01
5.391176470599999959e+01 8.238235294099999351e+01
2.796428571430000147e+02 8.269047618999999827e+01
3.810000000000000000e+02 8.250000000000000000e+01
4.113000000000000114e+02 8.229999999999999716e+01
4.443461538459999929e+02 8.203846153800000707e+01
2.360999999999999943e+02 8.370000000000000284e+01
3.141250000000000000e+02 8.625000000000000000e+01
3.664090909089999855e+02 8.659090909100000033e+01
1.076250000000000000e+02 8.718750000000000000e+01
1.528529411760000016e+02 8.750000000000000000e+01
5.542333333330000187e+02 8.716666666700000121e+01
2.561764705899999939e+01 8.808823529400000041e+01
5.853888888889999862e+02 8.822222222199999919e+01
2.513571428570000137e+02 8.983333333299999879e+01
2.122894736840000007e+02 9.055263157900000692e+01
2.885909090910000145e+02 9.059090909100000033e+01
5.039666666670000268e+02 9.063333333299999595e+01
1.850999999999999943e+02 9.209999999999999432e+01
5.188846153849999610e+02 9.188461538500000358e+01
5.715000000000000000e+02 9.250000000000000000e+01
7.438888888900000040e+01 9.316666666700000121e+01
1.050000000000000000e+01 9.500000000000000000e+01
1.679000000000000057e+02 9.509999999999999432e+01
4.255909090910000145e+02 9.559090909100000033e+01
4.694090909089999855e+02 9.586363636400000132e+01
1.280000000000000000e+02 9.778571428600000104e+01
4.030333333329999732e+02 9.863333333299999595e+01
5.250000000000000000e+01 9.850000000000000000e+01
3.495000000000000000e+02 9.950000000000000000e+01
4.500000000000000000e+02 9.950000000000000000e+01
4.300000000000000000e+01 1.007857142860000010e+02
1.483181818179999993e+02 1.006818181820000007e+02
2.215000000000000000e+02 1.015000000000000000e+02
2.768846153850000178e+02 1.021153846149999964e+02
3.632142857140000274e+02 1.020000000000000000e+02
5.405000000000000000e+02 1.030000000000000000e+02
2.420000000000000000e+02 1.030000000000000000e+02
3.294444444439999984e+02 1.033888888890000004e+02
1.650000000000000000e+02 1.040000000000000000e+02
2.051153846150000106e+02 1.051153846149999964e+02
8.475000000000000000e+01 1.059375000000000000e+02
3.035000000000000000e+02 1.060000000000000000e+02
5.172500000000000000e+02 1.059375000000000000e+02
3.888333333329999846e+02 1.072500000000000000e+02
4.857777777779999724e+02 1.073888888890000004e+02
5.642692307690000462e+02 1.068846153850000036e+02
1.166818181820000007e+02 1.113181818179999993e+02
2.638500000000000227e+02 1.111500000000000057e+02
5.875000000000000000e+02 1.105000000000000000e+02
1.009000000000000057e+02 1.119000000000000057e+02
7.328260869599999694e+01 1.135869565219999942e+02
2.376999999999999886e+02 1.130000000000000000e+02
4.215000000000000000e+02 1.130000000000000000e+02
4.416999999999999886e+02 1.134000000000000057e+02
4.964499999999999886e+02 1.144000000000000057e+02
2.920000000000000000e+02 1.155000000000000000e+02
7.214285713999999849e+00 1.160000000000000000e+02
2.310000000000000142e+01 1.159000000000000057e+02
1.417941176470000073e+02 1.167352941179999988e+02
1.823461538459999929e+02 1.170384615380000071e+02
2.161428571429999863e+02 1.177142857139999990e+02
4.717941176470000073e+02 1.172647058820000012e+02
4.070000000000000000e+02 1.185000000000000000e+02
5.287000000000000455e+02 1.197000000000000028e+02
3.393461538459999929e+02 1.210384615380000071e+02
3.583999999999999773e+02 1.215499999999999972e+02
4.400000000000000000e+01 1.237857142860000010e+02
1.013260869570000011e+02 1.245000000000000000e+02
5.755000000000000000e+02 1.245000000000000000e+02
1.242142857139999990e+02 1.253571428569999995e+02
2.105000000000000000e+02 1.265000000000000000e+02
3.110000000000000000e+02 1.257857142860000010e+02
3.734166666670000154e+02 1.261666666670000012e+02
4.638571428569999853e+02 1.257857142860000010e+02
8.775000000000000000e+01 1.268333333329999988e+02
4.243888888889999862e+02 1.282222222219999992e+02
1.656111111110000138e+02 1.293333333330000130e+02
3.930000000000000000e+02 1.292142857139999990e+02
5.491363636360000555e+02 1.285909090909999861e+02
2.288125000000000000e+02 1.306250000000000000e+02
2.755909090910000145e+02 1.301363636359999987e+02
3.696153846200000004e+01 1.313461538459999929e+02
7.100000000000000000e+01 1.320000000000000000e+02
1.825000000000000000e+02 1.320000000000000000e+02
4.462647058819999870e+02 1.324411764710000057e+02
4.805000000000000000e+02 1.323333333330000130e+02
5.203421052630000077e+02 1.326578947369999923e+02
2.011538461499999997e+01 1.331153846150000106e+02
2.562142857140000274e+02 1.330000000000000000e+02
5.355625000000000000e+02 1.337500000000000000e+02
2.880000000000000000e+02 1.377857142860000010e+02
4.980000000000000000e+02 1.385000000000000000e+02
5.575769230769999467e+02 1.381153846150000106e+02
5.758999999999999773e+02 1.379000000000000057e+02
1.920000000000000000e+02 1.387857142860000010e+02
3.352272727270000132e+02 1.395454545450000126e+02
3.615000000000000000e+02 1.407105263159999993e+02
4.522222222199999919e+01 1.413888888889999862e+02
1.420000000000000000e+02 1.422142857139999990e+02
1.613769230769999865e+02 1.482692307689999893e+02
4.123235294120000276e+02 1.423235294119999992e+02
4.560882352940000146e+02 1.423823529409999935e+02
3.131000000000000227e+02 1.430999999999999943e+02
1.154285714290000016e+02 1.440714285710000127e+02
2.111153846150000106e+02 1.441153846150000106e+02
2.312894736840000007e+02 1.448684210529999916e+02
4.233999999999999773e+02 1.443000000000000114e+02
3.852941175999999857e+00 1.450294117649999919e+02
6.127777777800000081e+01 1.450000000000000000e+02
4.792727272729999868e+02 1.452727272729999868e+02
1.004500000000000028e+02 1.474000000000000057e+02
2.596176470589999781e+02 1.469117647060000138e+02
2.409736842110000055e+02 1.508684210529999916e+02
5.688636363639999445e+02 1.508181818179999993e+02
3.849210526319999985e+02 1.516052631580000138e+02
4.912272727270000132e+02 1.524545454549999874e+02
5.218571428569999853e+02 1.523571428570000137e+02
3.753666666670000041e+02 1.545666666669999927e+02
7.672222222199999919e+01 1.550000000000000000e+02
3.357500000000000000e+02 1.557500000000000000e+02
1.312857142860000010e+02 1.561428571429999863e+02
2.841000000000000227e+02 1.570999999999999943e+02
4.421153846149999822e+02 1.591153846150000106e+02
3.075869565219999799e+02 1.607173913039999888e+02
3.460000000000000000e+02 1.600000000000000000e+02
4.211538461500000352e+01 1.611153846150000106e+02
5.166176470589999781e+02 1.609117647060000138e+02
5.386875000000000000e+02 1.608125000000000000e+02
1.530952380999999995e+01 1.626428571429999863e+02
1.545000000000000000e+02 1.620000000000000000e+02
1.803571428570000137e+02 1.646904761899999983e+02
2.690000000000000000e+02 1.635000000000000000e+02
2.871999999999999886e+02 1.638000000000000114e+02
4.614444444439999984e+02 1.650000000000000000e+02
2.101363636359999987e+02 1.649545454549999874e+02
1.500000000000000000e+00 1.670000000000000000e+02
4.005000000000000000e+02 1.665000000000000000e+02
5.566333333329999959e+02 1.670333333330000016e+02
4.774499999999999886e+02 1.685999999999999943e+02
6.660526315799999963e+01 1.710789473680000015e+02
9.933333333299999879e+01 1.707777777780000008e+02
1.678333333330000130e+02 1.708888888889999862e+02
4.197105263160000277e+02 1.701315789470000084e+02
1.232142857139999990e+02 1.723571428570000137e+02
3.207500000000000000e+02 1.731250000000000000e+02
2.057105263159999993e+02 1.745000000000000000e+02
1.477500000000000000e+02 1.752500000000000000e+02
2.395434782609999900e+02 1.761086956519999944e+02
3.553823529410000219e+02 1.750882352939999862e+02
3.861190476190000140e+02 1.770238095240000007e+02
7.890000000000000568e+01 1.770999999999999943e+02
2.243421052630000077e+02 1.776578947369999923e+02
2.780882352940000146e+02 1.773823529409999935e+02
3.322142857140000274e+02 1.770000000000000000e+02
3.687352941180000130e+02 1.777352941180000130e+02
5.736666666669999586e+02 1.772222222219999992e+02
5.000000000000000000e-01 1.775000000000000000e+02
4.942500000000000000e+02 1.787500000000000000e+02
5.332500000000000000e+02 1.792500000000000000e+02
1.650000000000000000e+01 1.823000000000000114e+02
4.110000000000000000e+02 1.817857142860000010e+02
4.673000000000000114e+02 1.820000000000000000e+02
3.416666666700000121e+01 1.840833333330000130e+02
4.353823529410000219e+02 1.829117647060000138e+02
5.373809523799999965e+01 1.851190476190000140e+02
2.493823529409999935e+02 1.840882352939999862e+02
7.406250000000000000e+01 1.851250000000000000e+02
1.156333333329999959e+02 1.849666666669999984e+02
3.044499999999999886e+02 1.865999999999999943e+02
3.109666666670000268e+02 1.863666666670000041e+02
3.752222222220000276e+02 1.896666666669999870e+02
1.815000000000000000e+02 1.905000000000000000e+02
2.020000000000000000e+02 1.907222222219999992e+02
4.608333333329999846e+02 1.903750000000000000e+02
4.754499999999999886e+02 1.905999999999999943e+02
8.136363636000000454e+00 1.909545454549999874e+02
5.163421052630000077e+02 1.913421052630000077e+02
5.680882352940000146e+02 1.917352941180000130e+02
2.747307692310000107e+02 1.923461538459999929e+02
1.279666666669999984e+02 1.946333333329999959e+02
1.435000000000000000e+02 1.940000000000000000e+02
4.197352941180000130e+02 1.945588235289999943e+02
1.640000000000000000e+02 1.950000000000000000e+02
3.284545454550000159e+02 1.958181818179999993e+02
3.911153846149999822e+02 1.951153846150000106e+02
2.213888888889999862e+02 1.961666666669999870e+02
2.359615384619999929e+02 1.964230769229999964e+02
5.834285714290000442e+02 1.961428571429999863e+02
6.177777777800000081e+01 1.973888888889999862e+02
2.825000000000000000e+02 1.970000000000000000e+02
5.563421052630000077e+02 1.983421052630000077e+02
4.486538461540000071e+02 1.990384615380000071e+02
1.052647058820000012e+02 2.002647058819999870e+02
3.550625000000000000e+02 2.002500000000000000e+02
5.290000000000000000e+02 2.010000000000000000e+02
4.990000000000000000e+02 2.030000000000000000e+02
1.954000000000000057e+02 2.055500000000000114e+02
2.687500000000000000e+02 2.057500000000000000e+02
2.983999999999999773e+02 2.055500000000000114e+02
5.121153846150000390e+02 2.051153846150000106e+02
5.731875000000000000e+02 2.056250000000000000e+02
2.565952380950000133e+02 2.089285714289999873e+02
3.839545454550000159e+02 2.081363636359999987e+02
1.059090909100000033e+01 2.095909090909999861e+02
8.278571428600000104e+01 2.090000000000000000e+02
2.678571428600000104e+01 2.103571428570000137e+02
3.622222222220000276e+02 2.103888888889999862e+02
1.245526315790000069e+02 2.115526315790000069e+02
4.032500000000000000e+02 2.112500000000000000e+02
5.001153846149999822e+02 2.118846153849999894e+02
4.223333333299999737e+01 2.134333333330000073e+02
1.549000000000000057e+02 2.134333333330000073e+02
1.745500000000000114e+02 2.135999999999999943e+02
4.515000000000000000e+02 2.126999999999999886e+02
9.300000000000000000e+01 2.140000000000000000e+02
3.181111111110000138e+02 2.143888888889999862e+02
4.331153846149999822e+02 2.148846153849999894e+02
5.407631578949999493e+02 2.157105263159999993e+02
1.140000000000000000e+02 2.162142857139999990e+02
4.721000000000000227e+02 2.159000000000000057e+02
2.110000000000000000e+02 2.166999999999999886e+02
6.831818181799999934e+01 2.183181818179999993e+02
2.818809523809999860e+02 2.214880952379999997e+02
2.281153846150000106e+02 2.202692307689999893e+02
3.445000000000000000e+02 2.205000000000000000e+02
5.502500000000000000e+02 2.198333333330000130e+02
2.455000000000000000e+02 2.218333333330000130e+02
3.295000000000000000e+02 2.220000000000000000e+02
4.046333333329999959e+02 2.219666666669999984e+02
5.145000000000000000e+02 2.225000000000000000e+02
5.875000000000000000e+02 2.225000000000000000e+02
1.468684210529999916e+02 2.242894736840000007e+02
3.882599999999999909e+02 2.251800000000000068e+02
1.956578947369999923e+02 2.263421052630000077e+02
4.606578947369999923e+02 2.276578947369999923e+02
5.340909090899999967e+01 2.278636363640000013e+02
1.200294117650000061e+02 2.281470588239999984e+02
3.101428571430000147e+02 2.297857142860000010e+02
4.431153846149999822e+02 2.308846153849999894e+02
2.573421052630000077e+02 2.325526315790000069e+02
5.751190476189999572e+02 2.322142857139999990e+02
2.657894736999999896e+00 2.333421052630000077e+02
4.197941176470000073e+02 2.337941176470000073e+02
4.848888888889999862e+02 2.338333333330000130e+02
3.113157894700000128e+01 2.345000000000000000e+02
3.599666666670000268e+02 2.346333333329999959e+02
1.055000000000000000e+02 2.352142857139999990e+02
7.711111111099999960e+01 2.361111111110000138e+02
1.629666666669999984e+02 2.363666666670000041e+02
2.259705882350000081e+02 2.361470588239999984e+02
6.368750000000000000e+01 2.373750000000000000e+02
1.801153846150000106e+02 2.378846153849999894e+02
5.267857142860000295e+02 2.380000000000000000e+02
3.455909090910000145e+02 2.388636363640000013e+02
3.990789473680000015e+02 2.406052631580000138e+02
5.476764705880000292e+02 2.406764705880000008e+02
2.364090909090000139e+02 2.415909090909999861e+02
2.896000000000000227e+02 2.425500000000000114e+02
2.071666666669999870e+02 2.427500000000000000e+02
3.700000000000000000e+02 2.430000000000000000e+02
1.516176470590000065e+02 2.450882352939999862e+02
3.622142857140000274e+02 2.450000000000000000e+02
1.827777777800000081e+01 2.460000000000000000e+02
1.127857142860000010e+02 2.460000000000000000e+02
4.540000000000000000e+02 2.467222222219999992e+02
5.833421052630000077e+02 2.466578947369999923e+02
4.425000000000000000e+01 2.468750000000000000e+02
8.227777777800000081e+01 2.470000000000000000e+02
5.080000000000000000e+02 2.467857142860000010e+02
2.660000000000000000e+02 2.487222222219999992e+02
4.250000000000000000e+02 2.497857142860000010e+02
4.811153846149999822e+02 2.501153846150000106e+02
3.293421052630000077e+02 2.513421052630000077e+02
4.974499999999999886e+02 2.514000000000000057e+02
5.431000000000000227e+02 2.525399999999999920e+02
1.337857142860000010e+02 2.530000000000000000e+02
1.993750000000000000e+02 2.538333333330000130e+02
4.697307692310000107e+02 2.527307692310000107e+02
3.811111111110000138e+02 2.542777777780000008e+02
8.000000000000000000e+00 2.557222222219999992e+02
5.671250000000000000e+02 2.557500000000000000e+02
2.541190476190000140e+02 2.567380952380000281e+02
3.040000000000000000e+02 2.560000000000000000e+02
2.811153846149999822e+02 2.571153846149999822e+02
3.445000000000000000e+02 2.573947368419999862e+02
1.610000000000000000e+02 2.585000000000000000e+02
5.218571428569999853e+02 2.582857142859999726e+02
5.939999999999999858e+01 2.594499999999999886e+02
1.459615384619999929e+02 2.596538461540000071e+02
3.986842105299999872e+01 2.625526315789999785e+02
2.245000000000000000e+02 2.637105263160000277e+02
4.777500000000000000e+02 2.631250000000000000e+02
5.550000000000000000e+02 2.635000000000000000e+02
1.865000000000000000e+02 2.650000000000000000e+02
4.071250000000000000e+02 2.647500000000000000e+02
4.559615384620000214e+02 2.643461538459999929e+02
9.672222222199999919e+01 2.650000000000000000e+02
4.246904761900000267e+02 2.653571428569999853e+02
4.419166666670000154e+02 2.663333333329999846e+02
4.945000000000000000e+02 2.685000000000000000e+02
8.400000000000000000e+01 2.690000000000000000e+02
1.201153846149999964e+02 2.688846153850000178e+02
1.987500000000000000e+02 2.697500000000000000e+02
3.103999999999999773e+02 2.691999999999999886e+02
3.748636363640000013e+02 2.690454545449999841e+02
5.827222222220000276e+02 2.690000000000000000e+02
2.678750000000000000e+02 2.702500000000000000e+02
1.307142857139999990e+02 2.721428571430000147e+02
3.968846153850000178e+02 2.728846153850000178e+02
5.305909090909999577e+02 2.728636363640000013e+02
1.693571428570000137e+02 2.740000000000000000e+02
2.418333333330000130e+02 2.739444444439999984e+02
3.013000000000000114e+02 2.740000000000000000e+02
3.365000000000000000e+02 2.750000000000000000e+02
5.039444444439999984e+02 2.753888888889999862e+02
1.505000000000000000e+02 2.770000000000000000e+02
3.445000000000000000e+02 2.787105263160000277e+02
4.029999999999999716e+01 2.803000000000000114e+02
1.345652173899999937e+01 2.822391304349999928e+02
3.836764705879999724e+02 2.814411764710000057e+02
4.363823529410000219e+02 2.810882352940000146e+02
5.448999999999999773e+02 2.808999999999999773e+02
6.731818181799999934e+01 2.817727272729999868e+02
2.872500000000000000e+02 2.818333333329999846e+02
2.231153846150000106e+02 2.827307692310000107e+02
5.740000000000000000e+02 2.835000000000000000e+02
2.639473684200000037e+01 2.839210526319999985e+02
2.736250000000000000e+02 2.836250000000000000e+02
3.103461538459999929e+02 2.840384615379999786e+02
4.184473684210000215e+02 2.845526315789999785e+02
2.040000000000000000e+02 2.852142857140000274e+02
3.686538461540000071e+02 2.850384615379999786e+02
1.104000000000000057e+02 2.864499999999999886e+02
4.035000000000000000e+02 2.870000000000000000e+02
4.935000000000000000e+02 2.885000000000000000e+02
9.125000000000000000e+01 2.889375000000000000e+02
2.565909090910000145e+02 2.894090909089999855e+02
3.261000000000000227e+02 2.908999999999999773e+02
4.717380952380000281e+02 2.921190476190000140e+02
1.282894736840000007e+02 2.931315789469999800e+02
4.516499999999999773e+02 2.938000000000000114e+02
1.642333333329999903e+02 2.941666666670000154e+02
1.457500000000000000e+02 2.949375000000000000e+02
1.830000000000000000e+02 2.955000000000000000e+02
2.390000000000000000e+02 2.950000000000000000e+02
5.646176470589999781e+02 2.950882352940000146e+02
2.175000000000000000e+02 2.970000000000000000e+02
5.240000000000000000e+02 2.970000000000000000e+02
5.988461538499999648e+01 2.981153846149999822e+02
2.766428571430000147e+02 2.992142857140000274e+02
3.563999999999999773e+02 2.995500000000000114e+02
5.025000000000000000e+02 2.991666666670000154e+02
9.550000000000000000e+01 3.012333333330000187e+02
3.823823529410000219e+02 3.009117647059999854e+02
1.477777777800000081e+01 3.026111111110000138e+02
4.411666666670000154e+02 3.028333333329999846e+02
1.988684210529999916e+02 3.034473684210000215e+02
2.995000000000000000e+02 3.045000000000000000e+02
7.100000000000000000e+01 3.050000000000000000e+02
2.530000000000000000e+02 3.052777777779999724e+02
3.478999999999999773e+02 3.048999999999999773e+02
1.434523809519999986e+02 3.066904761900000267e+02
4.025000000000000000e+02 3.061470588239999984e+02
4.362500000000000000e+01 3.071875000000000000e+02
3.206111111110000138e+02 3.082222222220000276e+02
5.311470588240000552e+02 3.085000000000000000e+02
2.387857142860000010e+02 3.090000000000000000e+02
4.776578947369999923e+02 3.116578947369999923e+02
1.811363636359999987e+02 3.119545454550000159e+02
4.973421052630000077e+02 3.123421052630000077e+02
5.742857142860000295e+02 3.118571428569999853e+02
3.584090909089999855e+02 3.135909090910000145e+02
1.192727272730000010e+02 3.147727272729999868e+02
1.646111111110000138e+02 3.157777777779999724e+02
4.539545454550000159e+02 3.146818181819999722e+02
2.866363636359999987e+02 3.171818181819999722e+02
5.506000000000000227e+02 3.175500000000000114e+02
4.778571428600000104e+01 3.180000000000000000e+02
7.400000000000000355e+00 3.195500000000000114e+02
9.234210526299999344e+01 3.206578947369999923e+02
2.220833333330000130e+02 3.202500000000000000e+02
3.298846153850000178e+02 3.198846153850000178e+02
3.955434782610000184e+02 3.211086956519999944e+02
4.127857142859999726e+02 3.210000000000000000e+02
6.556666666700000690e+01 3.218999999999999773e+02
4.268846153850000178e+02 3.218846153850000178e+02
4.645909090910000145e+02 3.218636363640000013e+02
3.079615384620000214e+02 3.226538461540000071e+02
1.266333333329999959e+02 3.239666666670000268e+02
1.776666666669999870e+02 3.247777777779999724e+02
4.860000000000000000e+02 3.240000000000000000e+02
2.717857142859999726e+02 3.250000000000000000e+02
2.759090909100000033e+01 3.265909090910000145e+02
4.486111111110000138e+02 3.265555555560000016e+02
5.114499999999999886e+02 3.266000000000000227e+02
1.909117647060000138e+02 3.273823529410000219e+02
2.560000000000000000e+02 3.270000000000000000e+02
5.657857142860000295e+02 3.280000000000000000e+02
3.466739130430000273e+02 3.300652173909999760e+02
1.117500000000000000e+02 3.308750000000000000e+02
2.351153846150000106e+02 3.318846153850000178e+02
1.438000000000000114e+02 3.333500000000000227e+02
3.765000000000000000e+02 3.346052631580000138e+02
5.536333333329999959e+02 3.359666666670000268e+02
7.100000000000000000e+01 3.367857142859999726e+02
2.767105263160000277e+02 3.374473684210000215e+02
3.052500000000000000e+02 3.381250000000000000e+02
4.135625000000000000e+02 3.386250000000000000e+02
5.742222222220000276e+02 3.383333333329999846e+02
5.368181818200000066e+01 3.386818181819999722e+02
2.477500000000000000e+02 3.392500000000000000e+02
3.261999999999999886e+02 3.400000000000000000e+02
5.302857142860000295e+02 3.388571428569999853e+02
2.544999999999999929e+01 3.403999999999999773e+02
4.614285714289999873e+02 3.395000000000000000e+02
5.002142857140000274e+02 3.400000000000000000e+02
1.652333333329999903e+02 3.418333333329999846e+02
5.162500000000000000e+02 3.411666666670000154e+02
3.967666666669999813e+02 3.428333333329999846e+02
4.235000000000000000e+02 3.430000000000000000e+02
8.372222222199999919e+01 3.430000000000000000e+02
1.278636363640000013e+02 3.439545454550000159e+02
2.112142857139999990e+02 3.430000000000000000e+02
3.611363636359999987e+02 3.465909090910000145e+02
1.300000000000000000e+01 3.485000000000000000e+02
2.325000000000000000e+02 3.485000000000000000e+02
4.473999999999999773e+02 3.498000000000000114e+02
5.862142857139999705e+02 3.490000000000000000e+02
6.016666666700000121e+01 3.495833333329999846e+02
1.516176470590000065e+02 3.500882352940000146e+02
1.940999999999999943e+02 3.501000000000000227e+02
4.104333333330000073e+02 3.503666666670000041e+02
4.761111111110000138e+02 3.501666666670000154e+02
3.200000000000000000e+01 3.507857142859999726e+02
4.985909090910000145e+02 3.525000000000000000e+02
5.112142857140000274e+02 3.520000000000000000e+02
2.620000000000000000e+02 3.537500000000000000e+02
1.038684210530000058e+02 3.542894736839999723e+02
5.498636363639999445e+02 3.540454545449999841e+02
3.389117647059999854e+02 3.556176470589999781e+02
3.724166666670000154e+02 3.548333333329999846e+02
4.600000000000000000e+01 3.562142857140000274e+02
5.321153846150000390e+02 3.571153846149999822e+02
7.950000000000000000e+01 3.580000000000000000e+02
1.665000000000000000e+02 3.590000000000000000e+02
2.140454545450000126e+02 3.588636363640000013e+02
3.936999999999999886e+02 3.593000000000000114e+02
5.665000000000000000e+02 3.598529411760000016e+02
1.855000000000000000e+02 3.595000000000000000e+02
2.977380952380000281e+02 3.608809523809999860e+02
3.594523809519999986e+02 3.608809523809999860e+02
4.308846153850000178e+02 3.598846153850000178e+02
4.621470588239999984e+02 3.599705882349999797e+02
3.141363636359999987e+02 3.634090909089999855e+02
2.411470588239999984e+02 3.655000000000000000e+02
4.772333333330000187e+02 3.658333333329999846e+02
2.770000000000000000e+02 3.660000000000000000e+02
5.457142857099999844e+01 3.682857142859999726e+02
1.184200000000000017e+02 3.689399999999999977e+02
4.997500000000000000e+02 3.683500000000000227e+02
1.858695652200000126e+01 3.710652173909999760e+02
3.368999999999999773e+02 3.718999999999999773e+02
1.374230769229999964e+02 3.728846153850000178e+02
5.535000000000000000e+02 3.733571428569999853e+02
5.214444444440000552e+02 3.747222222220000276e+02
9.890000000000000568e+01 3.751000000000000227e+02
2.662500000000000000e+02 3.752500000000000000e+02
1.790000000000000000e+02 3.760000000000000000e+02
1.995000000000000000e+02 3.768529411760000016e+02
7.245000000000000284e+01 3.773999999999999773e+02
4.171470588239999984e+02 3.769705882349999797e+02
1.521428571429999863e+02 3.787142857140000274e+02
2.228846153849999894e+02 3.778846153850000178e+02
3.067500000000000000e+02 3.780833333329999846e+02
3.794411764710000057e+02 3.786176470589999781e+02
4.114705882399999837e+01 3.805000000000000000e+02
5.682222222220000276e+02 3.806111111110000138e+02
3.587857142859999726e+02 3.810000000000000000e+02
2.895909090910000145e+02 3.824090909089999855e+02
3.255000000000000000e+02 3.828529411760000016e+02
4.456578947369999923e+02 3.826578947369999923e+02
1.180000000000000000e+02 3.835000000000000000e+02
1.660882352939999862e+02 3.856176470589999781e+02
3.871000000000000227e+02 3.848999999999999773e+02
1.380000000000000000e+02 3.857857142859999726e+02
4.071000000000000227e+02 3.861499999999999773e+02
3.477777777779999724e+02 3.873888888889999862e+02
4.270000000000000000e+02 3.867857142859999726e+02
4.633823529410000219e+02 3.870882352940000146e+02
4.965000000000000000e+02 3.865000000000000000e+02
5.331428571430000147e+02 3.892857142859999726e+02
6.328947368400000073e+01 3.908684210530000200e+02
4.845000000000000000e+02 3.915000000000000000e+02
2.324000000000000057e+02 3.935500000000000114e+02
2.476333333329999959e+02 3.939666666670000268e+02
5.211000000000000227e+02 3.941000000000000227e+02
5.552894736839999723e+02 3.941315789469999800e+02
1.050882352940000004e+02 3.953823529410000219e+02
7.333333332999999676e+00 3.967777777779999724e+02
8.750000000000000000e+01 3.965000000000000000e+02
2.110000000000000000e+02 3.970000000000000000e+02
1.741999999999999886e+02 3.981999999999999886e+02
2.778846153850000178e+02 3.978846153850000178e+02
3.006000000000000227e+02 3.995500000000000114e+02
1.958846153849999894e+02 4.001153846149999822e+02
5.690000000000000000e+02 4.012142857140000274e+02
1.195909090910000003e+02 4.018636363640000013e+02
4.549117647059999854e+02 4.023823529410000219e+02
2.700000000000000000e+01 4.030000000000000000e+02
3.886818181819999722e+02 4.033181818180000278e+02
4.463333333300000305e+01 4.040333333329999732e+02
1.587727272729999868e+02 4.050000000000000000e+02
3.309285714289999873e+02 4.055000000000000000e+02
3.607727272729999868e+02 4.054545454550000159e+02
4.748913043480000056e+02 4.067173913039999888e+02
5.284333333329999505e+02 4.058999999999999773e+02
4.208529411760000016e+02 4.075000000000000000e+02
4.886578947369999923e+02 4.076578947369999923e+02
5.078333333329999846e+02 4.063888888889999862e+02
2.575000000000000000e+02 4.085000000000000000e+02
9.500000000000000000e+01 4.090000000000000000e+02
2.428333333330000130e+02 4.095833333329999846e+02
1.995000000000000000e+02 4.110000000000000000e+02
3.487105263160000277e+02 4.111315789469999800e+02
8.233333332999999143e+00 4.121666666670000154e+02
4.052058823529999927e+02 4.122058823529999927e+02
4.388750000000000000e+02 4.127500000000000000e+02
1.394090909090000139e+02 4.134090909089999855e+02
3.028999999999999773e+02 4.131000000000000227e+02
3.752500000000000000e+02 4.135500000000000114e+02
5.700000000000000000e+01 4.142777777779999724e+02
6.776666666699999553e+01 4.151666666670000154e+02
5.433421052630000077e+02 4.156578947369999923e+02
2.856999999999999886e+02 4.166999999999999886e+02
5.600384615379999786e+02 4.161923076919999858e+02
1.861764705899999939e+01 4.169117647059999854e+02
1.810000000000000000e+02 4.170000000000000000e+02
1.622142857139999990e+02 4.180000000000000000e+02
2.152894736840000007e+02 4.198684210530000200e+02
4.155000000000000000e+02 4.210000000000000000e+02
5.087500000000000000e+02 4.217500000000000000e+02
3.905000000000000000e+02 4.210000000000000000e+02
4.629090909089999855e+02 4.228181818180000278e+02
3.450882352940000146e+02 4.243823529410000219e+02
9.438888888900000040e+01 4.253333333329999846e+02
3.165000000000000000e+02 4.255000000000000000e+02
2.044000000000000057e+02 4.258000000000000114e+02
2.351666666669999870e+02 4.266666666670000154e+02
3.631818181799999934e+01 4.273181818180000278e+02
1.105000000000000000e+02 4.270000000000000000e+02
4.300263157890000230e+02 4.284473684210000215e+02
6.713636363599999868e+01 4.297727272729999868e+02
1.523333333330000130e+02 4.295833333329999846e+02
5.776538461540000071e+02 4.292692307689999893e+02
2.896250000000000000e+02 4.296250000000000000e+02
3.227222222220000276e+02 4.310000000000000000e+02
2.575000000000000000e+02 4.320000000000000000e+02
4.840882352940000146e+02 4.327352941180000130e+02
5.000000000000000000e-01 4.325000000000000000e+02
1.928333333330000130e+02 4.323888888889999862e+02
2.405000000000000000e+02 4.326999999999999886e+02
4.941153846149999822e+02 4.328846153850000178e+02
5.312692307690000462e+02 4.332692307689999893e+02
3.630000000000000000e+02 4.340000000000000000e+02
1.335000000000000000e+02 4.355000000000000000e+02
1.691315789470000084e+02 4.367105263160000277e+02
2.825000000000000000e+02 4.360000000000000000e+02
2.325000000000000000e+02 4.370000000000000000e+02
3.916999999999999886e+02 4.380000000000000000e+02
1.166500000000000057e+02 4.410500000000000114e+02
4.027500000000000000e+02 4.402500000000000000e+02
4.295000000000000000e+02 4.403000000000000114e+02
5.123571428569999853e+02 4.407857142859999726e+02
4.618846153850000178e+02 4.408846153850000178e+02
5.530000000000000000e+02 4.412142857140000274e+02
3.555000000000000000e+02 4.417857142859999726e+02
4.922222222199999919e+01 4.443888888889999862e+02
2.153421052630000077e+02 4.445526315789999785e+02
4.406999999999999886e+02 4.443000000000000114e+02
1.511538461499999997e+01 4.447307692310000107e+02
2.955000000000000000e+02 4.450000000000000000e+02
4.976176470589999781e+02 4.456176470589999781e+02
3.335476190480000014e+02 4.468809523809999860e+02
5.656428571430000147e+02 4.466904761900000267e+02
4.764499999999999886e+02 4.473999999999999773e+02
1.507352941180000130e+02 4.487352941180000130e+02
3.772142857140000274e+02 4.490000000000000000e+02
7.549999999999999822e+00 4.506000000000000227e+02
3.396666666699999837e+01 4.503666666670000041e+02
8.665789473700000656e+01 4.506578947369999923e+02
5.875000000000000000e+02 4.495000000000000000e+02
6.192857142900000156e+01 4.514047619049999867e+02
1.267666666669999955e+02 4.511666666670000154e+02
2.790000000000000000e+02 4.532142857140000274e+02
5.431250000000000000e+02 4.530625000000000000e+02
2.557857142860000010e+02 4.540000000000000000e+02
1.022857142860000010e+02 4.558571428569999853e+02
2.410454545450000126e+02 4.563181818180000278e+02
4.629444444439999984e+02 4.566111111110000138e+02
3.123181818180000278e+02 4.576818181819999722e+02
3.448846153850000178e+02 4.581153846149999822e+02
1.451666666669999870e+02 4.592500000000000000e+02
3.968809523809999860e+02 4.595000000000000000e+02
4.160000000000000000e+02 4.590000000000000000e+02
2.301153846150000106e+02 4.602692307689999893e+02
5.254473684209999647e+02 4.604473684210000215e+02
1.722142857139999990e+02 4.610000000000000000e+02
1.918529411760000016e+02 4.610294117650000203e+02
1.208846153850000036e+02 4.628846153850000178e+02
3.648846153850000178e+02 4.641153846149999822e+02
3.140000000000000000e+02 4.672142857140000274e+02
2.650000000000000000e+01 4.690000000000000000e+02
4.200000000000000000e+02 4.692142857140000274e+02
2.811000000000000227e+02 4.705666666669999927e+02
4.370333333329999732e+02 4.706333333329999959e+02
4.880789473680000015e+02 4.706052631580000138e+02
5.738529411759999448e+02 4.705000000000000000e+02
4.066666666700000121e+01 4.715000000000000000e+02
8.550000000000000000e+01 4.713333333329999846e+02
1.872500000000000000e+02 4.711666666670000154e+02
5.031153846149999822e+02 4.708846153850000178e+02
5.544500000000000455e+02 4.713999999999999773e+02
2.106875000000000000e+02 4.728125000000000000e+02
2.928529411760000016e+02 4.735000000000000000e+02
2.540999999999999943e+02 4.751000000000000227e+02
3.753333333329999846e+02 4.745833333329999846e+02
4.488333333329999846e+02 4.762500000000000000e+02
4.005500000000000114e+02 4.776000000000000227e+02
1.536999999999999886e+02 4.786999999999999886e+02
3.455000000000000000e+02 4.785000000000000000e+02
1.042777777780000008e+02 4.790000000000000000e+02
1.716666666669999870e+02 4.796111111110000138e+02
4.328333333329999846e+02 4.781666666670000154e+02
5.432894736839999723e+02 4.791315789469999800e+02
8.333333330000000094e-01 4.800000000000000000e+02
1.387777777780000008e+02 4.816111111110000138e+02
3.787500000000000000e+02 4.810833333329999846e+02
2.287857142860000010e+02 4.820000000000000000e+02
6.111538461500000352e+01 4.828846153850000178e+02
8.209999999999999432e+01 4.831000000000000227e+02
3.635000000000000000e+02 4.826999999999999886e+02
4.704499999999999886e+02 4.836000000000000227e+02
2.512500000000000000e+02 4.861250000000000000e+02
3.186176470589999781e+02 4.860882352940000146e+02
4.993666666670000041e+02 4.860333333329999732e+02
5.780000000000000000e+02 4.865000000000000000e+02
2.950000000000000000e+01 4.875000000000000000e+02
2.987941176470000073e+02 4.877352941180000130e+02
4.801000000000000227e+02 4.871000000000000227e+02
2.015909090909999861e+02 4.878636363640000013e+02
2.723823529410000219e+02 4.880882352940000146e+02
5.220000000000000000e+02 4.886999999999999886e+02
5.636904761900000267e+02 4.893571428569999853e+02
1.227000000000000028e+02 4.927666666669999813e+02
4.763333333300000305e+01 4.939666666670000268e+02
2.249000000000000057e+02 4.941000000000000227e+02
3.992368421049999938e+02 4.948684210530000200e+02
6.925000000000000000e+01 4.951666666670000154e+02
1.548636363640000013e+02 4.945909090910000145e+02
1.930000000000000000e+02 4.970000000000000000e+02
4.413750000000000000e+02 4.971875000000000000e+02
3.428571428569999853e+02 4.983571428569999853e+02
4.547500000000000000e+02 4.979166666670000154e+02
5.084230769229999964e+02 4.981923076919999858e+02
3.762500000000000000e+02 5.017500000000000000e+02
5.415000000000000000e+02 5.002142857140000274e+02
1.698333333330000130e+02 5.022500000000000000e+02
2.390000000000000000e+02 5.017857142859999726e+02
3.638333333329999846e+02 5.015833333329999846e+02
8.990000000000000568e+01 5.031000000000000227e+02
1.110000000000000000e+02 5.037222222220000276e+02
4.171000000000000227e+02 5.038999999999999773e+02
5.581666666669999586e+02 5.042333333330000187e+02
4.783888888889999862e+02 5.057777777779999724e+02
1.408823529400000041e+01 5.063823529410000219e+02
1.370000000000000000e+02 5.060000000000000000e+02
5.781499999999999773e+02 5.071000000000000227e+02
2.565000000000000000e+02 5.076176470589999781e+02
2.812692307689999893e+02 5.071153846149999822e+02
5.225000000000000000e+02 5.080000000000000000e+02
4.930000000000000000e+02 5.092777777779999724e+02
2.950000000000000000e+02 5.093000000000000114e+02
3.110000000000000000e+02 5.093000000000000114e+02
4.511999999999999886e+02 5.108000000000000114e+02
2.110294117649999919e+02 5.121470588240000552e+02
4.083333333299999879e+01 5.133888888889999862e+02
1.275000000000000000e+02 5.140714285709999558e+02
1.578076923079999858e+02 5.147692307690000462e+02
3.574444444439999984e+02 5.147222222220000276e+02
4.295769230770000036e+02 5.141153846150000390e+02
5.089117647059999854e+02 5.144411764709999488e+02
5.335909090909999577e+02 5.138636363639999445e+02
3.990263157890000230e+02 5.166578947369999923e+02
5.603666666670000041e+02 5.160333333329999732e+02
3.339545454550000159e+02 5.168636363639999445e+02
1.770714285710000127e+02 5.185000000000000000e+02
1.973421052630000077e+02 5.184473684209999647e+02
2.235000000000000000e+02 5.176666666669999586e+02
2.573461538459999929e+02 5.220384615379999786e+02
3.108823529400000041e+01 5.236176470589999781e+02
6.650000000000000000e+01 5.235000000000000000e+02
2.426250000000000000e+02 5.241250000000000000e+02
3.100789473680000015e+02 5.243947368420000430e+02
3.795000000000000000e+02 5.257000000000000455e+02
4.665000000000000000e+02 5.265000000000000000e+02
5.218750000000000000e+01 5.273125000000000000e+02
1.135000000000000000e+02 5.275000000000000000e+02
9.500000000000000000e+01 5.295000000000000000e+02
2.139615384619999929e+02 5.293461538459999929e+02
1.651666666669999870e+02 5.324166666669999586e+02
2.756000000000000227e+02 5.320499999999999545e+02
5.746578947369999923e+02 5.326578947369999923e+02
1.465000000000000000e+02 5.330000000000000000e+02
3.697777777779999724e+02 5.336111111110000138e+02
2.918846153850000178e+02 5.338846153849999610e+02
4.453421052630000077e+02 5.343421052630000077e+02
5.126111111110000138e+02 5.338333333330000414e+02
5.292999999999999545e+02 5.350000000000000000e+02
1.219999999999999929e+01 5.360000000000000000e+02
4.163571428569999853e+02 5.355714285709999558e+02
4.835000000000000000e+02 5.350000000000000000e+02
5.555000000000000000e+02 5.360000000000000000e+02
3.175000000000000000e+01 5.372500000000000000e+02
7.190000000000000568e+01 5.378999999999999773e+02
3.411000000000000227e+02 5.378999999999999773e+02
5.020882352940000146e+02 5.386176470589999781e+02
3.820000000000000000e+02 5.395000000000000000e+02
2.612142857140000274e+02 5.400000000000000000e+02
3.990384615379999786e+02 5.406538461540000071e+02
1.832500000000000000e+02 5.427500000000000000e+02
2.275000000000000000e+02 5.425000000000000000e+02
3.320000000000000000e+02 5.432777777779999724e+02
5.620000000000000284e+01 5.452000000000000455e+02
9.590000000000000568e+01 5.448999999999999773e+02
3.119615384620000214e+02 5.463461538459999929e+02
1.299117647060000138e+02 5.486176470589999781e+02
4.329666666670000268e+02 5.486333333329999959e+02
2.097857142860000010e+02 5.500000000000000000e+02
3.715625000000000000e+02 5.506250000000000000e+02
4.520000000000000000e+02 5.497857142860000295e+02
4.658750000000000000e+02 5.509375000000000000e+02
9.115384614999999968e+00 5.511153846150000390e+02
2.331153846150000106e+02 5.531153846150000390e+02
5.492894736839999723e+02 5.558684210530000200e+02
2.543421052630000077e+02 5.568157894739999847e+02
2.749705882349999797e+02 5.568529411759999448e+02
5.270000000000000000e+02 5.560000000000000000e+02
5.665000000000000000e+02 5.565000000000000000e+02
3.311000000000000227e+02 5.571000000000000227e+02
3.512500000000000000e+02 5.568750000000000000e+02
1.835000000000000000e+02 5.580000000000000000e+02
4.001315789469999800e+02 5.579736842109999770e+02
3.550000000000000000e+01 5.590000000000000000e+02
1.355000000000000000e+02 5.596739130429999705e+02
1.646333333329999959e+02 5.590333333329999732e+02
3.158333333329999846e+02 5.607222222220000276e+02
7.578571428600000104e+01 5.610714285709999558e+02
1.195000000000000000e+02 5.612500000000000000e+02
3.020000000000000000e+02 5.611666666669999586e+02
5.116999999999999886e+02 5.611000000000000227e+02
4.935000000000000000e+02 5.615000000000000000e+02
