3.500000000000000000e+00 1.346153845999999987e+00
2.538235294100000061e+01 1.794117646999999982e+00
1.570000000000000000e+02 5.000000000000000000e-01
2.425000000000000000e+02 5.000000000000000000e-01
2.755000000000000000e+02 5.000000000000000000e-01
3.110000000000000000e+02 8.333333330000000094e-01
3.477857142859999726e+02 9.285714290000000037e-01
3.712500000000000000e+02 2.062500000000000000e+00
4.099444444439999984e+02 1.166666667000000102e+00
4.846999999999999886e+02 1.100000000000000089e+00
1.926764705880000008e+02 3.323529412000000072e+00
5.230000000000000000e+02 3.000000000000000000e+00
6.804545454499999835e+01 4.318181818000000227e+00
4.420000000000000000e+02 6.500000000000000000e+00
5.046000000000000227e+02 6.549999999999999822e+00
1.080555555560000016e+02 8.222222221999999192e+00
2.597222222220000276e+02 7.555555555999999839e+00
5.541153846150000390e+02 6.884615385000000032e+00
2.090000000000000000e+02 8.500000000000000000e+00
3.300000000000000000e+02 8.000000000000000000e+00
5.787500000000000000e+02 8.250000000000000000e+00
1.402142857139999990e+02 9.000000000000000000e+00
3.945000000000000000e+02 8.500000000000000000e+00
2.370000000000000000e+02 1.021428571400000074e+01
4.580000000000000000e+02 9.500000000000000000e+00
4.211000000000000227e+02 1.143333333300000021e+01
4.701666666670000154e+02 1.483333333300000056e+01
9.121428571399999896e+01 1.600000000000000000e+01
1.568529411760000016e+02 1.602941176499999898e+01
1.738571428570000137e+02 1.621428571399999896e+01
3.014499999999999886e+02 1.660000000000000142e+01
3.473095238099999733e+02 1.764285714300000052e+01
5.391000000000000227e+02 1.710000000000000142e+01
5.650000000000000000e+01 1.828947368400000073e+01
7.563636363599999868e+01 1.850000000000000000e+01
3.716999999999999886e+02 1.830000000000000071e+01
5.090000000000000000e+02 1.800000000000000000e+01
1.230555555560000016e+02 1.938888888900000040e+01
3.235000000000000000e+02 1.900000000000000000e+01
2.122222222199999919e+01 2.238888888900000040e+01
5.565000000000000000e+02 2.200000000000000000e+01
2.888333333329999846e+02 2.275000000000000000e+01
4.841153846149999822e+02 2.311538461499999997e+01
1.995000000000000000e+02 2.550000000000000000e+01
2.698333333329999846e+02 2.561111111099999960e+01
4.141153846149999822e+02 2.611538461499999997e+01
5.752894736839999723e+02 2.686842105299999872e+01
3.862777777779999724e+02 2.716666666700000121e+01
1.440000000000000000e+02 2.800000000000000000e+01
2.160000000000000000e+02 2.750000000000000000e+01
3.025909090910000145e+02 2.786363636400000132e+01
5.224500000000000455e+02 3.060000000000000142e+01
5.350000000000000000e+02 3.021428571399999896e+01
5.067105263160000277e+02 3.150000000000000000e+01
9.925000000000000000e+01 3.216666666700000121e+01
3.353666666670000041e+02 3.243333333300000021e+01
4.250000000000000000e+02 3.250000000000000000e+01
3.962500000000000000e+01 3.262500000000000000e+01
3.650000000000000000e+02 3.300000000000000000e+01
4.465555555560000016e+02 3.372222222199999919e+01
5.499666666670000268e+02 3.336666666699999695e+01
5.799999999999999822e+00 3.429999999999999716e+01
6.196153846200000004e+01 3.365384615400000001e+01
1.808750000000000000e+02 3.425000000000000000e+01
2.528846153849999894e+02 3.411538461500000352e+01
3.776666666670000154e+02 3.450000000000000000e+01
5.855000000000000000e+02 3.600000000000000000e+01
2.952222222220000276e+02 3.761111111099999960e+01
2.386818181820000007e+02 3.768181818200000066e+01
5.730000000000000000e+02 3.821428571399999896e+01
1.651250000000000000e+02 4.075000000000000000e+01
2.709117647059999854e+02 4.038235294100000061e+01
2.910000000000000142e+01 4.089999999999999858e+01
8.354761904800000138e+01 4.269047618999999827e+01
4.056538461540000071e+02 4.203846153799999996e+01
4.721250000000000000e+02 4.275000000000000000e+01
4.538888888900000040e+01 4.305555555600000162e+01
1.166111111109999996e+02 4.366666666700000121e+01
3.270000000000000000e+02 4.616666666700000121e+01
4.911000000000000227e+02 4.589999999999999858e+01
2.205999999999999943e+02 4.745000000000000284e+01
4.143888888889999862e+02 4.722222222199999919e+01
1.852826086960000112e+02 4.841304347799999874e+01
2.057777777780000008e+02 4.838888888900000040e+01
3.118571428569999853e+02 4.778571428600000104e+01
5.349615384620000214e+02 4.765384615400000001e+01
1.434499999999999886e+02 4.939999999999999858e+01
3.513235294120000276e+02 5.032352941199999918e+01
3.669666666670000268e+02 5.136666666699999695e+01
5.075000000000000000e+02 5.100000000000000000e+01
6.616666666700000121e+01 5.250000000000000000e+01
3.945769230770000036e+02 5.334615384599999999e+01
2.550000000000000000e+02 5.400000000000000000e+01
4.372272727270000132e+02 5.368181818200000066e+01
8.600000000000000000e+01 5.521428571399999896e+01
3.393666666670000041e+02 5.503333333300000163e+01
4.596176470589999781e+02 5.491176470599999959e+01
5.521363636360000555e+02 5.550000000000000000e+01
7.088235294000000408e+00 5.638235294100000061e+01
1.253181818179999993e+02 5.631818181799999934e+01
1.649615384619999929e+02 5.634615384599999999e+01
3.774473684210000215e+02 5.665789473699999945e+01
1.000000000000000000e+02 5.800000000000000000e+01
2.441999999999999886e+02 6.164999999999999858e+01
2.823888888889999862e+02 6.122222222199999919e+01
5.851153846150000390e+02 6.111538461500000352e+01
5.610000000000000000e+02 6.200000000000000000e+01
4.877777777800000081e+01 6.361111111099999960e+01
4.740454545449999841e+02 6.313636363599999868e+01
5.238125000000000000e+02 6.362500000000000000e+01
2.100333333330000016e+02 6.536666666700000405e+01
3.178999999999999773e+02 6.609999999999999432e+01
4.533750000000000000e+02 6.700000000000000000e+01
2.500000000000000000e+01 6.800000000000000000e+01
7.600000000000000000e+01 6.821428571399999896e+01
1.083750000000000000e+02 6.837500000000000000e+01
3.941315789469999800e+02 6.913157894699999417e+01
4.658846153850000178e+02 6.888461538500000358e+01
2.670333333329999732e+02 7.063333333299999595e+01
4.265000000000000000e+02 7.100000000000000000e+01
1.420000000000000000e+02 7.121428571399999896e+01
6.611111110999999596e+00 7.255555555600000162e+01
3.490000000000000000e+02 7.200000000000000000e+01
4.157352941180000130e+02 7.226470588200000122e+01
5.731000000000000227e+02 7.190000000000000568e+01
2.759499999999999886e+02 7.334999999999999432e+01
4.925666666669999927e+02 7.290000000000000568e+01
1.954473684209999931e+02 7.486842105300000583e+01
6.100000000000000000e+01 7.600000000000000000e+01
2.947307692310000107e+02 7.626923076900000353e+01
5.096250000000000000e+02 7.687500000000000000e+01
5.300000000000000000e+02 7.650000000000000000e+01
9.614705882399999837e+01 7.750000000000000000e+01
2.965789473699999945e+01 7.865789473700000656e+01
1.805000000000000000e+02 7.850000000000000000e+01
1.560000000000000000e+02 8.021428571399999896e+01
2.378333333330000130e+02 7.883333333299999879e+01
2.567727272729999868e+02 8.068181818200000066e+01
1.301153846150000106e+02 8.088461538500000358e+01
3.584200000000000159e+02 8.206000000000000227e+01
2.259615384619999929e+02 8.165384615399999291e+01
5.453333333330000414e+02 8.238888888900000040e+01
3.305000000000000000e+02 8.300000000000000000e+01
3.895500000000000114e+02 8.340000000000000568e+01
4.800000000000000000e+02 8.521428571399999896e+01
4.304499999999999886e+02 8.640000000000000568e+01
2.026176470590000065e+02 8.691176470599999959e+01
7.416666666700000121e+01 8.738888888900000040e+01
4.501428571430000147e+02 8.821428571399999896e+01
4.636818181819999722e+02 8.831818181799999934e+01
3.061428571430000147e+02 8.971428571399999896e+01
1.293461538459999929e+02 9.003846153800000707e+01
1.736333333329999959e+02 8.996666666699999837e+01
4.960333333329999732e+02 9.036666666700000405e+01
2.981666666670000154e+02 9.150000000000000000e+01
4.072142857140000274e+02 9.100000000000000000e+01
5.804545454499999835e+01 9.413636363599999868e+01
1.085000000000000000e+02 9.500000000000000000e+01
5.262142857139999705e+02 9.700000000000000000e+01
5.642894736839999723e+02 9.713157894699999417e+01
5.845000000000000000e+02 9.750000000000000000e+01
3.296666666699999837e+01 9.863333333299999595e+01
1.900000000000000000e+02 9.850000000000000000e+01
2.688846153850000178e+02 9.811538461499999642e+01
8.850000000000000000e+01 9.900000000000000000e+01
1.410000000000000000e+02 9.900000000000000000e+01
2.308750000000000000e+02 9.931250000000000000e+01
3.210882352940000146e+02 9.938235294099999351e+01
3.855000000000000000e+02 9.900000000000000000e+01
4.909117647059999854e+02 1.007352941179999988e+02
2.493888888889999862e+02 1.011666666670000012e+02
6.812500000000000000e+00 1.036250000000000000e+02
5.485000000000000000e+02 1.035000000000000000e+02
3.410000000000000000e+02 1.052777777780000008e+02
3.733888888889999862e+02 1.065000000000000000e+02
4.275666666669999927e+02 1.060999999999999943e+02
2.773529411799999878e+01 1.072647058820000012e+02
4.713823529410000219e+02 1.076176470590000065e+02
4.523461538459999929e+02 1.080384615380000071e+02
6.359090909100000033e+01 1.095909090910000003e+02
5.100333333329999732e+02 1.093666666670000041e+02
1.087999999999999972e+02 1.102000000000000028e+02
5.332142857139999705e+02 1.100000000000000000e+02
1.247857142860000010e+02 1.110000000000000000e+02
1.995000000000000000e+02 1.115000000000000000e+02
1.606538461540000071e+02 1.124230769229999964e+02
2.831315789469999800e+02 1.150263157889999945e+02
3.047222222220000276e+02 1.145555555560000016e+02
5.588846153849999610e+02 1.138846153850000036e+02
3.337307692310000107e+02 1.151153846149999964e+02
5.801153846150000390e+02 1.151153846149999964e+02
2.251250000000000000e+02 1.172500000000000000e+02
3.975000000000000000e+02 1.171470588239999984e+02
1.907500000000000000e+02 1.188333333329999988e+02
2.402142857139999990e+02 1.185000000000000000e+02
2.598684210530000200e+02 1.192894736840000007e+02
4.405000000000000000e+02 1.185000000000000000e+02
5.521153846150000390e+02 1.201153846149999964e+02
1.613421052630000077e+02 1.213421052629999934e+02
5.178571428600000104e+01 1.220000000000000000e+02
3.190000000000000000e+02 1.220000000000000000e+02
8.250000000000000000e+01 1.227000000000000028e+02
1.466578947369999923e+02 1.236578947370000066e+02
3.487777777779999724e+02 1.236111111109999996e+02
5.017173913039999888e+02 1.234130434780000058e+02
1.128571428599999926e+01 1.238571428569999995e+02
5.183947368420000430e+02 1.239210526319999985e+02
5.670333333329999732e+02 1.256333333329999959e+02
4.155555555560000016e+02 1.267222222219999992e+02
4.783461538459999929e+02 1.267307692309999965e+02
6.550000000000000000e+01 1.275000000000000000e+02
4.397857142859999726e+02 1.280000000000000000e+02
1.055869565219999942e+02 1.322826086960000112e+02
2.936111111110000138e+02 1.317777777780000008e+02
1.738571428570000137e+02 1.327142857139999990e+02
2.367857142860000010e+02 1.320000000000000000e+02
1.237777777780000008e+02 1.336111111110000138e+02
3.752692307689999893e+02 1.328846153849999894e+02
1.420000000000000000e+02 1.340000000000000000e+02
2.065000000000000000e+02 1.341315789470000084e+02
2.691666666670000154e+02 1.337500000000000000e+02
3.286578947369999923e+02 1.343421052630000077e+02
3.859666666670000268e+02 1.343666666670000041e+02
4.603333333329999846e+02 1.340000000000000000e+02
3.110000000000000000e+02 1.360000000000000000e+02
2.899999999999999911e+00 1.369000000000000057e+02
1.311538461499999997e+01 1.371153846150000106e+02
2.478846153849999894e+02 1.371153846150000106e+02
3.300000000000000000e+01 1.390000000000000000e+02
5.067857142859999726e+02 1.390000000000000000e+02
5.835000000000000000e+02 1.405000000000000000e+02
4.046499999999999773e+02 1.418000000000000114e+02
1.600929203540000003e+02 1.470929203540000003e+02
5.370000000000000000e+02 1.432142857139999990e+02
1.882500000000000000e+02 1.449375000000000000e+02
3.541315789469999800e+02 1.452894736840000007e+02
5.208999999999999773e+02 1.449000000000000057e+02
7.961764705900000649e+01 1.459117647060000138e+02
3.922500000000000000e+02 1.469375000000000000e+02
5.560000000000000000e+02 1.470000000000000000e+02
3.295000000000000000e+02 1.485000000000000000e+02
4.272142857140000274e+02 1.490000000000000000e+02
4.520294117650000203e+02 1.491470588239999984e+02
2.845000000000000000e+02 1.502894736840000007e+02
5.000000000000000000e-01 1.505000000000000000e+02
4.650000000000000000e+01 1.511315789470000084e+02
4.715000000000000000e+02 1.520714285710000127e+02
2.088846153849999894e+02 1.518846153849999894e+02
6.220000000000000284e+01 1.533499999999999943e+02
1.175000000000000000e+02 1.530000000000000000e+02
2.468888888889999862e+02 1.542222222219999992e+02
3.005476190480000014e+02 1.550238095240000007e+02
2.246428571429999863e+02 1.556904761899999983e+02
5.420000000000000000e+02 1.552142857139999990e+02
9.754999999999999716e+01 1.565999999999999943e+02
1.407857142860000010e+02 1.560000000000000000e+02
1.857173913039999888e+02 1.564130434779999916e+02
2.601470588239999984e+02 1.569705882350000081e+02
3.541666666670000154e+02 1.567500000000000000e+02
4.355909090910000145e+02 1.571363636359999987e+02
3.681000000000000227e+02 1.585666666669999927e+02
4.973999999999999773e+02 1.588000000000000114e+02
2.141666666669999870e+02 1.583888888889999862e+02
5.697727272729999868e+02 1.610000000000000000e+02
2.735000000000000000e+02 1.610000000000000000e+02
4.045000000000000000e+02 1.623000000000000114e+02
3.573076923099999647e+01 1.646538461540000071e+02
3.217857142859999726e+02 1.640000000000000000e+02
4.247222222220000276e+02 1.640000000000000000e+02
2.228947368400000073e+01 1.655526315790000069e+02
1.254230769229999964e+02 1.656538461540000071e+02
6.050000000000000000e+01 1.665000000000000000e+02
2.816250000000000000e+02 1.656250000000000000e+02
2.450000000000000000e+02 1.673000000000000114e+02
4.540000000000000000e+02 1.675000000000000000e+02
1.490833333330000130e+02 1.677500000000000000e+02
5.142647058820000439e+02 1.687352941180000130e+02
9.029411765000000756e+00 1.698529411760000016e+02
9.128947368400000073e+01 1.695000000000000000e+02
3.717941176470000073e+02 1.692058823529999927e+02
5.389210526320000554e+02 1.703947368419999862e+02
5.805588235290000512e+02 1.704411764710000057e+02
8.363333333299999595e+01 1.709666666669999984e+02
1.961315789470000084e+02 1.737105263159999993e+02
4.722894736839999723e+02 1.738684210529999916e+02
5.027500000000000000e+02 1.734499999999999886e+02
4.405526315789999785e+02 1.746578947369999923e+02
5.521666666669999586e+02 1.737666666670000097e+02
3.917727272729999868e+02 1.770000000000000000e+02
3.395909090910000145e+02 1.778636363640000013e+02
1.730000000000000000e+02 1.795000000000000000e+02
1.073888888890000004e+02 1.802222222219999992e+02
4.459090909100000033e+01 1.814090909090000139e+02
2.840000000000000000e+02 1.815000000000000000e+02
5.165499999999999545e+02 1.815999999999999943e+02
3.562222222220000276e+02 1.826111111110000138e+02
2.000000000000000000e+00 1.835000000000000000e+02
2.170000000000000000e+02 1.830000000000000000e+02
4.620384615379999786e+02 1.826538461540000071e+02
5.695000000000000000e+02 1.835000000000000000e+02
1.900000000000000000e+01 1.840000000000000000e+02
2.960000000000000000e+02 1.847222222219999992e+02
4.030000000000000000e+02 1.837857142860000010e+02
4.837666666669999813e+02 1.848333333330000130e+02
1.457500000000000000e+02 1.852500000000000000e+02
1.873000000000000114e+02 1.855000000000000000e+02
3.195769230770000036e+02 1.873461538459999929e+02
1.200000000000000000e+01 1.880000000000000000e+02
2.705000000000000000e+02 1.875000000000000000e+02
4.268999999999999773e+02 1.890999999999999943e+02
2.810000000000000142e+01 1.924600000000000080e+02
7.838235294099999351e+01 1.922058823529999927e+02
2.500789473680000015e+02 1.919210526319999985e+02
5.476499999999999773e+02 1.934000000000000057e+02
1.066333333329999959e+02 1.929666666669999984e+02
2.890333333329999732e+02 1.933666666670000041e+02
3.463750000000000000e+02 1.938750000000000000e+02
1.197500000000000000e+02 1.939166666669999870e+02
2.100789473680000015e+02 1.946052631580000138e+02
4.941000000000000227e+02 1.950999999999999943e+02
5.350000000000000000e+02 1.960000000000000000e+02
3.710000000000000000e+02 1.970000000000000000e+02
4.412500000000000000e+02 1.968333333330000130e+02
1.360000000000000000e+02 1.985000000000000000e+02
1.227272726999999897e+00 2.007727272729999868e+02
3.965833333329999846e+02 2.001666666669999870e+02
4.640500000000000114e+02 2.006500000000000057e+02
1.717857142860000010e+02 2.010000000000000000e+02
3.363095238099999733e+02 2.016428571429999863e+02
5.627777777800000081e+01 2.024444444439999984e+02
8.200000000000000000e+01 2.017857142860000010e+02
2.401428571429999863e+02 2.047142857139999990e+02
4.115909090910000145e+02 2.045909090909999861e+02
1.560384615380000071e+02 2.053461538459999929e+02
2.210000000000000000e+02 2.050000000000000000e+02
4.268750000000000000e+01 2.061875000000000000e+02
2.894499999999999886e+02 2.075999999999999943e+02
3.122058823529999927e+02 2.073823529409999935e+02
4.290000000000000000e+02 2.070000000000000000e+02
4.785000000000000000e+02 2.070000000000000000e+02
1.755000000000000071e+01 2.095999999999999943e+02
1.869117647060000138e+02 2.093823529409999935e+02
1.153461538460000071e+02 2.100384615380000071e+02
1.336428571429999863e+02 2.105714285710000127e+02
2.481999999999999886e+02 2.106500000000000057e+02
3.789444444439999984e+02 2.102777777780000008e+02
5.181153846150000390e+02 2.098846153849999894e+02
5.661000000000000227e+02 2.099000000000000057e+02
3.416904761900000267e+02 2.126428571429999863e+02
2.055909090909999861e+02 2.141363636359999987e+02
2.288333333330000130e+02 2.135833333330000130e+02
2.730600000000000023e+02 2.149000000000000057e+02
7.283333333299999879e+01 2.153888888889999862e+02
5.840000000000000000e+02 2.160000000000000000e+02
3.346153845999999987e+00 2.179615384619999929e+02
2.400000000000000000e+01 2.177857142860000010e+02
2.825853658539999742e+02 2.221341463409999903e+02
5.577500000000000000e+02 2.179166666669999870e+02
3.655000000000000000e+02 2.195000000000000000e+02
4.537500000000000000e+02 2.201666666669999870e+02
4.987500000000000000e+02 2.201666666669999870e+02
5.306428571430000147e+02 2.216904761899999983e+02
1.720000000000000000e+02 2.220000000000000000e+02
5.829999999999999716e+01 2.225000000000000000e+02
9.531250000000000000e+01 2.233125000000000000e+02
4.847500000000000000e+02 2.237500000000000000e+02
4.190555555560000016e+02 2.252222222219999992e+02
3.972142857140000274e+02 2.250000000000000000e+02
7.834210526299999344e+01 2.275526315790000069e+02
4.356666666670000154e+02 2.275000000000000000e+02
3.575000000000000000e+02 2.275000000000000000e+02
2.445999999999999943e+02 2.294499999999999886e+02
1.570000000000000000e+02 2.305000000000000000e+02
3.235476190480000014e+02 2.303095238100000017e+02
5.133181818179999709e+02 2.296818181820000007e+02
5.645000000000000000e+02 2.305000000000000000e+02
3.977777777800000081e+01 2.316111111110000138e+02
1.392500000000000000e+02 2.312500000000000000e+02
2.168684210529999916e+02 2.315000000000000000e+02
1.279117647059999996e+02 2.326176470590000065e+02
1.107894736799999968e+01 2.336052631580000138e+02
3.847500000000000000e+02 2.332500000000000000e+02
9.658333333299999879e+01 2.341666666669999870e+02
4.676000000000000227e+02 2.345500000000000114e+02
1.937777777780000008e+02 2.356111111110000138e+02
2.642222222220000276e+02 2.353888888889999862e+02
2.863888888889999862e+02 2.354444444439999984e+02
3.037857142859999726e+02 2.350000000000000000e+02
3.777500000000000000e+02 2.385000000000000000e+02
5.568529411759999448e+02 2.390294117649999919e+02
2.565789473699999945e+01 2.413421052630000077e+02
3.368846153850000178e+02 2.411153846150000106e+02
4.258999999999999773e+02 2.409000000000000057e+02
5.138333333330000414e+02 2.412500000000000000e+02
5.350882352940000146e+02 2.423823529409999935e+02
5.710000000000000142e+01 2.430999999999999943e+02
4.446999999999999886e+02 2.440000000000000000e+02
2.722894736839999723e+02 2.445000000000000000e+02
3.245625000000000000e+02 2.447500000000000000e+02
4.055000000000000000e+02 2.445000000000000000e+02
1.757857142860000010e+02 2.450000000000000000e+02
4.721000000000000227e+02 2.450999999999999943e+02
1.279000000000000057e+02 2.464333333330000073e+02
2.115000000000000000e+02 2.473333333330000130e+02
2.430000000000000000e+02 2.475000000000000000e+02
5.718999999999999773e+02 2.469000000000000057e+02
1.456333333329999959e+02 2.480333333330000016e+02
1.070333333330000016e+02 2.493666666670000041e+02
2.980789473680000015e+02 2.506052631580000138e+02
1.902826086960000112e+02 2.521086956519999944e+02
3.620000000000000000e+02 2.530000000000000000e+02
4.250000000000000000e+01 2.540000000000000000e+02
8.797058823499999392e+01 2.548529411760000016e+02
2.204090909090000139e+02 2.545909090909999861e+02
4.856818181819999722e+02 2.539545454549999874e+02
1.683125000000000000e+02 2.556250000000000000e+02
2.883461538459999929e+02 2.570384615379999786e+02
4.093823529410000219e+02 2.569117647059999854e+02
4.279761904759999993e+02 2.571190476190000140e+02
5.360000000000000000e+02 2.578846153850000178e+02
3.886666666670000154e+02 2.586111111110000138e+02
5.015000000000000000e+02 2.591470588239999984e+02
5.846111111110000138e+02 2.607777777779999724e+02
3.520333333329999732e+02 2.616333333329999959e+02
1.444999999999999929e+01 2.623999999999999773e+02
1.164090909089999997e+02 2.618636363640000013e+02
6.777777777800000081e+01 2.636111111110000138e+02
2.510999999999999943e+02 2.658500000000000227e+02
3.180294117650000203e+02 2.651470588239999984e+02
2.759444444439999984e+02 2.666111111110000138e+02
1.437142857139999990e+02 2.668571428569999853e+02
5.225000000000000000e+02 2.674230769229999964e+02
2.095000000000000000e+02 2.692272727270000132e+02
5.052777777779999724e+02 2.680000000000000000e+02
5.590000000000000000e+02 2.680000000000000000e+02
3.277777777800000081e+01 2.693888888889999862e+02
3.903000000000000114e+02 2.690000000000000000e+02
5.000000000000000000e-01 2.690000000000000000e+02
1.814523809519999986e+02 2.708809523809999860e+02
4.598333333329999846e+02 2.697500000000000000e+02
4.722142857140000274e+02 2.700000000000000000e+02
4.877500000000000000e+02 2.701250000000000000e+02
1.006176470590000065e+02 2.710882352940000146e+02
2.355000000000000000e+02 2.706999999999999886e+02
2.925000000000000000e+02 2.705000000000000000e+02
3.300000000000000000e+02 2.715000000000000000e+02
4.401000000000000227e+02 2.728999999999999773e+02
6.300000000000000000e+01 2.740000000000000000e+02
3.753888888889999862e+02 2.736111111110000138e+02
7.838235294099999351e+01 2.763823529410000219e+02
5.675000000000000000e+02 2.775000000000000000e+02
2.273461538459999929e+02 2.779615384620000214e+02
1.305000000000000000e+02 2.790000000000000000e+02
4.035000000000000000e+02 2.790000000000000000e+02
5.349615384620000214e+02 2.786538461540000071e+02
1.680384615380000071e+02 2.803461538459999929e+02
3.531875000000000000e+02 2.805625000000000000e+02
4.910000000000000142e+01 2.808999999999999773e+02
1.531666666669999870e+02 2.814166666670000154e+02
3.624166666670000154e+02 2.811666666670000154e+02
4.363636364000000434e+00 2.838181818180000278e+02
2.485909090909999861e+02 2.834090909089999855e+02
4.693823529410000219e+02 2.830882352940000146e+02
1.827500000000000000e+02 2.869375000000000000e+02
4.845952380950000133e+02 2.880714285710000127e+02
1.028888888890000004e+02 2.887222222220000276e+02
2.666250000000000000e+02 2.876250000000000000e+02
5.248125000000000000e+02 2.883750000000000000e+02
5.461666666669999586e+02 2.877500000000000000e+02
2.834166666670000154e+02 2.891666666670000154e+02
3.158999999999999773e+02 2.888999999999999773e+02
3.870000000000000000e+02 2.890000000000000000e+02
4.376000000000000227e+02 2.895500000000000114e+02
2.930000000000000071e+01 2.918500000000000227e+02
6.288461538499999648e+01 2.911153846149999822e+02
4.196999999999999886e+02 2.913000000000000114e+02
4.582142857140000274e+02 2.922142857140000274e+02
5.833461538459999929e+02 2.909615384620000214e+02
8.314285714300000052e+01 2.922857142859999726e+02
2.041153846150000106e+02 2.921153846149999822e+02
2.986363636359999987e+02 2.960454545449999841e+02
3.635666666669999927e+02 2.956333333329999959e+02
1.196578947370000066e+02 2.963421052630000077e+02
5.559117647059999854e+02 2.963823529410000219e+02
1.519117647060000138e+02 2.976176470589999781e+02
3.318999999999999773e+02 2.981000000000000227e+02
4.005526315789999785e+02 2.974473684210000215e+02
3.420000000000000000e+02 2.983571428569999853e+02
2.342500000000000000e+02 2.988750000000000000e+02
1.383499999999999943e+02 3.006499999999999773e+02
9.444444440000000496e-01 3.012777777779999724e+02
3.732352941199999918e+01 3.014411764710000057e+02
1.649117647060000138e+02 3.016176470589999781e+02
3.141666666670000154e+02 3.015000000000000000e+02
4.771499999999999773e+02 3.028500000000000227e+02
7.750000000000000000e+01 3.025000000000000000e+02
2.603888888889999862e+02 3.033333333329999846e+02
5.079117647059999854e+02 3.046176470589999781e+02
2.157222222219999992e+02 3.065555555560000016e+02
2.750333333329999732e+02 3.066333333329999959e+02
5.765000000000000000e+02 3.059285714289999873e+02
3.758571428569999853e+02 3.072142857140000274e+02
4.366111111110000138e+02 3.082222222220000276e+02
4.582692307689999893e+02 3.091153846149999822e+02
5.476052631579999570e+02 3.105000000000000000e+02
1.450000000000000000e+01 3.110000000000000000e+02
1.738636363640000013e+02 3.104090909089999855e+02
9.685714285699999948e+01 3.117857142859999726e+02
1.963421052630000077e+02 3.123421052630000077e+02
4.127142857140000274e+02 3.121428571430000147e+02
1.096904761899999983e+02 3.144523809519999986e+02
2.380384615380000071e+02 3.153461538459999929e+02
3.367857142859999726e+02 3.160000000000000000e+02
2.662333333330000187e+02 3.178333333329999846e+02
7.300000000000000000e+01 3.185000000000000000e+02
2.947727272729999868e+02 3.190000000000000000e+02
3.138999999999999773e+02 3.181000000000000227e+02
5.305499999999999545e+02 3.183999999999999773e+02
1.555000000000000000e+02 3.195000000000000000e+02
5.698999999999999773e+02 3.191000000000000227e+02
2.145000000000000000e+02 3.200000000000000000e+02
4.331153846149999822e+02 3.201153846149999822e+02
4.985000000000000000e+02 3.200000000000000000e+02
5.378571428600000104e+01 3.210000000000000000e+02
8.234210526299999344e+01 3.216578947369999923e+02
3.873571428569999853e+02 3.218809523809999860e+02
3.605869565219999799e+02 3.232826086960000112e+02
5.177500000000000000e+02 3.222500000000000000e+02
3.576315789499999909e+01 3.241315789469999800e+02
1.995999999999999943e+02 3.255500000000000114e+02
4.781666666670000154e+02 3.264166666670000154e+02
5.342105262999999660e+00 3.273421052630000077e+02
2.476052631580000138e+02 3.275000000000000000e+02
4.618076923080000142e+02 3.271153846149999822e+02
5.862333333330000187e+02 3.271666666670000154e+02
3.746176470589999781e+02 3.279117647059999854e+02
1.513095238100000017e+02 3.294523809519999986e+02
1.299117647060000138e+02 3.306176470589999781e+02
5.506538461540000071e+02 3.299615384620000214e+02
6.900000000000000000e+01 3.310000000000000000e+02
2.288846153849999894e+02 3.318846153850000178e+02
4.991153846149999822e+02 3.318846153850000178e+02
2.838235294100000061e+01 3.330882352940000146e+02
1.793823529409999935e+02 3.340882352940000146e+02
3.178000000000000114e+02 3.346000000000000227e+02
4.442500000000000000e+02 3.340625000000000000e+02
2.960882352940000146e+02 3.353823529410000219e+02
4.055000000000000000e+02 3.350000000000000000e+02
1.036875000000000000e+02 3.358125000000000000e+02
5.382500000000000000e+02 3.358750000000000000e+02
4.575000000000000000e+01 3.371666666670000154e+02
3.411190476190000140e+02 3.377380952380000281e+02
9.025000000000000000e+01 3.381250000000000000e+02
2.135000000000000000e+02 3.375000000000000000e+02
3.878846153850000178e+02 3.402692307689999893e+02
4.326578947369999923e+02 3.413421052630000077e+02
6.911764705999999592e+00 3.426176470589999781e+02
1.742368421049999938e+02 3.432894736839999723e+02
2.750882352940000146e+02 3.436176470589999781e+02
5.231000000000000227e+02 3.438999999999999773e+02
1.940555555560000016e+02 3.456111111110000138e+02
3.533000000000000114e+02 3.455000000000000000e+02
5.720652173910000329e+02 3.466739130430000273e+02
2.522368421049999938e+02 3.471315789469999800e+02
4.620833333329999846e+02 3.467500000000000000e+02
4.836875000000000000e+02 3.470000000000000000e+02
3.765000000000000000e+02 3.483333333329999846e+02
1.440000000000000000e+02 3.517222222220000276e+02
4.925909090910000145e+02 3.518636363640000013e+02
6.800000000000000000e+01 3.530000000000000000e+02
2.475000000000000000e+01 3.540833333329999846e+02
1.267727272730000010e+02 3.545454545449999841e+02
2.946428571430000147e+02 3.543095238099999733e+02
3.307857142859999726e+02 3.541428571430000147e+02
9.538888888900000040e+01 3.555555555560000016e+02
2.265555555560000016e+02 3.552777777779999724e+02
3.155833333329999846e+02 3.558333333329999846e+02
5.570000000000000000e+02 3.558999999999999773e+02
3.685909090910000145e+02 3.575909090910000145e+02
4.412894736839999723e+02 3.571315789469999800e+02
4.063666666670000041e+02 3.578333333329999846e+02
2.061153846150000106e+02 3.588846153850000178e+02
5.110454545449999841e+02 3.591363636359999987e+02
4.011538461500000352e+01 3.597307692310000107e+02
2.575454545449999841e+02 3.602272727270000132e+02
2.830454545449999841e+02 3.605000000000000000e+02
1.540000000000000036e+01 3.618000000000000114e+02
5.368333333330000414e+02 3.607500000000000000e+02
5.755499999999999545e+02 3.636000000000000227e+02
8.350000000000000000e+01 3.653636363640000013e+02
1.094545454550000017e+02 3.660000000000000000e+02
1.652647058819999870e+02 3.664411764710000057e+02
3.916999999999999886e+02 3.668333333329999846e+02
4.233750000000000000e+02 3.653750000000000000e+02
4.600333333329999732e+02 3.666333333329999959e+02
5.856904761900000267e+02 3.666428571430000147e+02
1.843888888889999862e+02 3.666111111110000138e+02
1.279666666669999984e+02 3.696333333329999959e+02
4.126999999999999886e+02 3.692333333330000187e+02
1.499000000000000057e+02 3.698999999999999773e+02
3.451875000000000000e+02 3.703750000000000000e+02
3.821470588239999984e+02 3.700294117650000203e+02
2.251153846150000106e+02 3.708846153850000178e+02
6.173076923099999647e+01 3.717307692310000107e+02
5.278999999999999773e+02 3.718999999999999773e+02
4.827857142859999726e+02 3.730000000000000000e+02
5.062272727270000132e+02 3.750000000000000000e+02
2.425000000000000000e+02 3.755000000000000000e+02
2.845000000000000000e+02 3.765000000000000000e+02
4.380000000000000000e+02 3.762777777779999724e+02
2.080000000000000000e+02 3.780000000000000000e+02
5.470000000000000000e+02 3.780000000000000000e+02
9.096153846199999293e+01 3.793461538459999929e+02
3.189999999999999858e+01 3.811000000000000227e+02
1.870000000000000000e+02 3.817222222220000276e+02
1.600000000000000000e+02 3.820000000000000000e+02
4.582500000000000000e+02 3.820625000000000000e+02
2.645500000000000114e+02 3.836000000000000227e+02
3.068846153850000178e+02 3.842692307689999893e+02
7.477777777800000081e+01 3.856111111110000138e+02
5.763999999999999773e+02 3.855500000000000114e+02
3.667857142859999726e+02 3.860000000000000000e+02
4.758809523809999860e+02 3.877380952380000281e+02
5.163666666670000041e+02 3.869666666670000268e+02
1.239117647059999996e+02 3.886176470589999781e+02
1.222222222199999919e+01 3.896111111110000138e+02
3.004473684210000215e+02 3.906578947369999923e+02
3.201470588239999984e+02 3.899705882349999797e+02
3.938529411760000016e+02 3.905000000000000000e+02
5.418529411759999448e+02 3.905000000000000000e+02
2.569117647059999854e+02 3.926176470589999781e+02
2.788846153850000178e+02 3.921153846149999822e+02
8.250000000000000000e+01 3.933000000000000114e+02
1.421666666669999870e+02 3.932500000000000000e+02
1.759444444439999984e+02 3.928333333329999846e+02
3.393823529410000219e+02 3.929117647059999854e+02
4.310000000000000000e+02 3.932142857140000274e+02
4.980000000000000000e+02 3.930000000000000000e+02
1.907500000000000000e+02 3.940833333329999846e+02
2.160000000000000000e+02 3.940000000000000000e+02
2.403421052630000077e+02 3.953421052630000077e+02
3.655000000000000000e+02 3.955000000000000000e+02
4.110000000000000000e+02 3.950000000000000000e+02
3.812500000000000000e+01 3.965000000000000000e+02
9.900000000000000000e+01 3.960000000000000000e+02
2.731818181799999934e+01 3.973181818180000278e+02
1.587222222219999992e+02 3.970000000000000000e+02
5.772222222199999919e+01 3.990000000000000000e+02
4.260333333329999732e+02 4.023666666670000041e+02
4.447500000000000000e+02 4.020625000000000000e+02
5.557222222220000276e+02 4.030000000000000000e+02
5.875000000000000000e+02 4.025000000000000000e+02
1.422777777780000008e+02 4.040000000000000000e+02
3.800000000000000000e+02 4.040000000000000000e+02
4.005000000000000000e+02 4.050000000000000000e+02
5.160000000000000000e+02 4.050000000000000000e+02
2.355000000000000000e+02 4.070000000000000000e+02
3.227857142859999726e+02 4.070000000000000000e+02
5.765000000000000000e+02 4.080000000000000000e+02
2.664473684210000215e+02 4.096578947369999923e+02
4.680789473680000015e+02 4.106052631580000138e+02
1.185000000000000000e+02 4.105000000000000000e+02
2.231250000000000000e+02 4.118333333329999846e+02
3.404047619049999867e+02 4.124047619049999867e+02
4.975000000000000000e+02 4.108333333329999846e+02
7.578571428600000104e+01 4.120000000000000000e+02
5.292142857139999705e+02 4.131428571430000147e+02
2.756333333329999959e+02 4.139666666670000268e+02
9.136666666700000405e+01 4.160333333329999732e+02
3.095000000000000000e+02 4.160000000000000000e+02
5.863461538459999929e+02 4.160384615379999786e+02
3.157666666669999813e+02 4.175000000000000000e+02
1.870333333330000016e+02 4.186333333329999959e+02
2.008636363640000013e+02 4.175909090910000145e+02
1.125000000000000000e+02 4.192894736839999723e+02
1.710000000000000000e+02 4.190000000000000000e+02
4.950000000000000000e+01 4.208333333329999846e+02
3.753260869569999727e+02 4.218043478260000256e+02
4.411000000000000227e+02 4.211000000000000227e+02
3.689999999999999858e+01 4.220000000000000000e+02
5.390789473679999446e+02 4.226052631580000138e+02
1.480000000000000000e+02 4.223000000000000114e+02
5.632142857139999705e+02 4.231428571430000147e+02
2.208823529400000041e+01 4.243823529410000219e+02
4.761999999999999886e+02 4.246000000000000227e+02
2.625000000000000000e+02 4.250714285710000127e+02
3.887500000000000000e+02 4.242500000000000000e+02
5.180789473679999446e+02 4.253947368419999862e+02
1.500000000000000000e+00 4.260000000000000000e+02
8.608823529400000041e+01 4.263823529410000219e+02
1.286363636359999987e+02 4.270454545449999841e+02
4.095000000000000000e+02 4.275000000000000000e+02
2.439000000000000057e+02 4.291000000000000227e+02
4.576904761900000267e+02 4.296428571430000147e+02
3.473666666670000041e+02 4.309666666670000268e+02
3.698076923080000142e+02 4.324230769229999964e+02
2.058333333330000130e+02 4.323888888889999862e+02
2.372500000000000000e+02 4.328333333329999846e+02
2.810714285710000127e+02 4.332142857140000274e+02
4.245000000000000000e+02 4.330000000000000000e+02
5.016666666670000154e+02 4.335000000000000000e+02
2.938333333329999846e+02 4.336111111110000138e+02
5.581666666669999586e+02 4.345833333329999846e+02
1.885000000000000000e+02 4.357857142859999726e+02
3.296578947369999923e+02 4.363421052630000077e+02
1.969999999999999929e+01 4.367666666669999813e+02
6.769047618999999827e+01 4.376428571430000147e+02
3.526999999999999886e+02 4.370000000000000000e+02
4.226470588200000122e+01 4.384411764710000057e+02
5.764333333329999505e+02 4.378999999999999773e+02
1.535000000000000000e+02 4.390000000000000000e+02
1.761315789470000084e+02 4.395000000000000000e+02
5.377857142860000295e+02 4.388571428569999853e+02
2.289545454549999874e+02 4.401363636359999987e+02
3.044473684210000215e+02 4.414473684210000215e+02
3.841666666670000154e+02 4.403888888889999862e+02
8.038888888900000040e+01 4.422222222220000276e+02
3.730454545449999841e+02 4.438636363640000013e+02
3.968999999999999773e+02 4.448999999999999773e+02
5.164230769230000533e+02 4.458846153850000178e+02
4.270000000000000000e+02 4.463000000000000114e+02
4.621666666670000154e+02 4.467500000000000000e+02
2.413000000000000114e+02 4.475000000000000000e+02
2.737857142859999726e+02 4.480000000000000000e+02
4.828500000000000227e+02 4.488500000000000227e+02
1.114000000000000057e+02 4.495500000000000114e+02
4.487666666669999813e+02 4.491666666670000154e+02
1.895000000000000000e+02 4.507105263160000277e+02
2.096904761899999983e+02 4.505476190480000014e+02
2.619666666670000268e+02 4.506333333329999959e+02
1.360294117649999919e+02 4.538529411760000016e+02
3.165000000000000000e+02 4.525000000000000000e+02
4.214473684210000215e+02 4.532894736839999723e+02
4.997500000000000000e+02 4.531250000000000000e+02
5.713999999999999773e+02 4.535500000000000114e+02
1.680000000000000000e+02 4.552142857140000274e+02
5.347857142860000295e+02 4.550000000000000000e+02
3.315000000000000000e+02 4.570000000000000000e+02
4.548333333329999846e+02 4.578333333329999846e+02
3.289999999999999858e+01 4.588999999999999773e+02
5.500000000000000000e+00 4.607105263160000277e+02
6.738888888900000040e+01 4.609444444439999984e+02
3.650000000000000000e+02 4.600000000000000000e+02
5.046818181819999722e+02 4.623181818180000278e+02
5.505526315790000353e+02 4.626578947369999923e+02
2.760000000000000000e+02 4.632142857140000274e+02
4.380000000000000000e+02 4.635000000000000000e+02
4.845500000000000114e+02 4.633999999999999773e+02
2.138333333330000130e+02 4.641666666670000154e+02
4.014523809519999986e+02 4.646904761900000267e+02
5.695000000000000000e+02 4.640000000000000000e+02
7.950000000000000000e+01 4.650000000000000000e+02
9.900000000000000000e+01 4.650000000000000000e+02
3.505000000000000000e+02 4.646999999999999886e+02
1.488076923079999858e+02 4.665769230770000036e+02
2.550999999999999943e+02 4.658999999999999773e+02
3.758636363640000013e+02 4.665909090910000145e+02
1.158846153850000036e+02 4.678846153850000178e+02
2.281153846150000106e+02 4.678846153850000178e+02
2.992142857140000274e+02 4.690000000000000000e+02
5.226578947369999923e+02 4.696578947369999923e+02
4.873076923099999647e+01 4.698846153850000178e+02
1.929545454549999874e+02 4.738636363640000013e+02
4.703888888889999862e+02 4.742222222220000276e+02
2.100000000000000000e+01 4.752142857140000274e+02
6.500000000000000000e+01 4.747857142859999726e+02
1.603666666670000041e+02 4.750333333329999732e+02
3.179285714289999873e+02 4.755000000000000000e+02
4.285000000000000000e+02 4.754230769229999964e+02
8.500000000000000000e+00 4.765000000000000000e+02
1.793421052630000077e+02 4.776578947369999923e+02
1.294444444439999984e+02 4.787222222220000276e+02
3.363421052630000077e+02 4.806578947369999923e+02
4.977857142859999726e+02 4.798571428569999853e+02
5.195909090909999577e+02 4.808636363640000013e+02
5.678181818179999709e+02 4.815454545449999841e+02
4.508333333329999846e+02 4.832500000000000000e+02
4.051315789469999800e+02 4.847105263160000277e+02
2.350454545450000126e+02 4.851363636359999987e+02
2.813888888889999862e+02 4.852222222220000276e+02
5.371000000000000227e+02 4.848999999999999773e+02
1.062222222219999992e+02 4.863888888889999862e+02
3.844090909089999855e+02 4.858636363640000013e+02
4.375000000000000000e+02 4.860000000000000000e+02
2.448750000000000000e+02 4.887500000000000000e+02
3.605000000000000000e+02 4.872142857140000274e+02
5.860000000000000000e+02 4.885000000000000000e+02
1.517500000000000000e+02 4.891250000000000000e+02
2.188846153849999894e+02 4.897307692310000107e+02
4.862647058819999870e+02 4.917352941180000130e+02
8.700000000000000000e+01 4.920000000000000000e+02
2.086818181820000007e+02 4.916818181819999722e+02
3.251666666670000154e+02 4.917666666669999813e+02
3.462500000000000000e+02 4.921250000000000000e+02
1.849615384619999929e+02 4.948076923080000142e+02
3.291176470599999959e+01 4.956176470589999781e+02
1.671666666669999870e+02 4.946111111110000138e+02
3.013666666670000041e+02 4.950333333329999732e+02
5.571153846150000390e+02 4.948846153850000178e+02
3.680000000000000000e+02 4.962142857140000274e+02
4.191000000000000227e+02 4.961000000000000227e+02
4.323750000000000000e+02 4.968750000000000000e+02
5.356250000000000000e+02 4.953750000000000000e+02
5.503846153799999996e+01 4.975000000000000000e+02
2.592142857140000274e+02 4.981428571430000147e+02
1.991176470599999959e+01 4.993823529410000219e+02
1.201428571430000005e+02 4.992857142859999726e+02
5.021153846149999822e+02 4.991153846149999822e+02
1.414375000000000000e+02 5.005000000000000000e+02
4.620000000000000000e+02 5.000000000000000000e+02
5.228846153849999610e+02 5.008846153850000178e+02
3.957500000000000000e+02 5.019499999999999886e+02
2.740000000000000000e+02 5.035000000000000000e+02
2.000000000000000000e+00 5.040000000000000000e+02
6.837500000000000000e+01 5.033750000000000000e+02
3.161363636359999987e+02 5.034090909089999855e+02
3.852777777779999724e+02 5.040000000000000000e+02
1.027222222219999992e+02 5.078888888889999862e+02
2.352142857139999990e+02 5.080000000000000000e+02
4.682500000000000000e+02 5.083750000000000000e+02
4.679999999999999716e+01 5.088999999999999773e+02
8.400000000000000000e+01 5.105000000000000000e+02
2.033750000000000000e+02 5.108125000000000000e+02
3.311666666670000154e+02 5.093888888889999862e+02
5.866538461540000071e+02 5.105000000000000000e+02
1.720000000000000000e+02 5.117857142859999726e+02
6.572222222199999919e+01 5.140000000000000000e+02
5.542142857139999705e+02 5.138571428569999853e+02
2.310000000000000000e+02 5.150000000000000000e+02
1.489347826089999955e+02 5.166739130429999705e+02
2.935000000000000000e+02 5.157000000000000455e+02
4.085526315789999785e+02 5.171315789469999800e+02
3.490882352940000146e+02 5.176176470589999781e+02
4.463000000000000114e+02 5.165000000000000000e+02
2.565384615400000001e+01 5.179615384620000214e+02
4.910000000000000000e+02 5.180000000000000000e+02
9.361111111099999960e+01 5.194444444440000552e+02
3.835909090910000145e+02 5.198636363639999445e+02
4.354090909089999855e+02 5.198636363639999445e+02
5.145526315790000353e+02 5.204473684209999647e+02
5.393461538459999929e+02 5.199615384620000214e+02
2.795000000000000000e+02 5.221190476189999572e+02
1.261153846149999964e+02 5.228846153849999610e+02
4.814444444439999984e+02 5.247222222220000276e+02
7.849999999999999645e+00 5.271499999999999773e+02
1.918529411760000016e+02 5.259705882350000365e+02
3.181111111110000138e+02 5.262777777779999724e+02
2.643461538459999929e+02 5.270384615379999786e+02
5.578846153849999610e+02 5.281153846150000390e+02
3.617777777779999724e+02 5.296111111110000138e+02
4.223888888889999862e+02 5.305555555559999448e+02
5.853999999999999773e+02 5.305499999999999545e+02
2.466176470590000065e+02 5.319117647059999854e+02
4.378529411760000016e+02 5.325000000000000000e+02
4.581315789469999800e+02 5.322894736839999723e+02
4.736666666699999695e+01 5.330333333329999732e+02
2.305000000000000000e+02 5.337105263160000277e+02
2.081363636359999987e+02 5.344090909090000423e+02
3.491000000000000227e+02 5.348999999999999773e+02
5.391666666669999586e+02 5.355000000000000000e+02
8.027777777800000081e+01 5.365555555559999448e+02
1.116428571430000005e+02 5.373095238099999733e+02
1.711363636359999987e+02 5.370454545449999841e+02
4.935000000000000000e+02 5.378529411759999448e+02
3.900000000000000000e+02 5.385000000000000000e+02
1.912500000000000000e+02 5.394500000000000455e+02
3.240294117650000203e+02 5.391470588240000552e+02
5.125000000000000000e+02 5.395000000000000000e+02
2.250000000000000000e+01 5.415000000000000000e+02
2.937142857140000274e+02 5.411428571430000147e+02
3.065000000000000000e+02 5.407000000000000455e+02
1.480000000000000000e+02 5.422142857139999705e+02
4.064230769229999964e+02 5.438076923080000142e+02
1.205000000000000000e+02 5.450000000000000000e+02
5.687173913039999888e+02 5.465869565220000368e+02
2.637857142859999726e+02 5.480000000000000000e+02
4.746176470589999781e+02 5.480882352940000146e+02
5.266538461540000071e+02 5.477307692309999538e+02
5.472000000000000455e+02 5.486000000000000227e+02
5.272222222199999919e+01 5.488333333330000414e+02
1.041470588239999984e+02 5.494411764709999488e+02
2.006250000000000000e+02 5.498750000000000000e+02
4.456333333329999959e+02 5.500333333329999732e+02
1.590384615380000071e+02 5.518076923080000142e+02
2.482142857139999990e+02 5.510000000000000000e+02
4.241000000000000227e+02 5.508999999999999773e+02
5.847380952380000281e+02 5.521190476189999572e+02
2.842222222220000276e+02 5.523888888889999862e+02
2.916666666700000121e+01 5.535000000000000000e+02
2.255000000000000000e+02 5.542999999999999545e+02
3.610333333329999732e+02 5.546333333329999959e+02
3.000000000000000000e+00 5.552142857139999705e+02
7.903846153800000707e+01 5.546538461540000071e+02
3.772142857140000274e+02 5.550000000000000000e+02
5.068846153850000178e+02 5.561153846150000390e+02
2.946250000000000000e+02 5.588125000000000000e+02
1.452368421049999938e+02 5.597631578949999493e+02
1.745833333330000130e+02 5.593333333330000414e+02
5.259090909100000033e+01 5.598636363639999445e+02
2.105000000000000000e+02 5.606538461540000071e+02
3.375000000000000000e+02 5.611250000000000000e+02
4.845000000000000000e+02 5.611250000000000000e+02
3.215000000000000000e+02 5.615000000000000000e+02
5.740000000000000000e+02 5.615000000000000000e+02
