5.000000000000000000e+01 8.333333330000000094e-01
7.650000000000000000e+01 5.000000000000000000e-01
8.750000000000000000e+01 5.000000000000000000e-01
1.523235294119999992e+02 2.323529412000000072e+00
1.816428571429999863e+02 7.857142860000000395e-01
3.516999999999999886e+02 2.299999999999999822e+00
4.330000000000000000e+02 1.785714285999999928e+00
5.250000000000000000e+00 3.350000000000000089e+00
5.818478260870000440e+02 3.891304347999999802e+00
2.815000000000000000e+02 4.500000000000000000e+00
3.742222222220000276e+02 7.222222222000000080e+00
2.595000000000000000e+02 7.000000000000000000e+00
4.131250000000000000e+02 7.250000000000000000e+00
5.276250000000000000e+02 7.437500000000000000e+00
5.550000000000000000e+02 6.785714286000000151e+00
3.660000000000000142e+01 8.449999999999999289e+00
2.241666666669999870e+02 8.000000000000000000e+00
4.691666666670000154e+02 7.750000000000000000e+00
5.116499999999999773e+02 8.250000000000000000e+00
4.457352941180000130e+02 9.264705881999999448e+00
3.960000000000000000e+02 1.150000000000000000e+01
4.906176470589999781e+02 1.191176470599999959e+01
7.050000000000000000e+01 1.250000000000000000e+01
8.988461538500000358e+01 1.311538461499999997e+01
1.955000000000000000e+02 1.300000000000000000e+01
3.307777777779999724e+02 1.361111111099999960e+01
4.257777777779999724e+02 1.438888888900000040e+01
2.341250000000000000e+02 1.550000000000000000e+01
3.007500000000000000e+02 1.525000000000000000e+01
1.359705882350000081e+02 1.685294117600000163e+01
4.605000000000000000e+02 1.550000000000000000e+01
1.813000000000000114e+02 1.650000000000000000e+01
5.467142857139999705e+02 1.685714285699999948e+01
5.656578947369999923e+02 1.834210526300000055e+01
1.103421052629999934e+02 2.034210526300000055e+01
2.127777777780000008e+02 2.038888888900000040e+01
5.773421052630000077e+02 2.334210526300000055e+01
1.270263157889999945e+02 2.418421052600000110e+01
4.920000000000000000e+02 2.421428571399999896e+01
5.169705882350000365e+02 2.414705882399999837e+01
3.585000000000000000e+02 2.650000000000000000e+01
2.297058823500000102e+01 2.814705882399999837e+01
5.600000000000000000e+01 2.950000000000000000e+01
1.630000000000000000e+02 2.900000000000000000e+01
2.746111111110000138e+02 2.916666666700000121e+01
4.723888888889999862e+02 2.922222222199999919e+01
7.736956521700000167e+01 3.097826086999999973e+01
1.968846153849999894e+02 2.988461538500000003e+01
3.060000000000000000e+02 3.000000000000000000e+01
3.230000000000000000e+02 3.000000000000000000e+01
3.772647058819999870e+02 3.044117647099999857e+01
4.091153846149999822e+02 3.111538461499999997e+01
5.393461538459999929e+02 3.126923076899999998e+01
4.250000000000000000e+01 3.150000000000000000e+01
2.185909090909999861e+02 3.313636363599999868e+01
2.835769230770000036e+02 3.319230769199999997e+01
3.888636363640000013e+02 3.395454545500000165e+01
1.080000000000000000e+02 3.521428571399999896e+01
3.381000000000000227e+02 3.489999999999999858e+01
5.205000000000000000e+02 3.500000000000000000e+01
4.353999999999999773e+02 3.645000000000000284e+01
5.012272727270000132e+02 3.700000000000000000e+01
3.681363636359999987e+02 3.695454545500000165e+01
3.853999999999999773e+02 3.729999999999999716e+01
1.525000000000000000e+01 3.900000000000000000e+01
2.551153846150000106e+02 3.788461538499999648e+01
5.883888888889999862e+02 3.877777777800000081e+01
8.740909090899999967e+01 3.959090909100000033e+01
1.457142857139999990e+02 3.914285714300000052e+01
1.815000000000000000e+02 3.950000000000000000e+01
2.425909090909999861e+02 4.013636363599999868e+01
4.503947368419999862e+02 4.007894736800000146e+01
5.541250000000000000e+02 4.025000000000000000e+01
4.830000000000000000e+02 4.200000000000000000e+01
6.800000000000000000e+01 4.321428571399999896e+01
4.007142857140000274e+02 4.385714285699999948e+01
1.226578947370000066e+02 4.581578947399999890e+01
1.585000000000000000e+02 4.700000000000000000e+01
5.388846153849999610e+02 4.673076923099999647e+01
2.953000000000000114e+02 4.829999999999999716e+01
3.632647058819999870e+02 5.026470588200000122e+01
4.401153846149999822e+02 5.011538461500000352e+01
3.961764705899999939e+01 5.091176470599999959e+01
2.688125000000000000e+02 5.162500000000000000e+01
3.950000000000000000e+02 5.121428571399999896e+01
5.759666666670000268e+02 5.136666666699999695e+01
2.534615384599999999e+01 5.203846153799999996e+01
6.339473684200000037e+01 5.250000000000000000e+01
1.365500000000000114e+02 5.260000000000000142e+01
3.550882352940000146e+02 5.238235294100000061e+01
4.611000000000000227e+02 5.310000000000000142e+01
3.346818181819999722e+02 5.368181818200000066e+01
4.236578947369999923e+02 5.434210526300000055e+01
4.147058824000000143e+00 5.502941176499999898e+01
1.905000000000000000e+02 5.550000000000000000e+01
2.332500000000000000e+02 5.575000000000000000e+01
2.013823529409999935e+02 5.591176470599999959e+01
4.940000000000000000e+02 5.650000000000000000e+01
8.700000000000000000e+01 5.800000000000000000e+01
3.160000000000000000e+02 5.800000000000000000e+01
5.685000000000000000e+02 5.900000000000000000e+01
5.163181818179999709e+02 6.031818181799999934e+01
1.263888888890000004e+02 6.061111111099999960e+01
3.822777777779999724e+02 6.188888888900000040e+01
5.819666666670000268e+02 6.163333333300000305e+01
1.051666666670000012e+02 6.175000000000000000e+01
1.637857142860000010e+02 6.200000000000000000e+01
2.836250000000000000e+02 6.281250000000000000e+01
5.350000000000000000e+02 6.350000000000000000e+01
2.425000000000000000e+02 6.416666666700000121e+01
3.378846153850000178e+02 6.426923076900000353e+01
5.476000000000000227e+02 6.454999999999999716e+01
4.776111111110000138e+02 6.483333333299999879e+01
2.573421052630000077e+02 6.665789473700000656e+01
2.196176470590000065e+02 6.708823529400000041e+01
4.021250000000000000e+02 6.875000000000000000e+01
4.516111111110000138e+02 6.783333333299999879e+01
3.478809523809999860e+02 6.973809523799999965e+01
2.296153846200000004e+01 7.234615384600000709e+01
1.517857142860000010e+02 7.200000000000000000e+01
7.311538461499999642e+01 7.288461538500000358e+01
3.015000000000000000e+02 7.329999999999999716e+01
4.500000000000000000e+01 7.400000000000000000e+01
3.152142857140000274e+02 7.414285714300000052e+01
4.315000000000000000e+02 7.500000000000000000e+01
2.670000000000000000e+02 7.578571428600000104e+01
2.796999999999999886e+02 7.704999999999999716e+01
1.953823529409999935e+02 7.691176470599999959e+01
4.964285714289999873e+02 7.714285714300000052e+01
4.108684210530000200e+02 7.828947368400000073e+01
5.115000000000000000e+02 7.885294117600000163e+01
1.835999999999999943e+02 7.979999999999999716e+01
5.055555555999999839e+00 8.038888888900000040e+01
1.000000000000000000e+02 8.072222222199999919e+01
1.101666666670000012e+02 8.075000000000000000e+01
2.280000000000000000e+02 8.121428571399999896e+01
3.345000000000000000e+02 8.185294117600000163e+01
2.575000000000000000e+02 8.200000000000000000e+01
4.658333333329999846e+02 8.176666666699999553e+01
4.848846153850000178e+02 8.188461538500000358e+01
3.845000000000000000e+02 8.300000000000000000e+01
5.397142857139999705e+02 8.357142857099999844e+01
2.833333333299999879e+01 8.422222222199999919e+01
5.337500000000000000e+01 8.481250000000000000e+01
1.311153846150000106e+02 8.411538461499999642e+01
1.559666666669999984e+02 8.463333333299999595e+01
5.725000000000000000e+02 8.450000000000000000e+01
2.428333333330000130e+02 8.583333333299999879e+01
2.150999999999999943e+02 8.890000000000000568e+01
5.573750000000000000e+02 8.950000000000000000e+01
3.645909090910000145e+02 9.040909090899999967e+01
3.091000000000000227e+02 9.090000000000000568e+01
4.272894736839999723e+02 9.186842105300000583e+01
1.721428571429999863e+02 9.328571428600000104e+01
4.520000000000000000e+02 9.300000000000000000e+01
1.152647058820000012e+02 9.526470588200000122e+01
5.853888888889999862e+02 9.577777777800000081e+01
5.330333333329999732e+02 9.663333333299999595e+01
9.750000000000000000e+00 9.743750000000000000e+01
4.998999999999999773e+02 9.709999999999999432e+01
5.988461538499999648e+01 9.811538461499999642e+01
7.537500000000000000e+01 9.762500000000000000e+01
2.915000000000000000e+02 9.850000000000000000e+01
1.959000000000000057e+02 9.909999999999999432e+01
4.749615384620000214e+02 9.865384615399999291e+01
5.659736842109999770e+02 1.006578947370000066e+02
1.319666666669999984e+02 1.016333333329999959e+02
4.600000000000000000e+01 1.025000000000000000e+02
2.336578947369999923e+02 1.023421052629999934e+02
4.555714285710000127e+02 1.021428571430000005e+02
5.432142857139999705e+02 1.028809523810000002e+02
3.733421052630000077e+02 1.036578947370000066e+02
4.108999999999999773e+02 1.030999999999999943e+02
2.713333333329999846e+02 1.045000000000000000e+02
3.430000000000000000e+02 1.040000000000000000e+02
9.437500000000000000e+01 1.057500000000000000e+02
2.460454545450000126e+02 1.048636363640000013e+02
1.504166666669999870e+02 1.070833333329999988e+02
3.333823529410000219e+02 1.069117647059999996e+02
4.960789473680000015e+02 1.076052631579999996e+02
2.082142857139999990e+02 1.080000000000000000e+02
4.260000000000000000e+02 1.080000000000000000e+02
1.716538461540000071e+02 1.101923076920000000e+02
3.870000000000000000e+02 1.110000000000000000e+02
5.622500000000000000e+02 1.109166666670000012e+02
3.143235294120000276e+02 1.123235294119999992e+02
1.019615384619999929e+02 1.143461538460000071e+02
1.271153846149999964e+02 1.151153846149999964e+02
5.320000000000000000e+02 1.150000000000000000e+02
1.918846153849999894e+02 1.161153846149999964e+02
2.863750000000000000e+02 1.168125000000000000e+02
4.466250000000000000e+02 1.156250000000000000e+02
5.155000000000000000e+02 1.162894736840000007e+02
2.510000000000000142e+01 1.169000000000000057e+02
7.373999999999999488e+01 1.201800000000000068e+02
1.494499999999999886e+02 1.195999999999999943e+02
2.479444444439999984e+02 1.188333333329999988e+02
3.363461538459999929e+02 1.190384615380000071e+02
3.574473684210000215e+02 1.201842105260000011e+02
1.000000000000000000e+01 1.212142857139999990e+02
4.760000000000000000e+02 1.215000000000000000e+02
5.840333333329999732e+02 1.223666666670000041e+02
4.013823529410000219e+02 1.230882352940000004e+02
2.645000000000000000e+02 1.245000000000000000e+02
5.045909090910000145e+02 1.245909090910000003e+02
4.700000000000000000e+01 1.247857142860000010e+02
1.641666666669999870e+02 1.258333333329999988e+02
3.147307692310000107e+02 1.251153846149999964e+02
5.532857142860000295e+02 1.248571428569999995e+02
2.267142857139999990e+02 1.261428571430000005e+02
1.166904761899999983e+02 1.273571428569999995e+02
4.273333333329999846e+02 1.272222222219999992e+02
1.728891402710000023e+02 1.492285067869999864e+02
9.350000000000000000e+01 1.290000000000000000e+02
2.066999999999999886e+02 1.310999999999999943e+02
5.264500000000000455e+02 1.305999999999999943e+02
1.265000000000000000e+02 1.317666666670000097e+02
4.498999999999999773e+02 1.330999999999999943e+02
4.705769230770000036e+02 1.333461538459999929e+02
3.728846153850000178e+02 1.338846153849999894e+02
5.721666666669999586e+02 1.335833333330000130e+02
2.798636363640000013e+02 1.359545454549999874e+02
4.850000000000000000e+02 1.360000000000000000e+02
2.339444444439999984e+02 1.376111111110000138e+02
4.111111110999999596e+00 1.388333333330000130e+02
3.001000000000000227e+02 1.379000000000000057e+02
7.013636363599999868e+01 1.384090909090000139e+02
1.769615384619999929e+02 1.393461538459999929e+02
3.407222222220000276e+02 1.390000000000000000e+02
5.421000000000000227e+02 1.390999999999999943e+02
2.268181818200000066e+01 1.396818181820000007e+02
3.901000000000000227e+02 1.400999999999999943e+02
2.529615384619999929e+02 1.413461538459999929e+02
5.801153846150000390e+02 1.408846153849999894e+02
3.168571428569999853e+02 1.425000000000000000e+02
3.861764705899999939e+01 1.432058823529999927e+02
1.431875000000000000e+02 1.453750000000000000e+02
4.062777777779999724e+02 1.450000000000000000e+02
5.300000000000000000e+01 1.466999999999999886e+02
3.573888888889999862e+02 1.467777777780000008e+02
1.230333333330000016e+02 1.473666666670000041e+02
4.293000000000000114e+02 1.470000000000000000e+02
5.080000000000000000e+02 1.472142857139999990e+02
2.321500000000000057e+02 1.489000000000000057e+02
5.537666666669999813e+02 1.484333333330000073e+02
6.400000000000000000e+01 1.515000000000000000e+02
3.915714285710000127e+02 1.511428571429999863e+02
3.327727272729999868e+02 1.530000000000000000e+02
2.166538461540000071e+02 1.530384615380000071e+02
2.511818181820000007e+02 1.546818181820000007e+02
4.549375000000000000e+02 1.552500000000000000e+02
4.795909090910000145e+02 1.555909090909999861e+02
8.447368421000000183e+00 1.566578947369999923e+02
5.209666666670000268e+02 1.566333333329999959e+02
8.000000000000000000e+01 1.572777777780000008e+02
2.689705882349999797e+02 1.571470588239999984e+02
2.835000000000000000e+02 1.582647058819999870e+02
9.840000000000000568e+01 1.595500000000000114e+02
3.027500000000000000e+02 1.592500000000000000e+02
5.023055555560000016e+02 1.608333333330000130e+02
5.401000000000000227e+02 1.600999999999999943e+02
5.681086956520000513e+02 1.605434782609999900e+02
1.425000000000000000e+02 1.621923076920000142e+02
1.815000000000000000e+02 1.640000000000000000e+02
4.081999999999999886e+02 1.631999999999999886e+02
3.785000000000000000e+02 1.645000000000000000e+02
4.401923076919999858e+02 1.645769230770000036e+02
3.486818181819999722e+02 1.646818181820000007e+02
2.108636363640000013e+02 1.660454545450000126e+02
2.768999999999999773e+02 1.671999999999999886e+02
3.258846153850000178e+02 1.671153846150000106e+02
5.122333333330000187e+02 1.678333333330000130e+02
4.573000000000000114e+02 1.688333333330000130e+02
4.266111111110000138e+02 1.692222222219999992e+02
2.500000000000000000e+01 1.705000000000000000e+02
4.600000000000000000e+01 1.702142857139999990e+02
1.278846153850000036e+02 1.698846153849999894e+02
4.766111111110000138e+02 1.712222222219999992e+02
6.933333333000000209e+00 1.761999999999999886e+02
7.065789473700000656e+01 1.756578947369999923e+02
1.016111111109999996e+02 1.752222222219999992e+02
2.901666666670000154e+02 1.746111111110000138e+02
5.610000000000000000e+02 1.752142857139999990e+02
2.510454545450000126e+02 1.765454545450000126e+02
3.373333333329999846e+02 1.765000000000000000e+02
5.860294117649999635e+02 1.771470588239999984e+02
3.569117647059999854e+02 1.786176470590000065e+02
3.918529411760000016e+02 1.780294117649999919e+02
3.783421052630000077e+02 1.795526315790000069e+02
1.522272727270000132e+02 1.810000000000000000e+02
8.514705882399999837e+01 1.825000000000000000e+02
2.062894736840000007e+02 1.828684210529999916e+02
2.811470588239999984e+02 1.835000000000000000e+02
2.014285714300000052e+01 1.847142857139999990e+02
1.762777777780000008e+02 1.845555555560000016e+02
4.678846153850000178e+02 1.838846153849999894e+02
5.421315789469999800e+02 1.842894736840000007e+02
4.995000000000000000e+02 1.867105263159999993e+02
5.203823529410000219e+02 1.860882352939999862e+02
2.991666666670000154e+02 1.875000000000000000e+02
1.311538461499999997e+01 1.878846153849999894e+02
3.371739130400000306e+01 1.884130434779999916e+02
4.453999999999999773e+02 1.884499999999999886e+02
4.815500000000000114e+02 1.885999999999999943e+02
5.735526315790000353e+02 1.883421052630000077e+02
2.247105263159999993e+02 1.891315789470000084e+02
2.501250000000000000e+02 1.892500000000000000e+02
4.126818181819999722e+02 1.906818181820000007e+02
5.600000000000000000e+01 1.923000000000000114e+02
1.126176470590000065e+02 1.920882352939999862e+02
1.825833333330000130e+02 1.921666666669999870e+02
2.730000000000000000e+02 1.920000000000000000e+02
3.165000000000000000e+02 1.920000000000000000e+02
4.228846153850000178e+02 1.941153846150000106e+02
5.595000000000000000e+02 1.965000000000000000e+02
4.979117647059999854e+02 1.976176470590000065e+02
8.267647058800000082e+01 1.984411764710000057e+02
1.108333333329999988e+02 1.982333333329999903e+02
2.015000000000000000e+02 1.980000000000000000e+02
5.898333333330000414e+02 1.980555555560000016e+02
3.374499999999999886e+02 1.994000000000000057e+02
8.131578946999999502e+00 2.007631578950000062e+02
6.071052631599999927e+01 2.011315789470000084e+02
1.300384615380000071e+02 2.023461538459999929e+02
3.922500000000000000e+02 2.018333333330000130e+02
4.699761904759999993e+02 2.029761904759999993e+02
2.878125000000000000e+02 2.033750000000000000e+02
3.797777777779999724e+02 2.036666666669999870e+02
1.463235294119999992e+02 2.048529411760000016e+02
2.206818181820000007e+02 2.043181818179999993e+02
8.796666666699999837e+01 2.056333333329999959e+02
3.538684210530000200e+02 2.052894736840000007e+02
4.510000000000000000e+02 2.047857142860000010e+02
1.678846153849999894e+02 2.061153846150000106e+02
4.113947368419999862e+02 2.065000000000000000e+02
5.360882352940000146e+02 2.063823529409999935e+02
4.670000000000000284e+01 2.093000000000000114e+02
2.442142857139999990e+02 2.090000000000000000e+02
2.545434782609999900e+02 2.111086956519999944e+02
2.923888888889999862e+02 2.107777777780000008e+02
1.889117647060000138e+02 2.113823529409999935e+02
4.750000000000000000e+02 2.120000000000000000e+02
1.939999999999999858e+01 2.134499999999999886e+02
3.860555555560000016e+02 2.128333333330000130e+02
5.212333333330000187e+02 2.131666666669999870e+02
2.166666666999999880e+00 2.137500000000000000e+02
4.369615384620000214e+02 2.143461538459999929e+02
3.150000000000000000e+02 2.152777777780000008e+02
3.693333333329999846e+02 2.152222222219999992e+02
9.809999999999999432e+01 2.160999999999999943e+02
4.519615384620000214e+02 2.163461538459999929e+02
5.025000000000000000e+02 2.156999999999999886e+02
5.744333333329999505e+02 2.164333333330000073e+02
3.455000000000000000e+02 2.175000000000000000e+02
7.661111111099999960e+01 2.181666666669999870e+02
1.212999999999999972e+02 2.186999999999999886e+02
1.570000000000000000e+02 2.177857142860000010e+02
2.079166666669999870e+02 2.186666666669999870e+02
2.698999999999999773e+02 2.185399999999999920e+02
1.330000000000000000e+02 2.200000000000000000e+02
1.724444444439999984e+02 2.227222222219999992e+02
2.855707070710000153e+02 2.271161616159999994e+02
2.298846153849999894e+02 2.242692307689999893e+02
5.507857142860000295e+02 2.241428571429999863e+02
5.855000000000000000e+02 2.239285714289999873e+02
1.476578947369999923e+02 2.253421052630000077e+02
5.302500000000000000e+02 2.267500000000000000e+02
3.003333333300000163e+01 2.273666666670000041e+02
4.090000000000000000e+02 2.270000000000000000e+02
4.926904761900000267e+02 2.286428571429999863e+02
6.188461538499999648e+01 2.288846153849999894e+02
2.468181818179999993e+02 2.292272727270000132e+02
4.263666666670000041e+02 2.290333333330000016e+02
1.947500000000000000e+02 2.302500000000000000e+02
3.861111111099999960e+01 2.327777777780000008e+02
5.137500000000000000e+02 2.319166666669999870e+02
5.666428571430000147e+02 2.326904761899999983e+02
1.325000000000000000e+02 2.338529411760000016e+02
3.117142857140000274e+02 2.331428571429999863e+02
3.945000000000000000e+02 2.335000000000000000e+02
4.711000000000000227e+02 2.329000000000000057e+02
1.053666666670000041e+02 2.349666666669999984e+02
3.254090909089999855e+02 2.354090909090000139e+02
4.490000000000000000e+02 2.350000000000000000e+02
2.888888888889999862e+02 2.385000000000000000e+02
3.628846153850000178e+02 2.378846153849999894e+02
5.562894736839999723e+02 2.388684210529999916e+02
2.660555555560000016e+02 2.396111111110000138e+02
8.122222222199999919e+01 2.406111111110000138e+02
1.150000000000000000e+01 2.415000000000000000e+02
1.608333333330000130e+02 2.407666666670000097e+02
6.103333333300000163e+01 2.423666666670000041e+02
2.266666666669999870e+02 2.427777777780000008e+02
5.905000000000000000e+02 2.415000000000000000e+02
2.121153846150000106e+02 2.448846153849999894e+02
2.865789473699999945e+01 2.463421052630000077e+02
5.315666666670000495e+02 2.470999999999999943e+02
1.501153846150000106e+02 2.478846153849999894e+02
3.491153846149999822e+02 2.482692307689999893e+02
4.021999999999999886e+02 2.484000000000000057e+02
4.711000000000000227e+02 2.479000000000000057e+02
1.838333333330000130e+02 2.487500000000000000e+02
2.730882352940000146e+02 2.493823529409999935e+02
3.667500000000000000e+02 2.490833333330000130e+02
4.289615384620000214e+02 2.493461538459999929e+02
5.101153846149999822e+02 2.491153846150000106e+02
5.735000000000000000e+02 2.490000000000000000e+02
4.476999999999999886e+02 2.510000000000000000e+02
3.325000000000000000e+02 2.515000000000000000e+02
3.782142857140000274e+02 2.510000000000000000e+02
2.410000000000000000e+02 2.522272727270000132e+02
3.045555555560000016e+02 2.527777777780000008e+02
4.300000000000000000e+01 2.535000000000000000e+02
1.910000000000000000e+02 2.540000000000000000e+02
1.290999999999999943e+02 2.556333333329999959e+02
4.875000000000000000e+02 2.550000000000000000e+02
1.091153846149999964e+02 2.558846153849999894e+02
2.885000000000000000e+02 2.560000000000000000e+02
8.197058823499999392e+01 2.588529411760000016e+02
1.690999999999999943e+02 2.583666666670000041e+02
3.912500000000000000e+02 2.578750000000000000e+02
2.224473684209999931e+02 2.597105263160000277e+02
5.404565217389999816e+02 2.598043478260000256e+02
3.551875000000000000e+02 2.616250000000000000e+02
4.335000000000000000e+02 2.635000000000000000e+02
4.995000000000000000e+02 2.638333333329999846e+02
1.180000000000000000e+02 2.650000000000000000e+02
2.494499999999999886e+02 2.653999999999999773e+02
4.079666666670000268e+02 2.656333333329999959e+02
1.493571428570000137e+02 2.665714285710000127e+02
5.888999999999999773e+02 2.658999999999999773e+02
1.372222222199999919e+01 2.670000000000000000e+02
6.150000000000000000e+01 2.675000000000000000e+02
1.017380952379999997e+02 2.678809523809999860e+02
5.650000000000000000e+02 2.672142857140000274e+02
3.350000000000000000e+01 2.683947368419999862e+02
4.597500000000000000e+02 2.688333333329999846e+02
5.218846153849999610e+02 2.688846153850000178e+02
8.044117647100000568e+01 2.703235294120000276e+02
1.841190476190000140e+02 2.710238095240000007e+02
2.105000000000000000e+02 2.705000000000000000e+02
4.428846153850000178e+02 2.711153846149999822e+02
3.142500000000000000e+02 2.722500000000000000e+02
5.050000000000000000e+02 2.722777777779999724e+02
3.795000000000000000e+02 2.733000000000000114e+02
4.805000000000000000e+02 2.740000000000000000e+02
2.765000000000000000e+02 2.758529411760000016e+02
3.048636363640000013e+02 2.755909090910000145e+02
4.934375000000000000e+02 2.760625000000000000e+02
1.326538461540000071e+02 2.772692307689999893e+02
3.325714285710000127e+02 2.767142857140000274e+02
2.368846153849999894e+02 2.788846153850000178e+02
3.953000000000000114e+02 2.790000000000000000e+02
9.722222221999999192e+00 2.810000000000000000e+02
1.770384615380000071e+02 2.823461538459999929e+02
6.395454545500000165e+01 2.833181818180000278e+02
5.388636363639999445e+02 2.827727272729999868e+02
1.568846153849999894e+02 2.841153846149999822e+02
3.673333333329999846e+02 2.835833333329999846e+02
3.165714285710000127e+02 2.847142857140000274e+02
5.683947368420000430e+02 2.850789473680000015e+02
2.280333333330000016e+02 2.873666666670000041e+02
2.715000000000000000e+02 2.873000000000000114e+02
3.036363636400000132e+01 2.885000000000000000e+02
4.343421052630000077e+02 2.883421052630000077e+02
4.685526315789999785e+02 2.885526315789999785e+02
4.789999999999999858e+01 2.888999999999999773e+02
9.278571428600000104e+01 2.890000000000000000e+02
2.517608695650000072e+02 2.903260869569999727e+02
3.456875000000000000e+02 2.886875000000000000e+02
5.478999999999999773e+02 2.891000000000000227e+02
4.057857142859999726e+02 2.900000000000000000e+02
2.870000000000000000e+02 2.920000000000000000e+02
3.866428571430000147e+02 2.920000000000000000e+02
5.291666666669999586e+02 2.918333333329999846e+02
1.130000000000000000e+02 2.930000000000000000e+02
1.830625000000000000e+02 2.931250000000000000e+02
2.038846153849999894e+02 2.938846153850000178e+02
4.265000000000000000e+02 2.950000000000000000e+02
5.856333333329999959e+02 2.951666666670000154e+02
4.913421052630000077e+02 2.965526315789999785e+02
2.370000000000000000e+02 2.967857142859999726e+02
3.650333333329999732e+02 2.976333333329999959e+02
1.970588234999999910e+00 2.988529411760000016e+02
3.015000000000000000e+02 2.988333333329999846e+02
1.555588235289999943e+02 3.006764705879999724e+02
4.590000000000000000e+02 3.007222222220000276e+02
6.788461538500000358e+01 3.011153846149999822e+02
1.295000000000000000e+02 3.027105263160000277e+02
5.570000000000000000e+02 3.022777777779999724e+02
3.337777777779999724e+02 3.036111111110000138e+02
3.839117647059999854e+02 3.036176470589999781e+02
1.482777777780000008e+02 3.050000000000000000e+02
1.703235294119999992e+02 3.057941176470000073e+02
2.825000000000000000e+02 3.050000000000000000e+02
5.119117647059999854e+02 3.056176470589999781e+02
3.166000000000000227e+02 3.065500000000000114e+02
1.975000000000000000e+01 3.071250000000000000e+02
2.259117647060000138e+02 3.073823529410000219e+02
4.020000000000000000e+02 3.070000000000000000e+02
4.823823529410000219e+02 3.070882352940000146e+02
9.583333333299999879e+01 3.092333333330000187e+02
2.556176470590000065e+02 3.089117647059999854e+02
4.689999999999999858e+01 3.098999999999999773e+02
5.734285714290000442e+02 3.103571428569999853e+02
7.504545454499999835e+01 3.108636363640000013e+02
1.824090909090000139e+02 3.111363636359999987e+02
3.428125000000000000e+02 3.126250000000000000e+02
2.042222222219999992e+02 3.136111111110000138e+02
4.421000000000000227e+02 3.141000000000000227e+02
1.175000000000000000e+02 3.155000000000000000e+02
5.292500000000000000e+02 3.167500000000000000e+02
5.560882352940000146e+02 3.166176470589999781e+02
1.666052631580000138e+02 3.169210526319999985e+02
2.971086956519999944e+02 3.175434782610000184e+02
4.649285714289999873e+02 3.175000000000000000e+02
2.383461538459999929e+02 3.179615384620000214e+02
3.338846153850000178e+02 3.191153846149999822e+02
5.040000000000000000e+02 3.190000000000000000e+02
7.511538461499999642e+01 3.198846153850000178e+02
3.673750000000000000e+02 3.210416666670000154e+02
3.976904761900000267e+02 3.236428571430000147e+02
4.307857142859999726e+02 3.230000000000000000e+02
2.148636363640000013e+02 3.235909090910000145e+02
2.744285714289999873e+02 3.238571428569999853e+02
3.131000000000000227e+02 3.241000000000000227e+02
5.100000000000000000e+01 3.252142857140000274e+02
4.130000000000000000e+02 3.247857142859999726e+02
4.850000000000000000e+02 3.262142857140000274e+02
5.657894737000000340e+00 3.278157894739999847e+02
5.675769230769999467e+02 3.271923076919999858e+02
3.036363636400000132e+01 3.285000000000000000e+02
1.331875000000000000e+02 3.286250000000000000e+02
9.471052631599999927e+01 3.295000000000000000e+02
3.753235294120000276e+02 3.303235294120000276e+02
4.703000000000000114e+02 3.300000000000000000e+02
5.892647058820000439e+02 3.305588235289999943e+02
5.171470588240000552e+02 3.315000000000000000e+02
2.003333333330000130e+02 3.322222222220000276e+02
2.537777777780000008e+02 3.346111111110000138e+02
1.462222222219999992e+02 3.356111111110000138e+02
4.453421052630000077e+02 3.356578947369999923e+02
5.504166666669999586e+02 3.351666666670000154e+02
3.036111111110000138e+02 3.372222222220000276e+02
4.100000000000000000e+02 3.370000000000000000e+02
1.835000000000000000e+02 3.385000000000000000e+02
3.517380952380000281e+02 3.391190476190000140e+02
1.052222222219999992e+02 3.403888888889999862e+02
2.356176470590000065e+02 3.399117647059999854e+02
2.900000000000000000e+01 3.427222222220000276e+02
7.350000000000000000e+01 3.416666666670000154e+02
2.836111111110000138e+02 3.427777777779999724e+02
5.061153846149999822e+02 3.417307692310000107e+02
5.748684210530000200e+02 3.419736842109999770e+02
8.571052631599999927e+01 3.445000000000000000e+02
1.768529411760000016e+02 3.450294117650000203e+02
3.240000000000000000e+02 3.453999999999999773e+02
5.370000000000000000e+02 3.450000000000000000e+02
5.083333333299999879e+01 3.457500000000000000e+02
2.160000000000000000e+02 3.460000000000000000e+02
3.992333333330000187e+02 3.481000000000000227e+02
4.265000000000000000e+02 3.481666666670000154e+02
4.708636363640000013e+02 3.475909090910000145e+02
2.560555555560000016e+02 3.506111111110000138e+02
3.630000000000000000e+02 3.493000000000000114e+02
3.741666666670000154e+02 3.504166666670000154e+02
4.869117647059999854e+02 3.503823529410000219e+02
5.248333333330000414e+02 3.504166666670000154e+02
1.506111111110000138e+02 3.510555555560000016e+02
5.892142857139999705e+02 3.510000000000000000e+02
4.475000000000000000e+02 3.535000000000000000e+02
1.962500000000000000e+02 3.538750000000000000e+02
3.371000000000000227e+02 3.541000000000000227e+02
5.543461538459999929e+02 3.540384615379999786e+02
9.222222221999999192e+00 3.556111111110000138e+02
4.092142857140000274e+02 3.550000000000000000e+02
1.255000000000000000e+02 3.566363636359999987e+02
2.295999999999999943e+02 3.574499999999999886e+02
3.500000000000000000e+01 3.582142857140000274e+02
1.053823529409999935e+02 3.579117647059999854e+02
2.671190476190000140e+02 3.596904761900000267e+02
6.609999999999999432e+01 3.598999999999999773e+02
2.110000000000000000e+02 3.597857142859999726e+02
4.995000000000000000e+02 3.600000000000000000e+02
5.410000000000000000e+02 3.606428571430000147e+02
8.350000000000000000e+01 3.617105263160000277e+02
5.170000000000000000e+02 3.610000000000000000e+02
5.783571428569999853e+02 3.616904761900000267e+02
2.958809523809999860e+02 3.622619047619999719e+02
4.322500000000000000e+02 3.621666666670000154e+02
4.620384615379999786e+02 3.648076923080000142e+02
4.383333333299999879e+01 3.647500000000000000e+02
1.159166666670000012e+02 3.658750000000000000e+02
3.712894736839999723e+02 3.651315789469999800e+02
4.000000000000000000e+02 3.665000000000000000e+02
3.192692307689999893e+02 3.671153846149999822e+02
2.785000000000000000e+02 3.680000000000000000e+02
1.722857142860000010e+02 3.691428571430000147e+02
2.859090909100000033e+01 3.705909090910000145e+02
1.368333333330000130e+02 3.702500000000000000e+02
5.834615384599999999e+01 3.709615384620000214e+02
1.918000000000000114e+02 3.708000000000000114e+02
5.895714285709999558e+02 3.726428571430000147e+02
3.418999999999999773e+02 3.741000000000000227e+02
5.320000000000000000e+02 3.742142857140000274e+02
4.838999999999999773e+02 3.758999999999999773e+02
2.100000000000000000e+02 3.775000000000000000e+02
9.950000000000000000e+01 3.785000000000000000e+02
2.488000000000000114e+02 3.783999999999999773e+02
2.940925925930000062e+02 3.792407407410000246e+02
4.146000000000000227e+02 3.785500000000000114e+02
1.592142857139999990e+02 3.790000000000000000e+02
1.840000000000000000e+02 3.800000000000000000e+02
3.860000000000000000e+02 3.800000000000000000e+02
5.066904761900000267e+02 3.804523809519999986e+02
5.498888888889999862e+02 3.807222222220000276e+02
2.255000000000000000e+02 3.809285714289999873e+02
2.671666666670000154e+02 3.815000000000000000e+02
7.400000000000000000e+01 3.827222222220000276e+02
3.489999999999999858e+01 3.851000000000000227e+02
3.077500000000000000e+02 3.848333333329999846e+02
4.415909090910000145e+02 3.855909090910000145e+02
3.963888888889999862e+02 3.862222222220000276e+02
1.620000000000000000e+02 3.875000000000000000e+02
4.602857142859999726e+02 3.871428571430000147e+02
3.617857142859999726e+02 3.880000000000000000e+02
1.280000000000000000e+02 3.895000000000000000e+02
3.443999999999999773e+02 3.894499999999999886e+02
4.800000000000000000e+02 3.897727272729999868e+02
5.190000000000000000e+02 3.890000000000000000e+02
3.210294117650000203e+02 3.901470588239999984e+02
4.174090909089999855e+02 3.904090909089999855e+02
5.732222222220000276e+02 3.906111111110000138e+02
7.500000000000000000e-01 3.935000000000000000e+02
6.650000000000000000e+01 3.948529411760000016e+02
4.330000000000000000e+02 3.940000000000000000e+02
4.981666666670000154e+02 3.942500000000000000e+02
1.467307692310000107e+02 3.953461538459999929e+02
1.522222222199999919e+01 3.971666666670000154e+02
1.031875000000000000e+02 3.976250000000000000e+02
1.760000000000000000e+02 3.965000000000000000e+02
2.336578947369999923e+02 3.986578947369999923e+02
5.360000000000000000e+02 3.982142857140000274e+02
4.416666666700000121e+01 3.991666666670000154e+02
2.838846153850000178e+02 3.988846153850000178e+02
3.087105263160000277e+02 4.008684210530000200e+02
2.150000000000000000e+02 4.010000000000000000e+02
5.555000000000000000e+02 4.020000000000000000e+02
1.683888888889999862e+02 4.042222222220000276e+02
1.992142857139999990e+02 4.040000000000000000e+02
3.605000000000000000e+02 4.053636363640000013e+02
5.800000000000000000e+02 4.037857142859999726e+02
8.700000000000000000e+01 4.046999999999999886e+02
3.914285714289999873e+02 4.059285714289999873e+02
4.300625000000000000e+02 4.067500000000000000e+02
2.980769230800000003e+01 4.069615384620000214e+02
1.221666666670000012e+02 4.067500000000000000e+02
4.572333333330000187e+02 4.088333333329999846e+02
3.241666666670000154e+02 4.097500000000000000e+02
6.142857142999999631e+00 4.107142857140000274e+02
4.103823529410000219e+02 4.109117647059999854e+02
5.285769230769999467e+02 4.132692307689999893e+02
9.900000000000000000e+01 4.146428571430000147e+02
5.155000000000000000e+02 4.136999999999999886e+02
2.491363636359999987e+02 4.149545454550000159e+02
3.434499999999999886e+02 4.153999999999999773e+02
4.764499999999999886e+02 4.163999999999999773e+02
4.915000000000000000e+02 4.165000000000000000e+02
2.667222222220000276e+02 4.171111111110000138e+02
1.473421052630000077e+02 4.183421052630000077e+02
2.055000000000000000e+02 4.190000000000000000e+02
5.480882352940000146e+02 4.196176470589999781e+02
5.901666666669999586e+02 4.200000000000000000e+02
7.600000000000000000e+01 4.207857142859999726e+02
1.848846153849999894e+02 4.208846153850000178e+02
1.655833333330000130e+02 4.231666666670000154e+02
2.868846153850000178e+02 4.231153846149999822e+02
4.188684210530000200e+02 4.235526315789999785e+02
3.729285714289999873e+02 4.243095238099999733e+02
5.460000000000000142e+01 4.255500000000000114e+02
1.501153846150000106e+02 4.248846153850000178e+02
2.212826086960000112e+02 4.255869565219999799e+02
3.042222222220000276e+02 4.256111111110000138e+02
2.777777777800000081e+01 4.263888888889999862e+02
3.727777777800000081e+01 4.260555555560000016e+02
1.187222222219999992e+02 4.270000000000000000e+02
3.219666666670000268e+02 4.273666666670000041e+02
3.918333333329999846e+02 4.269444444439999984e+02
4.451000000000000227e+02 4.271000000000000227e+02
4.644499999999999886e+02 4.273999999999999773e+02
5.655000000000000000e+02 4.270000000000000000e+02
2.976250000000000000e+02 4.293750000000000000e+02
2.093888888889999862e+02 4.311666666670000154e+02
2.655909090910000145e+02 4.311363636359999987e+02
5.140000000000000000e+02 4.325000000000000000e+02
1.300238095240000007e+02 4.344523809519999986e+02
3.510882352940000146e+02 4.333823529410000219e+02
3.685000000000000000e+02 4.330000000000000000e+02
3.284444444439999984e+02 4.342777777779999724e+02
4.291000000000000227e+02 4.348999999999999773e+02
5.750333333329999732e+02 4.353666666670000041e+02
4.776176470589999781e+02 4.363823529410000219e+02
4.409090908999999670e+00 4.371363636359999987e+02
9.461764705900000649e+01 4.372058823529999927e+02
1.951666666669999870e+02 4.363888888889999862e+02
5.551153846150000390e+02 4.372692307689999893e+02
2.440000000000000000e+02 4.380000000000000000e+02
2.805000000000000000e+02 4.387857142859999726e+02
3.913000000000000114e+02 4.390000000000000000e+02
2.289999999999999858e+01 4.411000000000000227e+02
6.835714285699999948e+01 4.418809523809999860e+02
4.981363636359999987e+02 4.404090909089999855e+02
5.400294117649999635e+02 4.428529411760000016e+02
1.815000000000000000e+02 4.439285714289999873e+02
4.058999999999999773e+02 4.431000000000000227e+02
2.350000000000000000e+02 4.440000000000000000e+02
4.640000000000000000e+02 4.448999999999999773e+02
5.201666666669999586e+02 4.447666666669999813e+02
1.518125000000000000e+02 4.466250000000000000e+02
1.102500000000000000e+02 4.470625000000000000e+02
3.555000000000000000e+02 4.465000000000000000e+02
4.687500000000000000e+01 4.486250000000000000e+02
2.593666666670000041e+02 4.489666666670000268e+02
2.155000000000000000e+02 4.503571428569999853e+02
3.821923076919999858e+02 4.504230769229999964e+02
4.436333333329999959e+02 4.511666666670000154e+02
5.028999999999999773e+02 4.508999999999999773e+02
5.756666666669999586e+02 4.520000000000000000e+02
3.038684210530000200e+02 4.525000000000000000e+02
9.100000000000000000e+01 4.530000000000000000e+02
1.335909090909999861e+02 4.534090909089999855e+02
4.863999999999999773e+02 4.535500000000000114e+02
3.167857142859999726e+02 4.548571428569999853e+02
3.394523809519999986e+02 4.553095238099999733e+02
4.358636363640000013e+02 4.544090909089999855e+02
5.897727272729999868e+02 4.552272727270000132e+02
6.179999999999999716e+01 4.573999999999999773e+02
7.599999999999999645e+00 4.584499999999999886e+02
3.100000000000000000e+01 4.585000000000000000e+02
2.802142857140000274e+02 4.580000000000000000e+02
4.670000000000000000e+02 4.582777777779999724e+02
2.006111111110000138e+02 4.599444444439999984e+02
2.578571428569999853e+02 4.592857142859999726e+02
2.465909090909999861e+02 4.601363636359999987e+02
4.247777777779999724e+02 4.603888888889999862e+02
1.080000000000000000e+02 4.607857142859999726e+02
5.439285714290000442e+02 4.625000000000000000e+02
1.757142857139999990e+02 4.628571428569999853e+02
3.686818181819999722e+02 4.656818181819999722e+02
4.045909090910000145e+02 4.665909090910000145e+02
5.046666666670000154e+02 4.675000000000000000e+02
2.361153846150000106e+02 4.681153846149999822e+02
4.913999999999999773e+02 4.695500000000000114e+02
5.301666666669999586e+02 4.695000000000000000e+02
4.600000000000000000e+01 4.702142857140000274e+02
2.967777777779999724e+02 4.706111111110000138e+02
3.534090909089999855e+02 4.698636363640000013e+02
1.258333333329999988e+02 4.714166666670000154e+02
1.532142857139999990e+02 4.710000000000000000e+02
4.450882352940000146e+02 4.716176470589999781e+02
2.607857142859999726e+02 4.720000000000000000e+02
2.189444444439999984e+02 4.736111111110000138e+02
3.805909090910000145e+02 4.728636363640000013e+02
8.913636363599999868e+01 4.735909090910000145e+02
3.235000000000000000e+02 4.743333333329999846e+02
5.730000000000000000e+02 4.745000000000000000e+02
2.839666666670000268e+02 4.753666666670000041e+02
5.535000000000000000e+02 4.761666666670000154e+02
2.178571428600000104e+01 4.770000000000000000e+02
1.920000000000000000e+02 4.770000000000000000e+02
1.352894736840000007e+02 4.801315789469999800e+02
4.519166666670000154e+02 4.802500000000000000e+02
1.273809523799999965e+01 4.828809523809999860e+02
1.750294117649999919e+02 4.828529411760000016e+02
5.478333333330000414e+02 4.825000000000000000e+02
1.559666666669999984e+02 4.836333333329999959e+02
6.250000000000000000e+01 4.840000000000000000e+02
2.322500000000000000e+02 4.841666666670000154e+02
4.178999999999999773e+02 4.841000000000000227e+02
1.105555555560000016e+02 4.862777777779999724e+02
5.845000000000000000e+02 4.868529411760000016e+02
4.776111111110000138e+02 4.872222222220000276e+02
5.272142857139999705e+02 4.870000000000000000e+02
3.457777777779999724e+02 4.883888888889999862e+02
2.071363636359999987e+02 4.885909090910000145e+02
5.031000000000000227e+02 4.891000000000000227e+02
2.559666666669999984e+02 4.906333333329999959e+02
2.845000000000000000e+02 4.908529411760000016e+02
3.811153846149999822e+02 4.901153846149999822e+02
4.065000000000000000e+02 4.905000000000000000e+02
3.450000000000000000e+01 4.911470588239999984e+02
5.687500000000000000e+02 4.917500000000000000e+02
5.337500000000000000e+01 4.931250000000000000e+02
8.288461538500000358e+01 4.931153846149999822e+02
3.686250000000000000e+02 4.923750000000000000e+02
1.521999999999999886e+02 4.943999999999999773e+02
4.815000000000000000e+02 4.941250000000000000e+02
2.974285714289999873e+02 4.964285714289999873e+02
1.709545454549999874e+02 4.971363636359999987e+02
4.610384615379999786e+02 4.983461538459999929e+02
1.886470588239999984e+02 5.015294117650000203e+02
3.210882352940000146e+02 4.996176470589999781e+02
1.283666666670000041e+02 4.999666666670000268e+02
2.250000000000000000e+02 5.021666666670000154e+02
6.750000000000000000e+01 5.025000000000000000e+02
3.836000000000000227e+02 5.034499999999999886e+02
4.394333333330000073e+02 5.033000000000000114e+02
4.833333332999999676e+00 5.041666666670000154e+02
2.500000000000000000e+01 5.040000000000000000e+02
1.415000000000000000e+02 5.038750000000000000e+02
2.634375000000000000e+02 5.045000000000000000e+02
5.389285714290000442e+02 5.042142857140000274e+02
3.456428571430000147e+02 5.050000000000000000e+02
8.500000000000000000e+01 5.065000000000000000e+02
3.166818181819999722e+02 5.063181818180000278e+02
4.185000000000000000e+02 5.068529411760000016e+02
5.080000000000000000e+02 5.060000000000000000e+02
5.680000000000000000e+02 5.057857142859999726e+02
3.686111111110000138e+02 5.083888888889999862e+02
4.036176470589999781e+02 5.079117647059999854e+02
2.371363636359999987e+02 5.101363636359999987e+02
1.140789473680000015e+02 5.115526315789999785e+02
2.760333333329999732e+02 5.116333333329999959e+02
5.230000000000000000e+02 5.110000000000000000e+02
5.799117647059999854e+02 5.126176470589999781e+02
5.041666666700000121e+01 5.156666666669999586e+02
4.802333333330000187e+02 5.157000000000000455e+02
3.361666666670000154e+02 5.153888888889999862e+02
4.987777777779999724e+02 5.163888888889999862e+02
7.330952381000000173e+01 5.184523809519999986e+02
1.801363636359999987e+02 5.174090909090000423e+02
3.001153846149999822e+02 5.178846153849999610e+02
4.382857142859999726e+02 5.182857142860000295e+02
5.122333333330000187e+02 5.185666666670000495e+02
5.380000000000000000e+02 5.177857142860000295e+02
2.125000000000000000e+02 5.191470588240000552e+02
2.320833333330000130e+02 5.192500000000000000e+02
3.311538461500000352e+01 5.202692307690000462e+02
4.500000000000000000e+02 5.207000000000000455e+02
1.605416666669999870e+02 5.229583333330000414e+02
4.136176470589999781e+02 5.220882352940000146e+02
5.568999999999999773e+02 5.218999999999999773e+02
1.279000000000000057e+02 5.241000000000000227e+02
3.571470588239999984e+02 5.240294117649999635e+02
2.825000000000000000e+02 5.260000000000000000e+02
2.020882352939999862e+02 5.276176470589999781e+02
3.908636363640000013e+02 5.269545454550000159e+02
2.513000000000000114e+02 5.289500000000000455e+02
2.601666666670000154e+02 5.292500000000000000e+02
9.945238095199999862e+01 5.312619047619999719e+02
2.180000000000000000e+02 5.320000000000000000e+02
1.865789473699999945e+01 5.336578947369999923e+02
5.675000000000000000e+01 5.331250000000000000e+02
3.156904761900000267e+02 5.344047619049999867e+02
5.335000000000000000e+02 5.355000000000000000e+02
5.785000000000000000e+02 5.355000000000000000e+02
4.692894736839999723e+02 5.365000000000000000e+02
3.150000000000000000e+01 5.375000000000000000e+02
4.265000000000000000e+02 5.370000000000000000e+02
4.883750000000000000e+02 5.378125000000000000e+02
1.117999999999999972e+02 5.393500000000000227e+02
5.146818181820000291e+02 5.393181818179999709e+02
1.738000000000000114e+02 5.397999999999999545e+02
2.927500000000000000e+02 5.401666666669999586e+02
3.716000000000000227e+02 5.405499999999999545e+02
5.590000000000000000e+02 5.400000000000000000e+02
8.014705882399999837e+01 5.410294117649999635e+02
4.450000000000000000e+02 5.415000000000000000e+02
1.460000000000000000e+02 5.422142857139999705e+02
3.304499999999999886e+02 5.443999999999999773e+02
5.000000000000000000e-01 5.440000000000000000e+02
2.378333333330000130e+02 5.451111111110000138e+02
3.503666666670000041e+02 5.449666666670000268e+02
4.101153846149999822e+02 5.451153846150000390e+02
4.971250000000000000e+02 5.467500000000000000e+02
3.891250000000000000e+02 5.473750000000000000e+02
1.859117647060000138e+02 5.486176470589999781e+02
5.986363636400000132e+01 5.490454545449999841e+02
5.689347826089999671e+02 5.503260869570000295e+02
1.353421052630000077e+02 5.516578947369999923e+02
2.638076923080000142e+02 5.505000000000000000e+02
1.675000000000000000e+02 5.536176470589999781e+02
3.120000000000000000e+02 5.530000000000000000e+02
4.272333333330000187e+02 5.538333333330000414e+02
5.901250000000000000e+02 5.535000000000000000e+02
2.516578947369999923e+02 5.543421052630000077e+02
2.803421052630000077e+02 5.543421052630000077e+02
2.040999999999999943e+02 5.548999999999999773e+02
2.301363636359999987e+02 5.545909090909999577e+02
4.558846153850000178e+02 5.548846153849999610e+02
4.692894736839999723e+02 5.555526315790000353e+02
3.650000000000000000e+01 5.568529411759999448e+02
1.020625000000000000e+02 5.572500000000000000e+02
1.685714285699999948e+01 5.582857142860000295e+02
5.325000000000000000e+02 5.580000000000000000e+02
5.505454545449999841e+02 5.600000000000000000e+02
1.464090909090000139e+02 5.604090909090000423e+02
3.371470588239999984e+02 5.609705882350000365e+02
8.400000000000000000e+01 5.623571428569999853e+02
3.765666666669999927e+02 5.621000000000000227e+02
1.775000000000000000e+02 5.639444444440000552e+02
3.615000000000000000e+02 5.641250000000000000e+02
5.077857142859999726e+02 5.640714285709999558e+02
5.550000000000000000e+01 5.645000000000000000e+02
2.155000000000000000e+02 5.645000000000000000e+02
4.060000000000000000e+02 5.645000000000000000e+02
4.440000000000000000e+02 5.645000000000000000e+02
4.865000000000000000e+02 5.645000000000000000e+02
