2.344117647099999857e+01 1.735294118000000108e+00
1.310000000000000000e+02 5.000000000000000000e-01
1.775000000000000000e+02 6.666666669999999906e-01
2.200000000000000000e+02 1.300000000000000044e+00
3.301875000000000000e+02 2.375000000000000000e+00
4.845000000000000000e+02 8.750000000000000000e-01
5.065000000000000000e+02 8.750000000000000000e-01
5.206333333329999959e+02 2.033333332999999854e+00
5.777000000000000455e+02 1.100000000000000089e+00
4.632500000000000000e+02 2.833333333000000120e+00
1.560999999999999943e+02 3.899999999999999911e+00
3.442500000000000000e+02 3.875000000000000000e+00
3.653695652170000017e+02 5.282608695999999604e+00
2.790000000000000000e+02 5.500000000000000000e+00
1.035000000000000000e+02 6.500000000000000000e+00
5.542142857139999705e+02 6.000000000000000000e+00
1.332647058819999870e+02 7.794117647000000204e+00
3.923750000000000000e+02 7.375000000000000000e+00
4.195000000000000000e+02 8.394736842000000365e+00
4.368529411760000016e+02 7.970588235000000132e+00
8.690000000000000568e+01 8.900000000000000355e+00
7.188461538500000358e+01 9.884615385000000032e+00
1.907222222219999992e+02 1.044444444400000016e+01
2.591470588239999984e+02 1.250000000000000000e+01
5.110000000000000000e+02 1.250000000000000000e+01
5.610555555559999448e+02 1.261111111099999960e+01
1.715000000000000000e+02 1.330000000000000071e+01
2.392142857139999990e+02 1.300000000000000000e+01
5.355000000000000000e+02 1.385294117599999986e+01
4.674444444439999984e+02 1.472222222199999919e+01
3.045000000000000000e+02 1.550000000000000000e+01
4.521363636359999987e+02 1.459090909100000033e+01
1.547352941180000130e+02 1.773529411799999878e+01
2.122368421049999938e+02 1.713157894700000128e+01
4.855000000000000000e+02 1.850000000000000000e+01
3.474090909089999855e+02 1.959090909100000033e+01
3.701470588239999984e+02 1.891176470599999959e+01
5.734473684209999647e+02 1.955263157899999982e+01
5.351428571430000147e+02 2.378571428600000104e+01
5.350000000000000000e+01 2.550000000000000000e+01
7.079166666700000121e+01 2.550000000000000000e+01
1.234000000000000057e+02 2.544999999999999929e+01
2.898636363640000013e+02 2.504545454499999835e+01
4.066538461540000071e+02 2.496153846200000004e+01
1.744999999999999929e+01 2.660000000000000142e+01
2.700000000000000000e+02 2.569999999999999929e+01
1.816111111110000138e+02 2.766666666700000121e+01
3.217500000000000000e+02 2.712500000000000000e+01
2.505000000000000000e+02 2.800000000000000000e+01
4.974090909089999855e+02 2.859090909100000033e+01
2.137500000000000000e+02 2.916666666700000121e+01
3.021153846149999822e+02 2.911538461499999997e+01
3.870000000000000000e+02 2.900000000000000000e+01
1.308823529400000041e+01 3.161764705899999939e+01
4.200000000000000000e+01 3.089999999999999858e+01
1.928846153849999894e+02 3.088461538500000003e+01
1.049615384619999929e+02 3.165384615400000001e+01
1.371153846150000106e+02 3.311538461500000352e+01
2.328846153849999894e+02 3.288461538499999648e+01
3.300000000000000000e+02 3.350000000000000000e+01
3.788846153850000178e+02 3.311538461500000352e+01
8.345833333299999879e+01 3.616666666700000121e+01
3.608846153850000178e+02 3.488461538499999648e+01
4.526578947369999923e+02 3.565789473699999945e+01
4.788684210530000200e+02 3.571052631599999927e+01
5.159117647059999854e+02 3.561764705899999939e+01
1.195000000000000000e+02 3.600000000000000000e+01
4.232894736839999723e+02 3.650000000000000000e+01
5.525000000000000000e+02 3.700000000000000000e+01
2.666176470589999781e+02 3.808823529400000041e+01
5.703750000000000000e+02 3.812500000000000000e+01
6.156666666699999979e+01 3.989999999999999858e+01
4.054375000000000000e+02 4.218750000000000000e+01
1.570000000000000000e+02 4.500000000000000000e+01
2.945000000000000000e+02 4.500000000000000000e+01
3.610000000000000000e+02 4.521428571399999896e+01
3.300000000000000000e+02 4.529999999999999716e+01
3.750000000000000000e+01 4.750000000000000000e+01
2.315000000000000000e+02 4.750000000000000000e+01
1.500000000000000000e+00 4.850000000000000000e+01
2.216666666700000121e+01 4.775000000000000000e+01
1.432777777780000008e+02 4.800000000000000000e+01
3.930000000000000000e+02 4.950000000000000000e+01
5.354285714290000442e+02 4.885714285699999948e+01
3.451000000000000227e+02 4.989999999999999858e+01
5.113461538459999929e+02 4.996153846200000004e+01
4.120789473680000015e+02 5.139473684200000037e+01
5.734210526300000055e+01 5.265789473699999945e+01
1.980294117649999919e+02 5.214705882399999837e+01
1.872222222219999992e+02 5.438888888900000040e+01
2.533888888889999862e+02 5.422222222199999919e+01
3.098846153850000178e+02 5.388461538499999648e+01
4.371153846149999822e+02 5.388461538499999648e+01
5.497999999999999545e+02 5.464999999999999858e+01
1.002500000000000000e+02 5.516666666700000121e+01
1.220000000000000000e+02 5.500000000000000000e+01
4.606111111110000138e+02 5.577777777800000081e+01
4.901666666670000154e+02 5.476666666700000263e+01
5.657941176470000073e+02 5.526470588200000122e+01
8.088461538500000358e+01 5.788461538499999648e+01
2.881000000000000227e+02 5.810000000000000142e+01
3.358846153850000178e+02 5.811538461500000352e+01
4.773750000000000000e+02 5.737500000000000000e+01
5.211470588240000552e+02 6.050000000000000000e+01
3.752058823529999927e+02 6.226470588200000122e+01
5.843181818179999709e+02 6.168181818200000066e+01
2.103666666670000041e+02 6.303333333300000163e+01
1.481153846150000106e+02 6.411538461499999642e+01
1.680000000000000000e+02 6.378571428600000104e+01
2.431666666669999870e+02 6.450000000000000000e+01
3.435000000000000000e+02 6.685294117600000163e+01
4.009705882349999797e+02 6.685294117600000163e+01
1.900000000000000000e+01 6.650000000000000000e+01
4.337857142859999726e+02 6.800000000000000000e+01
6.942857142900000156e+01 6.914285714300000052e+01
2.690384615379999786e+02 6.934615384600000709e+01
3.099615384620000214e+02 6.865384615399999291e+01
4.425000000000000000e+01 7.012500000000000000e+01
1.785500000000000114e+02 7.040000000000000568e+01
4.990000000000000000e+02 7.000000000000000000e+01
1.999705882350000081e+02 7.214705882399999837e+01
4.475000000000000000e+02 7.121428571399999896e+01
5.131666666669999586e+02 7.241666666700000121e+01
5.871250000000000000e+02 7.250000000000000000e+01
1.255000000000000000e+02 7.400000000000000000e+01
2.917500000000000000e+02 7.383333333299999879e+01
8.906250000000000000e+01 7.525000000000000000e+01
2.813421052630000077e+02 7.565789473700000656e+01
1.067000000000000028e+02 7.600000000000000000e+01
4.628571428569999853e+02 7.685714285699999948e+01
2.380000000000000000e+02 7.800000000000000000e+01
4.074444444439999984e+02 7.972222222199999919e+01
5.361000000000000227e+02 8.056666666700000690e+01
4.000000000000000000e+00 8.100000000000000000e+01
3.810000000000000000e+02 8.127777777800000081e+01
5.667000000000000455e+02 8.170000000000000284e+01
5.296666666699999837e+01 8.263333333299999595e+01
2.597380952380000281e+02 8.311904761899999983e+01
3.681086956519999944e+02 8.297826086999999973e+01
4.780000000000000000e+02 8.200000000000000000e+01
5.448999999999999773e+02 8.309999999999999432e+01
2.225714285710000127e+02 8.385714285699999948e+01
3.106333333329999959e+02 8.396666666699999837e+01
2.438235294100000061e+01 8.491176470599999959e+01
3.275000000000000000e+02 8.500000000000000000e+01
1.565000000000000000e+02 8.600000000000000000e+01
4.333000000000000114e+02 8.700000000000000000e+01
4.433181818180000278e+02 8.559090909100000033e+01
2.120294117649999919e+02 8.785294117600000163e+01
5.856111111110000138e+02 8.777777777800000081e+01
1.756818181820000007e+02 9.031818181799999934e+01
7.129999999999999716e+01 9.150000000000000000e+01
1.048750000000000000e+02 9.425000000000000000e+01
5.014230769229999964e+02 9.380769230800000003e+01
2.743461538459999929e+02 9.626923076900000353e+01
4.708846153850000178e+02 9.611538461499999642e+01
5.740000000000000000e+02 9.672222222199999919e+01
1.300000000000000000e+02 9.678571428600000104e+01
1.411666666669999870e+02 9.725000000000000000e+01
2.905500000000000114e+02 9.759999999999999432e+01
1.858529411760000016e+02 9.850000000000000000e+01
3.377777777800000081e+01 9.961111111099999960e+01
5.721428571399999896e+01 9.900000000000000000e+01
4.038333333329999846e+02 9.923333333300000447e+01
4.517500000000000000e+02 9.943750000000000000e+01
4.888500000000000227e+02 9.909999999999999432e+01
5.227000000000000455e+02 9.850000000000000000e+01
2.510384615380000071e+02 1.006538461539999929e+02
3.206250000000000000e+02 1.018125000000000000e+02
3.910000000000000000e+02 1.005000000000000000e+02
5.470789473679999446e+02 1.023947368420000004e+02
9.099999999999999645e+00 1.030999999999999943e+02
8.756250000000000000e+01 1.036250000000000000e+02
2.255000000000000000e+02 1.035000000000000000e+02
5.104473684210000215e+02 1.033421052629999934e+02
2.048571428570000137e+02 1.042142857139999990e+02
1.668076923079999858e+02 1.050384615380000071e+02
3.476000000000000227e+02 1.065499999999999972e+02
1.008333333329999988e+02 1.072500000000000000e+02
3.734333333330000073e+02 1.076333333329999959e+02
4.191000000000000227e+02 1.069000000000000057e+02
4.678333333329999846e+02 1.095000000000000000e+02
5.840000000000000000e+02 1.092142857139999990e+02
6.489130434800000558e+01 1.109782608699999997e+02
2.240000000000000000e+02 1.132142857139999990e+02
2.647380952380000281e+02 1.141190476189999998e+02
3.018999999999999773e+02 1.129000000000000057e+02
2.208823529400000041e+01 1.146176470590000065e+02
5.600000000000000000e+02 1.140000000000000000e+02
1.206538461539999929e+02 1.152692307690000035e+02
3.401153846149999822e+02 1.151153846149999964e+02
4.453750000000000000e+02 1.160000000000000000e+02
5.274285714290000442e+02 1.163571428569999995e+02
2.443888888889999862e+02 1.168333333329999988e+02
2.875000000000000000e+02 1.180000000000000000e+02
1.857857142860000010e+02 1.210000000000000000e+02
4.046250000000000000e+02 1.218125000000000000e+02
5.681363636360000555e+02 1.205909090910000003e+02
1.214285714300000052e+01 1.229285714290000016e+02
1.041363636359999987e+02 1.225909090910000003e+02
8.583333333299999879e+01 1.226111111109999996e+02
1.420000000000000000e+02 1.232142857139999990e+02
1.679705882350000081e+02 1.238529411760000016e+02
3.108333333329999846e+02 1.232333333330000045e+02
5.211538461500000352e+01 1.238846153850000036e+02
4.260000000000000000e+02 1.255000000000000000e+02
5.004090909089999855e+02 1.255909090910000003e+02
3.549117647059999854e+02 1.273823529409999935e+02
5.551000000000000227e+02 1.270999999999999943e+02
6.986363636400000132e+01 1.285909090909999861e+02
2.366333333329999959e+02 1.299666666669999984e+02
2.516176470590000065e+02 1.309117647060000138e+02
3.770000000000000000e+02 1.312142857139999990e+02
5.233421052630000077e+02 1.323421052630000077e+02
1.375000000000000000e+01 1.331666666669999870e+02
1.261153846149999964e+02 1.332692307689999893e+02
3.932692307689999893e+02 1.331153846150000106e+02
4.598636363640000013e+02 1.324090909090000139e+02
1.449000000000000057e+02 1.340999999999999943e+02
2.094000000000000057e+02 1.345500000000000114e+02
2.761999999999999886e+02 1.338000000000000114e+02
4.448333333329999846e+02 1.340333333330000016e+02
4.811000000000000227e+02 1.349000000000000057e+02
5.037666666669999813e+02 1.355000000000000000e+02
5.372142857139999705e+02 1.346428571429999863e+02
3.366578947369999923e+02 1.363421052630000077e+02
3.057142857099999844e+01 1.371428571429999863e+02
1.796333333329999959e+02 1.369666666669999984e+02
1.915000000000000000e+02 1.385000000000000000e+02
2.917857142859999726e+02 1.380000000000000000e+02
3.097857142859999726e+02 1.380000000000000000e+02
3.566578947369999923e+02 1.396578947369999923e+02
1.608199999999999932e+02 1.468280000000000030e+02
5.836818181820000291e+02 1.413181818179999993e+02
5.000000000000000000e-01 1.430000000000000000e+02
4.520333333329999732e+02 1.436333333329999959e+02
1.185000000000000000e+02 1.440000000000000000e+02
4.102777777779999724e+02 1.444444444439999984e+02
5.584230769230000533e+02 1.453461538459999929e+02
8.034210526299999344e+01 1.465526315790000069e+02
5.230454545449999841e+02 1.458636363640000013e+02
2.642777777779999724e+02 1.471111111110000138e+02
3.851250000000000000e+02 1.487500000000000000e+02
2.142500000000000000e+02 1.488333333330000130e+02
2.467500000000000000e+02 1.490625000000000000e+02
4.253181818180000278e+02 1.486818181820000007e+02
4.739473684200000037e+01 1.509210526319999985e+02
2.861000000000000227e+02 1.509000000000000057e+02
6.528947368400000073e+01 1.541315789470000084e+02
4.740000000000000000e+02 1.540000000000000000e+02
1.029210526319999985e+02 1.556052631580000138e+02
2.276428571429999863e+02 1.553095238100000017e+02
3.316000000000000227e+02 1.555500000000000114e+02
5.381153846150000390e+02 1.548846153849999894e+02
5.645000000000000000e+02 1.566739130429999989e+02
1.405000000000000000e+02 1.570000000000000000e+02
4.045000000000000000e+02 1.603000000000000114e+02
4.954047619049999867e+02 1.610714285710000127e+02
3.700000000000000000e+01 1.615000000000000000e+02
3.023181818180000278e+02 1.622272727270000132e+02
3.545000000000000000e+02 1.606999999999999886e+02
3.748571428569999853e+02 1.607857142860000010e+02
2.360000000000000142e+01 1.625500000000000114e+02
1.801666666669999870e+02 1.623750000000000000e+02
4.410000000000000000e+02 1.617857142860000010e+02
5.138999999999999773e+02 1.619000000000000057e+02
7.147058824000000143e+00 1.635000000000000000e+02
2.682142857140000274e+02 1.625000000000000000e+02
2.083000000000000114e+02 1.635000000000000000e+02
2.875000000000000000e+02 1.635000000000000000e+02
6.186842105299999872e+01 1.649736842110000055e+02
1.209000000000000057e+02 1.659000000000000057e+02
1.488000000000000114e+02 1.658000000000000114e+02
4.202777777779999724e+02 1.685555555560000016e+02
2.390000000000000000e+02 1.690000000000000000e+02
8.225000000000000000e+01 1.701250000000000000e+02
9.965789473700000656e+01 1.703421052630000077e+02
3.252857142859999726e+02 1.698571428570000137e+02
3.663750000000000000e+02 1.708750000000000000e+02
4.555000000000000000e+02 1.701250000000000000e+02
5.502500000000000000e+02 1.701666666669999870e+02
4.993888888889999862e+02 1.710555555560000016e+02
5.337500000000000000e+02 1.712500000000000000e+02
3.891999999999999886e+02 1.735999999999999943e+02
1.453571428570000137e+02 1.746904761899999983e+02
4.402894736839999723e+02 1.748684210529999916e+02
2.805000000000000000e+02 1.750000000000000000e+02
4.762500000000000000e+02 1.753499999999999943e+02
2.571428571000000218e+00 1.758571428570000137e+02
2.055000000000000000e+02 1.765000000000000000e+02
5.795000000000000000e+02 1.771666666669999870e+02
2.246176470590000065e+02 1.790882352939999862e+02
1.144333333329999931e+02 1.804333333330000073e+02
2.100000000000000000e+01 1.810000000000000000e+02
1.680000000000000000e+02 1.815000000000000000e+02
3.007222222220000276e+02 1.814444444439999984e+02
3.373181818180000278e+02 1.813181818179999993e+02
4.038333333329999846e+02 1.824166666669999870e+02
2.491250000000000000e+02 1.842500000000000000e+02
3.545000000000000000e+02 1.850000000000000000e+02
4.635000000000000000e+02 1.845000000000000000e+02
5.292105263199999854e+01 1.866052631580000138e+02
4.867380952380000281e+02 1.868809523809999860e+02
5.124500000000000455e+02 1.865999999999999943e+02
3.123000000000000114e+02 1.867666666670000097e+02
1.880000000000000000e+02 1.880000000000000000e+02
7.300000000000000000e+01 1.895000000000000000e+02
5.727105263160000277e+02 1.895000000000000000e+02
8.500000000000000000e+00 1.895000000000000000e+02
1.899999999999999911e+00 1.910999999999999943e+02
2.088684210529999916e+02 1.919736842110000055e+02
2.698846153850000178e+02 1.908846153849999894e+02
4.195000000000000000e+02 1.920000000000000000e+02
1.212142857139999990e+02 1.930000000000000000e+02
3.465000000000000000e+02 1.937105263159999993e+02
3.780882352940000146e+02 1.936176470590000065e+02
3.336363636400000132e+01 1.945000000000000000e+02
1.449000000000000057e+02 1.950999999999999943e+02
4.408846153850000178e+02 1.951153846150000106e+02
5.467105263160000277e+02 1.955000000000000000e+02
1.700000000000000000e+02 1.957857142860000010e+02
5.840000000000000000e+02 1.962142857139999990e+02
2.195000000000000000e+02 1.973000000000000114e+02
1.043235294119999992e+02 1.994411764710000057e+02
2.840000000000000000e+02 1.987857142860000010e+02
5.298529411759999448e+02 2.005000000000000000e+02
3.948000000000000114e+02 2.006999999999999886e+02
4.597500000000000000e+02 2.012500000000000000e+02
4.930714285710000127e+02 2.015714285710000127e+02
3.357380952380000281e+02 2.025476190480000014e+02
8.000000000000000000e+01 2.035000000000000000e+02
5.900000000000000000e+01 2.047222222219999992e+02
1.855555555560000016e+02 2.042777777780000008e+02
4.026904761900000267e+02 2.056428571429999863e+02
2.370000000000000000e+02 2.057857142860000010e+02
1.311470588239999984e+02 2.075000000000000000e+02
4.807222222220000276e+02 2.085555555560000016e+02
5.753461538459999929e+02 2.079615384619999929e+02
2.756578947369999923e+02 2.091842105259999869e+02
2.979444444439999984e+02 2.093888888889999862e+02
3.635000000000000000e+02 2.098529411760000016e+02
3.795000000000000000e+02 2.085000000000000000e+02
5.124285714290000442e+02 2.090714285710000127e+02
1.930000000000000071e+01 2.110000000000000000e+02
4.550000000000000000e+01 2.110000000000000000e+02
2.540909090899999967e+01 2.118636363640000013e+02
2.557105263159999993e+02 2.122368421049999938e+02
4.358846153850000178e+02 2.117307692310000107e+02
4.995909090910000145e+02 2.121363636359999987e+02
1.535666666669999927e+02 2.136333333329999959e+02
3.140000000000000000e+02 2.140000000000000000e+02
4.535833333329999846e+02 2.138333333330000130e+02
5.491250000000000000e+02 2.157500000000000000e+02
1.129000000000000057e+02 2.159000000000000057e+02
2.115000000000000000e+02 2.160000000000000000e+02
3.477222222220000276e+02 2.160000000000000000e+02
5.273823529410000219e+02 2.159117647060000138e+02
5.868333333330000414e+02 2.160555555560000016e+02
2.822857142859999726e+02 2.223690476190000140e+02
6.913636363599999868e+01 2.179545454549999874e+02
1.409090908999999892e+00 2.188636363640000013e+02
2.243181818179999993e+02 2.186818181820000007e+02
5.611538461500000352e+01 2.211153846150000106e+02
2.448333333330000130e+02 2.215000000000000000e+02
1.753333333330000130e+02 2.223333333330000130e+02
9.477777777800000081e+01 2.232222222219999992e+02
3.977500000000000000e+02 2.241666666669999870e+02
5.170000000000000000e+02 2.242142857139999990e+02
5.663095238099999733e+02 2.246428571429999863e+02
4.643888888889999862e+02 2.252222222219999992e+02
3.210000000000000000e+02 2.268000000000000114e+02
4.381153846149999822e+02 2.268846153849999894e+02
4.161470588239999984e+02 2.285000000000000000e+02
4.819705882349999797e+02 2.288529411760000016e+02
3.203333333300000163e+01 2.316333333329999959e+02
1.428684210529999916e+02 2.314473684209999931e+02
2.642894736839999723e+02 2.325000000000000000e+02
1.221470588239999984e+02 2.335000000000000000e+02
1.964499999999999886e+02 2.334000000000000057e+02
3.846000000000000227e+02 2.334499999999999886e+02
3.034166666670000154e+02 2.342500000000000000e+02
8.218421052600000110e+01 2.353421052630000077e+02
9.590000000000000568e+01 2.355666666669999927e+02
3.581153846149999822e+02 2.351153846150000106e+02
5.470294117649999635e+02 2.356176470590000065e+02
1.601428571429999863e+02 2.374285714289999873e+02
2.828333333329999846e+02 2.375000000000000000e+02
2.710526316000000158e+00 2.388684210529999916e+02
6.229999999999999716e+01 2.377666666670000097e+02
2.255526315790000069e+02 2.383421052630000077e+02
3.395909090910000145e+02 2.381363636359999987e+02
3.756999999999999886e+02 2.375000000000000000e+02
5.260882352940000146e+02 2.396176470590000065e+02
1.820000000000000000e+02 2.397857142860000010e+02
4.285000000000000000e+02 2.400000000000000000e+02
5.826176470589999781e+02 2.399117647060000138e+02
1.805555555600000162e+01 2.416111111110000138e+02
3.992142857140000274e+02 2.422619047620000003e+02
4.480000000000000000e+02 2.412777777780000008e+02
2.120384615380000071e+02 2.416538461540000071e+02
5.062142857140000274e+02 2.430000000000000000e+02
2.671470588239999984e+02 2.450294117649999919e+02
4.660333333329999732e+02 2.466333333329999959e+02
1.525000000000000000e+02 2.473000000000000114e+02
1.912826086960000112e+02 2.476304347829999983e+02
2.375000000000000000e+02 2.485000000000000000e+02
5.642142857139999705e+02 2.490000000000000000e+02
8.845000000000000284e+01 2.505999999999999943e+02
1.263888888890000004e+02 2.517777777780000008e+02
1.101153846149999964e+02 2.518846153849999894e+02
2.842142857140000274e+02 2.520000000000000000e+02
3.240000000000000000e+02 2.520000000000000000e+02
3.610000000000000000e+02 2.520000000000000000e+02
4.808846153850000178e+02 2.518846153849999894e+02
4.391176470599999959e+01 2.536176470590000065e+02
5.036578947369999923e+02 2.546578947369999923e+02
1.620000000000000000e+02 2.555000000000000000e+02
2.976176470589999781e+02 2.570882352940000146e+02
5.436363636360000555e+02 2.585000000000000000e+02
3.832647058819999870e+02 2.597352941180000130e+02
7.750000000000000000e+00 2.598750000000000000e+02
4.315000000000000000e+02 2.605000000000000000e+02
5.191153846150000390e+02 2.598846153850000178e+02
3.145526315789999785e+02 2.617631578950000062e+02
5.806904761900000267e+02 2.614523809519999986e+02
3.530000000000000000e+02 2.625000000000000000e+02
5.713157894700000128e+01 2.632894736839999723e+02
5.608846153849999610e+02 2.628846153850000178e+02
9.883333333299999879e+01 2.645000000000000000e+02
1.124090909089999997e+02 2.638636363640000013e+02
2.183499999999999943e+02 2.642500000000000000e+02
2.562500000000000000e+02 2.647500000000000000e+02
4.060000000000000000e+02 2.640000000000000000e+02
4.598571428569999853e+02 2.647857142859999726e+02
4.795000000000000000e+02 2.650000000000000000e+02
1.410333333330000016e+02 2.663666666670000041e+02
4.441153846149999822e+02 2.661153846149999822e+02
3.941000000000000227e+02 2.673999999999999773e+02
4.888529411760000016e+02 2.675000000000000000e+02
3.310000000000000000e+02 2.677857142859999726e+02
1.858000000000000114e+02 2.706499999999999773e+02
3.634210526300000055e+01 2.723421052630000077e+02
2.413000000000000114e+02 2.715000000000000000e+02
2.685000000000000000e+02 2.721470588239999984e+02
2.095909090909999861e+02 2.734090909089999855e+02
3.005000000000000000e+02 2.730000000000000000e+02
3.748636363640000013e+02 2.729545454550000159e+02
5.068999999999999773e+02 2.728999999999999773e+02
5.364230769230000533e+02 2.731923076919999858e+02
8.390000000000000568e+01 2.744333333330000073e+02
6.816666666700000121e+01 2.745833333329999846e+02
1.740000000000000000e+02 2.767857142859999726e+02
1.300999999999999943e+02 2.788999999999999773e+02
2.270000000000000000e+02 2.787857142859999726e+02
1.535909090909999861e+02 2.808636363640000013e+02
3.523666666670000041e+02 2.808333333329999846e+02
5.460000000000000000e+02 2.810000000000000000e+02
4.200000000000000000e+01 2.827857142859999726e+02
5.702894736839999723e+02 2.840263157890000230e+02
3.626999999999999886e+02 2.835000000000000000e+02
7.595238095000000023e+00 2.863095238099999733e+02
1.042142857139999990e+02 2.851428571430000147e+02
3.828999999999999773e+02 2.851000000000000227e+02
9.050000000000000000e+01 2.860000000000000000e+02
2.060000000000000000e+02 2.860000000000000000e+02
2.736250000000000000e+02 2.856250000000000000e+02
4.024375000000000000e+02 2.865000000000000000e+02
4.397857142859999726e+02 2.870000000000000000e+02
2.889545454550000159e+02 2.878636363640000013e+02
3.142142857140000274e+02 2.890000000000000000e+02
4.666904761900000267e+02 2.895952380950000133e+02
6.125000000000000000e+01 2.908333333329999846e+02
2.517272727270000132e+02 2.914090909089999855e+02
4.883421052630000077e+02 2.923421052630000077e+02
2.934210526300000055e+01 2.930263157890000230e+02
5.605000000000000000e+02 2.930000000000000000e+02
1.346153845999999987e+00 2.945000000000000000e+02
4.167777777779999724e+02 2.941666666670000154e+02
5.200000000000000000e+02 2.945000000000000000e+02
5.832857142860000295e+02 2.941428571430000147e+02
1.552500000000000000e+02 2.950625000000000000e+02
1.820000000000000000e+02 2.950000000000000000e+02
3.573666666670000041e+02 2.950333333329999732e+02
4.025000000000000000e+02 2.952894736839999723e+02
1.280555555560000016e+02 2.966111111110000138e+02
3.257500000000000000e+02 2.969375000000000000e+02
4.556000000000000227e+02 2.975500000000000114e+02
1.681470588239999984e+02 2.990294117650000203e+02
2.225555555560000016e+02 2.993888888889999862e+02
2.342500000000000000e+02 2.988750000000000000e+02
3.015952380950000133e+02 3.003095238099999733e+02
2.585588235289999943e+02 3.002647058819999870e+02
3.474230769229999964e+02 3.001923076919999858e+02
1.381111111110000138e+02 3.017222222220000276e+02
7.750000000000000000e+01 3.020000000000000000e+02
9.308823529400000041e+01 3.023823529410000219e+02
1.581250000000000000e+01 3.033750000000000000e+02
2.005000000000000000e+02 3.031470588239999984e+02
5.025000000000000000e+02 3.030000000000000000e+02
4.385714285699999948e+01 3.062857142859999726e+02
2.740000000000000000e+02 3.057857142859999726e+02
1.790000000000000000e+02 3.066999999999999886e+02
4.733421052630000077e+02 3.076578947369999923e+02
3.761000000000000227e+02 3.078999999999999773e+02
4.600000000000000000e+02 3.082142857140000274e+02
5.714090909090000423e+02 3.081363636359999987e+02
3.142777777779999724e+02 3.090000000000000000e+02
4.408333333329999846e+02 3.092333333330000187e+02
5.461315789469999800e+02 3.117631578950000062e+02
4.150384615379999786e+02 3.123461538459999929e+02
6.936666666700000405e+01 3.139666666670000268e+02
1.650000000000000000e+02 3.160000000000000000e+02
2.394166666669999870e+02 3.161666666670000154e+02
8.518421052600000110e+01 3.176578947369999923e+02
4.270714285710000127e+02 3.175000000000000000e+02
5.340499999999999545e+02 3.178999999999999773e+02
4.935000000000000000e+02 3.180000000000000000e+02
1.129545454550000017e+02 3.193636363640000013e+02
3.955000000000000000e+02 3.198809523809999860e+02
4.599999999999999645e+00 3.205500000000000114e+02
5.368181818200000066e+01 3.196818181819999722e+02
2.955909090910000145e+02 3.204090909089999855e+02
2.204090909090000139e+02 3.211363636359999987e+02
2.623000000000000114e+02 3.215666666669999927e+02
3.366818181819999722e+02 3.206818181819999722e+02
4.618846153850000178e+02 3.221153846149999822e+02
3.142142857140000274e+02 3.230000000000000000e+02
3.605454545449999841e+02 3.237727272729999868e+02
1.845000000000000000e+02 3.265000000000000000e+02
4.861153846149999822e+02 3.257307692310000107e+02
5.626428571430000147e+02 3.265714285710000127e+02
3.450000000000000000e+01 3.275000000000000000e+02
1.920000000000000000e+02 3.275000000000000000e+02
4.458999999999999773e+02 3.271000000000000227e+02
1.507105263159999993e+02 3.281315789469999800e+02
2.302142857139999990e+02 3.290000000000000000e+02
2.537777777780000008e+02 3.296111111110000138e+02
5.151666666669999586e+02 3.291111111110000138e+02
3.790882352940000146e+02 3.306176470589999781e+02
1.284473684209999931e+02 3.316578947369999923e+02
5.001153846149999822e+02 3.311153846149999822e+02
7.350000000000000000e+01 3.339285714289999873e+02
3.176818181819999722e+02 3.352272727270000132e+02
3.042142857140000274e+02 3.350000000000000000e+02
5.546818181820000291e+02 3.353181818180000278e+02
3.422500000000000000e+02 3.362500000000000000e+02
8.950000000000000000e+01 3.372894736839999723e+02
1.112333333330000045e+02 3.378333333329999846e+02
2.135000000000000000e+02 3.373333333329999846e+02
4.090000000000000000e+02 3.400000000000000000e+02
2.743333333329999846e+02 3.412222222220000276e+02
3.875666666669999927e+02 3.411000000000000227e+02
4.711538461500000352e+01 3.421153846149999822e+02
5.345000000000000000e+02 3.420000000000000000e+02
1.213157894699999950e+01 3.432894736839999723e+02
2.438235294100000061e+01 3.429117647059999854e+02
1.269761904759999993e+02 3.442142857140000274e+02
4.237500000000000000e+02 3.440625000000000000e+02
1.718888888889999862e+02 3.452777777779999724e+02
4.604285714289999873e+02 3.457142857140000274e+02
5.163666666670000041e+02 3.459666666670000268e+02
1.514444444439999984e+02 3.475000000000000000e+02
2.306111111110000138e+02 3.477777777779999724e+02
2.507941176470000073e+02 3.473823529410000219e+02
3.608333333329999846e+02 3.472500000000000000e+02
5.744500000000000455e+02 3.473999999999999773e+02
4.780000000000000000e+02 3.480000000000000000e+02
4.461315789469999800e+02 3.497105263160000277e+02
1.899375000000000000e+02 3.505000000000000000e+02
3.745000000000000000e+02 3.503000000000000114e+02
4.078999999999999773e+02 3.501000000000000227e+02
4.951666666670000154e+02 3.495833333329999846e+02
5.525909090909999577e+02 3.501363636359999987e+02
6.008333333299999879e+01 3.515833333329999846e+02
1.030000000000000000e+02 3.532777777779999724e+02
3.381428571430000147e+02 3.532857142859999726e+02
2.643750000000000000e+01 3.545000000000000000e+02
2.628181818180000278e+02 3.546363636359999987e+02
2.128636363640000013e+02 3.554090909089999855e+02
5.145000000000000000e+02 3.560000000000000000e+02
5.378846153849999610e+02 3.561153846149999822e+02
7.954999999999999716e+01 3.576000000000000227e+02
3.731666666670000154e+02 3.587083333329999846e+02
2.923999999999999773e+02 3.594499999999999886e+02
1.700000000000000000e+02 3.600000000000000000e+02
1.150000000000000000e+02 3.614166666670000154e+02
2.816818181819999722e+02 3.613181818180000278e+02
4.241666666700000121e+01 3.621666666670000154e+02
5.770000000000000000e+02 3.626999999999999886e+02
1.905000000000000000e+02 3.640000000000000000e+02
3.155000000000000000e+02 3.635000000000000000e+02
4.223750000000000000e+02 3.633750000000000000e+02
3.907352941180000130e+02 3.657352941180000130e+02
1.541304347800000052e+01 3.665434782610000184e+02
4.596333333329999959e+02 3.659666666670000268e+02
5.052500000000000000e+02 3.676499999999999773e+02
2.470000000000000000e+02 3.680000000000000000e+02
4.755000000000000000e+02 3.700000000000000000e+02
2.276428571429999863e+02 3.725714285710000127e+02
3.385588235289999943e+02 3.727352941180000130e+02
5.900000000000000000e+01 3.737857142859999726e+02
9.765384615399999291e+01 3.740384615379999786e+02
1.315000000000000000e+02 3.745000000000000000e+02
2.027500000000000000e+02 3.738750000000000000e+02
2.653421052630000077e+02 3.753421052630000077e+02
4.110000000000000000e+02 3.755000000000000000e+02
5.280000000000000000e+02 3.755000000000000000e+02
5.546499999999999773e+02 3.768000000000000114e+02
3.800000000000000000e+02 3.773125000000000000e+02
1.531428571429999863e+02 3.782142857140000274e+02
2.835000000000000000e+02 3.805000000000000000e+02
5.782222222220000276e+02 3.813888888889999862e+02
7.800000000000000000e+01 3.825000000000000000e+02
1.205000000000000000e+02 3.821470588239999984e+02
1.883333333330000130e+02 3.822222222220000276e+02
3.895000000000000000e+02 3.830000000000000000e+02
3.586333333329999959e+02 3.830333333329999732e+02
4.426000000000000227e+02 3.835500000000000114e+02
3.700000000000000000e+01 3.850000000000000000e+02
1.600000000000000000e+02 3.850000000000000000e+02
3.064166666670000154e+02 3.851666666670000154e+02
4.108181818180000278e+02 3.854545454550000159e+02
4.570000000000000000e+02 3.855000000000000000e+02
1.417857142860000010e+02 3.860000000000000000e+02
4.980454545449999841e+02 3.858636363640000013e+02
3.265500000000000114e+02 3.893999999999999773e+02
5.220714285709999558e+02 3.895000000000000000e+02
6.365789473699999945e+01 3.906578947369999923e+02
6.657894737000000340e+00 3.913421052630000077e+02
5.332142857139999705e+02 3.910000000000000000e+02
2.326176470590000065e+02 3.930882352940000146e+02
2.791363636359999987e+02 3.925909090910000145e+02
4.788999999999999773e+02 3.938999999999999773e+02
8.662500000000000000e+01 3.943750000000000000e+02
2.090000000000000000e+02 3.950000000000000000e+02
3.664090909089999855e+02 3.958636363640000013e+02
4.328846153850000178e+02 3.951153846149999822e+02
2.515000000000000000e+02 3.960000000000000000e+02
3.436176470589999781e+02 3.959117647059999854e+02
1.756999999999999886e+02 3.975000000000000000e+02
3.040789473680000015e+02 3.986052631580000138e+02
5.611315789469999800e+02 3.997105263160000277e+02
5.726875000000000000e+02 3.991875000000000000e+02
1.641315789470000084e+02 4.002894736839999723e+02
1.005000000000000000e+02 4.005000000000000000e+02
2.386363636400000132e+01 4.014090909089999855e+02
3.750000000000000000e+01 4.021470588239999984e+02
1.921153846150000106e+02 4.018846153850000178e+02
5.140000000000000000e+02 4.020000000000000000e+02
1.221153846149999964e+02 4.032692307689999893e+02
3.825000000000000000e+02 4.040454545449999841e+02
4.453823529410000219e+02 4.039117647059999854e+02
1.467500000000000000e+02 4.087500000000000000e+02
4.260000000000000000e+02 4.082142857140000274e+02
3.237500000000000000e+02 4.094166666670000154e+02
4.067666666669999813e+02 4.095000000000000000e+02
4.755869565219999799e+02 4.099347826090000240e+02
9.600000000000000000e+01 4.100000000000000000e+02
2.209000000000000057e+02 4.104599999999999795e+02
2.435833333330000130e+02 4.103333333329999846e+02
4.880000000000000000e+02 4.100000000000000000e+02
2.585000000000000000e+02 4.122894736839999723e+02
1.973750000000000000e+02 4.123750000000000000e+02
5.301000000000000227e+02 4.128999999999999773e+02
7.056666666700000690e+01 4.151000000000000227e+02
1.830000000000000000e+02 4.150000000000000000e+02
3.027857142859999726e+02 4.150000000000000000e+02
3.458529411760000016e+02 4.150294117650000203e+02
4.371153846149999822e+02 4.148846153850000178e+02
1.911764706000000036e+00 4.166176470589999781e+02
2.397058823500000102e+01 4.168529411760000016e+02
1.692500000000000000e+02 4.161666666670000154e+02
5.450000000000000000e+02 4.160000000000000000e+02
5.765789473699999945e+01 4.174473684210000215e+02
3.783000000000000114e+02 4.179499999999999886e+02
2.848750000000000000e+02 4.192500000000000000e+02
5.173888888889999862e+02 4.197777777779999724e+02
5.863461538459999929e+02 4.189615384620000214e+02
4.166578947369999923e+02 4.205526315789999785e+02
3.550000000000000000e+01 4.220000000000000000e+02
1.081666666670000012e+02 4.221111111110000138e+02
3.845000000000000000e+02 4.230000000000000000e+02
5.655909090909999577e+02 4.231363636359999987e+02
1.550454545450000126e+02 4.238636363640000013e+02
4.759210526319999985e+02 4.243947368419999862e+02
2.392500000000000000e+02 4.255625000000000000e+02
3.163000000000000114e+02 4.253000000000000114e+02
2.565000000000000000e+02 4.276999999999999886e+02
3.428999999999999773e+02 4.291000000000000227e+02
5.747142857139999705e+02 4.291428571430000147e+02
2.883571428569999853e+02 4.297857142859999726e+02
4.563095238099999733e+02 4.305476190480000014e+02
2.044090909090000139e+02 4.311363636359999987e+02
3.224473684210000215e+02 4.316578947369999923e+02
2.770714285710000127e+02 4.316428571430000147e+02
7.172727272699999901e+01 4.337727272729999868e+02
9.393750000000000000e+01 4.331250000000000000e+02
4.230263157890000230e+02 4.336578947369999923e+02
5.350000000000000000e+02 4.325000000000000000e+02
4.393750000000000000e+01 4.357500000000000000e+02
1.287222222219999992e+02 4.350000000000000000e+02
1.723235294119999992e+02 4.356764705879999724e+02
4.935769230770000036e+02 4.348076923080000142e+02
3.898333333329999846e+02 4.358333333329999846e+02
1.941666666669999870e+02 4.363888888889999862e+02
3.630000000000000000e+02 4.366666666670000154e+02
2.278846153849999894e+02 4.392692307689999893e+02
2.618999999999999773e+02 4.391000000000000227e+02
2.993421052630000077e+02 4.394473684210000215e+02
3.565000000000000000e+02 4.392500000000000000e+02
5.581153846150000390e+02 4.391153846149999822e+02
1.549666666669999984e+02 4.403666666670000041e+02
5.141153846150000390e+02 4.398846153850000178e+02
1.080000000000000000e+02 4.427222222220000276e+02
4.290454545449999841e+02 4.421363636359999987e+02
1.921428571399999896e+01 4.431428571430000147e+02
7.890000000000000568e+01 4.451000000000000227e+02
2.771666666670000154e+02 4.452333333330000187e+02
3.972692307689999893e+02 4.447307692310000107e+02
4.600000000000000000e+02 4.443000000000000114e+02
4.960000000000000000e+02 4.455000000000000000e+02
3.784090909089999855e+02 4.471363636359999987e+02
2.552333333329999903e+02 4.498333333329999846e+02
5.871250000000000000e+02 4.495000000000000000e+02
3.450000000000000000e+01 4.500000000000000000e+02
1.290294117649999919e+02 4.508529411760000016e+02
2.137500000000000000e+02 4.515500000000000114e+02
4.412500000000000000e+02 4.508750000000000000e+02
3.113000000000000114e+02 4.520000000000000000e+02
4.816578947369999923e+02 4.526578947369999923e+02
5.659444444440000552e+02 4.536111111110000138e+02
5.347857142860000295e+02 4.540000000000000000e+02
1.962222222219999992e+02 4.563888888889999862e+02
1.678846153849999894e+02 4.568846153850000178e+02
2.415000000000000000e+02 4.570000000000000000e+02
3.303999999999999773e+02 4.571999999999999886e+02
4.217777777779999724e+02 4.583333333329999846e+02
6.761111111099999960e+01 4.593333333329999846e+02
3.985526315789999785e+02 4.593421052630000077e+02
9.657894736999999452e+00 4.606578947369999923e+02
4.575500000000000114e+02 4.603999999999999773e+02
9.857142857099999844e+01 4.618571428569999853e+02
3.610384615379999786e+02 4.623461538459999929e+02
1.434090909090000139e+02 4.628636363640000013e+02
3.440000000000000000e+02 4.630000000000000000e+02
8.100000000000000000e+01 4.640000000000000000e+02
5.268999999999999773e+02 4.641000000000000227e+02
1.230000000000000000e+02 4.670000000000000000e+02
2.267307692310000107e+02 4.668846153850000178e+02
2.259090909100000033e+01 4.681363636359999987e+02
4.191153846149999822e+02 4.678846153850000178e+02
4.893421052630000077e+02 4.683421052630000077e+02
4.998333333329999846e+02 4.692500000000000000e+02
4.385000000000000000e+02 4.700000000000000000e+02
2.802142857140000274e+02 4.710000000000000000e+02
2.991428571430000147e+02 4.715714285710000127e+02
3.787222222220000276e+02 4.710555555560000016e+02
5.535499999999999545e+02 4.713999999999999773e+02
5.691000000000000227e+02 4.708999999999999773e+02
4.875000000000000000e+01 4.721666666670000154e+02
2.590333333329999732e+02 4.726333333329999959e+02
2.125500000000000114e+02 4.736000000000000227e+02
1.915909090909999861e+02 4.738636363640000013e+02
4.703888888889999862e+02 4.742222222220000276e+02
3.191428571430000147e+02 4.767142857140000274e+02
6.763333333299999595e+01 4.770333333329999732e+02
1.705000000000000000e+02 4.780000000000000000e+02
1.073666666670000041e+02 4.789666666670000268e+02
4.974375000000000000e+02 4.792500000000000000e+02
1.530000000000000000e+02 4.797857142859999726e+02
2.298636363640000013e+02 4.794090909089999855e+02
3.359117647059999854e+02 4.803823529410000219e+02
3.980000000000000000e+02 4.815000000000000000e+02
8.326086956999999344e+00 4.830652173909999760e+02
2.738333333329999846e+02 4.821666666670000154e+02
3.772692307689999893e+02 4.836538461540000071e+02
4.508846153850000178e+02 4.831153846149999822e+02
5.605909090909999577e+02 4.834090909089999855e+02
1.306176470590000065e+02 4.840882352940000146e+02
5.371666666669999586e+02 4.841666666670000154e+02
7.961764705900000649e+01 4.849117647059999854e+02
2.063666666670000041e+02 4.850333333329999732e+02
3.606250000000000000e+02 4.853750000000000000e+02
5.234166666669999586e+02 4.860833333329999846e+02
3.201000000000000227e+02 4.868999999999999773e+02
2.522500000000000000e+02 4.878750000000000000e+02
4.781470588239999984e+02 4.890294117650000203e+02
5.802999999999999545e+02 4.902333333330000187e+02
5.200000000000000000e+01 4.905000000000000000e+02
1.901153846150000106e+02 4.925769230770000036e+02
3.261111111099999960e+01 4.947777777779999724e+02
1.555000000000000000e+02 4.940000000000000000e+02
3.030000000000000000e+02 4.940000000000000000e+02
1.174333333329999931e+02 4.953000000000000114e+02
3.670454545449999841e+02 4.965000000000000000e+02
1.566666667000000013e+00 4.976333333329999959e+02
1.645000000000000000e+02 4.973000000000000114e+02
2.200000000000000000e+02 4.970000000000000000e+02
1.386333333329999959e+02 4.989666666670000268e+02
4.035000000000000000e+02 4.995000000000000000e+02
4.392142857140000274e+02 4.990000000000000000e+02
3.436875000000000000e+02 5.003125000000000000e+02
5.248571428569999853e+02 5.007142857140000274e+02
5.350833333330000414e+02 5.002500000000000000e+02
7.038888888900000040e+01 5.011666666670000154e+02
4.617857142859999726e+02 5.010000000000000000e+02
2.784333333330000073e+02 5.016333333329999959e+02
5.070000000000000000e+02 5.020000000000000000e+02
2.291176470599999959e+01 5.043823529410000219e+02
2.607857142859999726e+02 5.040000000000000000e+02
3.850000000000000000e+02 5.045000000000000000e+02
4.171000000000000227e+02 5.038999999999999773e+02
5.608571428569999853e+02 5.052857142859999726e+02
4.459090909100000033e+01 5.072272727270000132e+02
1.028684210530000058e+02 5.086578947369999923e+02
2.405000000000000000e+02 5.080000000000000000e+02
2.936111111110000138e+02 5.088333333329999846e+02
3.162142857140000274e+02 5.090000000000000000e+02
8.809999999999999432e+01 5.101000000000000227e+02
4.691153846149999822e+02 5.101153846149999822e+02
2.278846153849999894e+02 5.121153846150000390e+02
4.055555555560000016e+02 5.135000000000000000e+02
5.783823529410000219e+02 5.129117647059999854e+02
2.100999999999999943e+02 5.138999999999999773e+02
3.485909090910000145e+02 5.144090909090000423e+02
5.344090909090000423e+02 5.141363636360000555e+02
5.597857142860000295e+02 5.141428571430000147e+02
7.164285714300000052e+01 5.163095238099999733e+02
1.604130434779999916e+02 5.174565217389999816e+02
1.788846153849999894e+02 5.158846153849999610e+02
4.887222222220000276e+02 5.165555555559999448e+02
2.528571428600000104e+01 5.168571428569999853e+02
3.816999999999999886e+02 5.165000000000000000e+02
9.265000000000000568e+01 5.192000000000000455e+02
3.345000000000000000e+02 5.180000000000000000e+02
4.484090909089999855e+02 5.178636363639999445e+02
5.159705882350000365e+02 5.198529411759999448e+02
1.987666666670000097e+02 5.205666666670000495e+02
4.301153846149999822e+02 5.197307692309999538e+02
3.162222222220000276e+02 5.216111111110000138e+02
2.453888888889999862e+02 5.236666666669999586e+02
1.280999999999999943e+02 5.241000000000000227e+02
2.825416666670000154e+02 5.261666666669999586e+02
2.648636363640000013e+02 5.254090909090000423e+02
5.853999999999999773e+02 5.285499999999999545e+02
4.660000000000000000e+02 5.297222222220000276e+02
5.590000000000000000e+02 5.287857142860000295e+02
4.662500000000000000e+01 5.303125000000000000e+02
4.390000000000000000e+02 5.305000000000000000e+02
6.921052632000000315e+00 5.316052631579999570e+02
1.726999999999999886e+02 5.320000000000000000e+02
2.161153846150000106e+02 5.321153846150000390e+02
1.440000000000000000e+02 5.327857142860000295e+02
3.698333333329999846e+02 5.338888888889999862e+02
2.286578947369999923e+02 5.346578947369999923e+02
5.303421052630000077e+02 5.344473684209999647e+02
1.160000000000000000e+02 5.357222222220000276e+02
4.845000000000000000e+02 5.350000000000000000e+02
4.980000000000000000e+02 5.350000000000000000e+02
4.203571428569999853e+02 5.365714285709999558e+02
7.200000000000000000e+01 5.370000000000000000e+02
4.060000000000000000e+02 5.385000000000000000e+02
5.120000000000000000e+02 5.382999999999999545e+02
2.945000000000000000e+02 5.400000000000000000e+02
1.920000000000000000e+02 5.412777777779999724e+02
3.440000000000000000e+02 5.412142857139999705e+02
3.830000000000000000e+02 5.412142857139999705e+02
2.950000000000000000e+01 5.435000000000000000e+02
1.215000000000000000e+02 5.452647058820000439e+02
5.350000000000000000e+01 5.455000000000000000e+02
3.240789473680000015e+02 5.463947368420000430e+02
4.741111111110000138e+02 5.462777777779999724e+02
5.723750000000000000e+02 5.471666666669999586e+02
3.061666666670000154e+02 5.466111111110000138e+02
4.306176470589999781e+02 5.467941176470000073e+02
2.642142857140000274e+02 5.480000000000000000e+02
9.855882352899999432e+01 5.496764705880000292e+02
4.966666667000000146e+00 5.503666666670000041e+02
3.792142857140000274e+02 5.520000000000000000e+02
1.558846153849999894e+02 5.532692307690000462e+02
2.081666666669999870e+02 5.532333333330000187e+02
2.547500000000000000e+02 5.540625000000000000e+02
2.740000000000000000e+02 5.545000000000000000e+02
3.508823529400000041e+01 5.556176470589999781e+02
1.373095238100000017e+02 5.553571428569999853e+02
2.246818181820000007e+02 5.546818181820000291e+02
4.478846153850000178e+02 5.548846153849999610e+02
5.110000000000000000e+02 5.552142857139999705e+02
5.278846153849999610e+02 5.551153846150000390e+02
5.484500000000000455e+02 5.563999999999999773e+02
2.976333333329999959e+02 5.570333333329999732e+02
3.536875000000000000e+02 5.601875000000000000e+02
4.800000000000000000e+01 5.605000000000000000e+02
7.800000000000000000e+01 5.610000000000000000e+02
3.380000000000000000e+02 5.615000000000000000e+02
