2.972222222199999919e+01 9.444444440000000496e-01
1.565000000000000000e+02 5.000000000000000000e-01
2.278636363640000013e+02 1.409090908999999892e+00
2.803999999999999773e+02 2.549999999999999822e+00
3.449444444439999984e+02 1.166666667000000102e+00
5.076578947369999923e+02 2.342105263000000104e+00
5.528999999999999773e+02 2.100000000000000089e+00
5.793333333330000414e+02 1.333333332999999898e+00
4.950000000000000000e+01 4.333333332999999676e+00
4.799117647059999854e+02 4.382352940999999724e+00
4.382222222220000276e+02 5.388888889000000404e+00
5.200333333329999732e+02 6.633333333000000387e+00
3.312647058819999870e+02 7.441176471000000348e+00
3.695909090910000145e+02 7.409090908999999670e+00
7.286363636400000132e+01 8.045454545000000124e+00
1.086428571430000005e+02 8.500000000000000000e+00
4.547500000000000000e+02 8.083333333000000565e+00
8.703333333300000163e+01 9.633333332999999499e+00
1.920000000000000000e+02 9.500000000000000000e+00
2.603999999999999773e+02 9.449999999999999289e+00
1.398333333330000130e+02 1.150000000000000000e+01
3.946999999999999886e+02 1.050000000000000000e+01
5.607777777779999724e+02 1.238888888900000040e+01
4.186000000000000227e+02 1.344999999999999929e+01
3.514090909089999855e+02 1.540909090899999967e+01
5.095000000000000000e+02 1.500000000000000000e+01
1.609117647060000138e+02 1.638235294100000061e+01
1.736538461540000071e+02 1.626923076899999998e+01
2.999499999999999886e+02 1.639999999999999858e+01
5.391428571430000147e+02 1.621428571399999896e+01
2.107777777780000008e+02 1.738888888900000040e+01
3.765000000000000000e+02 1.916666666700000121e+01
4.726176470589999781e+02 1.908823529400000041e+01
5.737222222220000276e+02 1.900000000000000000e+01
2.344411764710000057e+02 2.032352941199999918e+01
2.835000000000000000e+02 2.150000000000000000e+01
1.243095238100000017e+02 2.235714285699999948e+01
2.725000000000000000e+02 2.150000000000000000e+01
4.897857142859999726e+02 2.400000000000000000e+01
5.334210526300000055e+01 2.534210526300000055e+01
1.020000000000000000e+02 2.478571428600000104e+01
1.961764705899999939e+01 2.591176470599999959e+01
7.295833333299999879e+01 2.637500000000000000e+01
3.039615384620000214e+02 2.565384615400000001e+01
3.205000000000000000e+02 2.700000000000000000e+01
3.856250000000000000e+02 2.637500000000000000e+01
4.995909090910000145e+02 2.740909090899999967e+01
5.368333333330000414e+02 2.675000000000000000e+01
1.940000000000000000e+02 2.900000000000000000e+01
3.637857142859999726e+02 2.914285714300000052e+01
4.127857142859999726e+02 3.000000000000000000e+01
5.565666666670000495e+02 2.976666666699999908e+01
1.832894736840000007e+02 3.186842105299999872e+01
3.317500000000000000e+02 3.093750000000000000e+01
1.313157894699999950e+01 3.271052631599999927e+01
4.150000000000000000e+01 3.229999999999999716e+01
2.548846153849999894e+02 3.311538461500000352e+01
5.153666666670000041e+02 3.303333333300000163e+01
6.516666666700000121e+01 3.358333333299999879e+01
3.827857142859999726e+02 3.400000000000000000e+01
1.400999999999999943e+02 3.489999999999999858e+01
4.284499999999999886e+02 3.539999999999999858e+01
2.170000000000000000e+02 3.550000000000000000e+01
2.351363636359999987e+02 3.540909090899999967e+01
4.051666666670000154e+02 3.663333333300000305e+01
4.504473684210000215e+02 3.665789473699999945e+01
4.802647058819999870e+02 3.750000000000000000e+01
5.862142857139999705e+02 3.800000000000000000e+01
1.205000000000000000e+02 3.914705882399999837e+01
9.189130434800000558e+01 4.097826086999999973e+01
5.767000000000000455e+02 4.043333333300000021e+01
2.698125000000000000e+02 4.262500000000000000e+01
1.563421052630000077e+02 4.465789473699999945e+01
2.936176470589999781e+02 4.491176470599999959e+01
3.602894736839999723e+02 4.550000000000000000e+01
4.156578947369999923e+02 4.565789473699999945e+01
2.216666666700000121e+01 4.725000000000000000e+01
3.727777777800000081e+01 4.700000000000000000e+01
5.425000000000000000e+02 4.750000000000000000e+01
2.217500000000000000e+02 4.825000000000000000e+01
3.140000000000000000e+02 4.800000000000000000e+01
1.500000000000000000e+00 5.000000000000000000e+01
5.891176470599999959e+01 5.026470588200000122e+01
3.318000000000000114e+02 4.979999999999999716e+01
3.494444444439999984e+02 5.038888888900000040e+01
3.929285714289999873e+02 5.050000000000000000e+01
4.440000000000000000e+02 5.021428571399999896e+01
4.652777777779999724e+02 5.044444444399999838e+01
1.987352941180000130e+02 5.273529411799999878e+01
5.073333333329999846e+02 5.250000000000000000e+01
1.400000000000000000e+02 5.372222222199999919e+01
9.950000000000000000e+01 5.400000000000000000e+01
1.782727272729999868e+02 5.459090909100000033e+01
4.888529411760000016e+02 5.450000000000000000e+01
5.656578947369999923e+02 5.534210526300000055e+01
8.090000000000000568e+01 5.610000000000000142e+01
3.375909090910000145e+02 5.613636363599999868e+01
5.841153846150000390e+02 5.611538461500000352e+01
2.590000000000000000e+02 5.800000000000000000e+01
4.762500000000000000e+02 5.791666666700000121e+01
1.660000000000000000e+02 5.921428571399999896e+01
2.431818181799999934e+01 5.968181818200000066e+01
2.860000000000000000e+02 6.050000000000000000e+01
5.543999999999999773e+02 6.054999999999999716e+01
4.161111111099999960e+01 6.177777777800000081e+01
3.781000000000000227e+02 6.110000000000000142e+01
1.191666666670000012e+02 6.225000000000000000e+01
2.158333333330000130e+02 6.223333333299999737e+01
2.645000000000000000e+02 6.400000000000000000e+01
4.447222222220000276e+02 6.416666666700000121e+01
3.931000000000000227e+02 6.490000000000000568e+01
5.266250000000000000e+02 6.518750000000000000e+01
1.497857142860000010e+02 6.600000000000000000e+01
3.449444444439999984e+02 6.638888888900000040e+01
2.345000000000000000e+02 6.683333333299999879e+01
2.961363636359999987e+02 6.859090909100000033e+01
3.101153846149999822e+02 6.911538461499999642e+01
4.315000000000000000e+02 6.973529411799999878e+01
1.125000000000000000e+02 7.050000000000000000e+01
1.803888888889999862e+02 7.233333333299999879e+01
5.110333333329999732e+02 7.236666666700000405e+01
2.779210526319999985e+02 7.360526315799999963e+01
4.974333333330000073e+02 7.290000000000000568e+01
7.511538461499999642e+01 7.511538461499999642e+01
9.255555555600000162e+01 7.538888888900000040e+01
1.970555555560000016e+02 7.561111111099999960e+01
4.060555555560000016e+02 7.600000000000000000e+01
1.252142857139999990e+02 7.700000000000000000e+01
4.625666666669999927e+02 7.709999999999999432e+01
5.875000000000000000e+02 7.700000000000000000e+01
2.388888888999999960e+00 7.905555555600000162e+01
3.225000000000000000e+02 7.900000000000000000e+01
5.512777777779999724e+02 7.944444444399999838e+01
5.361153846150000390e+02 8.011538461499999642e+01
3.594090909089999855e+02 8.159090909100000033e+01
3.814473684210000215e+02 8.165789473700000656e+01
2.402631578900000164e+01 8.313157894699999417e+01
5.218750000000000000e+01 8.218750000000000000e+01
1.565000000000000000e+02 8.200000000000000000e+01
2.257857142860000010e+02 8.200000000000000000e+01
5.695000000000000000e+02 8.200000000000000000e+01
2.380000000000000000e+02 8.200000000000000000e+01
4.838750000000000000e+02 8.325000000000000000e+01
3.087857142859999726e+02 8.450000000000000000e+01
2.125000000000000000e+02 8.700000000000000000e+01
2.950000000000000000e+02 8.877272727300000099e+01
5.840000000000000000e+02 8.827777777800000081e+01
4.442500000000000000e+02 8.883333333299999879e+01
7.650000000000000000e+01 8.950000000000000000e+01
2.559761904759999993e+02 9.088095238100000017e+01
3.638235294100000061e+01 9.408823529400000041e+01
4.996333333329999959e+02 9.403333333300000163e+01
5.931818181799999934e+01 9.631818181799999934e+01
1.095000000000000000e+02 9.614705882399999837e+01
1.731153846150000106e+02 9.588461538500000358e+01
2.715000000000000000e+02 9.623333333300000447e+01
3.233421052630000077e+02 9.634210526299999344e+01
4.299375000000000000e+02 9.612500000000000000e+01
4.705909090910000145e+02 9.613636363599999868e+01
1.300000000000000000e+02 9.678571428600000104e+01
2.468636363640000013e+02 9.640909090899999967e+01
5.280000000000000000e+02 9.700000000000000000e+01
3.710526316000000158e+00 9.950000000000000000e+01
1.899666666669999984e+02 9.983333333299999879e+01
4.523888888889999862e+02 9.922222222199999919e+01
3.851363636359999987e+02 9.940909090899999967e+01
4.050000000000000000e+02 1.002142857139999990e+02
5.703421052630000077e+02 1.003421052629999934e+02
2.294000000000000057e+02 1.015499999999999972e+02
8.914705882399999837e+01 1.025000000000000000e+02
1.403666666670000041e+02 1.030333333330000016e+02
2.056333333329999959e+02 1.039666666669999984e+02
4.843421052630000077e+02 1.046578947370000066e+02
6.950000000000000000e+01 1.057916666670000012e+02
4.202333333330000187e+02 1.051666666670000012e+02
1.676818181820000007e+02 1.056818181820000007e+02
3.426000000000000227e+02 1.064500000000000028e+02
5.435000000000000000e+02 1.065000000000000000e+02
3.619117647059999854e+02 1.073823529409999935e+02
5.078529411760000016e+02 1.085000000000000000e+02
4.736176470589999781e+02 1.090882352940000004e+02
5.666538461540000071e+02 1.099615384619999929e+02
2.126470588200000122e+01 1.125000000000000000e+02
3.381666666670000154e+02 1.124166666670000012e+02
5.809666666670000268e+02 1.126333333329999959e+02
1.058333333329999988e+02 1.127500000000000000e+02
1.240000000000000000e+02 1.130000000000000000e+02
3.077352941180000130e+02 1.134411764710000057e+02
5.270000000000000000e+02 1.130000000000000000e+02
4.465000000000000000e+02 1.145000000000000000e+02
1.407142857100000022e+01 1.175000000000000000e+02
2.262142857139999990e+02 1.170000000000000000e+02
2.642894736839999723e+02 1.175000000000000000e+02
2.845000000000000000e+02 1.170000000000000000e+02
5.023333333299999737e+01 1.185000000000000000e+02
2.425000000000000000e+02 1.185000000000000000e+02
4.936904761900000267e+02 1.196428571430000005e+02
1.653333333330000130e+02 1.207777777780000008e+02
1.901153846150000106e+02 1.198846153850000036e+02
1.056818181820000007e+02 1.217727272730000010e+02
1.468750000000000000e+02 1.219375000000000000e+02
3.106538461540000071e+02 1.220384615380000071e+02
4.017222222220000276e+02 1.220000000000000000e+02
3.519117647059999854e+02 1.233823529409999935e+02
3.758076923080000142e+02 1.240384615380000071e+02
4.245000000000000000e+02 1.240000000000000000e+02
5.541153846150000390e+02 1.241153846149999964e+02
9.150000000000000000e+01 1.250000000000000000e+02
2.307222222219999992e+02 1.260000000000000000e+02
5.641153846150000390e+02 1.261153846149999964e+02
4.400000000000000000e+02 1.275000000000000000e+02
2.706818181819999722e+02 1.293181818179999993e+02
5.243421052630000077e+02 1.294473684209999931e+02
1.801666666669999870e+02 1.302333333329999903e+02
4.770000000000000000e+02 1.302142857139999990e+02
3.450000000000000000e+01 1.307500000000000000e+02
1.219000000000000057e+02 1.330999999999999943e+02
2.491250000000000000e+02 1.335000000000000000e+02
6.800000000000000000e+01 1.340000000000000000e+02
1.389000000000000057e+02 1.339000000000000057e+02
2.038684210529999916e+02 1.342368421049999938e+02
4.642692307689999893e+02 1.341153846150000106e+02
5.396764705880000292e+02 1.345588235289999943e+02
3.363235294120000276e+02 1.354411764710000057e+02
3.911923076919999858e+02 1.355000000000000000e+02
5.838846153849999610e+02 1.358846153849999894e+02
1.488461538500000003e+01 1.368846153849999894e+02
2.943000000000000114e+02 1.376999999999999886e+02
5.072333333330000187e+02 1.384333333330000073e+02
1.904285714289999873e+02 1.392142857139999990e+02
5.591153846150000390e+02 1.401153846150000106e+02
5.000000000000000000e-01 1.405000000000000000e+02
3.548684210530000200e+02 1.412894736840000007e+02
1.566966292129999943e+02 1.509157303370000136e+02
4.063235294120000276e+02 1.436764705880000008e+02
4.255909090910000145e+02 1.428636363640000013e+02
1.191923076920000000e+02 1.439615384619999929e+02
2.081153846150000106e+02 1.438846153849999894e+02
4.135714285699999948e+01 1.453095238100000017e+02
3.101000000000000227e+02 1.450999999999999943e+02
5.203421052630000077e+02 1.463421052630000077e+02
3.858529411760000016e+02 1.475000000000000000e+02
4.496764705879999724e+02 1.474411764710000057e+02
2.646000000000000227e+02 1.488000000000000114e+02
2.217173913039999888e+02 1.498043478259999972e+02
2.835000000000000000e+02 1.498529411760000016e+02
9.444444440000000496e-01 1.502777777780000008e+02
8.323684210499999381e+01 1.512894736840000007e+02
1.374230769229999964e+02 1.515000000000000000e+02
2.409210526319999985e+02 1.518684210529999916e+02
5.991176470599999959e+01 1.533823529409999935e+02
3.720714285710000127e+02 1.529285714289999873e+02
4.721666666670000154e+02 1.535000000000000000e+02
5.729583333330000414e+02 1.534583333330000130e+02
3.297222222220000276e+02 1.540000000000000000e+02
3.515714285710000127e+02 1.551428571429999863e+02
4.406333333329999959e+02 1.550333333330000016e+02
4.894090909089999855e+02 1.554090909090000139e+02
5.865909090909999577e+02 1.581363636359999987e+02
1.000238095240000007e+02 1.591190476190000140e+02
2.731666666670000154e+02 1.586111111110000138e+02
1.789399999999999977e+02 1.605800000000000125e+02
2.996904761900000267e+02 1.605476190480000014e+02
1.719999999999999929e+01 1.616500000000000057e+02
5.390384615379999786e+02 1.613461538459999929e+02
4.061666666670000154e+02 1.616111111110000138e+02
5.116578947369999923e+02 1.626578947369999923e+02
2.078636363640000013e+02 1.634090909090000139e+02
2.845000000000000000e+02 1.635000000000000000e+02
3.800000000000000000e+01 1.657857142860000010e+02
2.427105263159999993e+02 1.668684210529999916e+02
3.243666666670000041e+02 1.659666666669999984e+02
1.008823529400000041e+01 1.676176470590000065e+02
4.208684210530000200e+02 1.677105263159999993e+02
3.712500000000000000e+02 1.688750000000000000e+02
6.011904761899999983e+01 1.702142857139999990e+02
1.550000000000000000e+02 1.697857142860000010e+02
4.620000000000000000e+02 1.700000000000000000e+02
9.932352941199999918e+01 1.717352941180000130e+02
5.403421052630000077e+02 1.716578947369999923e+02
1.211153846149999964e+02 1.721153846150000106e+02
1.660999999999999943e+02 1.720999999999999943e+02
4.725500000000000114e+02 1.735999999999999943e+02
5.522500000000000000e+02 1.731250000000000000e+02
7.700000000000000000e+01 1.750000000000000000e+02
5.826176470589999781e+02 1.750882352939999862e+02
2.048684210529999916e+02 1.772894736840000007e+02
3.391153846149999822e+02 1.768846153849999894e+02
4.459444444439999984e+02 1.776666666669999870e+02
5.044499999999999886e+02 1.774000000000000057e+02
4.097500000000000000e+02 1.788333333330000130e+02
3.586578947369999923e+02 1.803421052630000077e+02
3.901818181819999722e+02 1.806363636359999987e+02
4.614166666670000154e+02 1.803333333330000130e+02
1.486363636399999955e+01 1.804090909090000139e+02
2.248684210529999916e+02 1.817105263159999993e+02
2.980882352940000146e+02 1.813823529409999935e+02
2.827500000000000000e+02 1.819375000000000000e+02
7.500000000000000000e-01 1.825000000000000000e+02
1.851153846150000106e+02 1.828846153849999894e+02
2.485625000000000000e+02 1.838125000000000000e+02
5.133888888889999862e+02 1.847777777780000008e+02
1.476428571429999863e+02 1.856904761899999983e+02
3.128999999999999773e+02 1.875666666669999927e+02
5.733823529410000219e+02 1.869117647060000138e+02
5.322222222199999919e+01 1.883888888889999862e+02
1.123235294119999992e+02 1.884411764710000057e+02
2.650000000000000000e+01 1.907916666669999870e+02
1.031818181799999934e+01 1.906818181820000007e+02
4.201428571430000147e+02 1.912857142860000010e+02
5.493888888889999862e+02 1.912222222219999992e+02
4.577105263160000277e+02 1.928684210529999916e+02
4.184210526000000208e+00 1.938157894740000131e+02
7.461111111099999960e+01 1.932222222219999992e+02
1.028333333329999988e+02 1.935000000000000000e+02
2.756999999999999886e+02 1.925000000000000000e+02
3.543421052630000077e+02 1.936578947369999923e+02
4.803888888889999862e+02 1.942222222219999992e+02
5.858125000000000000e+02 1.943125000000000000e+02
1.209666666669999984e+02 1.966333333329999959e+02
3.779375000000000000e+02 1.962500000000000000e+02
3.969615384620000214e+02 1.963461538459999929e+02
2.354230769229999964e+02 1.973461538459999929e+02
4.920000000000000000e+02 1.975000000000000000e+02
1.450999999999999943e+02 1.980999999999999943e+02
2.073095238100000017e+02 1.984047619049999867e+02
2.181363636359999987e+02 1.984090909090000139e+02
2.846176470589999781e+02 1.996176470590000065e+02
3.271250000000000000e+02 2.009583333330000130e+02
5.291470588240000552e+02 1.999705882350000081e+02
1.702692307689999893e+02 2.008846153849999894e+02
4.411153846149999822e+02 2.008846153849999894e+02
4.050714285710000127e+02 2.030238095240000007e+02
5.644736842100000018e+01 2.036578947369999923e+02
1.930952381000000173e+01 2.043571428570000137e+02
4.589999999999999858e+01 2.080999999999999943e+02
1.940000000000000000e+02 2.085000000000000000e+02
3.833181818180000278e+02 2.076818181820000007e+02
3.652777777779999724e+02 2.094444444439999984e+02
8.309999999999999432e+01 2.100999999999999943e+02
1.167142857139999990e+02 2.101428571429999863e+02
5.740882352940000146e+02 2.103823529409999935e+02
1.343888888889999862e+02 2.114444444439999984e+02
2.532500000000000000e+02 2.110500000000000114e+02
2.952500000000000000e+02 2.112500000000000000e+02
4.348846153850000178e+02 2.111153846150000106e+02
4.992500000000000000e+02 2.121666666669999870e+02
5.148636363639999445e+02 2.114090909090000139e+02
7.000000000000000000e+01 2.126999999999999886e+02
3.118333333329999846e+02 2.135000000000000000e+02
3.455000000000000000e+02 2.135000000000000000e+02
6.115384614999999968e+00 2.141153846150000106e+02
1.549000000000000057e+02 2.139000000000000057e+02
2.742826086960000112e+02 2.152826086960000112e+02
2.306538461540000071e+02 2.147307692310000107e+02
5.369500000000000455e+02 2.154000000000000057e+02
1.782777777780000008e+02 2.161111111110000138e+02
2.045909090909999861e+02 2.158636363640000013e+02
5.842142857139999705e+02 2.160000000000000000e+02
1.001111111109999996e+02 2.191666666669999870e+02
2.819795918369999868e+02 2.229693877550000138e+02
4.765000000000000000e+02 2.178333333330000130e+02
5.548846153849999610e+02 2.188846153849999894e+02
2.478571428600000104e+01 2.200000000000000000e+02
2.427222222219999992e+02 2.221111111110000138e+02
4.495000000000000000e+02 2.213461538459999929e+02
3.301470588239999984e+02 2.239705882350000081e+02
4.185500000000000114e+02 2.245999999999999943e+02
1.377500000000000000e+02 2.262500000000000000e+02
3.817916666670000154e+02 2.270833333330000130e+02
4.680000000000000000e+02 2.260000000000000000e+02
4.848684210530000200e+02 2.267105263159999993e+02
5.188461538499999648e+01 2.268846153849999894e+02
7.571052631599999927e+01 2.295000000000000000e+02
3.606818181819999722e+02 2.286818181820000007e+02
4.012142857140000274e+02 2.290000000000000000e+02
5.750000000000000000e+02 2.292272727270000132e+02
3.191176470599999959e+01 2.306176470590000065e+02
2.582777777779999724e+02 2.300000000000000000e+02
4.388846153850000178e+02 2.311153846150000106e+02
5.151153846150000390e+02 2.308846153849999894e+02
1.902222222219999992e+02 2.332222222219999992e+02
1.262647058820000012e+02 2.342647058819999870e+02
5.493888888889999862e+02 2.349444444439999984e+02
3.092142857140000274e+02 2.360000000000000000e+02
5.843888888889999862e+02 2.377777777780000008e+02
6.038235294100000061e+01 2.380882352939999862e+02
1.586176470590000065e+02 2.379117647060000138e+02
6.108695651999999754e+00 2.397173913039999888e+02
2.243823529409999935e+02 2.390882352939999862e+02
2.395000000000000000e+02 2.395000000000000000e+02
2.687222222220000276e+02 2.390000000000000000e+02
2.072222222199999919e+01 2.400000000000000000e+02
1.012777777780000008e+02 2.400000000000000000e+02
2.886578947369999923e+02 2.406578947369999923e+02
5.270000000000000000e+02 2.415000000000000000e+02
3.991190476190000140e+02 2.425000000000000000e+02
1.821666666669999870e+02 2.425833333330000130e+02
3.236111111110000138e+02 2.434444444439999984e+02
3.795909090910000145e+02 2.428636363640000013e+02
5.063666666670000041e+02 2.429666666669999984e+02
3.400384615379999786e+02 2.436538461540000071e+02
4.853181818180000278e+02 2.453181818179999993e+02
1.110000000000000000e+02 2.462142857139999990e+02
4.337857142859999726e+02 2.460000000000000000e+02
4.547777777779999724e+02 2.468888888889999862e+02
5.646176470589999781e+02 2.469117647060000138e+02
4.725000000000000000e+01 2.479375000000000000e+02
2.074230769229999964e+02 2.477307692310000107e+02
1.452142857139999990e+02 2.490000000000000000e+02
1.349000000000000057e+02 2.499000000000000057e+02
2.972222222220000276e+02 2.526666666669999870e+02
3.658846153850000178e+02 2.521153846150000106e+02
4.718999999999999773e+02 2.519000000000000057e+02
1.968913043480000056e+02 2.537173913039999888e+02
1.629000000000000057e+02 2.544333333330000073e+02
8.665789473700000656e+01 2.556578947369999923e+02
5.023947368419999862e+02 2.580789473680000015e+02
2.838846153850000178e+02 2.591153846149999822e+02
3.874473684210000215e+02 2.593421052630000077e+02
5.408333333330000414e+02 2.596428571430000147e+02
2.163095238100000017e+02 2.606428571430000147e+02
7.911764705999999592e+00 2.616176470589999781e+02
4.045000000000000000e+02 2.628529411760000016e+02
5.178846153849999610e+02 2.621153846149999822e+02
9.983333333299999879e+01 2.640714285710000127e+02
5.840909090899999967e+01 2.644090909089999855e+02
3.453421052630000077e+02 2.646578947369999923e+02
4.241190476190000140e+02 2.646428571430000147e+02
3.183500000000000227e+02 2.657500000000000000e+02
2.516428571429999863e+02 2.663095238099999733e+02
5.573181818179999709e+02 2.663181818180000278e+02
4.795000000000000000e+02 2.675625000000000000e+02
5.820294117649999635e+02 2.678529411760000016e+02
1.199545454550000017e+02 2.678636363640000013e+02
1.450000000000000000e+02 2.682142857140000274e+02
3.270000000000000000e+02 2.685000000000000000e+02
2.928947368400000073e+01 2.698684210530000200e+02
3.900454545449999841e+02 2.693181818180000278e+02
4.868333333329999846e+02 2.695000000000000000e+02
5.062500000000000000e+02 2.697500000000000000e+02
1.823947368419999862e+02 2.710789473680000015e+02
2.696578947369999923e+02 2.716578947369999923e+02
4.560000000000000000e+02 2.707857142859999726e+02
7.725000000000000000e+01 2.728750000000000000e+02
3.013888888889999862e+02 2.731666666670000154e+02
3.771363636359999987e+02 2.730454545449999841e+02
4.402500000000000000e+02 2.728750000000000000e+02
6.400000000000000000e+01 2.736999999999999886e+02
2.017500000000000000e+02 2.746499999999999773e+02
5.298846153849999610e+02 2.748846153850000178e+02
1.343750000000000000e+02 2.766875000000000000e+02
3.462777777779999724e+02 2.764444444439999984e+02
1.680000000000000000e+02 2.770000000000000000e+02
2.375000000000000000e+02 2.765000000000000000e+02
2.219000000000000057e+02 2.784333333330000073e+02
1.511666666669999870e+02 2.805833333329999846e+02
4.250000000000000000e+00 2.827500000000000000e+02
5.675499999999999545e+02 2.833999999999999773e+02
4.278571428600000104e+01 2.840000000000000000e+02
3.170000000000000000e+02 2.852142857140000274e+02
4.022857142859999726e+02 2.852857142859999726e+02
9.100000000000000000e+01 2.860000000000000000e+02
3.680000000000000000e+02 2.860000000000000000e+02
3.831000000000000227e+02 2.858999999999999773e+02
4.657631578950000062e+02 2.877105263160000277e+02
5.487666666669999813e+02 2.881666666670000154e+02
2.207894736800000146e+01 2.893947368419999862e+02
1.046250000000000000e+02 2.898125000000000000e+02
2.488809523809999860e+02 2.895476190480000014e+02
2.673000000000000114e+02 2.890000000000000000e+02
2.857857142859999726e+02 2.890000000000000000e+02
4.352647058819999870e+02 2.892647058819999870e+02
4.898333333329999846e+02 2.908888888889999862e+02
4.515000000000000000e+02 2.916052631580000138e+02
5.210000000000000000e+02 2.910000000000000000e+02
1.560882352939999862e+02 2.933823529410000219e+02
2.048333333330000130e+02 2.927666666669999813e+02
3.601000000000000227e+02 2.931000000000000227e+02
5.565526315790000353e+02 2.934473684210000215e+02
5.875000000000000000e+02 2.920000000000000000e+02
1.648571428570000137e+02 2.942857142859999726e+02
1.796666666669999870e+02 2.953333333329999846e+02
4.223750000000000000e+02 2.953125000000000000e+02
5.783333333299999879e+01 2.962500000000000000e+02
1.284499999999999886e+02 2.973999999999999773e+02
2.396538461540000071e+02 2.969615384620000214e+02
3.008999999999999773e+02 2.972500000000000000e+02
3.280882352940000146e+02 2.993823529410000219e+02
7.200000000000000000e+01 3.010000000000000000e+02
2.230000000000000000e+02 3.012777777779999724e+02
3.438999999999999773e+02 3.008999999999999773e+02
4.060000000000000000e+02 3.022777777779999724e+02
9.190000000000000568e+01 3.034333333330000073e+02
4.381666666670000154e+02 3.032333333330000187e+02
1.591176470599999959e+01 3.039117647059999854e+02
2.534000000000000057e+02 3.045500000000000114e+02
4.740789473680000015e+02 3.046052631580000138e+02
5.055000000000000000e+02 3.041470588239999984e+02
2.017105263159999993e+02 3.058684210530000200e+02
4.400000000000000000e+01 3.065000000000000000e+02
3.121666666670000154e+02 3.061666666670000154e+02
1.415500000000000114e+02 3.076000000000000227e+02
2.786176470589999781e+02 3.069117647059999854e+02
3.847857142859999726e+02 3.070000000000000000e+02
4.560000000000000000e+02 3.082142857140000274e+02
5.482000000000000455e+02 3.093500000000000227e+02
5.775000000000000000e+02 3.095000000000000000e+02
2.412142857139999990e+02 3.120000000000000000e+02
4.097857142859999726e+02 3.125000000000000000e+02
1.760454545450000126e+02 3.141363636359999987e+02
1.101666666670000012e+02 3.156428571430000147e+02
1.637500000000000000e+02 3.152500000000000000e+02
4.957692307699999645e+01 3.158076923080000142e+02
3.547727272729999868e+02 3.170000000000000000e+02
3.361363636359999987e+02 3.165909090910000145e+02
2.632142857140000274e+02 3.180000000000000000e+02
3.945454545449999841e+02 3.191818181819999722e+02
5.286428571430000147e+02 3.193095238099999733e+02
6.500000000000000000e+01 3.205000000000000000e+02
2.881999999999999886e+02 3.203999999999999773e+02
4.965000000000000000e+02 3.200000000000000000e+02
5.139210526320000554e+02 3.203947368419999862e+02
3.289473683999999842e+00 3.211315789469999800e+02
3.142692307689999893e+02 3.208846153850000178e+02
3.335714285699999948e+01 3.223095238099999733e+02
8.388095238100000017e+01 3.244523809519999986e+02
4.300333333329999732e+02 3.246333333329999959e+02
4.666999999999999886e+02 3.240000000000000000e+02
2.138333333330000130e+02 3.247500000000000000e+02
5.630000000000000000e+02 3.255000000000000000e+02
3.773750000000000000e+02 3.268125000000000000e+02
4.790000000000000000e+02 3.268333333329999846e+02
3.424545454550000159e+02 3.288181818180000278e+02
4.440333333329999732e+02 3.286333333329999959e+02
1.330882352939999862e+02 3.296176470589999781e+02
1.940333333330000016e+02 3.296333333329999959e+02
2.523235294119999992e+02 3.296764705879999724e+02
1.832894736840000007e+02 3.308684210530000200e+02
5.328999999999999773e+02 3.321000000000000227e+02
2.287307692310000107e+02 3.331153846149999822e+02
3.253947368419999862e+02 3.335000000000000000e+02
1.515476190480000014e+02 3.343095238099999733e+02
3.033823529410000219e+02 3.340882352940000146e+02
5.488333333330000414e+02 3.347500000000000000e+02
5.388461538499999648e+01 3.361153846149999822e+02
3.933421052630000077e+02 3.364473684210000215e+02
7.203333333300000163e+01 3.373666666670000041e+02
4.956538461540000071e+02 3.370384615379999786e+02
2.092142857139999990e+02 3.380000000000000000e+02
4.060000000000000000e+02 3.380000000000000000e+02
2.465999999999999943e+02 3.395500000000000114e+02
1.060333333330000016e+02 3.406333333329999959e+02
2.460526315799999963e+01 3.419210526319999985e+02
1.642142857139999990e+02 3.430000000000000000e+02
1.930000000000000000e+02 3.432142857140000274e+02
8.088235294000000408e+00 3.443823529410000219e+02
8.963333333299999595e+01 3.440333333329999732e+02
2.785000000000000000e+02 3.442894736839999723e+02
4.229117647059999854e+02 3.443823529410000219e+02
3.598636363640000013e+02 3.450454545449999841e+02
3.700000000000000000e+02 3.446999999999999886e+02
5.687777777779999724e+02 3.463888888889999862e+02
1.498529411760000016e+02 3.467941176470000073e+02
4.642692307689999893e+02 3.471153846149999822e+02
2.282894736840000007e+02 3.485000000000000000e+02
5.191666666669999586e+02 3.475833333329999846e+02
4.456000000000000227e+02 3.498000000000000114e+02
4.811666666670000154e+02 3.498333333329999846e+02
3.361666666670000154e+02 3.511666666670000154e+02
4.070000000000000000e+02 3.510000000000000000e+02
1.030000000000000000e+02 3.535000000000000000e+02
3.730714285710000127e+02 3.540238095240000007e+02
6.089999999999999858e+01 3.538999999999999773e+02
1.240600000000000023e+02 3.551000000000000227e+02
5.084090909089999855e+02 3.541363636359999987e+02
2.101153846150000106e+02 3.548846153850000178e+02
2.640000000000000000e+02 3.557222222220000276e+02
4.978846153850000178e+02 3.551153846149999822e+02
8.037500000000000000e+01 3.568333333329999846e+02
5.318636363639999445e+02 3.570454545449999841e+02
3.100000000000000000e+01 3.586428571430000147e+02
4.716666666700000121e+01 3.584166666670000154e+02
2.773000000000000114e+02 3.575000000000000000e+02
3.000000000000000000e+02 3.580000000000000000e+02
5.525000000000000000e+02 3.575000000000000000e+02
1.852142857139999990e+02 3.600000000000000000e+02
1.845833333299999879e+01 3.630416666670000154e+02
4.657941176470000073e+02 3.633823529410000219e+02
1.710999999999999943e+02 3.641000000000000227e+02
3.160000000000000000e+02 3.637857142859999726e+02
5.680263157890000230e+02 3.655000000000000000e+02
4.285000000000000000e+02 3.656999999999999886e+02
3.937352941180000130e+02 3.677352941180000130e+02
6.156666666699999979e+01 3.688999999999999773e+02
1.178599999999999994e+02 3.708999999999999773e+02
2.475526315790000069e+02 3.708684210530000200e+02
5.066499999999999773e+02 3.711999999999999886e+02
1.300000000000000000e+02 3.715000000000000000e+02
2.231666666669999870e+02 3.707500000000000000e+02
3.383235294120000276e+02 3.711470588239999984e+02
2.047222222219999992e+02 3.725555555560000016e+02
4.778999999999999773e+02 3.718999999999999773e+02
5.293333333330000414e+02 3.727777777779999724e+02
4.190000000000000000e+02 3.735000000000000000e+02
9.700000000000000000e+01 3.747857142859999726e+02
2.639375000000000000e+02 3.757500000000000000e+02
2.845833333329999846e+02 3.760000000000000000e+02
3.814473684210000215e+02 3.768157894739999847e+02
1.540999999999999943e+02 3.781000000000000227e+02
5.513333333330000414e+02 3.782222222220000276e+02
1.210333333330000016e+02 3.826333333329999959e+02
3.118846153850000178e+02 3.818846153850000178e+02
3.581000000000000227e+02 3.831000000000000227e+02
3.915000000000000000e+02 3.831470588239999984e+02
4.432222222220000276e+02 3.833888888889999862e+02
3.381250000000000000e+01 3.846250000000000000e+02
7.300000000000000000e+01 3.845000000000000000e+02
1.660294117649999919e+02 3.841470588239999984e+02
1.828684210529999916e+02 3.847631578950000062e+02
4.133571428569999853e+02 3.856904761900000267e+02
4.640000000000000000e+02 3.870000000000000000e+02
5.210000000000000000e+02 3.875000000000000000e+02
5.757352941179999561e+02 3.870882352940000146e+02
1.421666666669999870e+02 3.882500000000000000e+02
9.552631578999999817e+00 3.896578947369999923e+02
6.271052631599999927e+01 3.898684210530000200e+02
3.220000000000000000e+02 3.905000000000000000e+02
4.756499999999999773e+02 3.907500000000000000e+02
4.350000000000000000e+02 3.907857142859999726e+02
3.385000000000000000e+02 3.922894736839999723e+02
5.324333333329999505e+02 3.921000000000000227e+02
1.949166666669999870e+02 3.932500000000000000e+02
2.160000000000000000e+02 3.931666666670000154e+02
2.322894736840000007e+02 3.935000000000000000e+02
1.718000000000000114e+02 3.938999999999999773e+02
4.978333333329999846e+02 3.936111111110000138e+02
2.543888888889999862e+02 3.952222222220000276e+02
1.049000000000000057e+02 3.958999999999999773e+02
2.801153846149999822e+02 3.958846153850000178e+02
3.042368421049999938e+02 3.977631578950000062e+02
4.482647058819999870e+02 3.972058823529999927e+02
2.916666666700000121e+01 3.977500000000000000e+02
3.810000000000000142e+01 3.981000000000000227e+02
5.740000000000000000e+02 3.992142857140000274e+02
8.661111111099999960e+01 3.998333333329999846e+02
1.558684210529999916e+02 4.007105263160000277e+02
3.692826086960000112e+02 4.035869565219999799e+02
5.073000000000000114e+02 4.030000000000000000e+02
5.565499999999999545e+02 4.036000000000000227e+02
4.278529411760000016e+02 4.055000000000000000e+02
3.316999999999999886e+02 4.070000000000000000e+02
4.073666666670000041e+02 4.069666666670000268e+02
5.317857142860000295e+02 4.070000000000000000e+02
1.363499999999999943e+02 4.098000000000000114e+02
3.863333333329999846e+02 4.085833333329999846e+02
9.500000000000000000e+01 4.102142857140000274e+02
1.178846153850000036e+02 4.101153846149999822e+02
4.755000000000000000e+02 4.105000000000000000e+02
4.883999999999999773e+02 4.114499999999999886e+02
2.447857142860000010e+02 4.120000000000000000e+02
2.035000000000000000e+02 4.126999999999999886e+02
2.615500000000000114e+02 4.133999999999999773e+02
5.000000000000000000e-01 4.130000000000000000e+02
2.265869565220000084e+02 4.157173913039999888e+02
3.422500000000000000e+02 4.155500000000000114e+02
7.271428571399999896e+01 4.161428571430000147e+02
5.450789473679999446e+02 4.163947368419999862e+02
4.362142857140000274e+02 4.170000000000000000e+02
5.657500000000000000e+02 4.165833333329999846e+02
2.538888888900000040e+01 4.193333333329999846e+02
3.112857142859999726e+02 4.192142857140000274e+02
5.571052631599999927e+01 4.205000000000000000e+02
1.105999999999999943e+02 4.204499999999999886e+02
2.847500000000000000e+02 4.199375000000000000e+02
4.160789473680000015e+02 4.200789473680000015e+02
1.527500000000000000e+02 4.208333333329999846e+02
1.699615384619999929e+02 4.213461538459999929e+02
1.851153846150000106e+02 4.208846153850000178e+02
3.750789473680000015e+02 4.216052631580000138e+02
5.199117647059999854e+02 4.226176470589999781e+02
3.650000000000000000e+01 4.222142857140000274e+02
3.895000000000000000e+02 4.220000000000000000e+02
9.150000000000000000e+01 4.260000000000000000e+02
2.915000000000000000e+02 4.242142857140000274e+02
4.530000000000000000e+02 4.255833333329999846e+02
3.175000000000000000e+02 4.264375000000000000e+02
4.837777777779999724e+02 4.263333333329999846e+02
1.214285714000000072e+00 4.265000000000000000e+02
2.092777777780000008e+02 4.266111111110000138e+02
2.363421052630000077e+02 4.305526315789999785e+02
5.732142857139999705e+02 4.300000000000000000e+02
3.236111111110000138e+02 4.317777777779999724e+02
3.451923076919999858e+02 4.315769230770000036e+02
3.625000000000000000e+02 4.306666666670000154e+02
2.639545454550000159e+02 4.318636363640000013e+02
1.284090909090000139e+02 4.334090909089999855e+02
5.371000000000000227e+02 4.348999999999999773e+02
5.574090909090000423e+02 4.351363636359999987e+02
7.059999999999999432e+01 4.368000000000000114e+02
1.755526315790000069e+02 4.365526315789999785e+02
3.891999999999999886e+02 4.356999999999999886e+02
1.935000000000000000e+02 4.373000000000000114e+02
2.785000000000000000e+02 4.362142857140000274e+02
4.285000000000000000e+02 4.368333333329999846e+02
4.943181818180000278e+02 4.365909090910000145e+02
2.320000000000000000e+02 4.380000000000000000e+02
2.621428571430000147e+02 4.382857142859999726e+02
5.055555555600000162e+01 4.395000000000000000e+02
3.025434782610000184e+02 4.398913043480000056e+02
4.615000000000000000e+02 4.393000000000000114e+02
5.152142857139999705e+02 4.390000000000000000e+02
2.000000000000000000e+01 4.415000000000000000e+02
8.472222222199999919e+01 4.411111111110000138e+02
3.543000000000000114e+02 4.430000000000000000e+02
1.176904761899999983e+02 4.445476190480000014e+02
4.493421052630000077e+02 4.446578947369999923e+02
3.780000000000000000e+02 4.460000000000000000e+02
4.014285714289999873e+02 4.461428571430000147e+02
1.572500000000000000e+02 4.468750000000000000e+02
3.317173913039999888e+02 4.478913043480000056e+02
4.338636363640000013e+02 4.470454545449999841e+02
2.082272727270000132e+02 4.495454545449999841e+02
2.725000000000000000e+02 4.490000000000000000e+02
4.773750000000000000e+02 4.501666666670000154e+02
5.413823529410000219e+02 4.490882352940000146e+02
5.870000000000000000e+02 4.496250000000000000e+02
1.301315789470000084e+02 4.502368421049999938e+02
4.988999999999999773e+02 4.538999999999999773e+02
5.705909090909999577e+02 4.545909090910000145e+02
1.871250000000000000e+02 4.552500000000000000e+02
4.570882352940000146e+02 4.553823529410000219e+02
2.435909090909999861e+02 4.561363636359999987e+02
4.136176470589999781e+02 4.560882352940000146e+02
2.608846153850000178e+02 4.568846153850000178e+02
3.141153846149999822e+02 4.578846153850000178e+02
3.187500000000000000e+01 4.593750000000000000e+02
4.450000000000000178e+00 4.606000000000000227e+02
4.001818181819999722e+02 4.603636363640000013e+02
6.165789473699999945e+01 4.613421052630000077e+02
3.608333333329999846e+02 4.614166666670000154e+02
1.682142857139999990e+02 4.620000000000000000e+02
1.028750000000000000e+02 4.632500000000000000e+02
5.266250000000000000e+02 4.638125000000000000e+02
5.740000000000000000e+02 4.645000000000000000e+02
1.155909090910000003e+02 4.661363636359999987e+02
3.460000000000000000e+02 4.660000000000000000e+02
1.458846153849999894e+02 4.671153846149999822e+02
2.990000000000000000e+02 4.670000000000000000e+02
4.401250000000000000e+02 4.677500000000000000e+02
4.893421052630000077e+02 4.676578947369999923e+02
5.001000000000000227e+02 4.668999999999999773e+02
4.888461538499999648e+01 4.678846153850000178e+02
7.900000000000000000e+01 4.692142857140000274e+02
2.305000000000000000e+02 4.690000000000000000e+02
4.248999999999999773e+02 4.691000000000000227e+02
1.980769230800000003e+01 4.705769230770000036e+02
2.591153846149999822e+02 4.701153846149999822e+02
2.805000000000000000e+02 4.707666666669999813e+02
3.783888888889999862e+02 4.698333333329999846e+02
2.138888888889999862e+02 4.727777777779999724e+02
5.526000000000000227e+02 4.725500000000000114e+02
6.228571428600000104e+01 4.738571428569999853e+02
3.118999999999999773e+02 4.751000000000000227e+02
3.416176470589999781e+02 4.750882352940000146e+02
4.745000000000000000e+02 4.755000000000000000e+02
1.891153846150000106e+02 4.761153846149999822e+02
5.369375000000000000e+02 4.782500000000000000e+02
1.282222222219999992e+02 4.796111111110000138e+02
1.730000000000000000e+02 4.795000000000000000e+02
4.545000000000000000e+02 4.786999999999999886e+02
1.530000000000000000e+02 4.800000000000000000e+02
1.070000000000000000e+02 4.810000000000000000e+02
5.688333333330000414e+02 4.816250000000000000e+02
1.346153845999999987e+00 4.825000000000000000e+02
2.775588235289999943e+02 4.835588235289999943e+02
4.940000000000000000e+02 4.835000000000000000e+02
2.460999999999999943e+02 4.845666666669999927e+02
3.776818181819999722e+02 4.843181818180000278e+02
3.656250000000000000e+02 4.843750000000000000e+02
3.985000000000000000e+02 4.848333333329999846e+02
5.238636363639999445e+02 4.845909090910000145e+02
7.914285714300000052e+01 4.867142857140000274e+02
2.331153846150000106e+02 4.857307692310000107e+02
3.010000000000000000e+02 4.860000000000000000e+02
5.856250000000000000e+02 4.861875000000000000e+02
2.233461538459999929e+02 4.903461538459999929e+02
4.782647058819999870e+02 4.902647058819999870e+02
3.714705882399999837e+01 4.915000000000000000e+02
2.028333333330000130e+02 4.932500000000000000e+02
1.487857142860000010e+02 4.940000000000000000e+02
1.862142857139999990e+02 4.940000000000000000e+02
3.153823529410000219e+02 4.942058823529999927e+02
7.129999999999999716e+01 4.950000000000000000e+02
5.039615384620000214e+02 4.953461538459999929e+02
4.623666666670000041e+02 4.974333333330000073e+02
4.950000000000000000e+01 4.985000000000000000e+02
1.200000000000000000e+02 4.987857142859999726e+02
3.616818181819999722e+02 4.987727272729999868e+02
5.422999999999999545e+02 4.990000000000000000e+02
2.722222222000000080e+00 5.000000000000000000e+02
4.384230769229999964e+02 4.998076923080000142e+02
1.036176470590000065e+02 5.009117647059999854e+02
1.703000000000000114e+02 5.005000000000000000e+02
3.441666666670000154e+02 5.007500000000000000e+02
5.201153846150000390e+02 5.008846153850000178e+02
2.607941176470000073e+02 5.022647058819999870e+02
2.755000000000000000e+02 5.030000000000000000e+02
4.019444444439999984e+02 5.033888888889999862e+02
4.162500000000000000e+02 5.038750000000000000e+02
4.734375000000000000e+02 5.047500000000000000e+02
5.621666666669999586e+02 5.048333333329999846e+02
1.434999999999999964e+01 5.068000000000000114e+02
1.376333333329999959e+02 5.060333333329999732e+02
3.170454545449999841e+02 5.056818181819999722e+02
5.857500000000000000e+02 5.067500000000000000e+02
3.790000000000000000e+02 5.080000000000000000e+02
2.378333333330000130e+02 5.088333333329999846e+02
4.886111111110000138e+02 5.097777777779999724e+02
8.200000000000000000e+01 5.100000000000000000e+02
4.000000000000000000e+01 5.110000000000000000e+02
2.985909090910000145e+02 5.118636363640000013e+02
4.521363636359999987e+02 5.114090909089999855e+02
1.783666666670000041e+02 5.140333333329999732e+02
2.097352941180000130e+02 5.145588235290000512e+02
3.291363636359999987e+02 5.134090909090000423e+02
4.092777777779999724e+02 5.141111111110000138e+02
5.340000000000000000e+02 5.136666666669999586e+02
1.312142857139999990e+02 5.160000000000000000e+02
2.228076923079999858e+02 5.174230769230000533e+02
1.593571428570000137e+02 5.183095238099999733e+02
3.484090909089999855e+02 5.184090909090000423e+02
2.630000000000000000e+02 5.190000000000000000e+02
9.883333333299999879e+01 5.201666666669999586e+02
4.340000000000000000e+02 5.197857142860000295e+02
5.560454545449999841e+02 5.208636363639999445e+02
6.628947368400000073e+01 5.227631578949999493e+02
1.993823529409999935e+02 5.229705882350000365e+02
5.091842105260000153e+02 5.224473684209999647e+02
2.800000000000000000e+01 5.232142857139999705e+02
2.470000000000000000e+02 5.242777777779999724e+02
3.806999999999999886e+02 5.235000000000000000e+02
3.181000000000000227e+02 5.272500000000000000e+02
9.500000000000000000e+00 5.275000000000000000e+02
5.530000000000000000e+02 5.285000000000000000e+02
1.660000000000000000e+02 5.301666666669999586e+02
4.658333333329999846e+02 5.315000000000000000e+02
2.080000000000000000e+02 5.320000000000000000e+02
2.765454545449999841e+02 5.327727272729999868e+02
5.295952380950000133e+02 5.333095238099999733e+02
4.925000000000000000e+01 5.331250000000000000e+02
2.970000000000000000e+02 5.340000000000000000e+02
4.373750000000000000e+02 5.341875000000000000e+02
5.120000000000000000e+02 5.340000000000000000e+02
7.308823529400000041e+01 5.353823529410000219e+02
1.420882352939999862e+02 5.353823529410000219e+02
2.345000000000000000e+02 5.352894736839999723e+02
3.690294117650000203e+02 5.358529411759999448e+02
4.851111111110000138e+02 5.351111111110000138e+02
5.843421052630000077e+02 5.356578947369999923e+02
4.217857142859999726e+02 5.360000000000000000e+02
1.134090909089999997e+02 5.374090909090000423e+02
4.941000000000000227e+02 5.371000000000000227e+02
1.878809523809999860e+02 5.382619047619999719e+02
2.486363636400000132e+01 5.398181818179999709e+02
1.266176470590000065e+02 5.389117647059999854e+02
3.455000000000000000e+02 5.405000000000000000e+02
3.988333333329999846e+02 5.397500000000000000e+02
2.670000000000000000e+02 5.422142857139999705e+02
3.102692307689999893e+02 5.418846153849999610e+02
3.239210526319999985e+02 5.426052631579999570e+02
9.475000000000000000e+01 5.431250000000000000e+02
3.830000000000000000e+02 5.430000000000000000e+02
5.800000000000000000e+01 5.453750000000000000e+02
4.276999999999999886e+02 5.462999999999999545e+02
1.576250000000000000e+02 5.506875000000000000e+02
2.514523809519999986e+02 5.523095238099999733e+02
2.739117647059999854e+02 5.526176470589999781e+02
4.752777777779999724e+02 5.525555555559999448e+02
2.052647058819999870e+02 5.532647058820000439e+02
3.572222222199999919e+01 5.544444444440000552e+02
1.385000000000000000e+02 5.545000000000000000e+02
7.366666666999999613e+00 5.550333333329999732e+02
3.778999999999999773e+02 5.555666666670000495e+02
4.480000000000000000e+02 5.547857142860000295e+02
5.292142857139999705e+02 5.550000000000000000e+02
5.474523809519999986e+02 5.556904761900000267e+02
5.693999999999999773e+02 5.552000000000000455e+02
5.058999999999999773e+02 5.558999999999999773e+02
2.308333333330000130e+02 5.565833333330000414e+02
3.412142857140000274e+02 5.590000000000000000e+02
3.548333333329999846e+02 5.602333333330000187e+02
7.913636363599999868e+01 5.605909090909999577e+02
2.952272727270000132e+02 5.607727272729999868e+02
1.810000000000000000e+02 5.615000000000000000e+02
4.435000000000000000e+02 5.615000000000000000e+02
