5.264705882000000337e+00 2.794117647000000204e+00
4.850000000000000000e+01 2.000000000000000000e+00
7.550000000000000000e+01 5.000000000000000000e-01
8.650000000000000000e+01 5.000000000000000000e-01
4.336176470589999781e+02 1.911764706000000036e+00
1.805909090909999861e+02 3.727272726999999897e+00
2.807857142859999726e+02 3.880952381000000173e+00
3.528999999999999773e+02 2.899999999999999911e+00
1.515526315790000069e+02 4.552631578999999817e+00
5.819500000000000455e+02 4.400000000000000355e+00
3.742142857140000274e+02 6.023809523999999804e+00
2.576111111110000138e+02 6.777777777999999920e+00
5.258999999999999773e+02 6.099999999999999645e+00
4.724090909089999855e+02 6.863636364000000434e+00
2.280000000000000000e+02 7.700000000000000178e+00
4.126111111110000138e+02 8.777777778000000808e+00
5.112500000000000000e+02 8.750000000000000000e+00
3.650000000000000000e+01 9.000000000000000000e+00
4.463421052630000077e+02 9.552631578999999817e+00
4.921470588239999984e+02 9.500000000000000000e+00
5.575000000000000000e+02 1.069999999999999929e+01
7.600000000000000000e+01 1.200000000000000000e+01
9.014285714300000052e+01 1.271428571400000074e+01
3.888333333329999846e+02 1.205555555599999984e+01
1.952777777780000008e+02 1.300000000000000000e+01
3.007500000000000000e+02 1.375000000000000000e+01
4.253823529410000219e+02 1.308823529400000041e+01
4.571363636359999987e+02 1.259090909100000033e+01
2.370000000000000000e+02 1.400000000000000000e+01
3.298684210530000200e+02 1.397368421100000013e+01
1.812692307689999893e+02 1.488461538500000003e+01
5.468846153849999610e+02 1.488461538500000003e+01
1.392500000000000000e+02 1.812500000000000000e+01
5.660000000000000000e+02 1.800000000000000000e+01
1.083823529409999935e+02 2.020588235299999980e+01
2.131470588239999984e+02 2.002941176499999898e+01
5.168750000000000000e+02 2.175000000000000000e+01
1.270882352940000004e+02 2.361764705899999939e+01
5.773823529410000219e+02 2.291176470599999959e+01
2.709545454550000159e+02 2.486363636400000132e+01
4.908846153850000178e+02 2.688461538500000003e+01
2.344444444399999838e+01 2.872222222199999919e+01
3.572826086960000112e+02 2.841304347799999874e+01
4.700294117650000203e+02 2.879411764700000020e+01
5.587500000000000000e+01 2.975000000000000000e+01
1.618529411760000016e+02 2.950000000000000000e+01
1.978846153849999894e+02 2.911538461499999997e+01
3.218000000000000114e+02 2.935000000000000142e+01
3.742058823529999927e+02 2.938235294100000061e+01
7.806521739100000445e+01 3.067391304299999888e+01
1.090000000000000000e+02 3.078571428600000104e+01
3.947500000000000000e+02 3.212500000000000000e+01
5.397857142860000295e+02 3.200000000000000000e+01
3.840909090899999967e+01 3.313636363599999868e+01
3.678846153850000178e+02 3.388461538499999648e+01
4.121153846149999822e+02 3.411538461500000352e+01
5.220000000000000000e+02 3.450000000000000000e+01
2.164090909090000139e+02 3.513636363599999868e+01
2.576999999999999886e+02 3.500000000000000000e+01
2.848846153850000178e+02 3.473076923099999647e+01
3.385000000000000000e+02 3.537500000000000000e+01
3.060000000000000000e+02 3.600000000000000000e+01
5.011190476190000140e+02 3.673809523799999965e+01
4.350555555560000016e+02 3.761111111099999960e+01
5.885000000000000000e+02 3.785294117600000163e+01
3.811153846149999822e+02 3.788461538499999648e+01
9.259090909100000033e+01 3.959090909100000033e+01
1.460999999999999943e+02 3.910000000000000142e+01
2.429545454549999874e+02 3.913636363599999868e+01
4.507105263160000277e+02 3.913157894700000128e+01
1.464285714300000052e+01 4.030952381000000173e+01
1.805000000000000000e+02 3.983333333299999879e+01
7.011538461499999642e+01 4.111538461500000352e+01
5.572999999999999545e+02 4.129999999999999716e+01
4.835000000000000000e+02 4.314705882399999837e+01
1.221315789469999942e+02 4.628947368400000073e+01
1.581250000000000000e+02 4.675000000000000000e+01
4.030000000000000000e+02 4.600000000000000000e+01
2.950000000000000000e+02 4.800000000000000000e+01
5.378999999999999773e+02 4.810000000000000142e+01
3.627941176470000073e+02 4.961764705899999939e+01
1.380000000000000000e+02 5.027777777800000081e+01
3.349545454550000159e+02 4.986363636400000132e+01
3.973529411799999878e+01 5.132352941199999918e+01
2.665000000000000000e+02 5.100000000000000000e+01
3.560000000000000000e+02 5.100000000000000000e+01
5.731428571430000147e+02 5.171428571399999896e+01
2.557692307700000001e+01 5.219230769199999997e+01
4.383181818180000278e+02 5.231818181799999934e+01
6.361111111099999960e+01 5.305555555600000162e+01
3.898999999999999773e+02 5.310000000000000142e+01
4.238999999999999773e+02 5.510000000000000142e+01
3.617647058999999832e+00 5.479411764700000020e+01
3.182500000000000000e+02 5.508333333299999879e+01
4.603421052630000077e+02 5.544736842100000018e+01
2.016578947369999923e+02 5.644736842100000018e+01
2.285000000000000000e+02 5.750000000000000000e+01
4.944333333330000073e+02 5.729999999999999716e+01
8.711538461499999642e+01 5.788461538499999648e+01
1.906739130429999989e+02 5.893478260900000265e+01
5.676578947369999923e+02 5.834210526300000055e+01
1.108636363640000013e+02 5.895454545500000165e+01
5.180000000000000000e+02 5.900000000000000000e+01
1.231153846149999964e+02 5.988461538499999648e+01
3.824411764710000057e+02 6.073529411799999878e+01
2.825000000000000000e+02 6.100000000000000000e+01
5.470499999999999545e+02 6.160000000000000142e+01
5.342333333330000187e+02 6.216666666700000121e+01
1.617857142860000010e+02 6.300000000000000000e+01
5.815000000000000000e+02 6.300000000000000000e+01
2.149000000000000057e+02 6.643333333299999310e+01
2.456666666669999870e+02 6.661111111099999960e+01
2.549375000000000000e+02 6.612500000000000000e+01
3.986052631580000138e+02 6.650000000000000000e+01
4.773000000000000114e+02 6.550000000000000000e+01
3.429166666670000154e+02 6.675000000000000000e+01
3.484499999999999886e+02 6.940000000000000568e+01
2.088461538500000003e+01 7.011538461499999642e+01
4.162500000000000000e+01 7.081250000000000000e+01
4.466999999999999886e+02 7.000000000000000000e+01
1.521153846150000106e+02 7.311538461499999642e+01
2.970000000000000000e+02 7.378571428600000104e+01
3.152692307689999893e+02 7.411538461499999642e+01
1.943421052630000077e+02 7.539473684200000037e+01
7.200000000000000000e+01 7.600000000000000000e+01
2.696333333329999959e+02 7.603333333300000163e+01
4.307500000000000000e+02 7.587500000000000000e+01
2.802500000000000000e+02 7.784999999999999432e+01
4.113235294120000276e+02 7.755882352899999432e+01
4.945666666669999927e+02 7.690000000000000568e+01
4.833333332999999676e+00 8.050000000000000000e+01
1.141363636359999987e+02 8.004545454499999835e+01
1.828333333330000130e+02 8.126190476200000035e+01
2.271428571429999863e+02 8.042857142900000156e+01
5.106250000000000000e+02 8.031250000000000000e+01
4.653000000000000114e+02 8.183333333299999879e+01
4.826999999999999886e+02 8.229999999999999716e+01
2.844999999999999929e+01 8.340000000000000568e+01
9.938235294099999351e+01 8.338235294099999351e+01
3.856176470589999781e+02 8.291176470599999959e+01
5.725000000000000000e+02 8.300000000000000000e+01
2.398333333330000130e+02 8.283333333299999879e+01
2.615000000000000000e+02 8.428947368400000073e+01
3.355000000000000000e+02 8.485294117600000163e+01
5.397857142860000295e+02 8.400000000000000000e+01
5.310000000000000142e+01 8.490000000000000568e+01
1.321363636359999987e+02 8.459090909100000033e+01
1.546176470590000065e+02 8.561764705900000649e+01
3.614090909089999855e+02 8.740909090899999967e+01
2.143823529409999935e+02 8.808823529400000041e+01
4.305000000000000000e+02 9.050000000000000000e+01
3.090000000000000000e+02 9.121428571399999896e+01
5.559117647059999854e+02 9.161764705900000649e+01
1.740000000000000000e+02 9.200000000000000000e+01
1.138529411760000016e+02 9.350000000000000000e+01
4.531363636359999987e+02 9.259090909100000033e+01
2.918000000000000114e+02 9.440000000000000568e+01
5.328846153849999610e+02 9.526923076900000353e+01
4.982500000000000000e+02 9.616666666700000121e+01
5.861315789469999800e+02 9.671052631599999927e+01
1.061764705899999939e+01 9.708823529400000041e+01
1.948125000000000000e+02 9.762500000000000000e+01
5.811538461500000352e+01 9.788461538500000358e+01
7.795454545500000165e+01 9.786363636400000132e+01
4.747307692310000107e+02 9.811538461499999642e+01
5.657500000000000000e+02 9.975000000000000000e+01
2.324473684209999931e+02 1.012894736840000007e+02
1.312142857139999990e+02 1.020000000000000000e+02
3.433421052630000077e+02 1.023421052629999934e+02
4.109666666670000268e+02 1.026333333329999959e+02
4.553823529410000219e+02 1.020882352940000004e+02
5.470789473679999446e+02 1.021842105260000011e+02
4.568750000000000000e+01 1.046875000000000000e+02
9.418750000000000000e+01 1.056875000000000000e+02
1.512142857139999990e+02 1.050000000000000000e+02
2.713000000000000114e+02 1.052999999999999972e+02
4.948333333329999846e+02 1.058888888890000004e+02
3.744411764710000057e+02 1.063235294119999992e+02
2.082500000000000000e+02 1.081666666670000012e+02
2.483000000000000114e+02 1.075000000000000000e+02
4.272857142859999726e+02 1.081428571430000005e+02
3.309117647059999854e+02 1.093823529409999935e+02
1.712142857139999990e+02 1.100000000000000000e+02
3.136578947369999923e+02 1.106578947370000066e+02
3.881666666670000154e+02 1.122500000000000000e+02
5.607500000000000000e+02 1.131666666670000012e+02
1.270000000000000000e+02 1.140000000000000000e+02
5.335000000000000000e+02 1.145000000000000000e+02
1.904333333330000073e+02 1.149000000000000057e+02
2.875000000000000000e+02 1.150000000000000000e+02
5.178529411759999448e+02 1.149705882349999939e+02
2.508823529400000041e+01 1.166176470590000065e+02
2.436111111110000138e+02 1.153888888890000004e+02
1.040000000000000000e+02 1.180000000000000000e+02
3.360714285710000127e+02 1.195000000000000000e+02
7.210869565199999442e+01 1.204565217389999958e+02
1.486176470590000065e+02 1.199117647059999996e+02
3.589210526319999985e+02 1.206052631579999996e+02
4.000882352940000146e+02 1.216176470590000065e+02
4.478333333329999846e+02 1.213888888890000004e+02
4.741470588239999984e+02 1.225000000000000000e+02
8.966666667000000146e+00 1.233666666670000041e+02
5.853571428569999853e+02 1.234285714290000016e+02
2.628684210530000200e+02 1.249736842110000055e+02
2.247142857139999990e+02 1.251428571430000005e+02
3.147857142859999726e+02 1.250000000000000000e+02
5.514333333329999505e+02 1.249000000000000057e+02
4.691176470599999959e+01 1.263823529409999935e+02
1.632500000000000000e+02 1.260625000000000000e+02
4.266578947369999923e+02 1.273421052629999934e+02
5.025000000000000000e+02 1.275000000000000000e+02
8.879999999999999716e+01 1.277999999999999972e+02
1.177500000000000000e+02 1.282500000000000000e+02
1.730404761899999926e+02 1.481595238099999960e+02
2.097222222219999992e+02 1.300000000000000000e+02
4.461000000000000227e+02 1.300999999999999943e+02
5.255000000000000000e+02 1.302894736840000007e+02
1.287857142860000010e+02 1.312857142860000010e+02
2.791153846149999822e+02 1.321153846150000106e+02
4.705714285710000127e+02 1.320714285710000127e+02
5.736818181820000291e+02 1.333181818179999993e+02
7.386363636400000132e+01 1.354090909090000139e+02
3.738333333329999846e+02 1.357500000000000000e+02
4.811666666670000154e+02 1.359666666669999984e+02
2.999666666670000268e+02 1.373666666670000041e+02
4.657894737000000340e+00 1.384473684209999931e+02
2.311538461499999997e+01 1.381153846150000106e+02
3.400882352940000146e+02 1.386176470590000065e+02
2.360000000000000000e+02 1.392142857139999990e+02
5.420384615379999786e+02 1.393461538459999929e+02
3.898636363640000013e+02 1.395909090909999861e+02
1.712142857139999990e+02 1.410000000000000000e+02
4.066428571430000147e+02 1.426904761899999983e+02
3.561764705899999939e+01 1.429117647060000138e+02
2.545000000000000000e+02 1.428333333330000130e+02
3.142857142859999726e+02 1.428571428570000137e+02
5.796538461540000071e+02 1.429615384619999929e+02
1.456250000000000000e+02 1.458125000000000000e+02
5.064333333330000073e+02 1.474333333330000073e+02
1.225000000000000000e+02 1.480000000000000000e+02
3.576578947369999923e+02 1.483421052630000077e+02
5.400000000000000000e+01 1.495000000000000000e+02
2.162500000000000000e+02 1.491666666669999870e+02
2.351666666669999870e+02 1.494523809519999986e+02
6.576315789500000619e+01 1.507631578950000062e+02
1.984285714289999873e+02 1.512857142860000010e+02
3.325434782610000184e+02 1.522391304349999928e+02
3.917500000000000000e+02 1.511250000000000000e+02
4.268846153850000178e+02 1.508846153849999894e+02
5.548333333330000414e+02 1.512333333329999903e+02
2.490500000000000114e+02 1.525500000000000114e+02
4.790217391300000145e+02 1.539782608700000139e+02
7.912500000000000000e+01 1.547500000000000000e+02
4.552500000000000000e+02 1.549375000000000000e+02
5.693095238099999733e+02 1.566428571429999863e+02
9.891176470599999959e+01 1.573823529409999935e+02
2.684499999999999886e+02 1.575999999999999943e+02
7.375000000000000000e+00 1.581250000000000000e+02
1.439285714289999873e+02 1.584285714289999873e+02
3.048684210530000200e+02 1.587105263159999993e+02
5.225000000000000000e+02 1.575000000000000000e+02
2.839375000000000000e+02 1.592500000000000000e+02
4.810000000000000000e+02 1.585000000000000000e+02
3.781153846149999822e+02 1.611153846150000106e+02
1.812083333330000130e+02 1.635000000000000000e+02
4.976000000000000227e+02 1.631999999999999886e+02
2.769285714289999873e+02 1.636428571429999863e+02
4.437857142859999726e+02 1.640000000000000000e+02
5.398571428569999853e+02 1.642142857139999990e+02
2.110833333330000130e+02 1.662500000000000000e+02
3.251000000000000227e+02 1.660999999999999943e+02
3.491153846149999822e+02 1.661153846150000106e+02
4.039545454550000159e+02 1.661363636359999987e+02
5.123750000000000000e+02 1.678750000000000000e+02
2.700000000000000000e+01 1.687222222219999992e+02
4.675000000000000000e+01 1.681666666669999870e+02
2.898000000000000114e+02 1.673000000000000114e+02
1.246333333329999959e+02 1.690333333330000016e+02
4.276176470589999781e+02 1.689117647060000138e+02
4.780714285710000127e+02 1.703095238100000017e+02
4.561111111110000138e+02 1.711666666669999870e+02
6.205882352999999796e+00 1.720882352939999862e+02
1.528846153849999894e+02 1.731153846150000106e+02
7.250000000000000000e+01 1.745000000000000000e+02
1.015000000000000000e+02 1.740000000000000000e+02
5.613666666670000041e+02 1.739666666669999984e+02
5.862222222220000276e+02 1.756111111110000138e+02
3.357857142859999726e+02 1.770000000000000000e+02
4.700000000000000178e+00 1.793000000000000114e+02
2.498000000000000114e+02 1.794000000000000057e+02
3.546578947369999923e+02 1.796578947369999923e+02
2.200000000000000000e+01 1.800000000000000000e+02
3.901666666670000154e+02 1.805000000000000000e+02
3.779117647059999854e+02 1.816176470590000065e+02
8.676666666699999553e+01 1.821666666669999870e+02
2.052368421049999938e+02 1.832368421049999938e+02
4.980882352940000146e+02 1.846176470590000065e+02
5.403333333330000414e+02 1.846111111110000138e+02
1.541315789470000084e+02 1.852894736840000007e+02
1.725526315790000069e+02 1.853421052630000077e+02
4.691153846149999822e+02 1.851153846150000106e+02
5.211470588240000552e+02 1.855000000000000000e+02
2.846111111110000138e+02 1.862222222219999992e+02
3.640476190500000087e+01 1.880714285710000127e+02
2.990882352940000146e+02 1.886176470590000065e+02
4.845555555560000016e+02 1.882777777780000008e+02
5.733823529410000219e+02 1.879117647060000138e+02
2.233823529409999935e+02 1.889117647060000138e+02
2.502058823529999927e+02 1.896176470590000065e+02
4.430000000000000000e+02 1.890000000000000000e+02
1.190000000000000000e+02 1.905000000000000000e+02
4.100000000000000000e+02 1.900000000000000000e+02
5.563636363599999868e+01 1.919545454549999874e+02
3.167142857140000274e+02 1.922857142860000010e+02
1.069999999999999929e+01 1.925000000000000000e+02
1.833000000000000114e+02 1.935000000000000000e+02
2.725909090910000145e+02 1.941363636359999987e+02
4.230333333329999732e+02 1.943666666670000041e+02
2.015000000000000000e+02 1.965000000000000000e+02
1.060000000000000000e+02 1.977222222219999992e+02
8.437500000000000000e+01 1.981250000000000000e+02
4.990000000000000000e+02 1.982142857139999990e+02
5.605000000000000000e+02 1.985000000000000000e+02
5.898333333330000414e+02 1.979444444439999984e+02
7.710526316000000158e+00 2.018684210529999916e+02
6.261764705899999939e+01 2.009117647060000138e+02
1.317500000000000000e+02 2.008333333330000130e+02
3.391499999999999773e+02 2.011500000000000057e+02
2.881250000000000000e+02 2.032500000000000000e+02
3.793750000000000000e+02 2.038125000000000000e+02
4.507500000000000000e+02 2.031666666669999870e+02
1.462222222219999992e+02 2.043888888889999862e+02
2.199545454549999874e+02 2.045000000000000000e+02
3.510333333329999732e+02 2.046333333329999959e+02
1.660000000000000000e+02 2.050000000000000000e+02
3.940000000000000000e+02 2.047857142860000010e+02
4.675000000000000000e+02 2.055000000000000000e+02
5.380000000000000000e+02 2.050000000000000000e+02
8.471428571399999896e+01 2.058571428570000137e+02
4.125000000000000000e+02 2.062894736840000007e+02
1.894411764710000057e+02 2.086764705880000008e+02
4.521428571399999896e+01 2.090000000000000000e+02
2.555000000000000000e+02 2.095000000000000000e+02
2.933571428569999853e+02 2.096904761899999983e+02
2.410384615380000071e+02 2.103461538459999929e+02
4.783125000000000000e+02 2.100000000000000000e+02
5.221153846150000390e+02 2.121153846150000106e+02
3.823888888889999862e+02 2.138333333330000130e+02
4.370000000000000000e+02 2.142142857139999990e+02
2.188095238100000017e+01 2.154523809519999986e+02
3.148750000000000000e+02 2.157500000000000000e+02
3.696578947369999923e+02 2.153421052630000077e+02
1.125000000000000000e+00 2.157500000000000000e+02
9.615000000000000568e+01 2.169499999999999886e+02
1.210999999999999943e+02 2.159000000000000057e+02
5.018846153850000178e+02 2.157307692310000107e+02
5.730000000000000000e+02 2.162142857139999990e+02
7.313636363599999868e+01 2.165909090909999861e+02
1.571153846150000106e+02 2.171153846150000106e+02
2.692500000000000000e+02 2.177500000000000000e+02
3.454499999999999886e+02 2.175999999999999943e+02
1.315000000000000000e+02 2.200000000000000000e+02
4.497857142859999726e+02 2.201428571429999863e+02
2.851999999999999886e+02 2.265099999999999909e+02
2.081363636359999987e+02 2.225909090909999861e+02
2.331153846150000106e+02 2.231153846150000106e+02
5.286000000000000227e+02 2.238000000000000114e+02
5.541000000000000227e+02 2.240999999999999943e+02
5.870000000000000000e+02 2.245000000000000000e+02
6.031818181799999934e+01 2.263181818179999993e+02
1.500000000000000000e+02 2.260000000000000000e+02
1.730000000000000000e+02 2.260000000000000000e+02
4.080000000000000000e+02 2.257857142860000010e+02
3.050000000000000000e+01 2.270714285710000127e+02
4.935000000000000000e+02 2.291500000000000057e+02
5.670714285709999558e+02 2.291190476190000140e+02
1.976111111110000138e+02 2.297777777780000008e+02
2.471086956519999944e+02 2.301521739130000128e+02
4.272894736839999723e+02 2.305526315790000069e+02
3.241999999999999886e+02 2.316500000000000057e+02
3.973529411799999878e+01 2.320882352939999862e+02
1.320000000000000000e+02 2.325000000000000000e+02
3.091428571430000147e+02 2.322142857139999990e+02
4.709705882349999797e+02 2.331470588239999984e+02
1.020000000000000000e+02 2.342142857139999990e+02
4.495000000000000000e+02 2.335000000000000000e+02
3.646818181819999722e+02 2.353181818179999993e+02
3.939210526319999985e+02 2.356052631580000138e+02
5.172500000000000000e+02 2.348333333330000130e+02
2.676111111110000138e+02 2.372222222219999992e+02
7.773529411799999878e+01 2.387352941180000130e+02
5.571875000000000000e+02 2.386875000000000000e+02
1.139473684200000037e+01 2.399210526319999985e+02
1.613666666670000041e+02 2.396999999999999886e+02
2.865000000000000000e+02 2.406052631580000138e+02
2.260000000000000000e+02 2.425000000000000000e+02
6.121428571399999896e+01 2.430000000000000000e+02
5.905000000000000000e+02 2.415000000000000000e+02
2.704499999999999886e+02 2.464000000000000057e+02
2.908823529400000041e+01 2.472647058819999870e+02
2.092142857139999990e+02 2.470000000000000000e+02
3.509166666670000154e+02 2.465833333330000130e+02
4.496176470589999781e+02 2.469117647060000138e+02
3.300000000000000000e+02 2.480000000000000000e+02
4.023095238099999733e+02 2.484523809519999986e+02
4.282058823529999927e+02 2.487352941180000130e+02
5.316176470589999781e+02 2.479117647060000138e+02
1.831999999999999886e+02 2.491999999999999886e+02
2.384473684209999931e+02 2.493421052630000077e+02
3.650833333329999846e+02 2.487500000000000000e+02
5.108846153850000178e+02 2.491153846150000106e+02
5.746176470589999781e+02 2.490882352939999862e+02
1.479666666669999984e+02 2.506333333329999959e+02
1.942272727270000132e+02 2.510000000000000000e+02
3.763181818180000278e+02 2.506818181820000007e+02
4.692692307689999893e+02 2.508846153849999894e+02
4.892500000000000000e+02 2.528333333330000130e+02
3.070000000000000000e+02 2.540000000000000000e+02
4.250000000000000000e+01 2.560000000000000000e+02
8.173529411799999878e+01 2.567352941180000130e+02
1.112857142860000010e+02 2.558571428570000137e+02
2.858333333329999846e+02 2.562500000000000000e+02
2.236428571429999863e+02 2.573095238099999733e+02
1.320000000000000000e+02 2.580000000000000000e+02
3.901000000000000227e+02 2.581000000000000227e+02
5.413636363639999445e+02 2.585000000000000000e+02
1.704333333330000073e+02 2.588999999999999773e+02
3.590000000000000000e+02 2.625000000000000000e+02
4.983000000000000114e+02 2.626000000000000227e+02
2.488000000000000114e+02 2.643500000000000227e+02
1.480000000000000000e+02 2.647857142859999726e+02
4.077500000000000000e+02 2.648750000000000000e+02
5.856578947369999923e+02 2.653421052630000077e+02
1.450000000000000000e+01 2.668529411760000016e+02
3.500000000000000000e+01 2.675000000000000000e+02
6.265789473699999945e+01 2.676578947369999923e+02
1.161666666670000012e+02 2.672500000000000000e+02
4.342777777779999724e+02 2.670000000000000000e+02
5.628846153849999610e+02 2.668846153850000178e+02
1.021666666670000012e+02 2.685000000000000000e+02
8.218750000000000000e+01 2.693750000000000000e+02
1.851999999999999886e+02 2.696000000000000227e+02
5.230000000000000000e+02 2.692142857140000274e+02
3.131999999999999886e+02 2.703999999999999773e+02
4.570000000000000000e+02 2.712142857140000274e+02
2.135000000000000000e+02 2.725000000000000000e+02
5.046578947369999923e+02 2.723421052630000077e+02
3.780000000000000000e+02 2.730000000000000000e+02
4.416538461540000071e+02 2.740384615379999786e+02
2.770000000000000000e+02 2.752142857140000274e+02
3.051363636359999987e+02 2.744090909089999855e+02
4.800000000000000000e+02 2.747857142859999726e+02
4.951000000000000227e+02 2.751000000000000227e+02
3.343666666670000041e+02 2.769666666670000268e+02
1.310999999999999943e+02 2.781000000000000227e+02
1.138888888900000040e+01 2.797777777779999724e+02
1.577857142860000010e+02 2.790000000000000000e+02
3.970000000000000000e+02 2.790000000000000000e+02
1.749000000000000057e+02 2.808999999999999773e+02
2.418846153849999894e+02 2.811153846149999822e+02
5.405000000000000000e+02 2.805000000000000000e+02
6.434615384600000709e+01 2.849615384620000214e+02
3.150000000000000000e+02 2.850000000000000000e+02
3.652272727270000132e+02 2.846818181819999722e+02
5.691000000000000227e+02 2.848999999999999773e+02
2.298571428570000137e+02 2.874285714289999873e+02
4.356176470589999781e+02 2.870882352940000146e+02
4.690000000000000000e+02 2.880000000000000000e+02
4.850000000000000000e+01 2.890000000000000000e+02
9.290000000000000568e+01 2.888999999999999773e+02
2.507400000000000091e+02 2.898600000000000136e+02
3.476999999999999886e+02 2.900500000000000114e+02
4.055666666669999927e+02 2.898999999999999773e+02
5.509666666670000268e+02 2.905666666669999927e+02
3.135000000000000142e+01 2.913500000000000227e+02
1.140000000000000000e+02 2.910000000000000000e+02
2.693000000000000114e+02 2.910000000000000000e+02
2.866538461540000071e+02 2.914230769229999964e+02
3.869615384620000214e+02 2.921923076919999858e+02
1.822777777780000008e+02 2.930000000000000000e+02
5.308333333330000414e+02 2.927666666669999813e+02
4.243823529410000219e+02 2.943823529410000219e+02
4.910714285710000127e+02 2.963095238099999733e+02
3.006499999999999773e+02 2.980500000000000114e+02
5.858333333330000414e+02 2.973666666670000041e+02
6.783333333299999879e+01 2.982500000000000000e+02
2.075666666669999927e+02 2.981000000000000227e+02
3.666111111110000138e+02 2.982222222220000276e+02
2.500000000000000000e+00 2.993260869569999727e+02
2.359000000000000057e+02 2.988999999999999773e+02
1.551470588239999984e+02 3.009705882349999797e+02
4.558529411760000016e+02 3.009705882349999797e+02
1.283421052630000077e+02 3.033421052630000077e+02
3.343571428569999853e+02 3.031428571430000147e+02
5.569500000000000455e+02 3.033999999999999773e+02
1.456428571429999863e+02 3.045000000000000000e+02
1.722777777780000008e+02 3.044444444439999984e+02
3.821250000000000000e+02 3.042500000000000000e+02
4.003333333329999846e+02 3.046111111110000138e+02
5.122647058820000439e+02 3.047352941180000130e+02
2.596176470589999781e+02 3.049117647059999854e+02
2.808999999999999773e+02 3.048999999999999773e+02
3.172647058819999870e+02 3.062647058819999870e+02
2.008823529400000041e+01 3.076176470589999781e+02
4.853823529410000219e+02 3.070882352940000146e+02
2.260000000000000000e+02 3.085000000000000000e+02
9.537500000000000000e+01 3.098125000000000000e+02
4.710000000000000142e+01 3.101000000000000227e+02
7.750000000000000000e+01 3.105000000000000000e+02
4.448999999999999773e+02 3.125666666669999927e+02
5.747857142860000295e+02 3.130000000000000000e+02
1.826999999999999886e+02 3.135000000000000000e+02
2.040294117649999919e+02 3.148529411760000016e+02
3.437142857140000274e+02 3.138571428569999853e+02
1.187500000000000000e+02 3.152500000000000000e+02
5.300789473679999446e+02 3.156052631580000138e+02
1.658499999999999943e+02 3.175000000000000000e+02
4.667307692310000107e+02 3.171153846149999822e+02
5.033888888889999862e+02 3.177777777779999724e+02
7.288461538500000358e+01 3.178846153850000178e+02
5.572222222220000276e+02 3.183888888889999862e+02
2.995000000000000000e+02 3.195000000000000000e+02
2.382142857139999990e+02 3.200000000000000000e+02
3.328846153850000178e+02 3.208846153850000178e+02
3.666428571430000147e+02 3.236904761900000267e+02
3.980000000000000000e+02 3.237222222220000276e+02
2.747666666669999813e+02 3.258333333329999846e+02
3.115769230770000036e+02 3.251153846149999822e+02
4.148846153850000178e+02 3.251153846149999822e+02
4.279666666670000268e+02 3.256333333329999959e+02
5.296153846200000004e+01 3.263461538459999929e+02
5.676333333329999959e+02 3.260333333329999732e+02
9.575000000000000000e+01 3.272500000000000000e+02
4.683000000000000114e+02 3.265000000000000000e+02
5.155000000000000000e+02 3.275000000000000000e+02
5.833333332999999676e+00 3.285000000000000000e+02
3.018181818200000066e+01 3.299090909089999855e+02
1.317666666670000097e+02 3.291666666670000154e+02
2.161363636359999987e+02 3.285909090910000145e+02
3.745000000000000000e+02 3.290000000000000000e+02
4.823181818180000278e+02 3.286818181819999722e+02
5.886428571430000147e+02 3.293095238099999733e+02
2.010000000000000000e+02 3.315000000000000000e+02
1.465999999999999943e+02 3.324499999999999886e+02
2.533823529409999935e+02 3.345000000000000000e+02
4.110000000000000000e+02 3.365000000000000000e+02
4.452142857140000274e+02 3.360000000000000000e+02
3.035000000000000000e+02 3.371470588239999984e+02
7.696153846199999293e+01 3.383461538459999929e+02
1.836176470590000065e+02 3.379117647059999854e+02
1.052857142860000010e+02 3.391428571430000147e+02
2.364090909090000139e+02 3.388636363640000013e+02
5.060000000000000000e+02 3.390000000000000000e+02
3.496904761900000267e+02 3.411190476190000140e+02
3.091176470599999959e+01 3.416176470589999781e+02
2.825555555560000016e+02 3.412222222220000276e+02
5.511153846150000390e+02 3.408846153850000178e+02
8.700000000000000000e+01 3.425000000000000000e+02
5.330000000000000000e+02 3.430000000000000000e+02
5.765000000000000000e+02 3.430000000000000000e+02
3.221470588239999984e+02 3.445000000000000000e+02
2.172692307689999893e+02 3.453461538459999929e+02
4.707307692310000107e+02 3.462692307689999893e+02
5.396153846200000004e+01 3.466538461540000071e+02
1.770999999999999943e+02 3.481000000000000227e+02
3.970384615379999786e+02 3.488076923080000142e+02
4.269117647059999854e+02 3.483823529410000219e+02
3.623461538459999929e+02 3.490384615379999786e+02
3.781666666670000154e+02 3.492500000000000000e+02
4.878684210530000200e+02 3.499736842109999770e+02
2.519375000000000000e+02 3.507500000000000000e+02
5.257857142860000295e+02 3.498571428569999853e+02
1.502333333329999903e+02 3.511666666670000154e+02
1.976333333329999959e+02 3.509666666670000268e+02
5.879285714290000442e+02 3.525000000000000000e+02
4.475000000000000000e+02 3.535000000000000000e+02
1.245000000000000000e+02 3.547727272729999868e+02
3.370000000000000000e+02 3.542142857140000274e+02
4.087857142859999726e+02 3.560000000000000000e+02
5.007500000000000000e+02 3.561666666670000154e+02
9.599999999999999645e+00 3.578000000000000114e+02
3.334615384599999999e+01 3.572692307689999893e+02
5.526111111110000138e+02 3.571666666670000154e+02
1.060000000000000000e+02 3.580000000000000000e+02
2.301842105259999869e+02 3.584473684210000215e+02
5.160000000000000000e+02 3.582142857140000274e+02
5.400000000000000000e+02 3.580000000000000000e+02
6.692857142900000156e+01 3.595714285710000127e+02
2.107500000000000000e+02 3.591666666670000154e+02
8.340000000000000568e+01 3.618000000000000114e+02
2.666904761900000267e+02 3.615476190480000014e+02
4.309615384620000214e+02 3.616538461540000071e+02
2.977222222220000276e+02 3.641111111110000138e+02
5.813500000000000227e+02 3.648000000000000114e+02
1.204000000000000057e+02 3.658000000000000114e+02
3.711111111110000138e+02 3.658333333329999846e+02
3.992777777779999724e+02 3.665555555560000016e+02
4.500000000000000000e+01 3.670000000000000000e+02
3.205000000000000000e+02 3.666999999999999886e+02
4.610882352940000146e+02 3.676176470589999781e+02
1.935000000000000000e+02 3.680000000000000000e+02
1.715666666669999927e+02 3.691000000000000227e+02
2.801666666670000154e+02 3.692500000000000000e+02
1.386818181820000007e+02 3.696818181819999722e+02
5.905000000000000000e+02 3.705000000000000000e+02
2.910000000000000142e+01 3.731800000000000068e+02
5.719230769199999997e+01 3.725769230770000036e+02
5.315000000000000000e+02 3.737352941180000130e+02
3.423333333329999846e+02 3.743888888889999862e+02
4.838999999999999773e+02 3.758999999999999773e+02
9.909999999999999432e+01 3.781000000000000227e+02
1.590000000000000000e+02 3.786875000000000000e+02
2.097500000000000000e+02 3.778750000000000000e+02
2.481999999999999886e+02 3.786000000000000227e+02
1.862500000000000000e+02 3.797500000000000000e+02
2.944130434780000201e+02 3.802826086960000112e+02
3.860000000000000000e+02 3.797222222220000276e+02
4.180882352940000146e+02 3.806176470589999781e+02
5.054090909089999855e+02 3.804090909089999855e+02
5.500789473679999446e+02 3.803947368419999862e+02
7.567647058800000082e+01 3.815588235289999943e+02
2.663888888889999862e+02 3.815000000000000000e+02
2.272857142860000010e+02 3.818571428569999853e+02
4.405000000000000000e+02 3.835000000000000000e+02
3.500000000000000000e+01 3.845000000000000000e+02
3.074090909089999855e+02 3.861363636359999987e+02
3.973823529410000219e+02 3.860882352940000146e+02
5.730000000000000000e+02 3.865000000000000000e+02
3.214473684210000215e+02 3.876578947369999923e+02
3.621000000000000227e+02 3.878999999999999773e+02
4.808684210530000200e+02 3.887105263160000277e+02
1.638529411760000016e+02 3.895000000000000000e+02
3.458999999999999773e+02 3.888999999999999773e+02
1.288529411760000016e+02 3.905000000000000000e+02
4.176578947369999923e+02 3.903421052630000077e+02
4.602857142859999726e+02 3.901428571430000147e+02
5.180000000000000000e+02 3.902142857140000274e+02
3.000000000000000000e+00 3.907857142859999726e+02
6.650000000000000000e+01 3.950000000000000000e+02
1.463333333330000130e+02 3.955000000000000000e+02
2.800000000000000000e+02 3.950000000000000000e+02
4.318333333329999846e+02 3.962500000000000000e+02
1.538888888900000040e+01 3.987777777779999724e+02
4.995000000000000000e+02 3.976999999999999886e+02
4.496666666699999837e+01 3.996333333329999959e+02
1.023125000000000000e+02 3.993750000000000000e+02
2.330882352939999862e+02 3.993823529410000219e+02
5.360000000000000000e+02 3.987857142859999726e+02
2.002692307689999893e+02 3.998846153850000178e+02
3.085000000000000000e+02 4.005000000000000000e+02
5.557105263160000277e+02 4.005000000000000000e+02
1.758333333330000130e+02 4.003888888889999862e+02
2.183000000000000114e+02 4.005000000000000000e+02
3.615000000000000000e+02 4.023260869569999727e+02
9.000000000000000000e+01 4.025000000000000000e+02
3.211538461500000352e+01 4.041153846149999822e+02
5.808999999999999773e+02 4.041000000000000227e+02
3.896999999999999886e+02 4.045000000000000000e+02
4.290000000000000000e+02 4.065000000000000000e+02
1.666578947369999923e+02 4.076578947369999923e+02
1.195000000000000000e+02 4.095000000000000000e+02
4.098529411760000016e+02 4.105000000000000000e+02
8.099999999999999645e+00 4.111000000000000227e+02
4.552500000000000000e+02 4.108750000000000000e+02
3.250000000000000000e+02 4.127857142859999726e+02
5.180000000000000000e+02 4.123000000000000114e+02
9.964285714300000052e+01 4.145000000000000000e+02
2.492500000000000000e+02 4.141666666670000154e+02
3.428000000000000114e+02 4.146000000000000227e+02
2.055000000000000000e+02 4.146999999999999886e+02
4.754473684210000215e+02 4.158157894739999847e+02
5.290384615379999786e+02 4.153461538459999929e+02
4.920000000000000000e+02 4.166999999999999886e+02
2.670882352940000146e+02 4.173823529410000219e+02
1.440555555560000016e+02 4.183888888889999862e+02
5.482058823529999927e+02 4.193823529410000219e+02
7.616666666700000121e+01 4.204166666670000154e+02
5.892142857139999705e+02 4.210000000000000000e+02
1.650000000000000000e+02 4.220000000000000000e+02
2.191190476190000140e+02 4.232619047619999719e+02
2.865000000000000000e+02 4.230000000000000000e+02
3.722368421049999938e+02 4.232368421049999938e+02
4.196578947369999923e+02 4.236578947369999923e+02
1.855833333330000130e+02 4.241666666670000154e+02
5.272222222199999919e+01 4.255555555560000016e+02
3.107857142859999726e+02 4.250000000000000000e+02
3.950000000000000000e+02 4.255000000000000000e+02
2.689999999999999858e+01 4.268999999999999773e+02
1.192619047620000003e+02 4.282142857140000274e+02
1.495000000000000000e+02 4.265000000000000000e+02
3.236538461540000071e+02 4.269615384620000214e+02
4.458999999999999773e+02 4.268999999999999773e+02
5.671666666669999586e+02 4.274166666670000154e+02
4.657173913039999888e+02 4.298478260869999872e+02
3.700000000000000000e+01 4.303000000000000114e+02
2.945000000000000000e+02 4.302142857140000274e+02
5.123235294119999708e+02 4.314411764710000057e+02
3.518999999999999773e+02 4.324333333330000073e+02
1.301666666669999870e+02 4.331666666670000154e+02
4.755555555560000016e+02 4.342777777779999724e+02
6.000000000000000000e+00 4.343000000000000114e+02
9.712500000000000000e+01 4.352500000000000000e+02
2.056999999999999886e+02 4.350000000000000000e+02
2.835000000000000000e+02 4.342142857140000274e+02
3.278684210530000200e+02 4.349736842109999770e+02
4.272777777779999724e+02 4.350000000000000000e+02
2.670000000000000000e+02 4.362142857140000274e+02
3.658333333329999846e+02 4.362500000000000000e+02
5.748846153849999610e+02 4.358846153850000178e+02
2.454523809519999986e+02 4.381190476190000140e+02
5.538636363639999445e+02 4.375909090910000145e+02
3.916111111110000138e+02 4.383888888889999862e+02
2.250000000000000000e+01 4.410000000000000000e+02
6.740909090899999967e+01 4.414090909089999855e+02
1.908333333330000130e+02 4.403888888889999862e+02
4.991153846149999822e+02 4.408846153850000178e+02
2.321666666669999870e+02 4.422500000000000000e+02
1.134047619050000009e+02 4.436904761900000267e+02
4.038999999999999773e+02 4.428999999999999773e+02
5.400000000000000000e+02 4.430000000000000000e+02
1.520999999999999943e+02 4.448999999999999773e+02
1.810000000000000000e+02 4.450000000000000000e+02
5.201153846150000390e+02 4.451153846149999822e+02
3.595000000000000000e+02 4.457857142859999726e+02
4.525000000000000000e+01 4.471250000000000000e+02
4.448529411760000016e+02 4.475000000000000000e+02
2.182894736840000007e+02 4.492368421049999938e+02
2.607857142859999726e+02 4.490000000000000000e+02
4.637857142859999726e+02 4.490000000000000000e+02
5.736428571430000147e+02 4.506904761900000267e+02
3.824090909089999855e+02 4.508636363640000013e+02
4.371666666670000154e+02 4.505833333329999846e+02
5.000000000000000000e-01 4.505000000000000000e+02
1.338529411760000016e+02 4.529705882349999797e+02
3.017500000000000000e+02 4.532500000000000000e+02
8.916666666700000121e+01 4.548333333329999846e+02
6.425000000000000000e+01 4.554499999999999886e+02
4.863888888889999862e+02 4.554444444439999984e+02
5.042647058819999870e+02 4.550882352940000146e+02
8.777777778000000808e+00 4.566111111110000138e+02
5.897000000000000455e+02 4.560000000000000000e+02
2.820000000000000000e+02 4.575000000000000000e+02
3.145000000000000000e+02 4.565000000000000000e+02
3.398000000000000114e+02 4.576000000000000227e+02
1.063666666670000041e+02 4.589666666670000268e+02
4.685476190480000014e+02 4.596904761900000267e+02
2.464090909090000139e+02 4.601363636359999987e+02
3.683461538459999929e+02 4.607307692310000107e+02
3.328571428600000104e+01 4.621428571430000147e+02
1.750000000000000000e+02 4.615000000000000000e+02
2.590000000000000000e+02 4.622142857140000274e+02
5.388750000000000000e+02 4.626250000000000000e+02
1.995000000000000000e+02 4.630000000000000000e+02
4.236250000000000000e+02 4.631875000000000000e+02
2.351666666669999870e+02 4.664166666670000154e+02
4.045000000000000000e+02 4.675000000000000000e+02
5.051363636359999987e+02 4.674090909089999855e+02
1.243181818179999993e+02 4.686818181819999722e+02
3.547857142859999726e+02 4.690000000000000000e+02
4.903421052630000077e+02 4.696578947369999923e+02
1.544166666669999870e+02 4.701666666670000154e+02
5.300000000000000000e+02 4.702777777779999724e+02
9.000000000000000000e+01 4.710000000000000000e+02
4.451000000000000227e+02 4.708999999999999773e+02
4.500000000000000000e+01 4.720000000000000000e+02
2.606333333329999959e+02 4.721666666670000154e+02
2.964473684210000215e+02 4.724473684210000215e+02
2.187500000000000000e+02 4.732500000000000000e+02
5.771470588240000552e+02 4.735000000000000000e+02
3.801363636359999987e+02 4.734090909089999855e+02
4.230000000000000000e+02 4.737857142859999726e+02
2.839666666670000268e+02 4.753666666670000041e+02
3.251666666670000154e+02 4.752500000000000000e+02
5.526052631579999570e+02 4.755000000000000000e+02
1.935000000000000000e+02 4.765000000000000000e+02
2.219230769199999997e+01 4.775000000000000000e+02
1.365000000000000000e+02 4.795000000000000000e+02
1.748750000000000000e+02 4.827500000000000000e+02
4.511363636359999987e+02 4.824090909089999855e+02
1.555666666669999927e+02 4.838999999999999773e+02
5.478750000000000000e+02 4.847500000000000000e+02
6.511538461499999642e+01 4.851153846149999822e+02
1.107000000000000028e+02 4.866333333329999959e+02
5.824444444440000552e+02 4.862777777779999724e+02
1.180000000000000071e+01 4.876499999999999773e+02
5.036250000000000000e+02 4.871250000000000000e+02
5.270000000000000000e+02 4.870000000000000000e+02
2.318846153849999894e+02 4.877307692310000107e+02
2.555000000000000000e+02 4.880000000000000000e+02
3.435000000000000000e+02 4.881666666670000154e+02
4.770000000000000000e+02 4.882777777779999724e+02
3.683750000000000000e+02 4.883750000000000000e+02
4.072500000000000000e+02 4.897500000000000000e+02
3.815714285710000127e+02 4.897142857140000274e+02
3.338235294100000061e+01 4.909117647059999854e+02
2.048846153849999894e+02 4.918846153850000178e+02
5.664523809519999986e+02 4.923095238099999733e+02
2.841250000000000000e+02 4.932500000000000000e+02
8.311538461499999642e+01 4.938846153850000178e+02
4.813888888889999862e+02 4.943333333329999846e+02
5.023333333299999737e+01 4.956999999999999886e+02
3.168529411760000016e+02 4.959705882349999797e+02
2.994230769229999964e+02 4.981923076919999858e+02
1.284333333330000073e+02 4.993000000000000114e+02
1.523000000000000114e+02 4.985000000000000000e+02
1.681999999999999886e+02 4.991000000000000227e+02
4.592142857140000274e+02 4.990000000000000000e+02
2.280000000000000000e+02 5.010000000000000000e+02
4.391666666670000154e+02 5.027500000000000000e+02
5.131578947000000390e+00 5.042894736839999723e+02
2.628999999999999773e+02 5.038999999999999773e+02
3.875000000000000000e+02 5.040000000000000000e+02
5.102142857140000274e+02 5.040000000000000000e+02
6.900000000000000000e+01 5.043000000000000114e+02
8.738888888900000040e+01 5.056666666670000154e+02
1.390000000000000000e+02 5.047857142859999726e+02
1.898846153849999894e+02 5.048846153850000178e+02
3.456428571430000147e+02 5.050000000000000000e+02
5.683461538459999929e+02 5.048076923080000142e+02
2.650000000000000000e+01 5.063823529410000219e+02
4.180000000000000000e+02 5.060000000000000000e+02
5.413888888889999862e+02 5.061666666670000154e+02
3.156818181819999722e+02 5.066818181819999722e+02
3.707500000000000000e+02 5.081666666670000154e+02
4.020000000000000000e+02 5.080000000000000000e+02
2.373181818179999993e+02 5.095909090910000145e+02
5.822777777779999724e+02 5.100000000000000000e+02
1.125952380949999991e+02 5.130714285709999558e+02
5.250000000000000000e+02 5.117857142859999726e+02
5.050000000000000000e+01 5.125000000000000000e+02
2.762333333330000187e+02 5.135666666670000495e+02
3.006999999999999886e+02 5.133999999999999773e+02
2.296818181820000007e+02 5.163181818179999709e+02
3.314166666670000154e+02 5.161666666669999586e+02
1.790000000000000000e+02 5.165000000000000000e+02
4.373461538459999929e+02 5.170384615379999786e+02
4.782857142859999726e+02 5.169285714290000442e+02
5.381666666669999586e+02 5.172500000000000000e+02
5.150000000000000000e+02 5.180000000000000000e+02
3.075000000000000000e+01 5.198125000000000000e+02
2.125000000000000000e+02 5.191470588240000552e+02
4.983999999999999773e+02 5.194500000000000455e+02
7.521428571399999896e+01 5.214523809519999986e+02
1.609399999999999977e+02 5.231000000000000227e+02
3.583095238099999733e+02 5.229285714290000442e+02
4.522500000000000000e+02 5.219166666669999586e+02
3.906999999999999886e+02 5.242000000000000455e+02
4.136176470589999781e+02 5.240882352940000146e+02
5.591666666669999586e+02 5.250000000000000000e+02
1.299000000000000057e+02 5.261000000000000227e+02
2.023823529409999935e+02 5.279117647059999854e+02
2.863181818180000278e+02 5.290000000000000000e+02
2.522058823529999927e+02 5.293823529410000219e+02
5.538888888900000040e+01 5.313333333330000414e+02
9.650000000000000000e+01 5.317352941179999561e+02
2.621153846149999822e+02 5.308846153849999610e+02
5.792894736839999723e+02 5.318684210530000200e+02
1.699000000000000057e+02 5.324333333329999505e+02
2.135000000000000000e+02 5.320000000000000000e+02
3.150000000000000000e+02 5.340000000000000000e+02
1.965789473699999945e+01 5.353421052630000077e+02
5.340789473679999446e+02 5.356052631579999570e+02
3.327777777800000081e+01 5.360000000000000000e+02
4.260333333329999732e+02 5.363666666670000041e+02
4.690000000000000000e+02 5.362777777779999724e+02
1.113095238100000017e+02 5.384523809519999986e+02
1.753000000000000114e+02 5.375000000000000000e+02
4.888750000000000000e+02 5.382500000000000000e+02
3.717777777779999724e+02 5.393888888889999862e+02
5.610000000000000000e+02 5.395000000000000000e+02
4.460333333329999732e+02 5.403666666670000041e+02
4.090000000000000000e+02 5.410000000000000000e+02
8.050000000000000000e+01 5.420000000000000000e+02
2.935000000000000000e+02 5.422999999999999545e+02
9.285714290000000037e-01 5.432142857139999705e+02
5.170000000000000000e+02 5.430000000000000000e+02
1.472333333329999903e+02 5.441666666669999586e+02
3.314523809519999986e+02 5.443095238099999733e+02
3.505000000000000000e+02 5.450000000000000000e+02
2.356111111110000138e+02 5.467777777779999724e+02
3.890000000000000000e+02 5.462142857139999705e+02
4.982222222220000276e+02 5.473888888889999862e+02
5.587500000000000000e+01 5.487500000000000000e+02
5.722500000000000000e+02 5.492500000000000000e+02
1.854000000000000057e+02 5.505499999999999545e+02
3.153181818180000278e+02 5.512272727270000132e+02
4.528076923080000142e+02 5.505000000000000000e+02
1.339736842110000055e+02 5.538684210530000200e+02
2.038333333330000130e+02 5.534166666669999586e+02
2.650000000000000000e+02 5.527857142860000295e+02
4.690294117650000203e+02 5.533823529410000219e+02
2.805625000000000000e+02 5.543750000000000000e+02
1.688125000000000000e+02 5.553750000000000000e+02
2.516176470590000065e+02 5.549117647059999854e+02
4.270000000000000000e+02 5.547857142860000295e+02
3.675000000000000000e+01 5.561250000000000000e+02
2.276818181820000007e+02 5.556818181820000291e+02
1.788461538500000003e+01 5.571153846150000390e+02
9.850000000000000000e+01 5.568750000000000000e+02
5.323181818179999709e+02 5.576818181820000291e+02
5.505000000000000000e+02 5.605000000000000000e+02
1.465000000000000000e+02 5.615000000000000000e+02
3.359117647059999854e+02 5.616176470589999781e+02
8.400000000000000000e+01 5.620000000000000000e+02
3.756176470589999781e+02 5.619117647059999854e+02
3.620000000000000000e+02 5.637000000000000455e+02
5.321428571399999896e+01 5.640714285709999558e+02
4.875000000000000000e+02 5.641250000000000000e+02
1.765000000000000000e+02 5.645000000000000000e+02
2.165000000000000000e+02 5.645000000000000000e+02
3.240000000000000000e+02 5.645000000000000000e+02
5.085000000000000000e+02 5.645000000000000000e+02
