6.255918110781921726e-01
5.374695319124234150e-01
4.452370514908690069e-01
4.942558465962096914e-01
2.987283895842971493e-01
8.075153024475678620e-01
4.420509500250109358e-01
2.925800419109223505e-01
7.801615100363745725e-01
3.800321461712798943e-01
4.933530041327762738e-01
3.549698200638511381e-01
5.166604952641116189e-01
4.392064349756563679e-01
6.536260992791127489e-01
3.813012024350697082e-01
6.492555007265101708e-01
4.284823972106288625e-01
3.415447190645504172e-01
3.635585067935505066e-01
2.977868995922101636e-01
3.473599435154210990e-01
5.707895120200212613e-01
5.651412469418044537e-01
4.575826395024396032e-01
5.634782011538346236e-01
3.444635677284335618e-01
5.962734354788961078e-01
3.431171771211551924e-01
4.612133750688660605e-01
7.007046875658458074e-01
5.692399236871552581e-01
3.710219710308786389e-01
7.346967323053656962e-01
5.073224078516160862e-01
5.234388409509720397e-01
3.612641849620075174e-01
2.384152582331520165e-01
5.645713412295705336e-01
5.465642963829568934e-01
7.671136854987032905e-01
5.469066146984769006e-01
5.963324559122447077e-01
3.974581666460910157e-01
7.035780510741318494e-01
5.349265528498494682e-01
5.751017606186423770e-01
4.254571067693870834e-01
4.935931408378342322e-01
5.586833422233237201e-01
5.878722355778678299e-01
4.777066993404246453e-01
2.625232830575101595e-01
5.057656977349904714e-01
5.994220628633977199e-01
5.957976278571566198e-01
5.065832756032759843e-01
5.085767453163174689e-01
5.941424197542233276e-01
5.327108993526408209e-01
4.871739132472194811e-01
4.413685229442640967e-01
3.328068045499685823e-01
6.943264167872369441e-01
4.998756385778042599e-01
4.933669706919050491e-01
6.995251883104007806e-01
4.699627971151187911e-01
5.348644728832474549e-02
5.283541039702492892e-01
5.688727343116286583e-01
6.504860694903977780e-01
4.202154730228968571e-01
3.456279057848352654e-01
4.244781161202930697e-01
6.445727369012121954e-01
6.125366087007630966e-01
4.502356565619960449e-01
5.480138203857141121e-01
4.933276777915800437e-01
5.487550693453553396e-01
3.360146229967169162e-01
2.289634957072590460e-01
4.580981025002646145e-01
3.247420818821566968e-01
4.056279815966132851e-01
5.575679047191763882e-01
3.807585551788374989e-01
3.474276908234150696e-01
2.977704986127891473e-01
6.884920610739684310e-01
5.484779860184032518e-01
5.345301883850401836e-01
5.176922993205379520e-01
2.182517073385294992e-01
5.255804040779719077e-01
3.554655898163603389e-01
3.816982167185696273e-01
5.101056403437547182e-01
7.088379734621055306e-01
4.209863218252287709e-01
6.542617973742244075e-01
5.092598862204198440e-01
5.048857769111660954e-01
2.852946340352071619e-01
4.119456184519918462e-01
6.279798687374062993e-01
6.229398977762750089e-01
2.540847968537081059e-01
6.249956916890688774e-01
4.280621498863961261e-01
6.558961888180541155e-01
6.788474028632025536e-01
7.971375276021819278e-01
4.543526078967170534e-01
2.824590675233229486e-01
6.831825923802605782e-01
5.710514849273005122e-01
4.330052923011544763e-01
3.231676284993327819e-01
4.471016072560787258e-01
5.069778224983436665e-01
3.546502470505155102e-01
5.829590329016813843e-01
4.231943392581891672e-01
5.642438178625188705e-01
5.070123429890580624e-01
6.090867867424512028e-01
7.024427563377242389e-01
4.241554561040767890e-01
4.324110700070886715e-01
4.193824957085496852e-01
6.597438492731000359e-01
4.770186789551256190e-01
7.168942839874830053e-01
6.805169235137462636e-01
7.490267750570187566e-01
3.273153064538534274e-01
2.795943045912836489e-01
4.896263323941196788e-01
4.704656891877623259e-01
4.087029601878686691e-01
5.672278019147556360e-01
4.500790957042732909e-01
4.854839956260221800e-01
4.594555239287845261e-01
2.421241821230641911e-01
5.609347866793656934e-01
5.062243519195774866e-01
5.032780625929331730e-01
6.749488556300380360e-01
5.190872446301821874e-01
5.018787562471271890e-01
6.779106213351298038e-01
5.888572248793995101e-01
5.873530674118170314e-01
3.592742594549882540e-01
6.688959089131736313e-01
3.317424468006806570e-01
4.548117726958120777e-01
4.002773090184037486e-01
5.421674003608363268e-01
2.857918259020104657e-01
5.451187323634150150e-01
4.714904738218794744e-01
3.518882004724150914e-01
5.759622354790907561e-01
3.126320914634599379e-01
5.555511471974117210e-01
5.630629131355409100e-01
4.469299780801354594e-01
4.482203239737461153e-01
5.101873207669582744e-01
6.814840813305060863e-01
5.159477035265709333e-01
4.831400072272062918e-01
4.691964932470393812e-01
3.808520736915870231e-01
2.801129466822769309e-01
4.438630355914408021e-01
6.747345856492574789e-01
5.939111078996706095e-01
4.651228563502705082e-01
5.046262357924100606e-01
3.998319296132817335e-01
4.027815440520225998e-01
6.207469069079714075e-01
4.574901497745629264e-01
6.894641173729858519e-01
5.174838003732435965e-01
5.102541058314979949e-01
4.647512490889835757e-01
5.361648157060860953e-01
4.915001165742871603e-01
7.918612679527057274e-01
4.363996624382444622e-01
5.829980732697459533e-01
7.642168947784206967e-01
4.895028882340526355e-01
5.422093478874328021e-01
3.995076392698924117e-01
4.229192666886429919e-01
4.711386391002923002e-01
4.163893301531023106e-01
5.022526209964530697e-01
4.941074251392603145e-01
5.067841436841795666e-01
4.710506880523748219e-01
5.581428932021708089e-01
4.696096136129410681e-01
7.983118071573862551e-01
4.416355871914179332e-01
4.587088276475954629e-01
3.307245885196392621e-01
4.737179273954577052e-01
2.977191848461657742e-01
6.369425999837725616e-01
3.043643714540651413e-01
6.486685492850632340e-01
5.076269373736641555e-01
4.008545606700137931e-01
6.644854678344200849e-01
5.993918702812084387e-01
6.572473863451724352e-01
3.426049409566658266e-01
4.358855848425238211e-01
4.338796560526212431e-01
4.602556448265864297e-01
4.603178828177545423e-01
5.138677167777156995e-01
3.342183536861964566e-01
7.971276336710688692e-01
7.152375831793478245e-01
3.901483885666854334e-01
8.344364401900481454e-01
5.609774800601605715e-01
4.418618472869693115e-01
2.984381182438438085e-01
4.421073312586729642e-01
5.998519117732248329e-01
6.339393717384853577e-01
2.963229393467154971e-01
4.004766367772809588e-01
3.403465995083365669e-01
3.837523907538578083e-01
7.127881922045573582e-01
4.742330765397888559e-01
6.356090354544319254e-01
2.502121861829929017e-01
6.114892394951518817e-01
6.664115664092806757e-01
4.281620074431065071e-01
5.388631672950905394e-01
4.561006335707109560e-01
4.071138707336516838e-01
4.992756953760852934e-01
6.066007272293423291e-01
4.736113161540607130e-01
7.468167443208348910e-01
7.152530595448762796e-01
4.460075309563060753e-01
2.758504835519632881e-01
5.231495476309020454e-01
6.329413894528204132e-01
5.705791847826795493e-01
5.474490431677461189e-01
3.733236900241916345e-01
6.187607002449262428e-01
3.838170616490681475e-01
5.396375631749597002e-01
5.082611371351879459e-01
4.751509860776947924e-01
3.599448934443234549e-01
4.167436136932252122e-01
4.602358734439020438e-01
4.670511106871166884e-01
4.996179827581670452e-01
4.842792269544382577e-01
6.623420949635183685e-01
4.925696991621915100e-01
3.139645382354072645e-01
3.618242168030398886e-01
9.014071355784745165e-01
5.669894609312373657e-01
5.434531584766002510e-01
5.551993895089990527e-01
5.419090323447641744e-01
2.762275061384618091e-01
5.289248561401000970e-01
5.226295260620081873e-01
5.182581512110593369e-01
1.443292350128555501e-01
4.075544773423120937e-01
5.275647670661951505e-01
7.073619568508411337e-01
5.249563971204551649e-01
6.931039067317650293e-01
5.395378347316239775e-01
4.811343127109404261e-01
4.530947193096306336e-01
4.468798141790060185e-01
3.337380708644914762e-01
2.965520352206250099e-01
3.880233272930324606e-01
4.480014569326120633e-01
6.625967384700286456e-01
4.485655442898681677e-01
4.385220710085679929e-01
-4.398751781583598586e-02
4.162014120454260446e-01
5.447266283267726550e-01
5.223064045487113560e-01
4.297150106924643165e-01
5.532681228842701859e-01
5.633328807127440108e-01
5.117062831546981272e-01
7.446877442567050309e-01
5.768518069291050931e-01
4.693612183848105968e-01
3.199384429489098292e-01
6.602108632206606931e-01
4.595991038312097210e-01
5.189387842166914844e-01
4.746200358980370293e-01
5.973952605197325738e-01
5.281298313309876757e-01
4.442117165702241799e-01
3.679332986552323881e-01
6.109287336013093928e-01
4.746775982721607168e-01
6.355010939686507321e-01
4.439453199761047575e-01
6.886252420221579129e-01
5.321101562903745030e-01
4.648630263997208800e-01
6.936542390726074814e-01
6.784858924368584177e-01
6.139387724659592926e-01
4.344387790785666503e-01
3.536435070059507080e-01
7.466304084115786832e-01
5.941059482249686496e-01
5.295475896645567282e-01
6.364029269981217318e-01
6.014085020574471141e-01
6.442547483079383852e-01
4.665264860826319193e-01
6.410506631503138930e-01
6.829037242499058635e-01
4.456496926218995736e-01
3.351385283518153457e-01
5.634083830870471044e-01
6.258959444636664760e-01
6.471607030861141752e-01
3.629675666498881625e-01
5.001084587542010684e-01
7.445115054194939574e-01
4.948055419616297357e-01
7.566604788305926199e-01
6.857207635889921438e-01
3.102635213590341223e-01
4.250907624230750859e-01
3.215790610488595824e-01
5.108551082899392970e-01
5.663516543777926682e-01
4.418393100822124442e-01
2.099491121009910977e-01
6.850706826409396211e-01
6.023205637624728936e-01
6.497779290762328852e-01
4.510665617657811932e-01
5.628782790595154850e-01
4.794158935520975717e-01
5.560712502651810052e-01
6.976824564330015299e-01
4.544878526689160037e-01
2.162660755544061342e-01
5.170052384691636860e-01
6.147725812165993897e-01
7.047334190619056749e-01
5.394523638260433351e-01
5.231678680115132707e-01
3.395017144190288771e-01
5.975957011411290321e-01
7.777375402112780556e-01
4.162099601060105236e-01
6.316040393415043308e-01
3.391450630745236339e-01
4.623182512937571431e-01
4.457516408669455199e-01
6.016725272804552826e-01
2.337829740191279537e-01
2.298327678808889107e-01
4.042882533457423655e-01
5.392864448343746009e-01
5.891806993933730308e-01
6.873697177942785785e-01
4.098861171593677355e-01
4.022290922567268723e-01
4.104731583298426578e-01
4.424269893109245011e-01
4.065007746488371598e-01
6.810467798072794565e-01
4.849593163102137172e-01
4.320991146027906016e-01
4.504468799735534823e-01
6.611788057507974603e-01
5.577249964731525456e-01
4.464835646149771797e-01
5.036449842829069379e-01
3.956456522050695312e-01
3.492660181965887567e-01
2.201295547160111443e-01
6.927939198339854165e-01
3.559934350913342982e-01
3.136388925770570157e-01
3.357781483559791891e-01
3.192225054418038610e-01
2.673296411265866368e-01
6.509573909668748826e-01
6.782737548952000317e-01
4.149459874162857442e-01
4.304048057104723490e-01
4.026264077488117543e-01
5.002899667777043202e-01
4.892140693572011312e-01
4.941688245392190648e-01
3.407446651995060805e-01
5.499553831750625399e-01
3.807275750845111606e-01
4.749124232854777805e-01
6.441847573317218689e-01
5.520866084081874625e-01
6.110574849200531844e-01
2.780974145545964671e-01
3.361137933372568831e-01
4.643612323923065333e-01
7.918034167080822971e-01
5.850497299538448548e-01
7.342088693889121664e-01
5.467106878229666123e-01
5.235534282690743613e-01
5.042232823658148178e-01
2.994126161218739757e-01
6.426243754976099787e-01
5.207010054087726214e-01
6.423515405086672736e-01
3.956694737782875393e-01
6.107847827466614810e-01
2.941201835475755200e-01
6.824204969605467408e-01
6.238999250906203109e-01
4.891105612219091014e-01
5.957789591485791458e-01
6.758581200464790495e-01
4.142922363718302137e-01
7.575124781298558929e-01
3.329459892885213712e-01
4.439923970659571673e-01
4.986382217288980456e-01
5.352240384744615387e-01
5.627882160233075304e-01
5.348305173087486430e-01
6.411305034172012363e-01
4.552696947770578095e-01
5.906452593077635704e-01
6.627128521351914880e-01
6.264402884945114991e-01
4.194761233707113846e-01
4.284666554643861147e-01
4.841301027623892139e-01
6.014548348533230726e-01
3.375320855215888649e-01
5.165915129517610893e-01
5.456742664331197812e-01
3.398255679466202217e-01
4.602521411014579567e-01
7.118651098776715980e-01
6.185407475533344357e-01
5.284236592891740081e-01
6.804177936275923599e-01
3.902897398483018421e-01
4.587994754636248729e-01
5.718015155562714558e-01
2.456768877372905724e-01
6.819150808941407682e-01
5.623929463799861583e-01
5.518393756365718161e-01
5.228940701525170986e-01
5.826146539230261379e-01
5.269348921408620878e-01
5.225979999177032820e-01
6.707401709988294325e-01
5.007395293275402892e-01
5.355721398131711997e-01
5.494438220890103253e-01
4.023531018891017830e-01
4.281809262033799968e-01
4.345375938274533834e-01
5.310823802792792314e-01
