1.556147692344636013e+00
1.426144243887823349e+00
1.621321742395831933e+00
1.680507123727285057e+00
1.675226850493271469e+00
1.549458328903980275e+00
1.601747531712876205e+00
1.652396096879378273e+00
1.638449019537936202e+00
1.595212474043332662e+00
1.711197002832741010e+00
1.489062942335055428e+00
1.565780009675171724e+00
1.563277877070699429e+00
1.428701734951612012e+00
1.605748184467161943e+00
1.700118547557194937e+00
1.577901406233879644e+00
1.238854964374678458e+00
1.467800000577622388e+00
1.446525859396489810e+00
1.575043075511210811e+00
1.583920348310459580e+00
1.536074659676836429e+00
1.528040463996011233e+00
1.589525393368845796e+00
1.550941974866361539e+00
1.301014207425444713e+00
1.713285655646701322e+00
1.664618656158058485e+00
1.869089103327701729e+00
1.453186684557653319e+00
1.301768590483761701e+00
1.265112106504060474e+00
1.516713530056895909e+00
1.387168343073742482e+00
1.644702114351024758e+00
1.265468571439212209e+00
1.205949294876849320e+00
1.581603632519506197e+00
1.499607148971351833e+00
1.803008467650978108e+00
1.516894534108629511e+00
1.287418812229813803e+00
1.309866535311648317e+00
1.579399134589774878e+00
1.489431715132967682e+00
1.534378500860458239e+00
1.562976637267122326e+00
1.377123196355255264e+00
1.323440041983330762e+00
1.814834432588179336e+00
1.564371471264146107e+00
1.937630312492253370e+00
1.544282245412797128e+00
1.357988478376470853e+00
1.615297527182480986e+00
1.579696455294915758e+00
1.366366650869741406e+00
1.348957345816653497e+00
1.611699100937018958e+00
1.517678007252151184e+00
1.293500098982562685e+00
1.252829670820206243e+00
1.672838258648904786e+00
1.503997079952568372e+00
1.480012795702088102e+00
1.547395454997436026e+00
1.489808539551543687e+00
1.343381478240643023e+00
1.409807834322829745e+00
1.627540566305077263e+00
1.689478994536435463e+00
1.342356712092446891e+00
1.385544816368373455e+00
1.432816683446910044e+00
1.530601827178203367e+00
1.046630129941148457e+00
1.444963848963279007e+00
1.556107444121886507e+00
1.260379968189840216e+00
1.449317374836464722e+00
1.436621059336566031e+00
1.432049268685112509e+00
1.598102088192012937e+00
1.486572269575055616e+00
1.429714583667397898e+00
1.633722667344403412e+00
1.599302353350309458e+00
1.774528293763635745e+00
1.628272574087610947e+00
1.616379817036996513e+00
1.544006359970035325e+00
1.619424900993851280e+00
1.369163669311088682e+00
1.470284296175416117e+00
1.777883852432829537e+00
1.370727767042085210e+00
2.056817571798918554e+00
1.644049973497792694e+00
1.375730798279446887e+00
1.706057553174744834e+00
1.567593852937172905e+00
1.621655027539818938e+00
1.631822993042853165e+00
1.197426136519634365e+00
1.451329392422792797e+00
1.513363951641853555e+00
1.975014877172619476e+00
1.385572331093609888e+00
1.489391283723568993e+00
1.455796946963878069e+00
1.538129039552885047e+00
1.481632268859772950e+00
1.696940242782421615e+00
1.379033429259263421e+00
1.496516630038437379e+00
1.142099074458355457e+00
1.439900163371938824e+00
1.554634631177100434e+00
1.693999827370911593e+00
1.608305926558900367e+00
1.474049130099709837e+00
1.310322196204865008e+00
1.576133836888204520e+00
1.644526124482827534e+00
1.343538559511440855e+00
1.643502163260983640e+00
1.748731928426410676e+00
1.847551222365066970e+00
1.250657727351192960e+00
1.431244488469332277e+00
1.379973454431104196e+00
1.526538494764527520e+00
1.400236198406248800e+00
1.188858916226120943e+00
1.606465095640299046e+00
1.794524906487815930e+00
1.623186232387018535e+00
1.920062607033169444e+00
1.245611253482873604e+00
1.461894064598442178e+00
1.463456657692305374e+00
1.724152524173837797e+00
1.563809170680025451e+00
1.758135863696871359e+00
1.504640146065904016e+00
1.380922593054382697e+00
1.556707608250971875e+00
1.681089416788343893e+00
1.696647674154326602e+00
1.681032976287686109e+00
1.404451676844982844e+00
1.673328691662969714e+00
1.648137468389627269e+00
1.271953400197347595e+00
1.358533123088019323e+00
1.422387259489927391e+00
1.686668614089042784e+00
1.627053264788592024e+00
1.414982358996377698e+00
1.613503167142009920e+00
1.611471286784867951e+00
1.237118010806838031e+00
1.648703130559252550e+00
1.665220929777583070e+00
1.268075092862216868e+00
1.467331254441315735e+00
1.201379162377248955e+00
1.395492396564444793e+00
1.444736239967481906e+00
1.681241295157601012e+00
1.516353954193484510e+00
1.672422635894596166e+00
1.718817377318796691e+00
1.661064476602889251e+00
1.649242006212046308e+00
1.522626498126465444e+00
1.196763646282466453e+00
1.784047813184983067e+00
1.867007040293263698e+00
1.413043988693096553e+00
1.509006502379956149e+00
1.402577089680588696e+00
1.494514719184834473e+00
1.526424656184943496e+00
1.607983474433626769e+00
1.300698281297771430e+00
1.838136174771004772e+00
1.563077160635918839e+00
1.638300608809350134e+00
1.625861089734927711e+00
1.367132739089822246e+00
1.660819268533731075e+00
1.444934254331556422e+00
1.918135389992860151e+00
1.336515607290991614e+00
1.185748031048831974e+00
1.502297843168232117e+00
1.514160440800766505e+00
1.459816767496547429e+00
1.680337442263712511e+00
1.574686103496967693e+00
1.501535191791530943e+00
1.626136564440604726e+00
1.684085502729824491e+00
1.269967074755558478e+00
1.425057823464272344e+00
1.374039512045358569e+00
1.667447387912558199e+00
1.445641264614704324e+00
1.412728720812615357e+00
1.524586681523352860e+00
1.165825057869093406e+00
1.358097438669422008e+00
1.407450058514828406e+00
1.581802080441298664e+00
1.469655192070456362e+00
1.389553352533217989e+00
1.596936615827360795e+00
1.535286750830859193e+00
1.429904484626424832e+00
1.384222232036754541e+00
1.417589994215769478e+00
1.726704586122049356e+00
1.269645566818492721e+00
1.639350724262142123e+00
1.472414554223461014e+00
1.454995972573311480e+00
1.506580257105697207e+00
1.542088413107028044e+00
1.368057525385584672e+00
1.480618286618446966e+00
1.507404532263237229e+00
1.455085499940837135e+00
1.528971026326739757e+00
1.733451276492872895e+00
1.039978616837827330e+00
1.664416616659812664e+00
1.857729055392912221e+00
1.383438744498816320e+00
1.480742914845837532e+00
1.545488888633880231e+00
1.808414648507623346e+00
1.149483503991682198e+00
1.192556692050675160e+00
1.603155591030295035e+00
1.294380813011361431e+00
1.615940296293989276e+00
1.365747979574752247e+00
1.439383354713341001e+00
1.424479830081610832e+00
1.498232100091654972e+00
1.488807174935708577e+00
1.287736946286591522e+00
1.414825209852231147e+00
1.175945293012029325e+00
1.748031795296832946e+00
1.506039945025131388e+00
1.354056032607167781e+00
1.547177718521247858e+00
1.580236510442366793e+00
1.302015981468430228e+00
1.424269192178190702e+00
1.697965422088569376e+00
1.455077025415567604e+00
1.289566625470655925e+00
1.438442101872017487e+00
1.550775422818641669e+00
1.715954453507963384e+00
1.357917702061773868e+00
1.713186153804187484e+00
1.420712157006944754e+00
1.801658030234170482e+00
1.650304239525396621e+00
1.499777961811005422e+00
1.677688381826897279e+00
1.430880232178022071e+00
1.327965869454733383e+00
1.459942534459511609e+00
1.591277969965601891e+00
1.303270128433443809e+00
1.577261460374904445e+00
1.531419146877690540e+00
1.511286521780733860e+00
1.670791475410455806e+00
1.384652151970842127e+00
1.410420418224165529e+00
1.398917328680876260e+00
1.464939363301095643e+00
1.652804485716829364e+00
1.288259731629527671e+00
1.590011704175904983e+00
1.841767799613736267e+00
1.307862502499285373e+00
1.327362650203157024e+00
1.356579234412238044e+00
1.419022126333908673e+00
1.341828943397066709e+00
1.856064977195930776e+00
1.540749826731833139e+00
1.591784793417317934e+00
1.686844809503919018e+00
1.313516047446235513e+00
1.456274881142230360e+00
1.577036990763652780e+00
1.239494803752240193e+00
1.661107075623895035e+00
1.345810098533296584e+00
1.474147968364538208e+00
1.488818739103201505e+00
1.417131102197323411e+00
1.282071718654880677e+00
1.205603426268640810e+00
1.532190441501592337e+00
1.284777121740069639e+00
1.726676602961377371e+00
1.609770252134113289e+00
1.595528960819314168e+00
1.458498604350232153e+00
1.238894359388362343e+00
1.495555053509152410e+00
1.468055709430969635e+00
1.320800868420795693e+00
1.219912486964852327e+00
1.436076148514910944e+00
1.616536993024884294e+00
1.492206077605816805e+00
1.672871010835923045e+00
1.712380463015020116e+00
1.524060437071202756e+00
1.510256419916223392e+00
1.524105472611982925e+00
1.390333531874139883e+00
1.480039135120418070e+00
1.439433992015426211e+00
1.524934767624964937e+00
1.710619870782164931e+00
1.774302520162914121e+00
1.417504947255659786e+00
1.640298254278535817e+00
1.441590354228313942e+00
1.586129963313868796e+00
1.333071897236746572e+00
1.748103570527100192e+00
1.556205449442341848e+00
1.301561013292114044e+00
1.626479989909344503e+00
1.439810657597437871e+00
1.728974107769030377e+00
1.378070142575284596e+00
1.599700405158560379e+00
1.601058402455944885e+00
1.601059792628076739e+00
1.376530524787902943e+00
1.284655106411707548e+00
1.345942930649377312e+00
1.482552840952037210e+00
1.459364041978656434e+00
1.402698898306898423e+00
1.493564232653238566e+00
1.459147861008195823e+00
1.644615428105773880e+00
1.627390862032509045e+00
1.397668019748047330e+00
1.520860767284027082e+00
1.653322952903216292e+00
1.424398449006312628e+00
1.523883425113212065e+00
1.235500889269297353e+00
1.631827661668085794e+00
1.335257077921422786e+00
1.710243490026700064e+00
1.812483070301087906e+00
1.739480530168037609e+00
1.530796157345330588e+00
1.606541940804353974e+00
1.523772201863051068e+00
1.508665114341698033e+00
1.494524546469061299e+00
1.475044293499243375e+00
1.576600934982594904e+00
1.357768656750752978e+00
1.185522391445086310e+00
1.303907225085567667e+00
1.570130548512707058e+00
1.607078013463354660e+00
1.561952006893972289e+00
1.904108291426710453e+00
1.475036456405447449e+00
1.448885132355134386e+00
1.301113389343962146e+00
1.166897620554460779e+00
1.662339052307784559e+00
1.425822457013764755e+00
1.719195997879726434e+00
1.420141446977302602e+00
1.470651329100763238e+00
1.477911754935223421e+00
1.497931592290206559e+00
1.491289614177821132e+00
1.668322789479723012e+00
1.392429656217929690e+00
1.558954775234860479e+00
1.638153973804630237e+00
1.500396648625388796e+00
1.088778944328452347e+00
1.556705419512059763e+00
1.589905500034247909e+00
1.160484514834288827e+00
1.559264172885613586e+00
1.684792759220206104e+00
1.698891617171573998e+00
1.472823440595414368e+00
1.484811745041412223e+00
1.447608580756880148e+00
1.748722951196167275e+00
1.561334850264755492e+00
1.350277428589550022e+00
1.589361973141828255e+00
1.402426192839938857e+00
1.611391848822074202e+00
1.440601199941686339e+00
1.360510515407360899e+00
1.594796973097815540e+00
1.463797310867029244e+00
1.512036159655479661e+00
1.535799615794933404e+00
1.625425296351818538e+00
1.620014974036797284e+00
1.443871838336425073e+00
1.366684601087373219e+00
1.781475212049181467e+00
1.355701035076667837e+00
1.610143563899282704e+00
1.286863512633104722e+00
1.703509228362529715e+00
1.602644844021233084e+00
1.552253529814513922e+00
1.534094287172030002e+00
1.551831402430775775e+00
1.624249558431546170e+00
1.260906585145606496e+00
1.178859531444045095e+00
1.832137749706546082e+00
1.676547103892751522e+00
1.297277216204362205e+00
1.948636436293844865e+00
1.574285113719530615e+00
1.416760600168760043e+00
1.551210203445414271e+00
1.676108256804739627e+00
1.597534146781536046e+00
1.593619198332294040e+00
1.472584288721823009e+00
1.589146928447553231e+00
1.599449250975481629e+00
1.258274478680268427e+00
1.360853589992431001e+00
1.194399717000993233e+00
1.542595769120188587e+00
1.601065251387115529e+00
1.374722515218139263e+00
1.680910557678434447e+00
1.428612175950596086e+00
1.227593618585381297e+00
1.599914373545750612e+00
1.418996934720966108e+00
1.742592514752443256e+00
1.856013227363334295e+00
1.456332181155077565e+00
1.701551232344048259e+00
1.282890187245445901e+00
1.780236426378768222e+00
1.645128954054310366e+00
1.488171887966761586e+00
1.367982417956670194e+00
1.235322246661075374e+00
1.559582177384000179e+00
1.533229728978925399e+00
1.316721376663452236e+00
1.452644587141734167e+00
1.604806262848673004e+00
1.541686537462704676e+00
1.710116655880005165e+00
1.397752216170762729e+00
1.399657982404370227e+00
1.340441423054183900e+00
1.757282392096617851e+00
1.287144924814394908e+00
1.573543460432447416e+00
1.565457395145078312e+00
1.576438695833392023e+00
1.552176402114528564e+00
1.588001461873633113e+00
1.329757624606101585e+00
1.312713262736103115e+00
1.645480986252537470e+00
1.252879536592212073e+00
1.494371607645911926e+00
