1.079909723702863644e+00
1.032936350621720623e+00
9.040839067217119052e-01
9.292314814223643360e-01
1.063851633999939095e+00
1.160022875418074362e+00
1.117430341515735615e+00
9.083761266481589214e-01
1.177935417391012152e+00
1.060693847150008695e+00
8.209557548101993341e-01
9.937724786701838120e-01
9.458917883624460288e-01
1.265658148197190469e+00
9.037929600945158182e-01
1.105873042872006717e+00
1.335051247478426184e+00
1.053620730958208629e+00
8.938189730778702824e-01
1.052079973342896935e+00
8.689106013264882300e-01
1.107266855916554382e+00
1.114451191074003367e+00
8.870691720633976374e-01
1.177846841182767612e+00
1.130365259721870075e+00
9.686299206251254290e-01
1.020131885931978566e+00
1.022606536917656461e+00
9.130829368025317194e-01
7.309669624583245984e-01
1.022706238542062218e+00
8.511961426164502686e-01
9.704749182555951759e-01
1.181297955817753209e+00
1.117009081612620802e+00
9.692561348390378306e-01
1.011958562737486078e+00
1.125493378164723168e+00
1.150899161588546660e+00
1.084951825881399934e+00
1.072761777996345423e+00
1.112799150342586696e+00
1.021957142340573776e+00
1.049574723937166443e+00
8.685763992598782846e-01
9.775240672765759253e-01
1.192307351341899579e+00
1.168022361846197787e+00
9.032732184922325214e-01
7.207537021456569271e-01
1.021816054142833607e+00
8.704809687906660542e-01
1.051307217590766285e+00
9.966652415177528201e-01
1.010421375601473493e+00
1.079792884824852806e+00
1.074140060334269231e+00
1.189760091474669101e+00
1.023268859138484643e+00
1.059438926531653280e+00
8.907196122539415839e-01
1.213645881196308007e+00
9.121424204360821797e-01
1.154671280394610644e+00
1.146493946992733104e+00
9.730265999173375313e-01
1.103967404907054695e+00
1.027815817899598860e+00
8.360019807239074119e-01
9.835691854746606566e-01
9.887987234432498163e-01
1.137952709838848886e+00
1.256260242554766871e+00
9.130606595418817584e-01
9.567379761627161638e-01
1.010795106931564824e+00
8.373552032499569364e-01
1.072759546288033272e+00
1.068082090697932252e+00
1.071712080195750705e+00
8.233020610681176521e-01
1.212441846068044393e+00
1.189058080073294388e+00
7.696345710829568532e-01
9.885714470272390919e-01
9.762733331051509644e-01
1.080773990512288396e+00
8.156959365767559866e-01
1.156663536531751468e+00
1.145994946368244616e+00
1.180743074754797117e+00
8.367523220140251627e-01
8.911419519396233113e-01
1.111686519616638780e+00
1.054183913535006845e+00
8.685393650021886458e-01
1.139284362138272444e+00
1.050871332271708702e+00
8.871652618851235683e-01
1.013413009212002613e+00
9.371498629252728030e-01
1.254220469248887415e+00
1.028060255973032522e+00
7.685260688190995726e-01
9.552214917830312846e-01
8.048923058361676652e-01
1.008435765080204938e+00
9.329220854040625177e-01
1.064264712033498039e+00
9.507017900018119860e-01
1.065617773689143677e+00
9.177220141272193210e-01
9.364569070305648335e-01
1.155807241859044154e+00
9.387132346494608814e-01
1.021673033090993554e+00
1.071470639565822891e+00
1.042451242921319743e+00
9.590606392819158721e-01
1.063496839387438442e+00
9.025045689578987673e-01
9.235991784327663989e-01
1.103573544634375070e+00
9.700809813254589464e-01
8.993087784945770213e-01
1.342812724998474483e+00
1.070204001681454464e+00
1.082108423888577864e+00
1.036035607911722556e+00
9.820079836964725750e-01
1.014564035960143995e+00
1.006365655292838834e+00
1.301482240337490381e+00
1.041380278694408412e+00
1.007763110960808506e+00
1.262086700299050124e+00
1.043896796410534566e+00
1.027873555629015501e+00
1.135408003060624393e+00
1.156088509197657155e+00
9.153336240319700501e-01
8.599030469181094816e-01
9.924997028831954449e-01
9.387351676516484389e-01
8.229582637801111655e-01
9.361606469538314990e-01
1.097527110618844226e+00
9.941872711783255046e-01
1.116449979210611509e+00
1.096632894133774627e+00
9.622815415960683794e-01
1.175942653256809134e+00
8.743092876041600459e-01
9.409821291095008533e-01
1.094909716082280715e+00
1.378940997895967469e+00
1.129851181466227539e+00
1.194401406596075743e+00
1.303682829794626352e+00
1.191437655187683076e+00
1.161073755564918653e+00
9.664446952445144845e-01
1.271554504346334991e+00
1.075962036496562968e+00
8.968137239573268360e-01
8.993054790588803638e-01
1.050982798688083086e+00
1.078573544450228461e+00
9.371101889274529029e-01
1.126152422463666980e+00
1.070666185134231840e+00
1.093877974110226248e+00
1.136903379740229258e+00
1.161697008157132949e+00
1.144261696862432398e+00
1.108822867416196178e+00
1.220638088111930308e+00
1.208637662084662834e+00
1.016996243951910461e+00
1.062047226146493273e+00
1.124076602158328386e+00
9.363047670340205464e-01
9.256649337924081067e-01
1.252127587863844260e+00
9.363792646913595696e-01
1.174547253247893330e+00
1.151659146418130497e+00
1.081891241953076399e+00
1.081317980968498960e+00
1.289114538057962944e+00
1.054874505304254972e+00
1.040387095084173152e+00
1.074081336632287442e+00
7.505378830724205308e-01
1.104768734098200422e+00
9.274322551668041648e-01
1.176027368065597045e+00
1.026685151184230094e+00
1.281619532923803595e+00
7.582234512950127847e-01
8.250066040993040417e-01
9.219782644308349706e-01
1.084738619630422729e+00
9.561204703212577982e-01
9.827185661618182966e-01
7.356254583862549268e-01
1.138413060948845423e+00
1.092765743245744270e+00
1.103543003244071841e+00
1.324270937764130407e+00
1.021677157885143128e+00
1.224840974972397412e+00
9.186196684863934259e-01
8.534982118671039508e-01
9.667828856977354057e-01
1.221466173851216475e+00
9.575926260679703539e-01
9.087954600524787985e-01
8.751800762765573616e-01
1.228844351496220400e+00
1.280399046443954969e+00
9.319580778963720835e-01
1.448699741671386931e+00
1.150059849437312431e+00
8.957841443911016555e-01
1.246665219926464729e+00
1.128555283494702799e+00
1.079167994645216844e+00
1.048574967946381831e+00
8.980981452016902900e-01
9.858697360590240599e-01
1.024150794667527453e+00
1.155351429338936864e+00
7.394634575187495340e-01
9.981352769109124168e-01
1.021354141894546208e+00
1.104751364094730626e+00
1.086133798794735705e+00
1.166160265366018578e+00
9.648559311237661085e-01
8.466833213233346811e-01
1.131550030410243046e+00
1.007009089384587996e+00
6.756095591084010366e-01
9.904293522977880571e-01
1.417988138939937581e+00
1.074813451750245452e+00
9.199256406538216524e-01
1.145405457001002603e+00
1.190322514047312596e+00
1.051789062691186105e+00
1.182769060351479329e+00
1.102027608032226658e+00
1.210509239598107412e+00
1.176466098223641454e+00
1.139567386604168897e+00
1.158231092055837852e+00
1.207834837646073023e+00
9.157206674436926264e-01
1.005892917700857758e+00
9.337725576290336615e-01
1.059828799363123686e+00
9.703888684020569588e-01
1.024476635553431159e+00
8.347044627048774146e-01
1.154750535724416771e+00
8.681944149238034480e-01
1.107418277937549433e+00
9.557082646924230929e-01
1.180473624989557546e+00
9.648622462000089328e-01
8.558863296155680978e-01
9.502556655293539212e-01
1.145187620069729961e+00
8.162679623787949534e-01
1.116934318463940201e+00
1.251953609142683721e+00
1.107780037059360900e+00
1.182345288605127775e+00
1.243046207099565370e+00
1.103781183106598895e+00
1.105991922143444439e+00
7.912357725009961928e-01
1.037203267774585047e+00
1.002322791713822880e+00
9.226796418962766033e-01
1.140517488017079417e+00
1.198502620495552673e+00
1.093846564749460404e+00
8.950127348546041972e-01
1.314394129257960397e+00
9.478857646921396984e-01
9.765933233106123268e-01
1.036364566148092470e+00
1.202391039014741647e+00
1.077963490400207114e+00
1.057838888553326973e+00
1.043570015969692566e+00
1.055314581431141541e+00
1.138900363625027889e+00
1.070140756447763630e+00
9.575632156886264568e-01
1.127757386511733850e+00
9.851621812541597745e-01
1.027182990935148865e+00
1.261941844424197434e+00
1.176123605537406025e+00
1.114505452573589350e+00
8.723850375919777189e-01
7.944237546211341261e-01
9.945579868324538886e-01
1.215610319095768554e+00
1.207729143593452292e+00
1.195505908186347499e+00
1.073319918643260484e+00
8.454593879714515925e-01
1.064839231543811104e+00
1.134806854576116519e+00
6.887836769616062504e-01
1.293054631372072327e+00
9.041812828630817478e-01
1.130903909568299559e+00
1.181043196154699215e+00
9.307758010185223085e-01
1.074422901659804808e+00
1.165993508057960426e+00
1.276129959372489964e+00
1.236460124670808014e+00
1.222211281744193689e+00
1.159547931353502870e+00
1.036817124148438518e+00
1.317981160356345827e+00
9.926977073646028327e-01
1.261992583375920018e+00
1.499851153886423427e+00
1.141191549288622431e+00
8.986341065009815221e-01
9.336707522587293084e-01
8.652099529379904119e-01
1.330496218587338797e+00
1.100639251893311688e+00
8.949022684002923000e-01
1.035825926480371750e+00
9.806001318834640657e-01
8.732459910789751589e-01
1.009612206191779382e+00
1.043706824256235732e+00
1.019719776152377078e+00
1.274545696078481116e+00
1.050973817145393729e+00
8.923430031647361371e-01
8.850960137590908605e-01
1.009523765634460224e+00
1.037742954220588709e+00
1.057379109489469338e+00
1.132873220458613606e+00
1.157956020887442428e+00
9.233941788069048862e-01
1.067188419108399566e+00
1.003811718925678997e+00
1.085353150764337249e+00
1.145433558719052503e+00
1.017320862332644182e+00
1.000784141357186297e+00
9.871326793480224016e-01
7.949248550899743471e-01
9.135766073143898325e-01
9.995931893090768128e-01
1.187588057409915798e+00
1.011348652810769355e+00
8.982586679850133038e-01
1.211698843407566173e+00
8.989870874680629953e-01
1.003883438055311217e+00
1.066824608000681351e+00
9.996525397860707152e-01
9.719199053459020021e-01
8.563214078485787972e-01
1.014599571684748680e+00
1.311110943896370173e+00
1.105361282306619453e+00
1.092029442999228106e+00
9.766722143039472392e-01
1.184792152241743279e+00
1.007940734457369647e+00
1.349701775656346747e+00
1.041529863419844659e+00
8.722833754817407304e-01
9.154986869102157421e-01
1.028596592291589396e+00
1.067441208799637220e+00
1.149264134236760659e+00
1.058049688308115854e+00
1.075804975165091326e+00
1.325461616695865041e+00
1.082522178000391078e+00
9.911059509307473814e-01
9.921945911281864205e-01
9.845945738598580466e-01
1.204457020246559207e+00
1.251116930925092685e+00
9.405085435055164922e-01
9.467295329611444821e-01
1.155684794313533992e+00
1.182391704625489481e+00
1.205131992696890642e+00
1.065807617132126239e+00
1.218473773024974838e+00
1.028706871155841363e+00
1.135821024771551668e+00
1.298962116628129326e+00
9.468537396668168515e-01
6.413060507302177360e-01
9.490621763733679828e-01
1.209577325198182285e+00
8.447822091336247841e-01
1.030256012231790086e+00
9.851707817412262980e-01
8.664197519957443916e-01
1.008443228354556354e+00
1.018123631886935332e+00
9.320617588358000027e-01
9.031830308396100460e-01
1.103260636152479268e+00
9.846238983756856467e-01
1.007790095093327842e+00
1.244061643934208039e+00
7.619444581311429765e-01
1.105502247189468212e+00
1.181314321128876133e+00
1.080473509123896614e+00
1.240298863061704449e+00
1.128624421694446989e+00
9.368805549861189963e-01
1.322374554067728525e+00
1.093500092951268154e+00
9.272676932711578779e-01
1.241082836709335835e+00
1.126864880163144012e+00
1.057733931579026621e+00
1.094614601775424356e+00
7.971541402158297540e-01
1.002730355003379925e+00
1.134130324970334502e+00
1.248633381297549194e+00
9.623600688067566189e-01
7.598324793744490879e-01
1.075930204740315865e+00
8.886915732008286994e-01
1.124810275358422373e+00
9.155169239424363337e-01
1.067306143989891432e+00
1.132152452630936779e+00
7.990680321212453308e-01
1.341370867421903368e+00
1.054993115868940290e+00
1.238678710461491805e+00
9.580563994963573471e-01
9.741004728107225397e-01
1.120867645857449135e+00
7.589406008010453064e-01
9.334648558777476346e-01
9.678875051873367941e-01
9.225218703187829661e-01
1.194127959473491707e+00
1.138687069117667150e+00
1.095248172443201273e+00
9.787241786699270030e-01
1.189436091831332254e+00
1.184583769209238469e+00
7.023542011768828530e-01
9.654128836641722167e-01
1.090426871037504464e+00
7.874044111780804656e-01
8.309210574459942045e-01
8.254729571337664495e-01
1.264490788722353543e+00
9.480067928583071346e-01
1.092997272654575802e+00
1.025457320560201113e+00
9.882345474415275000e-01
1.053028617645876963e+00
1.082039803912671738e+00
1.111026388059413117e+00
9.577199568211371972e-01
9.436399181834829175e-01
9.035027642938748826e-01
1.143729125000123581e+00
9.857939441821850224e-01
1.331764355665086219e+00
1.062450041377183796e+00
9.710786700804177052e-01
1.073131322955354960e+00
1.066564511829997564e+00
1.176164839875450063e+00
1.012434329511413322e+00
9.142373547509841103e-01
1.001438953008463750e+00
1.027196565605738243e+00
