1.296121672946745296e+00
1.217670861068063104e+00
1.310215517669863994e+00
1.322470279112481384e+00
1.589853519573795726e+00
1.313367499818553608e+00
1.088422571162538599e+00
9.658773269474509870e-01
1.308350670460858289e+00
1.463747654889461236e+00
1.006494088632607031e+00
1.135181645988514898e+00
1.358874623172166896e+00
1.415051527615480698e+00
1.155561061179606774e+00
1.370392564344967479e+00
1.226872725807139020e+00
1.433204805356361522e+00
1.548226145912058094e+00
1.478730601299552472e+00
1.580819689759987101e+00
1.681344690425567778e+00
1.426212731392432431e+00
1.137370300785851329e+00
1.424478713853655210e+00
1.635723723856087997e+00
1.216867104002209210e+00
1.371238590256288026e+00
1.070136215283081116e+00
1.495042796429667753e+00
1.198746164452801022e+00
1.068126609439876473e+00
1.331901947935190567e+00
1.463419917078378374e+00
1.474449692921306898e+00
1.608398910089104739e+00
1.143303512111778719e+00
1.651501845743655883e+00
1.517822886048078912e+00
1.159838797413631051e+00
1.582575110778762006e+00
1.445299273472989032e+00
1.510516752355004044e+00
1.443857222049976574e+00
1.866047923430494970e+00
1.362988819248788230e+00
1.342925202172503329e+00
1.520780374578279082e+00
1.619478539780379922e+00
1.612999499964850258e+00
1.415613900174886641e+00
1.356654269221045261e+00
1.295271193554559552e+00
1.270246975554293556e+00
1.048092154452702429e+00
1.286051922494269251e+00
1.342062343604599750e+00
1.330672253376378178e+00
1.334436749318808735e+00
1.684447617518591844e+00
1.441360935238954033e+00
1.170214602626083567e+00
1.434230122284272158e+00
9.866914534715962581e-01
1.114083504911767886e+00
1.264691696652225250e+00
1.301456447185954435e+00
1.279209908197692869e+00
1.889438383084296014e+00
1.476891304683406458e+00
1.547111915106674562e+00
1.196266390590277728e+00
1.493486124844786156e+00
1.485820898946974111e+00
1.300219422108270795e+00
1.354041572277426164e+00
1.512146023573568865e+00
1.012704454126088560e+00
1.322962846575552520e+00
1.087594210345527390e+00
1.526213211087752430e+00
1.332283998445616291e+00
1.503287028777250622e+00
1.605558588433696032e+00
1.813018653841867778e+00
1.739123315511168499e+00
1.759924195505247813e+00
1.072452988473710622e+00
1.156218984093382751e+00
1.362522003352010014e+00
1.253422156782070918e+00
1.444011248776601253e+00
1.415060137244668059e+00
1.464871020350487107e+00
1.054261775712233895e+00
1.383380954914648298e+00
1.332325360521738666e+00
1.211889156645505672e+00
1.357041897010218712e+00
1.124695051558677328e+00
1.593497039385561864e+00
1.451765846411074756e+00
1.430221194569823995e+00
1.370306056935764571e+00
1.547735317671200095e+00
1.663530184764904218e+00
1.535711726454063397e+00
1.391329915834604858e+00
1.391962300389860907e+00
1.616001024481489523e+00
1.680631086513443284e+00
1.454703448537687738e+00
1.488468876965530319e+00
1.505962875974979465e+00
1.296047742133173086e+00
1.720215777846837657e+00
1.667111265903143735e+00
1.501957467679319924e+00
9.991903355805888953e-01
1.624545270573694911e+00
9.565094418568125256e-01
1.252265052052666583e+00
1.799094182067566106e+00
1.685258080862163110e+00
1.241190191339819116e+00
1.512366364302869970e+00
1.098849132944826001e+00
1.264142006190689171e+00
1.477738721217428886e+00
1.218356591932102440e+00
1.695656009893431015e+00
1.109385750596393105e+00
1.803097713409470115e+00
1.316824563299906270e+00
9.499801564308212320e-01
1.146895830263962690e+00
1.611054219525086761e+00
1.753670919043995635e+00
1.329563600291124192e+00
1.221278747131925080e+00
1.616154610945244263e+00
1.385409382896416908e+00
1.589460911718620473e+00
1.553375916461685158e+00
1.428400856388992057e+00
1.538669036111315780e+00
1.189378173357417801e+00
1.663322563332615411e+00
1.236902886002436697e+00
1.403929273605557526e+00
1.346038413533229283e+00
1.537548095989478725e+00
1.506668668875212447e+00
1.743626268656080835e+00
1.354202865932332855e+00
1.494506149437665021e+00
1.453556117950245197e+00
1.259532605898592283e+00
1.786095613895569034e+00
1.471557570918125890e+00
1.294430658283396207e+00
1.481349337435156066e+00
1.359965129999964883e+00
1.235028150071849184e+00
1.460065935108229462e+00
1.357960835734312255e+00
1.681642992228447708e+00
1.204915645220879128e+00
1.539740094784856517e+00
1.662195620591149892e+00
1.300764798509557174e+00
1.464961667492269637e+00
1.397634288357093357e+00
1.106312336722940382e+00
1.476919221667829518e+00
1.393624579618807813e+00
1.389966302793516295e+00
1.220715053511714387e+00
1.449254202990174711e+00
1.480986555258005932e+00
1.438980331017292391e+00
1.387054095427381339e+00
1.577208340618883486e+00
1.338093189893890145e+00
1.381853037672549522e+00
1.487193250668175981e+00
1.299512712623188460e+00
1.637348204040779631e+00
1.149883978594214540e+00
1.303785459778926459e+00
1.441644206129073069e+00
1.528560260349455246e+00
1.644409934599414091e+00
1.294037388226595420e+00
1.492779066910389085e+00
1.216531544185234237e+00
1.469627632164278941e+00
1.192559630448105423e+00
1.421834459214158741e+00
1.476161303053104223e+00
1.357508184456607037e+00
1.313616865004449963e+00
1.492335450490049009e+00
1.372380858659367542e+00
1.331925028844776593e+00
1.062479420572211009e+00
1.474356916462909783e+00
1.457368926365670170e+00
1.578135298226095218e+00
1.104797987018466543e+00
1.553703822322658246e+00
1.092917039990503936e+00
1.119921979916698840e+00
1.250185157496459532e+00
1.638590618589215175e+00
1.764253002165703688e+00
1.182673479496450186e+00
1.544259928860566067e+00
1.536422834413666560e+00
1.103734075201733944e+00
1.588340100944147126e+00
1.184890208695814851e+00
1.048246584339680876e+00
1.430893604518102880e+00
1.287882253283182399e+00
1.262671286512776714e+00
9.191434192411265247e-01
1.172182685772695354e+00
1.664105505803348262e+00
1.552455030476890041e+00
1.287352081573482021e+00
1.379302399570377702e+00
1.566508926115890210e+00
1.372926128577256710e+00
1.396221782598674910e+00
1.270387045507405999e+00
1.330342337646694517e+00
1.451394571474809769e+00
1.066557910078189453e+00
1.420776041507122667e+00
1.095761154986964803e+00
1.321632311277398220e+00
1.123302217612483833e+00
9.613988458329096876e-01
8.744269920697362863e-01
1.401418332461535465e+00
1.619238733454290591e+00
1.154211114314992459e+00
1.379183606038613785e+00
1.503009700291293660e+00
1.271643075897682218e+00
1.417563460960466148e+00
1.630744540539732501e+00
1.183697635435062567e+00
1.157975214829894739e+00
1.135935309164960660e+00
1.297118428884237007e+00
1.433575091656373424e+00
1.554739620313114301e+00
1.947439658587185596e+00
1.340837067018806561e+00
1.218609039170472474e+00
1.182870698209098403e+00
1.193268535902768823e+00
1.530989942209748156e+00
1.047774601860838484e+00
1.371799483724941870e+00
1.416861121842080351e+00
1.439512282204967963e+00
1.298657993323670157e+00
1.726346245703831883e+00
1.543535137436202742e+00
1.357760971005276929e+00
1.659593330072211881e+00
1.239393505968986897e+00
1.699398773292279952e+00
1.199281555277034395e+00
1.168315470151232383e+00
1.386297932900981689e+00
1.565425807511661160e+00
1.043164431780208012e+00
1.721287058994429353e+00
1.814733428518594760e+00
1.266907796780962325e+00
1.493048597008458600e+00
1.271516297280318009e+00
1.454731792833786841e+00
1.440446662486265295e+00
1.257005854700433023e+00
1.572896757946742774e+00
1.424943751125884672e+00
1.393378460144480080e+00
1.281664720114399358e+00
1.352299546101842109e+00
1.549792339861191248e+00
1.486689201757670054e+00
1.200052119629918979e+00
1.545470597863304096e+00
1.526924890854966854e+00
1.119236763729930084e+00
1.474408122736494242e+00
1.402986636932982201e+00
1.443057093389827461e+00
1.062179728228339837e+00
1.809354170196154854e+00
1.798194320959143333e+00
1.581300890772368906e+00
1.512152282125079017e+00
1.693584663331772600e+00
1.378097521892487354e+00
1.223568095410520584e+00
1.424792101634784869e+00
1.634067292458637022e+00
1.505113927988245504e+00
1.085588377404365312e+00
1.261036230159426008e+00
1.999283858131424285e+00
1.418815779272423416e+00
1.311060207671276956e+00
1.736539161507027140e+00
1.588483942560309448e+00
1.709950789255318293e+00
1.339487085431822377e+00
1.111999819243618681e+00
1.246229157661230325e+00
1.183544883180688956e+00
1.536653635523338668e+00
1.661951393229459395e+00
1.113619878087009241e+00
1.295039142991261327e+00
1.197671731436541265e+00
1.598162751969193884e+00
1.432507127364543331e+00
1.245526207410419417e+00
1.184257859467805041e+00
1.487280930014488467e+00
1.122086138873876315e+00
1.557649018302787791e+00
1.344397749493614125e+00
1.091059760234262654e+00
1.395965352272813487e+00
1.297583554283692209e+00
1.896067869990405885e+00
1.224091227868588483e+00
1.652402913532916129e+00
1.134913200291191693e+00
1.565246275994775393e+00
1.259686901800882719e+00
1.470009061276182027e+00
1.415432808233887174e+00
1.492153212651188054e+00
1.455314780531139940e+00
1.453830159021043178e+00
1.254989664794345039e+00
1.664111376981507906e+00
1.753351650893442137e+00
1.234539951098294175e+00
1.429719699734987248e+00
1.329171331231985054e+00
1.623572482798790073e+00
1.193576287557180704e+00
1.600816610646098148e+00
1.229605946531711735e+00
1.308652514273314527e+00
1.441293727547546810e+00
1.344906016382493741e+00
1.328341813804597926e+00
1.385019750050070275e+00
1.576957645744334613e+00
1.253588597851402309e+00
1.385793382159158149e+00
1.508182104355781261e+00
1.148682789891171119e+00
1.408970461089040560e+00
1.585129508222664851e+00
1.533598884340067414e+00
1.197105080253505704e+00
1.601128173432757817e+00
1.513566908407884881e+00
1.203082610701843524e+00
1.639524408156729951e+00
1.217018617524880497e+00
1.033641106954616529e+00
1.474404987523963984e+00
1.620320061522711796e+00
1.016598205794611687e+00
1.541862768745227319e+00
1.262076269535682194e+00
1.204117460199594536e+00
1.277657140339814479e+00
1.293032973927198626e+00
1.372227254423246334e+00
1.093009461267031135e+00
1.500373006676547716e+00
1.016381597504314671e+00
1.509817003696536819e+00
1.410911898979619661e+00
1.331607211790523326e+00
1.778742287553944035e+00
1.345539608339867410e+00
1.595163689535805895e+00
1.310008100985330159e+00
1.490106790828413352e+00
1.345950733564624802e+00
1.105416471406483359e+00
1.630580020375539396e+00
1.319553028398869454e+00
1.124519448096442886e+00
1.054896368317379540e+00
1.273654170815999631e+00
1.222152563268070979e+00
1.379573848276854253e+00
1.182309351481861448e+00
1.363185256590721650e+00
1.661873368021045350e+00
1.518924861698127904e+00
7.971470128190429882e-01
1.346266795640061797e+00
1.033491498939074660e+00
1.576311382849958864e+00
1.461884934892502930e+00
1.579914521754219425e+00
1.494379030520670781e+00
1.444304643869812388e+00
1.441694236989444544e+00
1.459554388961269877e+00
1.648021311792531751e+00
1.654465719819026237e+00
1.252963141375263767e+00
1.305189939251755415e+00
1.401933648112748454e+00
1.297705909078501252e+00
1.086856745575108141e+00
1.607547154571224768e+00
1.508205248435581458e+00
1.478890060418882157e+00
1.342187993556655412e+00
1.268045549366191960e+00
1.724468269456260305e+00
1.297439971139201731e+00
1.545886430804680911e+00
1.762042934922513737e+00
1.430281886080204901e+00
1.083131490513639106e+00
1.488310664423619034e+00
1.330126026629352198e+00
1.202947868028192202e+00
1.832029869316988524e+00
1.668231637314409932e+00
1.494416168796411926e+00
1.355259830339076821e+00
1.170490517211255632e+00
1.441797423770271980e+00
1.764313072968779483e+00
1.053980924360155225e+00
1.437745305360459191e+00
1.570944520326982063e+00
1.640185900637943339e+00
1.268881261968169971e+00
1.223871944940733147e+00
1.247034474803600190e+00
1.334261076466951801e+00
1.258903328850084602e+00
1.443224145462080887e+00
1.402711820430983192e+00
1.704303437824114864e+00
9.008714699565918416e-01
1.623492493040304518e+00
1.617327160305398692e+00
1.432769816088679704e+00
1.517359209562856748e+00
1.264943526065551938e+00
1.711900843262254224e+00
1.280548113346867245e+00
1.283617552639958692e+00
1.154091618540060704e+00
1.434796289947323000e+00
6.256846629397565529e-01
1.449626866732051989e+00
1.924811461908078059e+00
1.332648661029967485e+00
1.403461904229536206e+00
1.370275444683443977e+00
1.100412631450097489e+00
1.337817012421957719e+00
1.507066711003114179e+00
1.206176365201947487e+00
1.470667572745610663e+00
1.268138594658680063e+00
1.139575069723318013e+00
1.526311733713561658e+00
1.053873582275853815e+00
1.297858126811165524e+00
1.092353391774329108e+00
1.373252941889310463e+00
1.562036298252626798e+00
1.579642431955122994e+00
1.753586129450331654e+00
1.719749470173920436e+00
1.568844743436234257e+00
