9.096783167904605172e-01
1.267932547763938489e+00
7.207593319379563823e-01
9.818515552030233628e-01
1.046116156168426015e+00
7.262985625223006281e-01
1.048403301805884702e+00
5.768326877831637667e-01
1.066819077275525718e+00
1.364272911323156867e+00
5.457090718138744023e-01
1.132586352614352698e+00
8.301203458580506123e-01
7.769787228545739222e-01
7.831936270555264201e-01
8.274690482458393337e-01
1.098724319618259004e+00
1.057379303069685861e+00
7.616559016742727728e-01
1.001049569796930605e+00
1.265602302107223132e+00
9.813436091878380285e-01
8.103383708946347852e-01
1.074084806739313613e+00
8.455421859126626138e-01
9.953917104891394363e-01
8.589942203679825639e-01
9.373047083439867144e-01
1.034002534111606586e+00
1.286191961660536398e+00
7.420384204376546666e-01
1.051284258931350912e+00
8.852963159430351503e-01
1.137358750181934219e+00
1.013756466300541392e+00
1.055691512161391676e+00
9.951397992934389869e-01
7.121022820980349444e-01
1.262105514444299637e+00
1.217392141933177241e+00
1.133090434932487733e+00
1.018017025104100082e+00
3.834646397641381377e-01
9.408846486949411503e-01
1.089788586971146112e+00
8.303359038138717896e-01
1.086165769171886453e+00
9.882886201916947222e-01
7.806933462670215818e-01
1.008247774666881647e+00
1.327116834074323126e+00
1.287388445276043569e+00
8.718760567303784903e-01
7.057193974150330895e-01
1.114603674807965517e+00
9.557646535549002564e-01
1.460115159407914476e+00
6.951891827843885707e-01
1.012070759014313648e+00
1.005165614158535448e+00
1.166748585991275622e+00
1.223402791530869838e+00
1.281243855101724893e+00
1.182832950148489548e+00
9.157793254485038226e-01
8.698223066844141815e-01
6.415914895031247234e-01
1.271480110035662081e+00
1.129965991058382579e+00
8.917779113874044761e-01
1.070255449407655268e+00
1.213613861332237587e+00
1.063805826461725168e+00
9.729944552529061763e-01
8.910834961104878715e-01
1.057872389210773756e+00
8.301044488355031614e-01
6.946466128556945119e-01
1.052681771594038196e+00
9.427159275836944907e-01
9.588826249547448555e-01
1.052650873287389155e+00
8.982003624966983235e-01
1.264048994416312688e+00
8.435850459292508763e-01
7.946485959335942706e-01
1.061610530597680846e+00
1.018938501150027376e+00
9.882467089281972150e-01
6.777286566760922781e-01
8.301823438818263234e-01
1.148404666583574540e+00
1.061141517757262509e+00
1.142819613663437428e+00
1.230421526433970847e+00
8.617761689258878199e-01
1.061496342088249722e+00
1.021438158105948180e+00
1.288421414188562153e+00
1.043574015085829920e+00
1.343244941401651182e+00
7.299249229905706571e-01
1.001965205919717272e+00
1.217067333504570525e+00
1.215218449238316012e+00
7.450110434036825158e-01
1.073593810144785499e+00
8.860465354286928275e-01
8.526034785955365347e-01
6.086789347851246923e-01
9.816769606447586227e-01
1.116290817809423741e+00
1.023225171130718980e+00
1.015507464865989196e+00
1.394185251339156828e+00
7.275466175846005967e-01
1.007410572999669851e+00
1.017620705046241802e+00
9.661190486090007745e-01
8.711383790662676763e-01
9.135977723918844440e-01
8.220812297822015502e-01
9.712235661589487812e-01
9.476867450814610017e-01
1.092740559505359421e+00
1.163352826954930475e+00
1.195273737845353512e+00
9.857492775229599324e-01
1.008750604091326997e+00
1.147915386393673298e+00
9.911986588749535088e-01
1.113553808246393828e+00
1.338775854174819591e+00
6.345965791858625416e-01
2.976617223445221505e-01
1.025285862987195262e+00
8.093449771225975642e-01
8.438257107208386731e-01
7.788962776786738651e-01
7.472712479325844814e-01
7.444873029037266665e-01
1.074832525257054971e+00
1.763061369981346882e+00
8.634946225412263310e-01
7.279648598799923764e-01
8.377627346285172472e-01
1.079378511604672575e+00
8.987647422991491553e-01
9.873567589225389352e-01
9.325582865217445505e-01
8.447977497913150557e-01
1.314399233526692079e+00
8.973221415436407611e-01
8.467903298227035247e-01
1.207183136414862634e+00
9.204663737004221691e-01
1.224940764414476968e+00
7.375636669491214548e-01
5.674147844428187870e-01
1.127621752502250718e+00
8.711051615169180806e-01
1.098236188262080137e+00
1.170458749742450344e+00
1.331688927558352775e+00
8.533843507124938554e-01
1.095218849029943042e+00
8.085220681007232457e-01
6.714968468394522105e-01
7.782225404607312491e-01
9.408258676267531317e-01
7.270816271136131270e-01
8.295787667552374511e-01
7.844445426879962380e-01
1.065766016405064631e+00
9.805136099511919667e-01
1.211042709489952962e+00
8.045654761848461956e-01
1.031133272939234180e+00
8.565837400298343951e-01
8.772318987532841117e-01
1.256941529320043216e+00
9.883746771295518485e-01
1.131770880999400486e+00
1.180984610036722060e+00
5.892345811948098699e-01
1.015555096488219178e+00
9.080361377501124931e-01
8.437986771495853411e-01
9.989914700077311416e-01
8.901775316018230022e-01
9.780253835490198000e-01
7.991062703267073353e-01
1.142063578058369444e+00
1.165653138696574498e+00
1.267311955809009127e+00
9.271745348754958371e-01
8.803505054841429533e-01
1.323167733984723426e+00
8.569249894403609957e-01
8.517991057497222851e-01
8.654939126200482669e-01
1.013612282596666692e+00
8.236549607789289684e-01
1.141660283798593412e+00
1.081862146101204569e+00
1.138635019469936172e+00
1.114398424666504184e+00
1.121137386054732676e+00
1.105679743313833674e+00
9.235345644655648112e-01
7.949837761456142182e-01
1.087044338185616299e+00
8.549865283512261271e-01
7.368517008964423631e-01
8.705278487592609249e-01
9.172361353865186029e-01
1.153691949834877439e+00
1.305601017076948978e+00
1.063116958517444255e+00
1.090996410944109929e+00
1.149467160170476010e+00
1.005354800676066418e+00
7.558038788259802132e-01
1.067123074893688850e+00
8.610443427571854436e-01
9.788495473018836712e-01
9.163476842073101647e-01
9.842098911089498525e-01
1.202465613545949941e+00
1.071689046172322524e+00
1.060416608225385859e+00
6.439612010323685354e-01
1.204576600175891743e+00
1.021547021855770732e+00
9.014075860333894408e-01
9.251521650516858486e-01
8.770277073667225309e-01
8.704589295761775425e-01
1.212623844852830590e+00
1.074787254440350059e+00
7.161905564574002625e-01
7.731354856362013805e-01
1.277148816394939379e+00
8.076149654335171846e-01
1.283218116554257326e+00
6.734493732668538346e-01
8.819163614750005209e-01
7.400317649468590719e-01
1.248974540776502717e+00
9.278438468121890104e-01
1.375515160514726443e+00
1.055635561207092676e+00
9.457955067124321769e-01
1.041534507038839763e+00
1.115420982118965565e+00
1.277286575324009243e+00
1.197967045588771651e+00
1.123784955259598428e+00
5.638059246970352767e-01
1.274778719487686729e+00
6.654710664704319711e-01
9.692668093140912600e-01
7.620401216185714866e-01
8.120218015543885226e-01
1.048884706214914475e+00
8.762972251116685207e-01
1.364786083848992693e+00
8.201260010669768619e-01
1.071792137502301401e+00
8.181891546791375536e-01
1.046601116416034705e+00
9.053063561982777063e-01
8.021132258108125690e-01
1.128843820788999697e+00
1.109860674299834926e+00
9.293166317641092800e-01
9.606847261758639789e-01
9.120418608740901156e-01
1.325128778956698561e+00
5.758259489685397803e-01
9.197994369772748424e-01
9.492219012511571297e-01
1.030703845645035033e+00
8.877292765058484303e-01
1.190866488499305431e+00
1.137019237285480155e+00
1.056776724086890384e+00
9.537022302226820791e-01
1.250251133111145441e+00
9.679662015523533558e-01
1.219211077611630056e+00
1.052906454945671033e+00
8.958985576063651646e-01
1.056079612104825483e+00
8.068703262928769160e-01
1.099916124690493380e+00
8.517068738639759218e-01
1.099195045346468946e+00
1.017081517121626533e+00
4.806191993736452783e-01
9.489340280480091927e-01
8.225192053465608666e-01
1.194921576123178841e+00
7.095466113939057351e-01
9.464782105360365350e-01
1.344147455334609553e+00
1.146744682092764256e+00
1.055577929670280746e+00
1.373554798358171736e+00
1.148382848505280274e+00
9.792698025326733724e-01
1.153261053987082674e+00
1.161407348232442516e+00
6.884987063141823072e-01
8.738003360066282088e-01
1.056704509379358559e+00
1.111441580694853881e+00
9.239454374272164650e-01
1.007832872979904204e+00
9.335937089386066035e-01
8.717386241492821597e-01
1.037926080141949425e+00
1.071738713608540783e+00
7.960433664221335803e-01
8.410555544038127440e-01
1.361970972129225244e+00
1.108086380226133372e+00
1.311151045994543463e+00
8.385171298136158136e-01
7.871653019164996934e-01
1.092749569567493140e+00
9.410433608720070175e-01
1.175514841576952074e+00
1.150509770927995890e+00
7.339087802691479645e-01
9.612250795330263831e-01
8.597807924894438347e-01
1.303889791258082465e+00
9.835230131396155429e-01
8.367731905896751421e-01
1.230136771460159206e+00
6.184385320792207263e-01
1.281436404418864861e+00
7.807465287776389484e-01
6.443129738572115350e-01
9.706730938862311309e-01
1.040041429042806609e+00
1.123428473894090063e+00
1.017205548368386392e+00
8.606959168271084426e-01
8.450856204570760255e-01
5.726629914672076715e-01
1.106032081625888841e+00
1.330587369987422885e+00
6.770039373761322921e-01
1.191780719740560324e+00
9.364820456694271655e-01
1.083557631009420152e+00
1.085011308559123755e+00
8.996392083478228496e-01
7.223014370475391299e-01
1.218068533632493011e+00
1.000428450261504398e+00
1.379684806140854869e+00
1.033381592770055590e+00
7.362039775157933619e-01
9.921309453842694914e-01
8.517497518767795928e-01
9.804330898488418100e-01
1.205722281194204992e+00
7.656491594285923519e-01
8.840441834348147232e-01
8.144822172175372188e-01
1.085597156499982230e+00
9.780817203903189316e-01
8.479400521669919755e-01
8.728285103211117502e-01
9.709976142181289127e-01
1.283380701490684617e+00
9.623548135666646353e-01
9.248302905088305881e-01
1.166676673479293491e+00
1.297155063325861946e+00
8.382199619861037121e-01
9.799027765729098061e-01
1.315033153272317845e+00
1.064758985083028353e+00
7.941948582031381765e-01
1.058365490889622285e+00
9.873116680116882371e-01
1.178453353573684970e+00
6.231093379113508135e-01
7.148997891796911031e-01
1.096493000002583651e+00
3.688564396205584739e-01
1.086905882458884198e+00
1.116061658604843965e+00
8.875425805244741007e-01
1.022069832550710489e+00
1.137390342497286211e+00
9.733722764751078227e-01
9.506905762997084341e-01
7.986365916117388331e-01
8.515293668585071085e-01
1.207112464182058975e+00
1.184731287185514459e+00
9.690557835502751072e-01
4.980881774128858019e-01
1.046618550731081676e+00
9.314629445966922106e-01
9.930015033072878694e-01
1.163848960630027296e+00
1.100461659241573464e+00
5.779509617702829338e-01
8.414362193677009660e-01
7.993866459191698581e-01
8.859394766033863444e-01
1.213930348641135470e+00
9.426424050225259421e-01
1.086519150868282990e+00
7.654458032534692258e-01
5.662865827301406529e-01
1.086407510529068920e+00
9.306624150260272010e-01
9.321979925457506422e-01
5.074523876673364686e-01
9.265316100730254245e-01
1.051120304576379727e+00
1.266682346204106580e+00
8.187624574047660531e-01
8.734344630534638387e-01
7.957219916053732689e-01
1.151684780007828035e+00
6.768791730979772936e-01
1.171963019414779428e+00
9.955231746645991642e-01
1.098368329374064700e+00
1.023510237716284577e+00
9.632882010975261089e-01
7.970940436081861424e-01
6.502443983802050909e-01
9.242828314932181044e-01
8.212641680221088869e-01
9.427324373059198237e-01
9.317335917324967021e-01
7.672615287299211495e-01
6.233587972239840180e-01
9.027386586235901511e-01
9.565189879215076907e-01
8.012008438556610379e-01
1.251086704853088483e+00
1.099631898969090305e+00
1.135429636938528608e+00
1.005059796091871016e+00
5.721636897220361284e-01
1.173393164644780384e+00
1.019366759531397104e+00
9.517496604992097264e-01
6.295598237761765859e-01
5.982184462717097251e-01
9.333518828956055557e-01
9.712884773219951917e-01
1.046844226735093697e+00
9.182737231034352465e-01
8.851120365945299717e-01
1.149987857826212601e+00
6.848308242281180291e-01
1.246913679313987444e+00
8.408152384118812162e-01
9.074606787350862902e-01
1.028595623817935012e+00
9.172536113469098584e-01
9.115529157443686969e-01
7.551061946360106969e-01
1.165035610101798014e+00
1.242787973077036812e+00
1.014166369644520005e+00
1.029697115527418827e+00
1.421173867252680800e+00
7.315102086807314663e-01
1.158338401668776108e+00
1.026630592889633542e+00
1.025465243791837233e+00
9.077158372985365542e-01
1.205542876186032286e+00
1.286223229288943948e+00
6.852609428591449614e-01
1.094339301082231319e+00
1.050748924251467598e+00
7.936115750881707065e-01
9.314530444336472925e-01
6.559485161617308879e-01
8.877437539682204726e-01
1.210707628984955653e+00
9.550407120439718955e-01
1.044164965633987530e+00
1.226266542533530624e+00
9.166822420422380269e-01
7.657891315458573711e-01
7.823542537427619070e-01
