3.439032666331425681e+00
1.597489918091479222e+00
1.657636580535167603e+00
3.517616294128554699e+00
1.826136008496396457e+00
1.489784415417519714e+00
2.118710649876188512e+00
2.864696772440284978e+00
2.255357761410682116e+00
3.387244002603869486e+00
1.673056815907344008e+00
2.100229205726511506e+00
3.442769322672921906e+00
1.036106439628045495e+00
3.075264826605956792e+00
7.622575187624425208e-01
1.237229856037610043e+00
1.529489014557535720e+00
3.120883340563663566e+00
2.333824522293113990e+00
2.230089031606705685e+00
1.546452153047720879e+00
1.929320424789038313e+00
1.828010888643615051e+00
3.714220408375951799e+00
3.679067494875338351e+00
1.207822556277036607e+00
2.051189957084844639e+00
1.968864516582820023e+00
4.523248877188381645e-01
2.973603166332126069e+00
1.694599146678049673e+00
2.254758003255111998e+00
9.199646855298624359e-01
1.097543579219083520e+00
1.357118426429324121e+00
6.034965062966932692e-01
1.713647857863415114e+00
4.156080055005884510e+00
2.725622251401523144e+00
1.917145190276037248e+00
1.665867526191974646e+00
3.010506309540253334e+00
3.466650151500639154e+00
2.969208682812734867e+00
1.768296517153976399e+00
2.176159537745999462e+00
2.149451838586941665e+00
2.644893258492557742e+00
1.065121570057069977e+00
1.388412453736998176e+00
2.074988013998956049e+00
1.426001502320349168e+00
2.104221786783472048e+00
2.096819649731612056e+00
2.040368972749437404e+00
1.876373458765806523e+00
1.575641187966767109e+00
1.951931034364522421e+00
2.318581396545283280e+00
2.062908229126448667e+00
9.225671229705998400e-01
2.059711829500729063e+00
2.082506134821544563e+00
2.783584881159742785e+00
2.130423209010146035e+00
3.254552171939561145e+00
2.138051710342656619e+00
8.471495693758830381e-01
1.857431279357655063e+00
1.862555611580135606e+00
1.433972962457607858e+00
1.264555838953289602e-01
1.514873652825109662e+00
3.276392448612938324e+00
3.179789631247308179e+00
1.521790847928439883e+00
1.617185998682946657e+00
5.756076338585958130e-01
2.273304116263736852e+00
-2.223303491765751261e-01
2.417529187876584107e+00
2.131167716737640383e+00
8.070163418773290687e-01
2.811250478642200346e+00
1.995396039296683188e+00
1.265986621914860555e+00
2.201797625419580573e+00
1.713085623684293513e+00
1.611138013509566091e+00
1.148996788893855037e+00
7.215766313685580968e-01
3.737117807670297331e+00
2.854017824213634924e-01
2.849396969110243205e+00
5.705111642918057058e-01
2.029776852375070106e+00
2.284225410662465539e+00
2.315635364856609257e+00
2.599693643042038094e+00
2.647770756294711259e+00
6.550948054297642820e-01
4.394283204162365841e-01
2.987619184798382399e+00
1.672990445611020727e+00
1.524379536655620093e-01
4.256215081523217592e+00
2.175571418438479121e+00
1.059794261260647907e+00
1.306314598017537465e+00
2.596266180993860750e+00
1.599169246647645926e+00
2.844507215403476508e+00
2.907577243496606734e+00
1.056697849913489584e+00
2.036644662027676578e+00
2.701802395070281193e+00
2.177819252027337171e+00
2.558816742986278925e+00
1.367694433450346692e+00
2.523539976023787546e+00
2.427381115066182371e+00
2.647862394313762024e+00
2.858861243009059194e+00
8.934278749600463865e-01
1.960671139258015616e+00
2.411940658726959619e+00
6.666263675770260910e-01
2.107197030044239749e+00
9.278791224059368403e-02
2.404332940576361377e+00
1.383876266963155466e-01
1.475975743414061014e+00
9.959125231290899549e-01
2.177566622545550779e+00
2.414552027655764377e+00
1.891572992526509012e-01
3.292428713991101041e+00
1.287861709121083331e+00
1.382332697547933309e+00
3.059470183412313027e+00
3.524264200441755257e+00
2.384780358658261434e+00
2.384469408940367963e+00
1.811632810603572841e+00
2.247902120947370186e+00
1.842016910875926117e+00
2.334817967533237670e+00
3.084743808756583938e+00
2.500704725416288632e+00
1.554431294972209887e+00
2.437178678694943201e+00
2.944485628313583625e+00
1.156328004707997792e+00
2.118410711295569016e+00
2.762249649707050114e+00
1.951481955125885737e+00
1.528577086782547889e+00
2.499524654008931090e+00
4.028468532043634198e-01
1.728057831195275451e+00
2.553168252915789083e+00
1.477130374467340967e+00
3.411239636840221578e+00
1.503773279705040489e+00
1.444735724041126268e+00
1.218764728252131668e+00
1.815801374435221271e+00
2.777275101815091407e+00
1.465633274460624413e+00
3.021750132793298516e+00
2.000832378500864372e+00
1.984200855100929806e+00
1.578375183738662368e+00
2.810397712833464734e+00
1.364530811186088766e-01
2.711040479494718269e+00
2.108728830270151899e+00
1.155054049961941942e+00
1.232063956509216407e+00
7.211344663569221325e-01
1.465008584680443704e+00
2.321551480095622733e-01
2.547890084036909197e+00
3.085676616565073527e+00
1.830807902550848354e+00
2.478735810769709058e+00
9.537106541807314208e-01
1.806913664392040708e+00
9.899686836858707650e-01
1.059507376640356657e+00
8.159666534784668634e-01
3.638521392238031282e+00
2.965491561737130688e+00
1.680022180020444456e+00
2.584344890419194574e+00
3.895630558810259103e+00
1.312071461967508235e+00
4.927936541779049939e-01
2.402293641203654406e+00
1.762074657329879335e+00
1.494222790884741858e+00
-4.273868097906419194e-02
2.068258659159075030e+00
1.603466520224727132e+00
2.724330149176840798e+00
1.393025129025680542e+00
1.297781222956691405e+00
2.863533694009093189e+00
2.953521497739810542e+00
1.488057638579584063e+00
2.107763616176827171e+00
2.332806958874551473e+00
2.341527479457877980e+00
7.558803774968954059e-01
1.427996107134047898e+00
3.059438313519941666e+00
2.509083248127612187e+00
3.002495514294122536e+00
2.834098659508003770e+00
3.018675308469390028e+00
1.220874130873950802e+00
2.963012093411907522e+00
2.188067491423803190e+00
8.204106053714923519e-01
8.165207485363634721e-01
1.642360865457909824e+00
2.174093816676825330e+00
1.366761059493331043e+00
2.557725120852385459e+00
3.226000276707745140e+00
2.202411737067207387e+00
2.258382106507464293e+00
2.197586062495547665e+00
3.107369849338562418e+00
1.172088296865251511e+00
2.217693247343323737e+00
5.260120319608201367e-01
1.669793435329385511e+00
2.494281554314584426e+00
4.608416969743309721e+00
6.325787813644576651e-01
4.663468550325600148e-02
1.754765494783708579e+00
9.989159054561227435e-01
1.185867258893323672e+00
3.344048764984530298e+00
2.679403754287956740e+00
2.998445423797031939e+00
1.764713431915689856e+00
1.572636262075806313e+00
9.409265148649219590e-01
1.875231571005465225e+00
2.112682959271302341e+00
1.682236324500210545e+00
2.161823490898934885e+00
2.728028696634249073e+00
1.108580355312771992e+00
2.585942138273318314e+00
7.477171120730581322e-01
1.775607221331012564e+00
3.594631446857475598e+00
2.676435296868191926e+00
1.831795851012279819e+00
2.022573930442101098e+00
1.917600496823324008e+00
-4.327883970429624583e-02
2.264705347900044519e+00
1.724966190060998272e+00
1.890963141245220358e+00
2.699586785256013144e+00
9.223261084981106972e-01
1.858407647590587075e+00
6.374870839194235472e-01
2.532095933993539383e+00
2.476686582579202156e+00
1.910907126130980904e+00
3.007047899507555577e-01
2.417406251667244543e+00
2.305349686294047906e+00
3.409375092003371854e+00
1.875415862756036223e+00
7.292608418981609830e-01
2.302363395403294710e+00
6.979942323041488095e-02
6.054288763448929522e-01
3.668349286428973954e+00
1.760232931319106520e+00
4.341092098403205313e-01
2.099124050757163573e+00
2.209813250289650810e+00
1.543462026680811228e+00
3.108633626310435272e+00
1.676825989906980174e+00
1.644802984564636139e+00
2.535627267780439009e+00
2.294890395042999742e+00
1.423986905450935092e+00
1.848700126827072854e+00
1.511103510289288021e+00
1.290174663606907135e+00
1.340343864062385260e+00
2.063681530198069769e+00
3.332165608481010288e+00
1.647489616178215543e+00
2.721662005278674634e+00
5.633495437781299575e-01
2.949812357750660752e+00
9.902839777191103643e-01
2.496139428115861758e+00
3.018807628737104842e+00
2.335321998409683797e+00
1.721274626631903004e+00
1.891098950748430596e+00
1.023075142136795845e+00
1.703155080905542018e+00
2.604987435115392991e+00
1.840713725992092042e+00
2.488292986553647168e+00
2.305318170154074142e+00
1.542955761105704093e+00
2.430863186176537294e+00
4.016192364995343489e-01
2.317468327448383825e+00
1.905697507158372161e+00
-5.319927386384781798e-01
3.240341850098612753e+00
3.227573078322718558e+00
2.092395046241354972e+00
2.559512530139023578e+00
1.473610738514631757e+00
8.983444656168522169e-01
3.257126905261760630e+00
1.474253600358096161e+00
2.710173640470006085e+00
2.505372967175078180e+00
1.232632546496805981e+00
3.651980806511829769e+00
3.446048130687592526e+00
1.910381359943583490e+00
1.365764021659527039e+00
3.017109374721280268e+00
8.121408123857025707e-01
2.205876384512069688e+00
2.069023547403518126e+00
2.729717414926139618e+00
1.791091901564415334e+00
2.634093091884133209e+00
5.107042019223402285e-01
1.604348924691449740e+00
2.347403642482354336e+00
3.251043906291174679e+00
2.036321440286028128e+00
1.332423488029331748e+00
1.414328453623122428e+00
1.831517357046640537e+00
1.099553189160625388e+00
1.488471463478320711e+00
1.466298200591169776e+00
1.224973319500525681e+00
2.799777399454173921e+00
2.439197141475206276e+00
1.879955059943979157e+00
1.775467961903877123e+00
2.542461609146703605e+00
3.529291937345643504e+00
1.693424726055183793e+00
3.208953166857668737e+00
2.588655299645186147e+00
1.070882065442674058e+00
2.293492273423686001e+00
1.492310096896753313e+00
2.690883927178317592e+00
1.705727855403744053e+00
9.152026895654148397e-01
2.217672917766610574e+00
2.504034806753275610e+00
1.246175167061235767e+00
1.467394110410143337e+00
3.287908149107797939e+00
1.484489080563062835e+00
2.877521073087722314e+00
1.983837384876683707e+00
2.022239634312806178e+00
2.463218318470604906e+00
2.300083543302557487e+00
3.251801561288258036e+00
2.789247024513125339e+00
9.628294522971179159e-01
2.234491732313834689e+00
2.581188406582844319e+00
6.074574407339061732e-01
3.170948789936920864e+00
2.190354388574642375e+00
3.490636993210558092e+00
2.260669270570390132e+00
2.300394476263480037e+00
8.625853558042386737e-01
1.625645667899891178e+00
1.222576697507996801e+00
2.514063229814378353e+00
2.148279191772087593e+00
1.831462194438363333e+00
1.167081887230860371e+00
-1.292135865074421908e-01
1.241210459471886018e+00
1.050194038468809987e+00
1.832757803259591256e+00
1.404763726351992981e+00
6.325188471391420819e-01
2.397704077743323392e+00
-5.843562588205095665e-01
4.016548123410631277e+00
2.243731185672739326e+00
3.285563744602423064e+00
1.951599497910835534e+00
3.035991886284516994e+00
1.800543207032787141e+00
1.604626654393030982e+00
2.067098836625476554e+00
2.462441586101167257e+00
3.458415183556600603e+00
2.294421237520948065e+00
1.712051268215635691e+00
2.942001181779267505e+00
2.037637129646554524e+00
2.396377767019874483e+00
1.676376182177702123e+00
7.074732150803346720e-01
2.550228910746302091e+00
7.869154016699524412e-01
4.180052115661894163e+00
2.550470139481962661e+00
3.677838065482660568e+00
2.870808773268461067e+00
1.420602412821789340e+00
1.950075068488597463e+00
1.695810416078708416e+00
1.362542843802929449e+00
2.174860426088930598e+00
1.767106929461240927e+00
1.591270364232939549e+00
8.396627552059368060e-01
1.966472711687241581e+00
2.833752939962615791e+00
2.772208593089485973e+00
1.439305011047816496e+00
1.679998777884776473e+00
1.357366011715750886e+00
7.989392981364566992e-01
2.266025196546071818e+00
4.230052830881796844e+00
2.418276856095877392e+00
6.671947254285246487e-01
1.544242705192893306e+00
1.724666364144449737e+00
1.678349331317910531e+00
2.691113791048352688e+00
2.249872630188412437e+00
7.090659686101590253e-01
1.365882857755291946e+00
2.088552763396486434e+00
1.888100337622685698e+00
2.062352745574445922e+00
1.347379055822767846e+00
1.742952332052505549e+00
1.802865537241604477e+00
2.059024618212793367e+00
1.907032809362425141e+00
2.819092498073259456e+00
1.487958717827162936e+00
2.349881950332651570e+00
1.698204927902206895e+00
2.594063493242380503e+00
7.173289040991286392e-01
2.272199970254633161e+00
1.252557334207344830e+00
2.497351807906681653e+00
1.509859699955254042e+00
2.152875966140587405e+00
2.511668071754272979e+00
2.595559154538910729e+00
8.382482993034539032e-01
2.985112491432883708e+00
1.518423367916796884e+00
1.263292752038830180e+00
3.586082402334841657e+00
1.683569636685310345e+00
2.803953972051743015e+00
2.366944703101303560e+00
2.474981680487231994e+00
2.442024279240353479e+00
1.842894690812933778e+00
3.118174795642814079e+00
2.198518299405984422e+00
4.631494796834129346e+00
2.697997985142852606e+00
1.331095052596192208e+00
1.758287009376865440e+00
1.886770771515381195e+00
