2.190527596347507711e+00
1.681261872838244464e+00
1.753004377267101566e+00
2.200484946590073321e+00
2.587792106484512633e+00
1.762893075356977146e+00
1.742325647490152951e+00
1.815684743213821895e+00
1.906550198459128875e+00
1.940243258052272823e+00
1.348115499234563197e+00
2.267379228400704605e+00
1.940134319099531934e+00
2.271715399284343295e+00
2.156256956038683725e+00
1.533032830615138620e+00
2.136690958159450204e+00
1.806984220768871996e+00
2.125968837988513549e+00
1.816403526913520583e+00
1.951595115856822993e+00
1.773895264862292986e+00
1.577768170684151094e+00
1.848018108451144448e+00
2.199888096901909229e+00
2.006565393195447466e+00
1.976340494369728695e+00
2.223405538715297780e+00
2.295550875008470548e+00
1.682439842819422715e+00
2.408738439493305794e+00
1.803732013059229367e+00
2.085998813772167448e+00
2.116696329505569629e+00
1.903255823093158883e+00
2.023682333891959839e+00
1.657388731180978070e+00
2.327984071741766137e+00
1.632765528715970360e+00
1.767557020581615346e+00
2.097988190112302309e+00
1.862829524380421597e+00
1.828810235634264814e+00
2.150873117324247907e+00
2.078589636507761629e+00
1.506407258208733557e+00
1.991582470447462727e+00
2.564125640868960332e+00
2.355505986835132237e+00
1.937698169828697914e+00
2.748429983760789064e+00
1.489482960096116582e+00
1.843666676616743327e+00
2.164238332288806355e+00
1.472801139880633325e+00
1.638825362729191104e+00
1.708733665090671039e+00
2.270997631832454733e+00
2.806090516792545397e+00
1.752760998697346029e+00
1.840613595211632703e+00
2.265271097733725814e+00
2.265525915024569681e+00
1.866210415009540879e+00
2.141102862327265655e+00
2.384412505349967404e+00
1.611977699594896674e+00
1.942002788657805068e+00
1.985103046265320303e+00
2.490387826497429291e+00
1.857722478143462030e+00
1.871791088631528099e+00
1.833721694511687650e+00
1.498789456405131171e+00
2.503652470780274975e+00
1.899053258230381847e+00
2.317119826186450293e+00
2.274690251634239768e+00
2.224021934236295017e+00
1.723294591843989920e+00
1.645977059466078973e+00
2.191513933069813902e+00
1.389736426030530048e+00
2.188119019817803768e+00
2.028622495169182471e+00
2.157064856942243924e+00
2.251908132424281561e+00
2.121469348480847117e+00
2.012650699932968301e+00
2.104099155734270532e+00
2.305940735392829843e+00
1.800407135358218724e+00
1.592249999418615225e+00
1.919668502873732807e+00
1.461069650011269871e+00
2.241996698057495685e+00
2.067817892271165636e+00
1.827190683623132195e+00
2.465420463251272398e+00
2.437957650608189919e+00
2.033846924294160363e+00
1.874475818664490756e+00
1.941177928753318627e+00
2.010680295848127130e+00
1.737473533209603627e+00
1.998376894168761186e+00
1.495806601498710142e+00
1.930803039946700883e+00
1.818088581872452369e+00
2.574857866198756895e+00
2.345326656258431175e+00
2.204688438777220760e+00
1.986376576474371491e+00
1.996616502778629787e+00
1.528120771449413384e+00
2.128540325774534114e+00
1.679062742335903469e+00
2.109554002918737847e+00
1.761296469150545496e+00
1.919679530067723849e+00
1.851941274577995733e+00
2.040713479580928968e+00
2.585250638644483345e+00
2.104181620748470483e+00
2.005268323152988419e+00
2.007646556162382634e+00
1.994495722041117469e+00
1.489577005985950331e+00
1.984580451260212985e+00
1.887913518525375922e+00
1.875584761876593065e+00
2.594479532761974738e+00
1.473373498716096686e+00
2.163826172838979822e+00
2.081065525439753205e+00
1.928269156726800437e+00
2.308918918110673957e+00
1.823396904075528457e+00
1.762874443782820322e+00
1.904943175843293091e+00
1.266416078330990791e+00
2.248263389858673467e+00
2.338030992047442247e+00
1.517862226185508145e+00
1.929667769054138837e+00
2.235996482510178573e+00
2.206348308370589706e+00
1.840218138085642829e+00
2.315796928845394120e+00
1.621952730463183778e+00
2.560717140687967852e+00
2.343115952634135191e+00
2.256489884390303402e+00
2.100004918145118360e+00
2.274003765493047613e+00
1.951986719712989871e+00
1.957463551219324138e+00
2.162176192838797917e+00
2.266022267593197359e+00
1.881690579484716741e+00
1.816847636611537364e+00
1.867301630778475108e+00
1.662252002772389714e+00
1.809549775526699822e+00
1.978510364183514669e+00
2.320095860795576836e+00
1.897245871250263116e+00
1.551741563274835700e+00
1.510151799730105493e+00
2.354628898106865709e+00
2.196119538233412882e+00
1.925986243774107320e+00
1.879485001498517383e+00
2.184117533285210300e+00
2.040047521820612442e+00
2.197937835073826562e+00
2.262866789945781942e+00
2.297776386730618903e+00
1.886546934075304716e+00
1.951796588221122786e+00
2.141943682948561190e+00
2.189193041186741517e+00
2.119094194885855931e+00
2.576598619181536876e+00
2.148653603372143284e+00
2.053309864012081043e+00
2.029137057223397100e+00
2.454313146069598162e+00
1.557914700977589106e+00
2.091274955011818371e+00
1.794130346449534619e+00
2.220591282520395282e+00
1.976458953230724402e+00
2.496755138650824435e+00
2.357146449286421586e+00
2.051562922279179801e+00
1.461179163623251842e+00
1.828670459868465326e+00
2.027867878272062274e+00
1.892605534282953972e+00
1.933823944865261213e+00
1.626105500456078490e+00
2.260842052057606910e+00
1.869486607522072852e+00
2.492868773889749701e+00
1.857296159848528694e+00
2.187549093329356875e+00
2.208345043587321754e+00
1.734041878126699521e+00
2.351546596934041222e+00
2.430830684882754777e+00
2.236374567574949346e+00
1.469633399898276238e+00
1.880379317223628055e+00
2.029866970159007078e+00
2.405355152050108192e+00
1.854913722766152961e+00
1.804820086325709783e+00
1.948164262387811929e+00
1.932667630279994109e+00
2.159977598078658634e+00
1.428916867709909777e+00
2.188644308070343936e+00
2.694952334993660159e+00
2.065454499943669475e+00
1.902208983033490064e+00
1.925755810589726336e+00
2.000081189845361429e+00
1.619178153139593901e+00
2.141252194489417171e+00
1.483929102867144190e+00
1.519681598128830968e+00
2.326328589442171690e+00
1.722433763444052301e+00
1.981168868889940260e+00
2.117442565427456458e+00
2.065722714366053481e+00
2.067471008061751103e+00
2.141962238351638348e+00
2.436873046405903409e+00
2.301521680189924535e+00
1.760184453943113070e+00
2.349818744395698822e+00
1.744976731334765496e+00
1.705319476463111883e+00
1.962688056262754888e+00
2.015851653333661453e+00
1.956541962040333926e+00
2.487786936272338156e+00
1.859917250997487281e+00
2.215914839609418152e+00
1.500869107039874972e+00
2.011468136701995313e+00
2.156575672278447708e+00
1.884357091585917132e+00
2.125040795637137325e+00
1.810222443050163221e+00
1.908239039693558903e+00
2.150070076373090444e+00
2.188576033421745670e+00
1.479206643800302423e+00
2.052899835556232677e+00
1.982045794265095751e+00
1.951446467417362829e+00
1.463782276565507079e+00
2.362489345604438018e+00
2.057455899140173017e+00
2.019801278041022830e+00
2.111133931343077030e+00
2.575448600037817837e+00
1.780982802815082477e+00
2.315641819142187252e+00
1.930132513594409627e+00
2.100387144978628662e+00
2.232156577494972538e+00
1.650888002936890420e+00
1.380419072914903733e+00
2.135201836334541525e+00
2.034781592381653681e+00
2.111750628239368766e+00
1.465485227700162874e+00
1.779849668108860916e+00
1.665465368747153896e+00
1.967817536124486510e+00
2.353751644702208878e+00
1.368152494826830878e+00
1.930040012284384821e+00
2.386204370897160754e+00
1.670835885969002232e+00
1.448087998754041372e+00
1.432885747573032775e+00
2.027422129270354922e+00
2.185814913083014233e+00
2.302142935762114373e+00
1.761435576233026490e+00
2.368842460208938405e+00
1.913401694436097644e+00
2.573952329926854965e+00
1.862740953252383536e+00
2.290752750682740313e+00
2.333666376865580983e+00
1.760295216294896825e+00
1.846634697862340913e+00
1.339717054690041653e+00
1.871918947667419619e+00
2.462713094822040372e+00
1.790373908090088229e+00
2.013906584626667495e+00
2.250659493293678537e+00
1.727982642529450663e+00
1.959681846699289798e+00
1.565997113378609917e+00
1.482835846407102309e+00
1.756940257003564820e+00
1.472697384676515453e+00
1.801689312976072932e+00
2.023141018012308390e+00
1.704000775808960810e+00
2.261038659280900642e+00
1.579632619263542814e+00
1.909044067646764375e+00
2.175227396128417201e+00
1.541170801165722803e+00
2.149704411714061791e+00
1.695520449766466431e+00
2.192819364356644485e+00
2.141397811536210227e+00
1.957805091354353211e+00
1.496455911913258108e+00
2.079001283084240370e+00
2.885762607860876905e+00
1.882348872728242473e+00
1.682880893642300535e+00
1.500407192079724616e+00
1.765085986840913002e+00
1.583112406012496809e+00
1.803597918857291926e+00
1.808726465130991556e+00
2.092358815249807158e+00
2.211176069897620611e+00
2.050724401569794519e+00
1.810670027400206994e+00
2.043499420721158533e+00
1.998697104372382682e+00
2.387890795610592587e+00
2.072949135441046309e+00
1.668784028720724066e+00
2.083153707547591882e+00
2.271368320431759624e+00
2.129424988632435678e+00
1.913051709578470039e+00
1.506998439076177032e+00
1.983335408439484748e+00
2.111508369325612477e+00
2.060925928417054465e+00
1.926046678818288171e+00
1.671444660411092853e+00
2.050302110394619071e+00
2.544256838538845322e+00
2.045737009863494382e+00
1.692850750897257672e+00
1.972903155991507562e+00
1.820038590563005876e+00
2.182560889841095086e+00
2.241473206235221394e+00
1.535460718503427469e+00
1.785542508261031003e+00
2.065943769321171519e+00
1.996360700626634399e+00
2.077870975234516582e+00
2.062305161817329591e+00
1.667406477766395501e+00
2.356421358213691697e+00
1.671245399051088487e+00
2.063703827207516550e+00
2.571830469482152104e+00
2.026463833769274636e+00
2.369587239070366280e+00
2.239310408094841165e+00
1.905077876741611664e+00
1.927265403736254434e+00
1.663369990390981101e+00
2.150805740438182845e+00
1.944925674318704889e+00
1.683085404408815045e+00
1.844096268731729049e+00
1.999773499179169356e+00
2.404486895029820381e+00
2.393789637118719060e+00
1.700355246002269505e+00
1.971583087539389378e+00
2.009884925065708039e+00
2.064806528203607883e+00
1.736587505235968942e+00
1.479139817528280387e+00
1.982545121660716614e+00
2.041048065955232360e+00
2.183154323767229066e+00
1.940075396421502507e+00
1.799456021660323479e+00
2.384811761759143778e+00
2.290032267931256360e+00
1.810650624701731548e+00
2.443505742915156098e+00
2.244357265532911150e+00
2.007527246680375299e+00
2.262787517203912024e+00
1.378468011038544550e+00
2.044243657298537631e+00
2.573704244695858456e+00
2.557576525670972600e+00
1.717868734946258025e+00
1.938707435338623997e+00
1.847484753193943785e+00
2.154792888798561901e+00
2.337689531104957474e+00
1.812656193096701562e+00
1.994784054753988123e+00
1.643409518499473698e+00
1.556874066899341047e+00
1.950908411830663880e+00
1.886860447956277387e+00
2.366560061360248657e+00
1.966124371448866537e+00
2.117435404830689372e+00
2.440978515519473202e+00
2.215842400478916119e+00
1.943208313107413154e+00
1.920811161682623780e+00
2.395585782305054590e+00
2.647917205771660676e+00
1.984956594214638548e+00
1.586506781338598238e+00
2.006010172533117863e+00
1.836861512735533219e+00
2.104107363812617315e+00
1.595407849279269374e+00
2.162522549608427269e+00
1.268986128341041075e+00
2.087443643826285555e+00
1.777525856764995194e+00
1.860063428813157227e+00
1.900550036209213367e+00
2.295043737982337184e+00
1.816116367326061853e+00
1.828472314823287537e+00
2.021795759342808196e+00
1.808587525902196402e+00
2.153500660436420855e+00
2.231163440115551566e+00
2.015963747175943954e+00
2.164529311671313128e+00
1.960040802136961524e+00
2.182671312579997469e+00
2.029771959311069907e+00
1.984496571407680765e+00
1.823063831683307434e+00
2.441919614004023131e+00
2.146365136633082926e+00
2.427265458277874544e+00
1.575834256505327824e+00
1.864874346905738944e+00
2.236624325822051507e+00
1.807148184159985016e+00
2.120358570530731068e+00
2.265291507689654260e+00
2.038254829365619969e+00
2.311577149674931331e+00
1.614862941369002103e+00
2.374834515421408554e+00
1.876921700447975461e+00
1.824820501018332042e+00
2.137929831068403619e+00
1.718179731732575544e+00
1.695451706375697309e+00
2.132493889882425275e+00
2.205085447330648041e+00
1.647366816566079084e+00
1.794167144370080402e+00
1.183312208040694813e+00
1.731612052013567604e+00
2.496316295428435250e+00
1.727568779647089547e+00
1.889435246632931831e+00
1.822678015296918641e+00
1.928810571509168570e+00
1.916594524693614909e+00
2.098320561562057485e+00
1.946559915865340606e+00
2.252646357934025900e+00
1.824303328686121883e+00
2.250102750061172774e+00
2.026629093828564265e+00
2.656567341158099005e+00
2.168957805497152336e+00
2.125227102706752635e+00
2.051222612751023799e+00
2.226473357466208114e+00
1.980358213394049827e+00
1.666577954710060983e+00
