3.130000000000000071e+01 1.766666666999999968e+00
5.200000000000000000e+01 2.000000000000000000e+00
2.793823529410000219e+02 1.911764706000000036e+00
3.453000000000000114e+02 9.000000000000000222e-01
4.100000000000000000e+02 5.000000000000000000e-01
5.078684210530000200e+02 2.710526316000000158e+00
5.785000000000000000e+02 1.346153845999999987e+00
4.386111111110000138e+02 4.777777777999999920e+00
3.700000000000000000e+02 6.750000000000000000e+00
6.750000000000000000e+01 6.500000000000000000e+00
1.393888888889999862e+02 7.777777777999999920e+00
2.610000000000000000e+02 7.500000000000000000e+00
3.883888888889999862e+02 7.166666667000000324e+00
4.812500000000000000e+02 6.875000000000000000e+00
5.541153846150000390e+02 7.115384614999999968e+00
3.310882352940000146e+02 8.382352941000000612e+00
5.223666666670000041e+02 7.966666667000000146e+00
1.924473684209999931e+02 9.342105263000000548e+00
8.678571428600000104e+01 1.000000000000000000e+01
1.093421052629999934e+02 1.192105263200000032e+01
4.505000000000000000e+02 1.050000000000000000e+01
5.613947368420000430e+02 1.350000000000000000e+01
2.981315789469999800e+02 1.476315789500000086e+01
4.205000000000000000e+02 1.400000000000000000e+01
3.529782608699999855e+02 1.589130434800000025e+01
1.751363636359999987e+02 1.604545454499999835e+01
5.411000000000000227e+02 1.610000000000000142e+01
2.101250000000000000e+02 1.725000000000000000e+01
5.089615384620000214e+02 1.665384615400000001e+01
1.635666666669999927e+02 1.836666666700000050e+01
2.318125000000000000e+02 1.962500000000000000e+01
5.743421052630000077e+02 1.934210526300000055e+01
3.781875000000000000e+02 2.062500000000000000e+01
4.726578947369999923e+02 2.065789473699999945e+01
1.241470588239999984e+02 2.150000000000000000e+01
2.821153846149999822e+02 2.288461538500000003e+01
4.949666666670000268e+02 2.336666666700000050e+01
2.661363636359999987e+02 2.395454545500000165e+01
1.922222222199999919e+01 2.538888888900000040e+01
5.350000000000000000e+01 2.500000000000000000e+01
7.336363636400000132e+01 2.650000000000000000e+01
9.903846153800000707e+01 2.565384615400000001e+01
3.203888888889999862e+02 2.677777777800000081e+01
4.132142857140000274e+02 2.700000000000000000e+01
5.362500000000000000e+02 2.683333333299999879e+01
3.970000000000000284e+01 2.750000000000000000e+01
1.935833333330000130e+02 2.783333333299999879e+01
2.550000000000000000e+02 2.800000000000000000e+01
5.532500000000000000e+02 2.906250000000000000e+01
3.607500000000000000e+02 3.008333333299999879e+01
3.892500000000000000e+02 2.987500000000000000e+01
5.005909090910000145e+02 3.040909090899999967e+01
3.019615384620000214e+02 3.134615384599999999e+01
3.325000000000000000e+02 3.100000000000000000e+01
5.160000000000000000e+02 3.250000000000000000e+01
1.265789473699999945e+01 3.334210526300000055e+01
6.187500000000000000e+01 3.362500000000000000e+01
1.825000000000000000e+02 3.300000000000000000e+01
2.194090909090000139e+02 3.386363636400000132e+01
3.785000000000000000e+02 3.429999999999999716e+01
4.304444444439999984e+02 3.500000000000000000e+01
1.406333333329999959e+02 3.496666666699999837e+01
4.032777777779999724e+02 3.500000000000000000e+01
2.368846153849999894e+02 3.611538461500000352e+01
4.504473684210000215e+02 3.665789473699999945e+01
4.797941176470000073e+02 3.791176470599999959e+01
5.858529411759999448e+02 3.797058823500000102e+01
1.199117647059999996e+02 3.961764705899999939e+01
5.769666666670000268e+02 4.236666666699999695e+01
2.235000000000000000e+02 4.350000000000000000e+01
8.900000000000000000e+01 4.500000000000000000e+01
1.560882352939999862e+02 4.461764705899999939e+01
2.707777777779999724e+02 4.461111111099999960e+01
5.429285714290000442e+02 4.450000000000000000e+01
2.931250000000000000e+02 4.506250000000000000e+01
3.602647058819999870e+02 4.573529411799999878e+01
4.175500000000000114e+02 4.560000000000000142e+01
3.694444444399999838e+01 4.661111111099999960e+01
3.306999999999999886e+02 4.550000000000000000e+01
3.887307692310000107e+02 4.588461538499999648e+01
3.110000000000000000e+02 4.700000000000000000e+01
2.257692307700000001e+01 4.780769230800000003e+01
4.440384615379999786e+02 4.765384615400000001e+01
4.640384615379999786e+02 4.834615384599999999e+01
5.908823529400000041e+01 4.938235294100000061e+01
1.566666667000000013e+00 5.063333333300000305e+01
1.779583333330000130e+02 5.129166666700000121e+01
3.501000000000000227e+02 5.010000000000000142e+01
1.992500000000000000e+02 5.212500000000000000e+01
1.376111111110000138e+02 5.377777777800000081e+01
4.890000000000000000e+02 5.278571428600000104e+01
5.080000000000000000e+02 5.450000000000000000e+01
5.656176470589999781e+02 5.508823529400000041e+01
8.121428571399999896e+01 5.600000000000000000e+01
5.821363636360000555e+02 5.559090909100000033e+01
1.043181818179999993e+02 5.831818181799999934e+01
1.645000000000000000e+02 5.800000000000000000e+01
4.748333333329999846e+02 5.894444444399999838e+01
2.590000000000000000e+02 6.027777777800000081e+01
3.786333333329999959e+02 5.996666666699999837e+01
2.111923076920000142e+02 6.157692307699999645e+01
2.845000000000000000e+02 6.114705882399999837e+01
3.358333333329999846e+02 6.141666666700000121e+01
4.650000000000000000e+01 6.200000000000000000e+01
5.526666666669999586e+02 6.238888888900000040e+01
2.721428571399999896e+01 6.300000000000000000e+01
1.221153846149999964e+02 6.311538461500000352e+01
5.283571428569999853e+02 6.457142857099999844e+01
2.338529411760000016e+02 6.497058823499999392e+01
2.630625000000000000e+02 6.525000000000000000e+01
1.498076923079999858e+02 6.657692307700000356e+01
3.437777777779999724e+02 6.661111111099999960e+01
3.936875000000000000e+02 6.818750000000000000e+01
1.093750000000000000e+02 6.862500000000000000e+01
3.110000000000000000e+02 6.900000000000000000e+01
4.310000000000000000e+02 7.000000000000000000e+01
4.441666666670000154e+02 6.938888888900000040e+01
7.721428571399999896e+01 7.200000000000000000e+01
2.921999999999999886e+02 7.159999999999999432e+01
5.101923076919999858e+02 7.257692307700000356e+01
1.810000000000000000e+02 7.345000000000000284e+01
2.763823529410000219e+02 7.379411764699999310e+01
4.962500000000000000e+02 7.387500000000000000e+01
9.414705882399999837e+01 7.550000000000000000e+01
1.957222222219999992e+02 7.600000000000000000e+01
3.240000000000000000e+02 7.627777777800000081e+01
4.070294117650000203e+02 7.614705882399999837e+01
4.622647058819999870e+02 7.773529411799999878e+01
2.000000000000000000e+00 7.850000000000000000e+01
1.261153846149999964e+02 7.788461538500000358e+01
3.630833333329999846e+02 7.883333333299999879e+01
2.380000000000000000e+02 7.800000000000000000e+01
5.367500000000000000e+02 8.050000000000000000e+01
1.561153846150000106e+02 8.111538461499999642e+01
2.261153846150000106e+02 8.088461538500000358e+01
3.808750000000000000e+02 8.175000000000000000e+01
4.846999999999999886e+02 8.170000000000000284e+01
5.528333333330000414e+02 8.076666666699999553e+01
5.699666666670000268e+02 8.136666666700000405e+01
2.400000000000000000e+01 8.227777777800000081e+01
5.210000000000000142e+01 8.209999999999999432e+01
3.081875000000000000e+02 8.475000000000000000e+01
2.125000000000000000e+02 8.685294117600000163e+01
7.468181818200000066e+01 8.768181818200000066e+01
2.517500000000000000e+02 8.925000000000000000e+01
4.451923076919999858e+02 8.942307692299999644e+01
5.826578947369999923e+02 8.965789473700000656e+01
2.973999999999999773e+02 9.245000000000000284e+01
3.811538461500000352e+01 9.411538461499999642e+01
4.985666666669999927e+02 9.409999999999999432e+01
1.111666666670000012e+02 9.516666666700000121e+01
5.925000000000000000e+01 9.583333333299999879e+01
1.707500000000000000e+02 9.583333333299999879e+01
3.258999999999999773e+02 9.609999999999999432e+01
4.263823529410000219e+02 9.608823529400000041e+01
4.710000000000000000e+02 9.600000000000000000e+01
5.290000000000000000e+02 9.578571428600000104e+01
2.911764706000000036e+00 9.738235294099999351e+01
2.456250000000000000e+02 9.637500000000000000e+01
2.705769230770000036e+02 9.680769230800000003e+01
1.296333333329999959e+02 9.796666666699999837e+01
1.916999999999999886e+02 9.929999999999999716e+01
4.527142857140000274e+02 9.885714285699999948e+01
2.291111111110000138e+02 1.007777777780000008e+02
4.052142857140000274e+02 1.000000000000000000e+02
5.696428571430000147e+02 1.006904761899999983e+02
3.840000000000000000e+02 1.010000000000000000e+02
9.009999999999999432e+01 1.020999999999999943e+02
3.612647058819999870e+02 1.027941176469999931e+02
1.420000000000000000e+02 1.045000000000000000e+02
2.051363636359999987e+02 1.044090909089999997e+02
3.420294117650000203e+02 1.055588235289999943e+02
4.210000000000000000e+02 1.047857142860000010e+02
5.415000000000000000e+02 1.052894736840000007e+02
1.675833333330000130e+02 1.061666666670000012e+02
4.865000000000000000e+02 1.071470588239999984e+02
7.150000000000000000e+01 1.085000000000000000e+02
5.661153846150000390e+02 1.081153846149999964e+02
1.070000000000000000e+02 1.090000000000000000e+02
5.080882352940000146e+02 1.096176470590000065e+02
4.747352941180000130e+02 1.104411764710000057e+02
4.435000000000000000e+02 1.110000000000000000e+02
2.161764705899999939e+01 1.120882352940000004e+02
1.237500000000000000e+02 1.120833333329999988e+02
5.268999999999999773e+02 1.120999999999999943e+02
2.431363636359999987e+02 1.124090909089999997e+02
3.091470588239999984e+02 1.135000000000000000e+02
3.375000000000000000e+02 1.130714285709999984e+02
5.801153846150000390e+02 1.141153846149999964e+02
1.285714285699999948e+01 1.152857142860000010e+02
2.843421052630000077e+02 1.166578947370000066e+02
4.953999999999999773e+02 1.172000000000000028e+02
4.878571428600000104e+01 1.180000000000000000e+02
2.642500000000000000e+02 1.187500000000000000e+02
1.480882352939999862e+02 1.196176470590000065e+02
1.910000000000000000e+02 1.185000000000000000e+02
2.266333333329999959e+02 1.189666666669999984e+02
1.637105263159999993e+02 1.201315789469999942e+02
1.073095238100000017e+02 1.217857142860000010e+02
3.114285714289999873e+02 1.213571428569999995e+02
3.514499999999999886e+02 1.215999999999999943e+02
4.009666666670000268e+02 1.213666666670000041e+02
5.532142857139999705e+02 1.223571428569999995e+02
8.613636363599999868e+01 1.239545454550000017e+02
4.252500000000000000e+02 1.238750000000000000e+02
3.730000000000000000e+02 1.247000000000000028e+02
2.290625000000000000e+02 1.272500000000000000e+02
5.651153846150000390e+02 1.271153846149999964e+02
5.241315789469999800e+02 1.287631578950000062e+02
1.765000000000000000e+02 1.297352941180000130e+02
7.061111111099999960e+01 1.298333333330000130e+02
3.750000000000000000e+01 1.310000000000000000e+02
1.210333333330000016e+02 1.316333333329999959e+02
2.037380952379999997e+02 1.321190476190000140e+02
4.382142857140000274e+02 1.310000000000000000e+02
2.693000000000000114e+02 1.325000000000000000e+02
4.658999999999999773e+02 1.330999999999999943e+02
2.489666666669999984e+02 1.346333333329999959e+02
4.757307692310000107e+02 1.338846153849999894e+02
1.378333333330000130e+02 1.352333333329999903e+02
5.390000000000000000e+02 1.352142857139999990e+02
5.817500000000000000e+02 1.348333333330000130e+02
3.372222222220000276e+02 1.363333333330000130e+02
3.907307692310000107e+02 1.361153846150000106e+02
1.603846153799999996e+01 1.373461538459999929e+02
2.950000000000000000e+02 1.370000000000000000e+02
5.000000000000000000e-01 1.390000000000000000e+02
1.899000000000000057e+02 1.389000000000000057e+02
5.078999999999999773e+02 1.395666666669999927e+02
5.568999999999999773e+02 1.390999999999999943e+02
4.239473684200000037e+01 1.420789473680000015e+02
3.548809523809999860e+02 1.420238095240000007e+02
1.573744588739999983e+02 1.498896103900000014e+02
4.046578947369999923e+02 1.434473684209999931e+02
3.136333333329999959e+02 1.440333333330000016e+02
1.200000000000000000e+02 1.447857142860000010e+02
2.054090909090000139e+02 1.471363636359999987e+02
2.221315789470000084e+02 1.470263157889999945e+02
3.861250000000000000e+02 1.472500000000000000e+02
5.191000000000000227e+02 1.470999999999999943e+02
4.245000000000000000e+02 1.476999999999999886e+02
2.653000000000000114e+02 1.500000000000000000e+02
4.508999999999999773e+02 1.489000000000000057e+02
1.735294118000000108e+00 1.505588235289999943e+02
5.900000000000000000e+01 1.512777777780000008e+02
2.820000000000000000e+02 1.510000000000000000e+02
8.327777777800000081e+01 1.530000000000000000e+02
1.331153846150000106e+02 1.531153846150000106e+02
3.286739130430000273e+02 1.535000000000000000e+02
4.908181818180000278e+02 1.536363636359999987e+02
4.743999999999999773e+02 1.545500000000000114e+02
2.427222222219999992e+02 1.550000000000000000e+02
3.690000000000000000e+02 1.550000000000000000e+02
4.375000000000000000e+02 1.550000000000000000e+02
3.493000000000000114e+02 1.555000000000000000e+02
5.740000000000000000e+02 1.573000000000000114e+02
9.907894736800000146e+01 1.586052631580000138e+02
2.992894736839999723e+02 1.588684210529999916e+02
2.696428571430000147e+02 1.590714285710000127e+02
1.782083333330000130e+02 1.605000000000000000e+02
4.016999999999999886e+02 1.600000000000000000e+02
5.422500000000000000e+02 1.601666666669999870e+02
5.113823529410000219e+02 1.629117647060000138e+02
5.800000000000000000e+02 1.625000000000000000e+02
1.675000000000000000e+01 1.642500000000000000e+02
2.076999999999999886e+02 1.635000000000000000e+02
3.243461538459999929e+02 1.644230769229999964e+02
3.921428571399999896e+01 1.670000000000000000e+02
2.437727272729999868e+02 1.680000000000000000e+02
4.220000000000000000e+02 1.672777777780000008e+02
4.618750000000000000e+02 1.672500000000000000e+02
1.560000000000000000e+02 1.690000000000000000e+02
8.657894736999999452e+00 1.706578947369999923e+02
2.837857142859999726e+02 1.695000000000000000e+02
3.726333333329999959e+02 1.699666666669999984e+02
6.113157894700000128e+01 1.712894736840000007e+02
1.700625000000000000e+02 1.712500000000000000e+02
9.902941176500000608e+01 1.721470588239999984e+02
1.240999999999999943e+02 1.720999999999999943e+02
4.715526315789999785e+02 1.723421052630000077e+02
5.418809523810000428e+02 1.737857142860000010e+02
5.535000000000000000e+02 1.738333333330000130e+02
5.829117647059999854e+02 1.746176470590000065e+02
3.390000000000000000e+02 1.750000000000000000e+02
7.725000000000000000e+01 1.769375000000000000e+02
2.044523809519999986e+02 1.782619047620000003e+02
3.590882352940000146e+02 1.776176470590000065e+02
2.852222222220000276e+02 1.783888888889999862e+02
1.962500000000000000e+01 1.786250000000000000e+02
3.930000000000000000e+02 1.797222222219999992e+02
5.027777777779999724e+02 1.796111111110000138e+02
4.120454545449999841e+02 1.801363636359999987e+02
4.460000000000000000e+02 1.802777777780000008e+02
4.620000000000000000e+02 1.802142857139999990e+02
3.214285713999999849e+00 1.820000000000000000e+02
1.160000000000000000e+02 1.825000000000000000e+02
2.977222222220000276e+02 1.820000000000000000e+02
2.246111111110000138e+02 1.832222222219999992e+02
5.140294117649999635e+02 1.838529411760000016e+02
1.420000000000000000e+02 1.842777777780000008e+02
1.830384615380000071e+02 1.836538461540000071e+02
2.482500000000000000e+02 1.845625000000000000e+02
1.195454545499999988e+01 1.853181818179999993e+02
5.730294117649999635e+02 1.861470588239999984e+02
2.659090909100000033e+01 1.875909090909999861e+02
3.137666666669999813e+02 1.875000000000000000e+02
5.264285714300000052e+01 1.886904761899999983e+02
2.760000000000000000e+02 1.901666666669999870e+02
5.513999999999999773e+02 1.908000000000000114e+02
4.200000000000000000e+02 1.915000000000000000e+02
4.615909090910000145e+02 1.914090909090000139e+02
4.772222222220000276e+02 1.936111111110000138e+02
5.865909090909999577e+02 1.931363636359999987e+02
4.388888889000000404e+00 1.945555555560000016e+02
7.650000000000000000e+01 1.950000000000000000e+02
3.950000000000000000e+02 1.945000000000000000e+02
4.925000000000000000e+02 1.958529411760000016e+02
2.382857142860000010e+02 1.958571428570000137e+02
3.561470588239999984e+02 1.959705882350000081e+02
3.268333333329999846e+02 1.976428571429999863e+02
3.775000000000000000e+02 1.971470588239999984e+02
1.019375000000000000e+02 1.978750000000000000e+02
1.221153846149999964e+02 1.978846153849999894e+02
2.031315789470000084e+02 1.982368421049999938e+02
2.181153846150000106e+02 1.981153846150000106e+02
1.450000000000000000e+02 1.990000000000000000e+02
2.846666666670000154e+02 1.992222222219999992e+02
5.295000000000000000e+02 2.008333333330000130e+02
1.698571428570000137e+02 2.017857142860000010e+02
4.422142857140000274e+02 2.020000000000000000e+02
1.755000000000000071e+01 2.035999999999999943e+02
5.563333333300000305e+01 2.029666666669999984e+02
4.055000000000000000e+02 2.035000000000000000e+02
4.656250000000000000e+01 2.077500000000000000e+02
3.791999999999999886e+02 2.088000000000000114e+02
8.588461538500000358e+01 2.098846153849999894e+02
1.132142857139999990e+02 2.100000000000000000e+02
3.653823529410000219e+02 2.099117647060000138e+02
2.531315789470000084e+02 2.109736842110000055e+02
2.925526315789999785e+02 2.111842105259999869e+02
4.347307692310000107e+02 2.111153846150000106e+02
4.833333332999999676e+00 2.113888888889999862e+02
1.920000000000000000e+02 2.120000000000000000e+02
2.278076923079999858e+02 2.125769230770000036e+02
4.995000000000000000e+02 2.120000000000000000e+02
5.162142857139999705e+02 2.120000000000000000e+02
5.737857142860000295e+02 2.120000000000000000e+02
1.342647058819999870e+02 2.134411764710000057e+02
3.119117647059999854e+02 2.133823529409999935e+02
3.448333333329999846e+02 2.131111111110000138e+02
1.540000000000000000e+02 2.142142857139999990e+02
1.755000000000000000e+02 2.141666666669999870e+02
5.541666666669999586e+02 2.152500000000000000e+02
6.740909090899999967e+01 2.158636363640000013e+02
2.716052631580000138e+02 2.160789473680000015e+02
4.725000000000000000e+02 2.165555555560000016e+02
1.004000000000000057e+02 2.175500000000000114e+02
5.830625000000000000e+02 2.172500000000000000e+02
2.074000000000000057e+02 2.184000000000000057e+02
2.817755102039999997e+02 2.223469387760000018e+02
4.534090909089999855e+02 2.201363636359999987e+02
5.383571428569999853e+02 2.203095238100000017e+02
2.578571428600000104e+01 2.218571428570000137e+02
2.425000000000000000e+02 2.222894736840000007e+02
1.386176470590000065e+02 2.240882352939999862e+02
3.845909090910000145e+02 2.254090909090000139e+02
4.205000000000000000e+02 2.250000000000000000e+02
4.865000000000000000e+02 2.255000000000000000e+02
4.680294117650000203e+02 2.268529411760000016e+02
3.316904761900000267e+02 2.273571428570000137e+02
7.961764705900000649e+01 2.280882352939999862e+02
5.311538461500000352e+01 2.291153846150000106e+02
3.571153846149999822e+02 2.288846153849999894e+02
4.032142857140000274e+02 2.290000000000000000e+02
5.188846153849999610e+02 2.288846153849999894e+02
3.311111111099999960e+01 2.301111111110000138e+02
1.900000000000000000e+02 2.320000000000000000e+02
2.570882352940000146e+02 2.323823529409999935e+02
4.401363636359999987e+02 2.320454545450000126e+02
5.725000000000000000e+02 2.326363636359999987e+02
1.278529411760000016e+02 2.335000000000000000e+02
5.500000000000000000e+02 2.335000000000000000e+02
3.108529411760000016e+02 2.345000000000000000e+02
1.585000000000000000e+02 2.373666666670000041e+02
5.858571428569999853e+02 2.372857142860000010e+02
6.050000000000000000e+01 2.380000000000000000e+02
1.029666666669999984e+02 2.383666666670000041e+02
2.242222222219999992e+02 2.386111111110000138e+02
6.599999999999999645e+00 2.395500000000000114e+02
2.208823529400000041e+01 2.393823529409999935e+02
2.910789473680000015e+02 2.396052631580000138e+02
2.427631578950000062e+02 2.411315789470000084e+02
3.990000000000000000e+02 2.425000000000000000e+02
5.270000000000000000e+02 2.422142857139999990e+02
2.650625000000000000e+02 2.428750000000000000e+02
1.820000000000000000e+02 2.435000000000000000e+02
4.822142857140000274e+02 2.440000000000000000e+02
5.068846153850000178e+02 2.438846153849999894e+02
3.415000000000000000e+02 2.453000000000000114e+02
3.791363636359999987e+02 2.444090909090000139e+02
4.561764705899999939e+01 2.459117647060000138e+02
1.080000000000000000e+02 2.457857142860000010e+02
3.201000000000000227e+02 2.460999999999999943e+02
5.663750000000000000e+02 2.468125000000000000e+02
1.329000000000000057e+02 2.470999999999999943e+02
4.320000000000000000e+02 2.472142857139999990e+02
2.110000000000000000e+02 2.482142857139999990e+02
4.745833333329999846e+02 2.493333333330000130e+02
3.670000000000000000e+02 2.495000000000000000e+02
4.523823529410000219e+02 2.500882352939999862e+02
1.482857142860000010e+02 2.508571428570000137e+02
2.976000000000000227e+02 2.514499999999999886e+02
1.636333333329999959e+02 2.540333333330000016e+02
8.491176470599999959e+01 2.566176470589999781e+02
1.945909090909999861e+02 2.564090909089999855e+02
2.170000000000000000e+02 2.587222222220000276e+02
3.886176470589999781e+02 2.584411764710000057e+02
2.862142857140000274e+02 2.590000000000000000e+02
5.007105263160000277e+02 2.591315789469999800e+02
5.395000000000000000e+02 2.595000000000000000e+02
4.225000000000000000e+02 2.610000000000000000e+02
8.500000000000000000e+00 2.617105263160000277e+02
3.447777777779999724e+02 2.613888888889999862e+02
4.045000000000000000e+02 2.630000000000000000e+02
5.178846153849999610e+02 2.631153846149999822e+02
5.750000000000000000e+01 2.645000000000000000e+02
1.002222222219999992e+02 2.643888888889999862e+02
1.221153846149999964e+02 2.651153846149999822e+02
2.500714285710000127e+02 2.663095238099999733e+02
2.877777777800000081e+01 2.673888888889999862e+02
3.165500000000000114e+02 2.676000000000000227e+02
5.851470588240000552e+02 2.675000000000000000e+02
1.460000000000000000e+02 2.677857142859999726e+02
4.790333333329999732e+02 2.686333333329999959e+02
5.590833333330000414e+02 2.677500000000000000e+02
3.266250000000000000e+02 2.695625000000000000e+02
5.050000000000000000e+02 2.689444444439999984e+02
7.662500000000000000e+01 2.708125000000000000e+02
1.815000000000000000e+02 2.705000000000000000e+02
4.875000000000000000e+02 2.701470588239999984e+02
2.705500000000000114e+02 2.716000000000000227e+02
4.590000000000000000e+02 2.710000000000000000e+02
2.005999999999999943e+02 2.724499999999999886e+02
3.778000000000000114e+02 2.723999999999999773e+02
3.895000000000000000e+02 2.715000000000000000e+02
4.436875000000000000e+02 2.733125000000000000e+02
1.340882352939999862e+02 2.746176470589999781e+02
2.415000000000000000e+02 2.735000000000000000e+02
3.010000000000000000e+02 2.736999999999999886e+02
6.250000000000000000e+01 2.750000000000000000e+02
5.301153846150000390e+02 2.771153846149999822e+02
1.553000000000000114e+02 2.775000000000000000e+02
3.440384615379999786e+02 2.776538461540000071e+02
2.211428571429999863e+02 2.794285714289999873e+02
3.833333333000000120e+00 2.815000000000000000e+02
1.690000000000000000e+02 2.803000000000000114e+02
3.160714285710000127e+02 2.835000000000000000e+02
5.663823529410000219e+02 2.829117647059999854e+02
3.691666666670000154e+02 2.840000000000000000e+02
5.513571428569999853e+02 2.842857142859999726e+02
4.300000000000000000e+01 2.847857142859999726e+02
9.085294117600000163e+01 2.850294117650000203e+02
2.200000000000000000e+01 2.867222222220000276e+02
3.827142857140000274e+02 2.862857142859999726e+02
4.027857142859999726e+02 2.860000000000000000e+02
4.656111111110000138e+02 2.872222222220000276e+02
2.476999999999999886e+02 2.890199999999999818e+02
2.850000000000000000e+02 2.887857142859999726e+02
4.337222222220000276e+02 2.890000000000000000e+02
4.534499999999999886e+02 2.893999999999999773e+02
5.220000000000000000e+02 2.895000000000000000e+02
2.705000000000000000e+02 2.897857142859999726e+02
1.053823529409999935e+02 2.910882352940000146e+02
2.073461538459999929e+02 2.910384615379999786e+02
4.895952380950000133e+02 2.919285714289999873e+02
5.875000000000000000e+02 2.905000000000000000e+02
3.606250000000000000e+02 2.938125000000000000e+02
5.555000000000000000e+02 2.942500000000000000e+02
1.561842105259999869e+02 2.945526315789999785e+02
1.786052631580000138e+02 2.945000000000000000e+02
2.392692307689999893e+02 2.941153846149999822e+02
4.230000000000000000e+02 2.950000000000000000e+02
3.003999999999999773e+02 2.968000000000000114e+02
1.285000000000000000e+02 2.980000000000000000e+02
1.626538461540000071e+02 2.970384615379999786e+02
5.811538461500000352e+01 2.987307692310000107e+02
3.288333333329999846e+02 2.996428571430000147e+02
2.575000000000000000e+02 3.008333333329999846e+02
3.425833333329999846e+02 3.016666666670000154e+02
7.040909090899999967e+01 3.021363636359999987e+02
2.222647058819999870e+02 3.020882352940000146e+02
1.622222222199999919e+01 3.036111111110000138e+02
9.221428571399999896e+01 3.040000000000000000e+02
4.357666666669999813e+02 3.041666666670000154e+02
4.758333333329999846e+02 3.045000000000000000e+02
5.065000000000000000e+02 3.040000000000000000e+02
2.798571428569999853e+02 3.052857142859999726e+02
3.118333333329999846e+02 3.055000000000000000e+02
3.851000000000000227e+02 3.051000000000000227e+02
4.045526315789999785e+02 3.054473684210000215e+02
4.389999999999999858e+01 3.058999999999999773e+02
5.771153846150000390e+02 3.061153846149999822e+02
1.443421052630000077e+02 3.073421052630000077e+02
2.015000000000000000e+02 3.070000000000000000e+02
5.496578947369999923e+02 3.093421052630000077e+02
2.400000000000000000e+02 3.102142857140000274e+02
4.560384615379999786e+02 3.103461538459999929e+02
1.734000000000000057e+02 3.123000000000000114e+02
1.110000000000000000e+02 3.142777777779999724e+02
1.634000000000000057e+02 3.145500000000000114e+02
3.570714285710000127e+02 3.145952380950000133e+02
4.082692307689999893e+02 3.146538461540000071e+02
4.775000000000000000e+01 3.158333333329999846e+02
3.350000000000000000e+02 3.155000000000000000e+02
2.650000000000000000e+02 3.167857142859999726e+02
2.872500000000000000e+02 3.172500000000000000e+02
3.947500000000000000e+02 3.187500000000000000e+02
5.267500000000000000e+02 3.178750000000000000e+02
4.980000000000000000e+02 3.190000000000000000e+02
3.137857142859999726e+02 3.200000000000000000e+02
5.180555555559999448e+02 3.203888888889999862e+02
3.500000000000000000e+00 3.220000000000000000e+02
3.188095238100000017e+01 3.215476190480000014e+02
6.688461538500000358e+01 3.218846153850000178e+02
4.633000000000000114e+02 3.220000000000000000e+02
4.330000000000000000e+02 3.232142857140000274e+02
2.178333333330000130e+02 3.252500000000000000e+02
5.630000000000000000e+02 3.252142857140000274e+02
8.525000000000000000e+01 3.267500000000000000e+02
3.765000000000000000e+02 3.260000000000000000e+02
1.332222222219999992e+02 3.283888888889999862e+02
3.455000000000000000e+02 3.285000000000000000e+02
5.875000000000000000e+02 3.275000000000000000e+02
1.949375000000000000e+02 3.297500000000000000e+02
4.435000000000000000e+02 3.291250000000000000e+02
2.515000000000000000e+02 3.300000000000000000e+02
4.822142857140000274e+02 3.300000000000000000e+02
1.831666666669999870e+02 3.328333333329999846e+02
3.022647058819999870e+02 3.337352941180000130e+02
5.366333333329999959e+02 3.329666666670000268e+02
5.091666666700000121e+01 3.342500000000000000e+02
7.488461538500000358e+01 3.338846153850000178e+02
1.487105263159999993e+02 3.351315789469999800e+02
2.290000000000000000e+02 3.345000000000000000e+02
3.272619047619999719e+02 3.354523809519999986e+02
4.055000000000000000e+02 3.365555555560000016e+02
2.502647058819999870e+02 3.377352941180000130e+02
5.527857142860000295e+02 3.370000000000000000e+02
3.951428571430000147e+02 3.377857142859999726e+02
4.980000000000000000e+02 3.390000000000000000e+02
1.041666666670000012e+02 3.403666666670000041e+02
1.647857142860000010e+02 3.400000000000000000e+02
2.088846153849999894e+02 3.401153846149999822e+02
2.600000000000000000e+01 3.410000000000000000e+02
1.906111111110000138e+02 3.435555555560000016e+02
2.797352941180000130e+02 3.437352941180000130e+02
4.235500000000000114e+02 3.443999999999999773e+02
8.675000000000000000e+01 3.454375000000000000e+02
3.594166666670000154e+02 3.449166666670000154e+02
5.683421052630000077e+02 3.453421052630000077e+02
7.000000000000000000e+00 3.465000000000000000e+02
4.653666666670000041e+02 3.465000000000000000e+02
1.490294117649999919e+02 3.470294117650000203e+02
3.718529411760000016e+02 3.501176470589999781e+02
5.190000000000000000e+02 3.475000000000000000e+02
2.269117647060000138e+02 3.496176470589999781e+02
4.455000000000000000e+02 3.492894736839999723e+02
4.826333333329999959e+02 3.490333333329999732e+02
3.360000000000000000e+02 3.502142857140000274e+02
4.068571428569999853e+02 3.504285714289999873e+02
4.978333333329999846e+02 3.506111111110000138e+02
6.150000000000000000e+01 3.540000000000000000e+02
1.028529411760000016e+02 3.539705882349999797e+02
1.244090909089999997e+02 3.544090909089999855e+02
2.993999999999999773e+02 3.545500000000000114e+02
2.091153846150000106e+02 3.551153846149999822e+02
4.516666666700000121e+01 3.564166666670000154e+02
2.638333333329999846e+02 3.561666666670000154e+02
5.555000000000000000e+02 3.556999999999999886e+02
8.050000000000000000e+01 3.575000000000000000e+02
5.070000000000000000e+02 3.570000000000000000e+02
3.221428571399999896e+01 3.580000000000000000e+02
2.757500000000000000e+02 3.581666666670000154e+02
4.657352941180000130e+02 3.609705882349999797e+02
5.330000000000000000e+02 3.597857142859999726e+02
2.037500000000000000e+01 3.628333333329999846e+02
5.670000000000000000e+02 3.620000000000000000e+02
1.830000000000000000e+02 3.630000000000000000e+02
3.158333333329999846e+02 3.627500000000000000e+02
1.710999999999999943e+02 3.645666666669999927e+02
4.310000000000000000e+02 3.650000000000000000e+02
6.095454545500000165e+01 3.675000000000000000e+02
3.955000000000000000e+02 3.680000000000000000e+02
1.300000000000000000e+02 3.702142857140000274e+02
4.170000000000000000e+02 3.700000000000000000e+02
1.132826086959999969e+02 3.715434782610000184e+02
2.470000000000000000e+02 3.717222222220000276e+02
3.380555555560000016e+02 3.713888888889999862e+02
5.292500000000000000e+02 3.713750000000000000e+02
2.050000000000000000e+02 3.720000000000000000e+02
2.220000000000000000e+02 3.722142857140000274e+02
4.791000000000000227e+02 3.721000000000000227e+02
5.065000000000000000e+02 3.722894736839999723e+02
9.703846153800000707e+01 3.743461538459999929e+02
2.869583333329999846e+02 3.748750000000000000e+02
2.643999999999999773e+02 3.754499999999999886e+02
3.808999999999999773e+02 3.767500000000000000e+02
1.543461538459999929e+02 3.770384615379999786e+02
5.496052631579999570e+02 3.785000000000000000e+02
3.111153846149999822e+02 3.801153846149999822e+02
1.659705882350000081e+02 3.818529411760000016e+02
1.813888888889999862e+02 3.822222222220000276e+02
7.122222222199999919e+01 3.833888888889999862e+02
1.230000000000000000e+02 3.830000000000000000e+02
3.581470588239999984e+02 3.835000000000000000e+02
3.915000000000000000e+02 3.834444444439999984e+02
4.416176470589999781e+02 3.829117647059999854e+02
3.234210526300000055e+01 3.846578947369999923e+02
4.641666666670000154e+02 3.846333333329999959e+02
4.135000000000000000e+02 3.855000000000000000e+02
5.208846153849999610e+02 3.868846153850000178e+02
2.523421052630000077e+02 3.886578947369999923e+02
5.742500000000000000e+02 3.882500000000000000e+02
1.430000000000000000e+02 3.890000000000000000e+02
4.341153846149999822e+02 3.891153846149999822e+02
4.755526315789999785e+02 3.896578947369999923e+02
5.000000000000000000e-01 3.885000000000000000e+02
6.277777777800000081e+01 3.906111111110000138e+02
3.202777777779999724e+02 3.900000000000000000e+02
3.382222222220000276e+02 3.903888888889999862e+02
1.075000000000000000e+01 3.910625000000000000e+02
2.144090909090000139e+02 3.911363636359999987e+02
2.788846153850000178e+02 3.911153846149999822e+02
5.010000000000000000e+02 3.920000000000000000e+02
2.325500000000000114e+02 3.936000000000000227e+02
5.311000000000000227e+02 3.928999999999999773e+02
1.048529411760000016e+02 3.939705882349999797e+02
1.905833333330000130e+02 3.943333333329999846e+02
2.603846153799999996e+01 3.961153846149999822e+02
8.750000000000000000e+01 3.955000000000000000e+02
1.573888888889999862e+02 3.967777777779999724e+02
3.821428571399999896e+01 3.970000000000000000e+02
3.047105263160000277e+02 3.975000000000000000e+02
4.523823529410000219e+02 3.970882352940000146e+02
1.733750000000000000e+02 3.976250000000000000e+02
5.747352941179999561e+02 3.985000000000000000e+02
5.546176470589999781e+02 4.030882352940000146e+02
4.277500000000000000e+02 4.045625000000000000e+02
1.357500000000000000e+02 4.055500000000000114e+02
3.660000000000000000e+02 4.060000000000000000e+02
3.303333333329999846e+02 4.054166666670000154e+02
5.068636363640000013e+02 4.054090909089999855e+02
5.309615384620000214e+02 4.056538461540000071e+02
4.078999999999999773e+02 4.071000000000000227e+02
3.881000000000000227e+02 4.078000000000000114e+02
9.521428571399999896e+01 4.100000000000000000e+02
1.995000000000000000e+02 4.096666666670000154e+02
4.751363636359999987e+02 4.111363636359999987e+02
1.218846153850000036e+02 4.111153846149999822e+02
4.884499999999999886e+02 4.113999999999999773e+02
5.000000000000000000e-01 4.105000000000000000e+02
2.450000000000000000e+02 4.125000000000000000e+02
2.626578947369999923e+02 4.143421052630000077e+02
3.423999999999999773e+02 4.143000000000000114e+02
7.203333333300000163e+01 4.163666666670000041e+02
3.100000000000000000e+02 4.165000000000000000e+02
5.450294117649999635e+02 4.161470588239999984e+02
4.361153846149999822e+02 4.171153846149999822e+02
5.638846153849999610e+02 4.167307692310000107e+02
1.880000000000000000e+02 4.180000000000000000e+02
2.263095238100000017e+02 4.185476190480000014e+02
3.882500000000000000e+02 4.187500000000000000e+02
4.156999999999999886e+02 4.196499999999999773e+02
2.597058823500000102e+01 4.201470588239999984e+02
5.455263157899999982e+01 4.206578947369999923e+02
1.122777777780000008e+02 4.200000000000000000e+02
1.520833333330000130e+02 4.202500000000000000e+02
2.846333333329999959e+02 4.200333333329999732e+02
3.739444444439999984e+02 4.218333333329999846e+02
1.678333333330000130e+02 4.227500000000000000e+02
4.536904761900000267e+02 4.234523809519999986e+02
3.262500000000000000e+01 4.243750000000000000e+02
3.177666666669999813e+02 4.264333333330000073e+02
8.785294117600000163e+01 4.275000000000000000e+02
5.167222222220000276e+02 4.277222222220000276e+02
2.896250000000000000e+02 4.273750000000000000e+02
2.043000000000000114e+02 4.290000000000000000e+02
2.608846153850000178e+02 4.292692307689999893e+02
4.841315789469999800e+02 4.295000000000000000e+02
5.725000000000000000e+02 4.302333333330000187e+02
2.375000000000000000e+02 4.312894736839999723e+02
2.776111111110000138e+02 4.308333333329999846e+02
3.251470588239999984e+02 4.309705882349999797e+02
3.463571428569999853e+02 4.316428571430000147e+02
1.278809523810000002e+02 4.333571428569999853e+02
1.920000000000000000e+02 4.325000000000000000e+02
3.628846153850000178e+02 4.348846153850000178e+02
4.301000000000000227e+02 4.348999999999999773e+02
5.374285714290000442e+02 4.357857142859999726e+02
5.561363636360000555e+02 4.344090909089999855e+02
3.891363636359999987e+02 4.355909090910000145e+02
7.027272727300000099e+01 4.377727272729999868e+02
1.763947368419999862e+02 4.370789473680000015e+02
2.568333333329999846e+02 4.374166666670000154e+02
4.943333333329999846e+02 4.364166666670000154e+02
2.285000000000000000e+02 4.390000000000000000e+02
5.164333333329999505e+02 4.401000000000000227e+02
2.063333333299999950e+01 4.408333333329999846e+02
5.010000000000000142e+01 4.408999999999999773e+02
8.700000000000000000e+01 4.415000000000000000e+02
3.034545454550000159e+02 4.418181818180000278e+02
3.575000000000000000e+02 4.406999999999999886e+02
4.321153846149999822e+02 4.431153846149999822e+02
4.596111111110000138e+02 4.437222222220000276e+02
4.035000000000000000e+02 4.450000000000000000e+02
3.347380952380000281e+02 4.475476190480000014e+02
3.785000000000000000e+02 4.466999999999999886e+02
4.773999999999999773e+02 4.478500000000000227e+02
1.158809523810000002e+02 4.490238095240000007e+02
1.545666666669999927e+02 4.481000000000000227e+02
2.087500000000000000e+02 4.486499999999999773e+02
4.499375000000000000e+02 4.487500000000000000e+02
1.306578947369999923e+02 4.496578947369999923e+02
5.865909090909999577e+02 4.501363636359999987e+02
1.886176470590000065e+02 4.509117647059999854e+02
2.730333333329999732e+02 4.511666666670000154e+02
5.439375000000000000e+02 4.508750000000000000e+02
4.146111111110000138e+02 4.537777777779999724e+02
4.945000000000000000e+02 4.530000000000000000e+02
5.717380952380000281e+02 4.538809523809999860e+02
2.617307692310000107e+02 4.543461538459999929e+02
4.583500000000000227e+02 4.542500000000000000e+02
2.435000000000000000e+02 4.560000000000000000e+02
3.167500000000000000e+02 4.561666666670000154e+02
3.578571428600000104e+01 4.570000000000000000e+02
3.450000000000000178e+00 4.596000000000000227e+02
5.923684210500000091e+01 4.598684210530000200e+02
4.006000000000000227e+02 4.604499999999999886e+02
3.658846153850000178e+02 4.611153846149999822e+02
1.048846153850000036e+02 4.621153846149999822e+02
1.699166666669999870e+02 4.622500000000000000e+02
5.709666666670000268e+02 4.633666666670000041e+02
5.266176470589999781e+02 4.640882352940000146e+02
2.971470588239999984e+02 4.655000000000000000e+02
3.470000000000000000e+02 4.660000000000000000e+02
5.001153846149999822e+02 4.658846153850000178e+02
4.788461538499999648e+01 4.668846153850000178e+02
4.410000000000000000e+02 4.675000000000000000e+02
4.888529411760000016e+02 4.675000000000000000e+02
1.465000000000000000e+02 4.680000000000000000e+02
2.321153846150000106e+02 4.678846153850000178e+02
1.153181818179999993e+02 4.696818181819999722e+02
2.588846153850000178e+02 4.698846153850000178e+02
3.781666666670000154e+02 4.696111111110000138e+02
8.025000000000000000e+01 4.711666666670000154e+02
2.808999999999999773e+02 4.711000000000000227e+02
5.527777777779999724e+02 4.713888888889999862e+02
1.983333333299999879e+01 4.717500000000000000e+02
2.143421052630000077e+02 4.721842105260000153e+02
3.120714285710000127e+02 4.725000000000000000e+02
6.078571428600000104e+01 4.748571428569999853e+02
1.884090909090000139e+02 4.761363636359999987e+02
3.435000000000000000e+02 4.765000000000000000e+02
9.000000000000000222e-01 4.780000000000000000e+02
4.535000000000000000e+02 4.769285714289999873e+02
4.760000000000000000e+02 4.775000000000000000e+02
5.386176470589999781e+02 4.769117647059999854e+02
1.290294117649999919e+02 4.788529411760000016e+02
1.728529411760000016e+02 4.795000000000000000e+02
4.385000000000000000e+02 4.775000000000000000e+02
1.530000000000000000e+02 4.797857142859999726e+02
1.070000000000000000e+02 4.815000000000000000e+02
4.218846153850000178e+02 4.811153846149999822e+02
5.698999999999999773e+02 4.830199999999999818e+02
2.355000000000000000e+02 4.840000000000000000e+02
2.786000000000000227e+02 4.845500000000000114e+02
3.623750000000000000e+02 4.833750000000000000e+02
5.854473684209999647e+02 4.844473684210000215e+02
3.778846153850000178e+02 4.848846153850000178e+02
4.003421052630000077e+02 4.856578947369999923e+02
4.948333333329999846e+02 4.850000000000000000e+02
5.237000000000000455e+02 4.845000000000000000e+02
2.989666666670000268e+02 4.863666666670000041e+02
7.888461538500000358e+01 4.871153846149999822e+02
2.460000000000000000e+02 4.880000000000000000e+02
3.731250000000000000e+01 4.891875000000000000e+02
3.148333333329999846e+02 4.893666666670000041e+02
4.788125000000000000e+02 4.896250000000000000e+02
2.200000000000000000e+02 4.910000000000000000e+02
6.904545454499999835e+01 4.931363636359999987e+02
2.070000000000000000e+02 4.930000000000000000e+02
1.525000000000000000e+02 4.960000000000000000e+02
1.860000000000000000e+02 4.957857142859999726e+02
4.621000000000000227e+02 4.958999999999999773e+02
5.013333333329999846e+02 4.965000000000000000e+02
5.415000000000000000e+02 4.958999999999999773e+02
5.350000000000000000e+01 4.980000000000000000e+02
1.214333333329999931e+02 4.984333333330000073e+02
1.718846153849999894e+02 4.981153846149999822e+02
3.166666666999999880e+00 4.995000000000000000e+02
4.378846153850000178e+02 4.991153846149999822e+02
1.063823529409999935e+02 4.997941176470000073e+02
3.440000000000000000e+02 5.002142857140000274e+02
3.618636363640000013e+02 5.005909090910000145e+02
2.610294117650000203e+02 5.021470588239999984e+02
5.188333333330000414e+02 5.024166666670000154e+02
1.361111111099999960e+01 5.032222222220000276e+02
2.740000000000000000e+02 5.042142857140000274e+02
3.166538461540000071e+02 5.040384615379999786e+02
4.026176470589999781e+02 5.039117647059999854e+02
4.161000000000000227e+02 5.038999999999999773e+02
5.633461538459999929e+02 5.039615384620000214e+02
4.765666666669999927e+02 5.048999999999999773e+02
1.400000000000000000e+02 5.060000000000000000e+02
3.769117647059999854e+02 5.063823529410000219e+02
8.055555555600000162e+01 5.087222222220000276e+02
2.360000000000000000e+02 5.082142857140000274e+02
2.955909090910000145e+02 5.081363636359999987e+02
4.899444444439999984e+02 5.090000000000000000e+02
4.495000000000000000e+02 5.103000000000000114e+02
5.865000000000000000e+02 5.120000000000000000e+02
4.095454545500000165e+01 5.131363636360000555e+02
1.300999999999999943e+02 5.138999999999999773e+02
1.785000000000000000e+02 5.140000000000000000e+02
2.092058823529999927e+02 5.146176470589999781e+02
4.089444444439999984e+02 5.142222222220000276e+02
5.346538461540000071e+02 5.139615384620000214e+02
1.588636363640000013e+02 5.178636363639999445e+02
3.298846153850000178e+02 5.177307692309999538e+02
3.493999999999999773e+02 5.197999999999999545e+02
4.349545454550000159e+02 5.188636363639999445e+02
5.598571428569999853e+02 5.195714285709999558e+02
6.339473684200000037e+01 5.200789473679999446e+02
2.250000000000000000e+02 5.197857142860000295e+02
2.598333333329999846e+02 5.195833333330000414e+02
5.072368421049999938e+02 5.207631578949999493e+02
3.091176470599999959e+01 5.226176470589999781e+02
9.927777777800000081e+01 5.220000000000000000e+02
1.990000000000000000e+02 5.240000000000000000e+02
2.470000000000000000e+02 5.240000000000000000e+02
3.823000000000000114e+02 5.250000000000000000e+02
1.177272727299999922e+01 5.270000000000000000e+02
3.174499999999999886e+02 5.283999999999999773e+02
2.732500000000000000e+02 5.307500000000000000e+02
5.520000000000000000e+02 5.305000000000000000e+02
5.103333333300000163e+01 5.326333333329999959e+02
4.659210526319999985e+02 5.323947368420000430e+02
5.296000000000000227e+02 5.325499999999999545e+02
1.654090909090000139e+02 5.331363636360000555e+02
2.950000000000000000e+02 5.330000000000000000e+02
7.497058823499999392e+01 5.348529411759999448e+02
2.098846153849999894e+02 5.351153846150000390e+02
3.675555555560000016e+02 5.356111111110000138e+02
4.226428571430000147e+02 5.352142857139999705e+02
4.374499999999999886e+02 5.356000000000000227e+02
4.855000000000000000e+02 5.350000000000000000e+02
2.356578947369999923e+02 5.363421052630000077e+02
5.819117647059999854e+02 5.366176470589999781e+02
1.115000000000000000e+02 5.375000000000000000e+02
1.417857142860000010e+02 5.370000000000000000e+02
2.460000000000000142e+01 5.385499999999999545e+02
4.935555555560000016e+02 5.387222222220000276e+02
1.286111111110000138e+02 5.392222222220000276e+02
1.861190476190000140e+02 5.392619047619999719e+02
5.128333333330000414e+02 5.386111111110000138e+02
2.646999999999999886e+02 5.407000000000000455e+02
3.071153846149999822e+02 5.408846153849999610e+02
3.239210526319999985e+02 5.416052631579999570e+02
3.464285714289999873e+02 5.407142857139999705e+02
9.850000000000000000e+01 5.430000000000000000e+02
3.838125000000000000e+02 5.433750000000000000e+02
3.988636363640000013e+02 5.425909090909999577e+02
5.350000000000000000e+01 5.445000000000000000e+02
4.269375000000000000e+02 5.467500000000000000e+02
1.586999999999999886e+02 5.492999999999999545e+02
2.505999999999999943e+02 5.514500000000000455e+02
2.742500000000000000e+02 5.510625000000000000e+02
4.531428571430000147e+02 5.512857142860000295e+02
3.600000000000000000e+01 5.535000000000000000e+02
2.041153846150000106e+02 5.528846153849999610e+02
1.396739130429999989e+02 5.549347826089999671e+02
2.320000000000000000e+02 5.540000000000000000e+02
4.724473684210000215e+02 5.547105263160000277e+02
5.665909090909999577e+02 5.545909090909999577e+02
9.000000000000000000e+00 5.552142857139999705e+02
5.292142857139999705e+02 5.550000000000000000e+02
5.473500000000000227e+02 5.557500000000000000e+02
5.046333333329999959e+02 5.565000000000000000e+02
3.393666666670000041e+02 5.570333333329999732e+02
3.771000000000000227e+02 5.571000000000000227e+02
3.554444444439999984e+02 5.597222222220000276e+02
8.016666666700000121e+01 5.604166666669999586e+02
1.800000000000000000e+02 5.602142857139999705e+02
3.972142857140000274e+02 5.610714285709999558e+02
2.075000000000000000e+02 5.615000000000000000e+02
2.955000000000000000e+02 5.615000000000000000e+02
