1.696428571429999863e+02 1.428571429000000004e+00
2.205000000000000000e+02 2.299999999999999822e+00
5.005000000000000000e+02 5.000000000000000000e-01
5.810000000000000000e+02 5.000000000000000000e-01
4.450000000000000000e+01 3.000000000000000000e+00
1.489000000000000057e+02 3.100000000000000089e+00
4.013333333329999846e+02 3.777777777999999920e+00
4.645000000000000000e+02 2.500000000000000000e+00
5.572999999999999545e+02 2.500000000000000000e+00
3.220000000000000000e+02 4.722222222000000080e+00
2.757105263160000277e+02 7.500000000000000000e+00
3.001250000000000000e+02 7.937500000000000000e+00
3.490000000000000000e+02 7.785714286000000151e+00
4.825000000000000000e+02 8.000000000000000000e+00
5.189615384620000214e+02 8.346153845999999987e+00
5.408750000000000000e+02 8.250000000000000000e+00
1.332222222219999992e+02 9.611111110999999596e+00
3.713823529410000219e+02 9.088235294000000408e+00
6.871428571399999896e+01 9.857142856999999481e+00
8.621428571399999896e+01 1.000000000000000000e+01
4.515000000000000000e+02 1.030000000000000071e+01
1.788846153849999894e+02 1.088461538500000003e+01
1.925000000000000000e+02 1.114705882400000014e+01
2.509000000000000057e+02 1.109999999999999964e+01
3.856111111110000138e+02 1.083333333300000056e+01
2.550000000000000000e+01 1.213157894699999950e+01
5.610882352940000146e+02 1.338235294100000061e+01
4.368333333329999846e+02 1.450000000000000000e+01
5.150882352940000146e+02 1.461764705899999939e+01
2.135000000000000000e+02 1.538235294100000061e+01
4.260000000000000000e+02 1.572222222199999919e+01
1.014523809519999986e+02 1.630952381000000173e+01
3.566363636359999987e+02 2.018181818200000066e+01
5.732500000000000000e+02 1.925000000000000000e+01
2.335000000000000000e+02 2.000000000000000000e+01
4.910000000000000000e+02 2.000000000000000000e+01
1.408823529400000041e+01 2.238235294100000061e+01
2.720000000000000000e+02 2.169999999999999929e+01
4.683888888889999862e+02 2.322222222199999919e+01
1.627777777780000008e+02 2.461111111099999960e+01
5.298846153849999610e+02 2.411538461499999997e+01
5.261764705899999939e+01 2.508823529400000041e+01
1.175999999999999943e+02 2.544999999999999929e+01
1.765000000000000000e+02 2.571052631599999927e+01
7.164285714300000052e+01 2.630952381000000173e+01
1.052999999999999972e+02 2.669999999999999929e+01
3.763888888889999862e+02 2.622222222199999919e+01
3.218333333329999846e+02 2.738888888900000040e+01
3.935000000000000000e+02 2.669999999999999929e+01
4.077857142859999726e+02 2.700000000000000000e+01
3.950000000000000000e+01 2.750000000000000000e+01
2.541666666669999870e+02 2.775000000000000000e+01
2.810000000000000000e+02 2.778571428600000104e+01
1.255263157899999982e+01 3.055263157899999982e+01
1.350000000000000000e+02 3.050000000000000000e+01
3.608846153850000178e+02 3.011538461499999997e+01
2.375000000000000000e+02 3.069999999999999929e+01
4.337777777779999724e+02 3.161111111099999960e+01
4.968999999999999773e+02 3.185000000000000142e+01
8.750000000000000000e+01 3.400000000000000000e+01
1.135555555560000016e+02 3.361111111099999960e+01
3.075000000000000000e+02 3.270000000000000284e+01
4.551000000000000227e+02 3.304999999999999716e+01
1.968846153849999894e+02 3.411538461500000352e+01
5.583666666670000041e+02 3.396666666699999837e+01
2.151153846150000106e+02 3.488461538499999648e+01
4.763888888889999862e+02 3.577777777800000081e+01
4.002647058819999870e+02 3.626470588200000122e+01
3.308529411760000016e+02 3.802941176499999898e+01
5.178333333330000414e+02 3.850000000000000000e+01
3.810384615379999786e+02 3.934615384599999999e+01
6.171428571399999896e+01 3.985714285699999948e+01
1.561470588239999984e+02 4.197058823500000102e+01
3.458529411760000016e+02 4.350000000000000000e+01
3.602333333330000187e+02 4.483333333299999879e+01
3.677777777800000081e+01 4.538888888900000040e+01
2.959117647059999854e+02 4.561764705899999939e+01
2.188461538500000003e+01 4.588461538499999648e+01
2.306904761899999983e+02 4.664285714300000052e+01
2.626052631580000138e+02 4.592105263199999854e+01
5.425769230769999467e+02 4.634615384599999999e+01
4.433461538459999929e+02 4.726923076900000353e+01
5.719666666670000268e+02 4.736666666699999695e+01
5.099999999999999645e+00 4.810000000000000142e+01
1.970882352939999862e+02 4.861764705899999939e+01
3.911666666670000154e+02 4.775000000000000000e+01
4.636176470589999781e+02 4.808823529400000041e+01
1.335000000000000000e+02 5.050000000000000000e+01
2.852857142859999726e+02 5.228571428600000104e+01
3.297857142859999726e+02 5.150000000000000000e+01
4.221000000000000227e+02 5.289999999999999858e+01
3.082142857140000274e+02 5.400000000000000000e+01
4.912142857140000274e+02 5.400000000000000000e+01
1.804090909090000139e+02 5.559090909100000033e+01
1.058636363640000013e+02 5.559090909100000033e+01
5.667777777779999724e+02 5.638888888900000040e+01
5.792142857139999705e+02 5.600000000000000000e+01
3.338846153850000178e+02 5.726923076900000353e+01
5.765789473699999945e+01 5.834210526300000055e+01
1.177500000000000000e+02 5.816666666700000121e+01
5.100384615379999786e+02 5.834615384599999999e+01
5.305000000000000000e+02 5.885294117600000163e+01
4.806111111110000138e+02 5.916666666700000121e+01
3.710625000000000000e+02 6.075000000000000000e+01
2.000000000000000000e+01 6.078571428600000104e+01
8.096666666699999837e+01 6.136666666699999695e+01
1.456333333329999959e+02 6.203333333300000163e+01
2.548529411760000016e+02 6.250000000000000000e+01
4.310333333329999732e+02 6.363333333300000305e+01
5.459090909090000423e+02 6.318181818200000066e+01
2.622333333330000187e+02 6.456666666700000690e+01
4.456111111110000138e+02 6.416666666700000121e+01
1.620000000000000000e+02 6.500000000000000000e+01
1.952058823529999927e+02 6.520588235300000690e+01
4.009736842109999770e+02 6.586842105300000583e+01
4.952857142859999726e+02 6.514285714300000052e+01
2.166999999999999886e+02 6.723333333300000447e+01
2.356764705880000008e+02 6.732352941199999918e+01
3.090000000000000000e+02 6.735714285699999948e+01
3.421000000000000227e+02 6.809999999999999432e+01
4.125000000000000000e+01 6.987500000000000000e+01
2.978333333329999846e+02 7.041666666700000121e+01
1.295833333330000130e+02 7.183333333299999879e+01
1.723947368419999862e+02 7.192105263199999854e+01
6.988461538500000358e+01 7.288461538500000358e+01
5.175000000000000000e+02 7.500000000000000000e+01
1.085000000000000000e+02 7.650000000000000000e+01
4.627142857140000274e+02 7.707142857099999844e+01
5.659117647059999854e+02 7.738235294099999351e+01
2.198846153849999894e+02 7.811538461499999642e+01
3.220294117650000203e+02 7.885294117600000163e+01
4.840000000000000000e+02 7.978571428600000104e+01
5.357307692309999538e+02 8.065384615399999291e+01
7.777777777999999920e+00 8.133333333299999879e+01
2.330000000000000000e+02 8.000000000000000000e+01
3.671999999999999886e+02 8.140000000000000568e+01
4.445909090910000145e+02 8.113636363599999868e+01
5.461111111099999960e+01 8.222222222199999919e+01
8.791176470599999959e+01 8.261764705900000649e+01
2.781190476190000140e+02 8.278571428600000104e+01
3.803500000000000227e+02 8.279999999999999716e+01
4.123888888889999862e+02 8.222222222199999919e+01
5.553235294119999708e+02 8.467647058800000082e+01
1.083333333329999988e+02 8.722222222199999919e+01
2.666666666700000121e+01 8.816666666700000121e+01
1.520000000000000000e+02 8.800000000000000000e+01
3.142142857140000274e+02 8.800000000000000000e+01
5.860625000000000000e+02 8.875000000000000000e+01
2.120000000000000000e+02 9.050000000000000000e+01
5.040000000000000000e+02 9.000000000000000000e+01
5.195833333330000414e+02 9.066666666700000121e+01
1.869000000000000057e+02 9.090000000000000568e+01
5.702777777779999724e+02 9.100000000000000000e+01
2.544000000000000057e+02 9.204999999999999716e+01
7.229999999999999716e+01 9.250000000000000000e+01
8.147058824000000143e+00 9.450000000000000000e+01
2.888684210530000200e+02 9.523684210499999381e+01
4.693000000000000114e+02 9.600000000000000000e+01
5.200000000000000000e+01 9.750000000000000000e+01
1.701153846150000106e+02 9.688461538500000358e+01
3.485000000000000000e+02 9.750000000000000000e+01
4.292500000000000000e+02 9.725000000000000000e+01
4.270000000000000284e+01 9.856666666700000690e+01
1.266818181820000007e+02 9.768181818200000066e+01
4.025000000000000000e+02 9.844444444399999838e+01
4.501250000000000000e+02 9.962500000000000000e+01
2.222777777780000008e+02 1.005555555560000016e+02
2.416818181820000007e+02 1.012272727269999990e+02
3.302222222220000276e+02 1.016111111109999996e+02
1.478333333330000130e+02 1.027500000000000000e+02
1.650000000000000000e+02 1.040000000000000000e+02
2.758846153850000178e+02 1.038846153850000036e+02
5.405526315790000353e+02 1.046578947370000066e+02
2.050384615380000071e+02 1.053461538460000071e+02
3.056111111110000138e+02 1.057777777780000008e+02
4.842777777779999724e+02 1.055555555560000016e+02
8.450000000000000000e+01 1.061470588239999984e+02
3.623888888889999862e+02 1.063333333329999988e+02
1.010384615380000071e+02 1.076538461539999929e+02
3.869615384620000214e+02 1.076538461539999929e+02
5.173421052630000077e+02 1.083421052629999934e+02
7.400000000000000000e+01 1.100000000000000000e+02
5.661153846150000390e+02 1.091153846149999964e+02
1.157000000000000028e+02 1.105000000000000000e+02
2.646052631580000138e+02 1.110789473680000015e+02
4.218999999999999773e+02 1.129000000000000057e+02
5.875000000000000000e+02 1.120000000000000000e+02
2.431363636359999987e+02 1.134090909089999997e+02
1.434499999999999886e+02 1.154000000000000057e+02
2.915000000000000000e+02 1.151470588239999984e+02
9.423076922999999994e+00 1.158076923080000000e+02
2.289999999999999858e+01 1.160999999999999943e+02
1.826538461540000071e+02 1.160384615380000071e+02
4.739117647059999854e+02 1.166176470590000065e+02
4.942500000000000000e+02 1.167500000000000000e+02
4.067777777779999724e+02 1.173888888890000004e+02
4.447857142859999726e+02 1.165000000000000000e+02
2.165000000000000000e+02 1.190000000000000000e+02
3.575000000000000000e+02 1.201315789469999942e+02
5.298999999999999773e+02 1.199000000000000057e+02
4.396666666699999837e+01 1.216333333329999959e+02
1.009347826089999955e+02 1.223260869570000011e+02
3.383461538459999929e+02 1.220384615380000071e+02
2.077222222219999992e+02 1.250000000000000000e+02
3.757500000000000000e+02 1.251666666670000012e+02
5.754230769230000533e+02 1.251923076920000000e+02
1.220000000000000000e+02 1.257857142860000010e+02
3.119285714289999873e+02 1.265000000000000000e+02
4.641153846149999822e+02 1.258846153850000036e+02
2.288529411760000016e+02 1.279705882349999939e+02
4.229666666670000268e+02 1.283666666670000041e+02
5.480000000000000000e+02 1.285000000000000000e+02
1.636176470590000065e+02 1.290882352939999862e+02
3.920000000000000000e+02 1.287857142860000010e+02
3.350000000000000000e+01 1.301470588239999984e+02
8.300000000000000000e+01 1.296999999999999886e+02
4.778846153850000178e+02 1.321153846150000106e+02
5.196578947369999923e+02 1.326578947369999923e+02
2.760000000000000000e+02 1.330000000000000000e+02
2.571000000000000227e+02 1.340999999999999943e+02
5.365000000000000000e+02 1.340000000000000000e+02
2.011538461499999997e+01 1.351153846150000106e+02
6.629999999999999716e+01 1.345000000000000000e+02
1.808846153849999894e+02 1.351153846150000106e+02
4.420000000000000000e+02 1.352142857139999990e+02
5.769285714290000442e+02 1.355000000000000000e+02
2.870000000000000000e+02 1.372142857139999990e+02
1.929000000000000057e+02 1.390999999999999943e+02
4.981000000000000227e+02 1.389000000000000057e+02
5.598846153849999610e+02 1.388846153849999894e+02
3.349210526319999985e+02 1.403947368419999862e+02
3.615000000000000000e+02 1.418529411760000016e+02
4.202941176499999898e+01 1.428529411760000016e+02
1.390000000000000000e+02 1.422142857139999990e+02
1.617307692310000107e+02 1.475512820509999870e+02
3.106764705879999724e+02 1.423235294119999992e+02
2.275476190480000014e+02 1.433095238100000017e+02
4.130000000000000000e+02 1.430000000000000000e+02
4.275000000000000000e+02 1.430000000000000000e+02
4.562142857140000274e+02 1.430000000000000000e+02
1.151428571430000005e+02 1.445714285710000127e+02
4.782777777779999724e+02 1.440000000000000000e+02
4.794117647000000204e+00 1.457352941180000130e+02
5.927777777800000081e+01 1.450000000000000000e+02
2.133333333330000130e+02 1.456666666669999870e+02
2.606111111110000138e+02 1.469444444439999984e+02
9.854999999999999716e+01 1.475999999999999943e+02
2.425000000000000000e+02 1.481111111110000138e+02
5.651086956520000513e+02 1.530217391299999861e+02
1.320000000000000000e+02 1.535000000000000000e+02
3.855000000000000000e+02 1.530000000000000000e+02
5.205000000000000000e+02 1.526538461540000071e+02
5.875000000000000000e+02 1.515000000000000000e+02
7.910869565199999442e+01 1.547173913039999888e+02
4.892500000000000000e+02 1.547500000000000000e+02
3.361315789469999800e+02 1.552894736840000007e+02
2.822142857140000274e+02 1.570000000000000000e+02
3.758846153850000178e+02 1.578846153849999894e+02
3.083095238099999733e+02 1.594523809519999986e+02
3.455909090910000145e+02 1.588636363640000013e+02
5.368999999999999773e+02 1.590999999999999943e+02
1.665789473699999945e+01 1.606578947369999923e+02
2.675000000000000000e+02 1.605000000000000000e+02
5.171470588240000552e+02 1.610294117649999919e+02
3.985000000000000000e+02 1.616999999999999886e+02
4.411153846149999822e+02 1.625769230770000036e+02
4.210000000000000142e+01 1.629000000000000057e+02
1.564090909090000139e+02 1.641363636359999987e+02
1.808913043480000056e+02 1.649782608700000139e+02
2.103000000000000114e+02 1.645000000000000000e+02
1.423076922999999994e+00 1.668076923079999858e+02
4.619117647059999854e+02 1.673823529409999935e+02
4.761470588239999984e+02 1.670294117649999919e+02
5.575625000000000000e+02 1.677500000000000000e+02
9.960526315799999963e+01 1.695000000000000000e+02
6.586842105300000583e+01 1.717105263159999993e+02
1.209000000000000057e+02 1.710999999999999943e+02
2.856250000000000000e+02 1.706250000000000000e+02
4.204499999999999886e+02 1.718000000000000114e+02
3.185555555560000016e+02 1.727222222219999992e+02
1.650000000000000000e+02 1.735000000000000000e+02
2.056578947369999923e+02 1.743421052630000077e+02
3.326666666670000154e+02 1.745000000000000000e+02
3.570000000000000000e+02 1.740000000000000000e+02
3.868684210530000200e+02 1.742894736840000007e+02
7.775000000000000000e+01 1.751250000000000000e+02
1.417500000000000000e+02 1.757500000000000000e+02
2.808999999999999773e+02 1.749000000000000057e+02
5.737777777779999724e+02 1.753888888889999862e+02
2.407500000000000000e+02 1.765500000000000114e+02
3.711000000000000227e+02 1.770999999999999943e+02
3.166666666999999880e+00 1.775833333330000130e+02
2.240999999999999943e+02 1.780999999999999943e+02
4.100000000000000000e+02 1.792142857139999990e+02
4.947105263160000277e+02 1.797631578950000062e+02
5.347105263160000277e+02 1.801315789470000084e+02
2.140909090899999967e+01 1.818636363640000013e+02
4.677727272729999868e+02 1.816818181820000007e+02
3.259090909100000033e+01 1.835909090909999861e+02
5.365789473699999945e+01 1.843421052630000077e+02
2.490999999999999943e+02 1.840999999999999943e+02
4.369444444439999984e+02 1.843888888889999862e+02
7.485294117600000163e+01 1.850294117649999919e+02
8.300000000000000711e+00 1.855000000000000000e+02
3.108571428569999853e+02 1.862857142860000010e+02
3.040294117650000203e+02 1.878529411760000016e+02
1.103823529409999935e+02 1.890882352939999862e+02
1.808846153849999894e+02 1.891153846150000106e+02
3.747222222220000276e+02 1.900000000000000000e+02
5.180625000000000000e+02 1.912500000000000000e+02
5.675526315790000353e+02 1.917105263159999993e+02
2.003095238100000017e+02 1.926428571429999863e+02
4.575909090910000145e+02 1.924090909090000139e+02
4.782777777779999724e+02 1.930000000000000000e+02
1.429000000000000057e+02 1.940999999999999943e+02
2.718333333329999846e+02 1.937500000000000000e+02
3.925000000000000000e+02 1.935000000000000000e+02
4.196999999999999886e+02 1.952333333329999903e+02
6.054999999999999716e+01 1.964000000000000057e+02
1.276538461539999929e+02 1.960384615380000071e+02
2.215000000000000000e+02 1.963000000000000114e+02
2.819375000000000000e+02 1.962500000000000000e+02
3.556111111110000138e+02 1.964444444439999984e+02
5.571315789469999800e+02 1.962894736840000007e+02
5.837142857139999705e+02 1.968571428570000137e+02
1.010000000000000000e+02 1.980000000000000000e+02
1.625000000000000000e+02 1.980000000000000000e+02
2.332142857139999990e+02 1.980000000000000000e+02
3.264047619049999867e+02 1.990714285710000127e+02
4.468846153850000178e+02 2.008846153849999894e+02
5.288999999999999773e+02 2.009000000000000057e+02
1.929444444439999984e+02 2.026111111110000138e+02
4.994444444439999984e+02 2.022777777780000008e+02
2.975000000000000000e+02 2.045000000000000000e+02
5.131666666669999586e+02 2.045833333330000130e+02
5.731428571430000147e+02 2.052857142860000010e+02
2.671818181819999722e+02 2.065454545450000126e+02
1.055000000000000071e+01 2.085999999999999943e+02
2.557222222219999992e+02 2.080000000000000000e+02
8.000000000000000000e+01 2.087857142860000010e+02
2.680769230800000003e+01 2.095000000000000000e+02
3.619117647059999854e+02 2.106176470590000065e+02
4.040652173909999760e+02 2.115000000000000000e+02
3.835909090910000145e+02 2.121363636359999987e+02
4.548846153850000178e+02 2.121153846150000106e+02
4.992142857140000274e+02 2.120000000000000000e+02
5.380000000000000000e+02 2.130000000000000000e+02
1.245000000000000000e+02 2.134444444439999984e+02
3.184473684210000215e+02 2.135526315790000069e+02
4.136666666699999695e+01 2.140333333330000016e+02
9.544117647100000568e+01 2.142647058819999870e+02
1.550000000000000000e+02 2.137857142860000010e+02
6.686363636400000132e+01 2.150454545450000126e+02
1.111153846149999964e+02 2.148846153849999894e+02
4.318846153850000178e+02 2.151153846150000106e+02
1.775000000000000000e+02 2.161666666669999870e+02
4.745666666669999927e+02 2.170999999999999943e+02
5.504090909090000423e+02 2.168636363640000013e+02
2.810324675319999983e+02 2.226558441560000006e+02
2.245625000000000000e+02 2.192500000000000000e+02
2.084090909090000139e+02 2.198636363640000013e+02
3.253947368419999862e+02 2.199210526319999985e+02
3.437272727270000132e+02 2.212272727270000132e+02
2.470000000000000000e+02 2.220000000000000000e+02
1.446578947369999923e+02 2.233421052630000077e+02
3.847105263160000277e+02 2.238684210529999916e+02
5.865909090909999577e+02 2.231363636359999987e+02
4.051363636359999987e+02 2.239545454549999874e+02
1.943888888889999862e+02 2.252222222219999992e+02
5.181153846150000390e+02 2.251153846150000106e+02
5.188461538499999648e+01 2.258846153849999894e+02
1.209444444439999984e+02 2.273888888889999862e+02
4.612222222220000276e+02 2.283888888889999862e+02
5.745000000000000000e+02 2.285000000000000000e+02
2.586764705879999724e+02 2.305588235289999943e+02
2.200000000000000178e+00 2.326500000000000057e+02
3.111428571430000147e+02 2.322857142860000010e+02
4.416818181819999722e+02 2.316818181820000007e+02
4.208750000000000000e+02 2.332500000000000000e+02
3.060000000000000142e+01 2.344499999999999886e+02
3.558636363640000013e+02 2.334090909090000139e+02
4.858333333329999846e+02 2.341666666669999870e+02
8.140000000000000568e+01 2.355500000000000114e+02
2.262500000000000000e+02 2.348750000000000000e+02
1.625714285710000127e+02 2.363571428570000137e+02
1.797500000000000000e+02 2.371666666669999870e+02
5.280000000000000000e+02 2.375000000000000000e+02
6.400000000000000000e+01 2.377857142860000010e+02
1.047857142860000010e+02 2.380000000000000000e+02
3.454090909089999855e+02 2.401363636359999987e+02
3.989210526319999985e+02 2.403947368419999862e+02
2.100000000000000000e+02 2.410000000000000000e+02
2.871190476190000140e+02 2.427380952379999997e+02
5.474473684209999647e+02 2.421842105259999869e+02
4.547777777779999724e+02 2.433888888889999862e+02
2.345999999999999943e+02 2.445500000000000114e+02
2.663750000000000000e+02 2.448125000000000000e+02
3.717857142859999726e+02 2.450000000000000000e+02
3.636999999999999886e+02 2.460000000000000000e+02
1.914705882399999837e+01 2.469705882350000081e+02
5.081153846149999822e+02 2.471153846150000106e+02
5.842500000000000000e+02 2.469375000000000000e+02
4.711538461500000352e+01 2.478846153849999894e+02
8.100000000000000000e+01 2.480000000000000000e+02
1.140000000000000000e+02 2.485000000000000000e+02
1.527142857139999990e+02 2.491428571429999863e+02
1.984090909090000139e+02 2.494090909090000139e+02
4.280000000000000000e+02 2.492142857139999990e+02
4.862500000000000000e+02 2.488333333330000130e+02
4.669615384620000214e+02 2.515000000000000000e+02
5.415454545449999841e+02 2.517727272729999868e+02
3.242500000000000000e+02 2.521250000000000000e+02
4.962222222220000276e+02 2.523888888889999862e+02
3.816176470589999781e+02 2.533823529409999935e+02
1.303000000000000114e+02 2.546999999999999886e+02
2.820000000000000000e+02 2.542142857139999990e+02
8.944444444000000161e+00 2.553888888889999862e+02
3.053823529410000219e+02 2.550882352939999862e+02
2.525000000000000000e+02 2.565000000000000000e+02
5.678125000000000000e+02 2.563750000000000000e+02
5.960000000000000142e+01 2.584499999999999886e+02
3.437666666669999813e+02 2.588333333329999846e+02
5.228846153849999610e+02 2.581153846149999822e+02
1.613823529409999935e+02 2.593823529410000219e+02
3.744736842100000018e+01 2.606578947369999923e+02
1.475000000000000000e+02 2.600000000000000000e+02
1.855000000000000000e+02 2.635000000000000000e+02
4.584285714289999873e+02 2.630714285710000127e+02
4.771153846149999822e+02 2.628846153850000178e+02
5.573333333330000414e+02 2.625833333329999846e+02
9.600000000000000000e+01 2.647222222220000276e+02
2.251315789470000084e+02 2.647105263160000277e+02
4.081470588239999984e+02 2.645000000000000000e+02
4.288809523809999860e+02 2.655476190480000014e+02
5.801875000000000000e+02 2.666250000000000000e+02
8.209999999999999432e+01 2.681000000000000227e+02
4.452692307689999893e+02 2.678846153850000178e+02
1.161666666670000012e+02 2.694166666670000154e+02
2.667105263160000277e+02 2.695000000000000000e+02
3.760000000000000000e+02 2.690000000000000000e+02
4.943750000000000000e+02 2.698750000000000000e+02
3.121999999999999886e+02 2.703999999999999773e+02
1.993421052630000077e+02 2.726578947369999923e+02
5.328636363639999445e+02 2.715909090910000145e+02
1.325000000000000000e+02 2.730000000000000000e+02
3.961363636359999987e+02 2.739545454550000159e+02
1.717857142860000010e+02 2.750000000000000000e+02
3.010000000000000000e+02 2.743000000000000114e+02
5.026176470589999781e+02 2.749117647059999854e+02
3.359666666670000268e+02 2.766333333329999959e+02
3.457777777779999724e+02 2.766111111110000138e+02
1.560000000000000000e+02 2.763000000000000114e+02
2.376999999999999886e+02 2.771999999999999886e+02
1.331818181799999934e+01 2.802272727270000132e+02
4.011538461500000352e+01 2.801153846149999822e+02
4.347500000000000000e+02 2.808750000000000000e+02
5.488999999999999773e+02 2.811000000000000227e+02
6.595454545500000165e+01 2.818636363640000013e+02
2.215000000000000000e+02 2.815909090910000145e+02
2.860000000000000000e+02 2.815000000000000000e+02
3.850000000000000000e+02 2.817857142859999726e+02
3.121000000000000227e+02 2.828999999999999773e+02
5.740000000000000000e+02 2.837222222220000276e+02
4.205000000000000000e+02 2.841470588239999984e+02
2.400000000000000000e+01 2.850000000000000000e+02
2.076999999999999886e+02 2.856999999999999886e+02
2.736999999999999886e+02 2.870000000000000000e+02
3.663461538459999929e+02 2.870384615379999786e+02
4.038333333329999846e+02 2.867666666669999813e+02
4.933999999999999773e+02 2.871999999999999886e+02
1.108846153850000036e+02 2.878846153850000178e+02
2.566739130430000273e+02 2.887608695650000072e+02
9.137500000000000000e+01 2.893125000000000000e+02
3.293888888889999862e+02 2.902222222220000276e+02
1.455000000000000000e+02 2.915000000000000000e+02
4.725500000000000114e+02 2.913999999999999773e+02
1.280789473680000015e+02 2.926052631580000138e+02
1.676333333329999959e+02 2.949666666670000268e+02
1.826999999999999886e+02 2.958999999999999773e+02
5.700000000000000000e+01 2.960000000000000000e+02
2.403571428570000137e+02 2.960000000000000000e+02
4.525555555560000016e+02 2.962777777779999724e+02
5.865909090909999577e+02 2.961363636359999987e+02
2.172500000000000000e+02 2.971250000000000000e+02
5.246333333329999959e+02 2.970333333329999732e+02
5.653999999999999773e+02 2.975500000000000114e+02
5.030000000000000000e+02 2.985000000000000000e+02
2.778125000000000000e+02 2.994375000000000000e+02
3.566111111110000138e+02 3.007777777779999724e+02
9.565384615399999291e+01 3.015000000000000000e+02
1.416666666699999944e+01 3.028333333329999846e+02
7.100000000000000000e+01 3.030000000000000000e+02
3.831250000000000000e+02 3.037500000000000000e+02
1.985000000000000000e+02 3.041666666670000154e+02
2.985000000000000000e+02 3.045000000000000000e+02
3.459666666670000268e+02 3.043666666670000041e+02
4.430882352940000146e+02 3.046176470589999781e+02
4.055500000000000114e+02 3.056000000000000227e+02
4.400000000000000000e+01 3.065000000000000000e+02
3.220000000000000000e+02 3.070000000000000000e+02
1.413823529409999935e+02 3.080882352940000146e+02
5.284500000000000455e+02 3.082500000000000000e+02
1.815909090909999861e+02 3.088636363640000013e+02
2.410000000000000000e+02 3.102142857140000274e+02
2.565526315789999785e+02 3.102894736839999723e+02
5.718846153849999610e+02 3.098846153850000178e+02
4.799117647059999854e+02 3.116176470589999781e+02
4.979666666670000268e+02 3.116333333329999959e+02
1.185999999999999943e+02 3.134499999999999886e+02
4.528846153850000178e+02 3.131153846149999822e+02
3.563750000000000000e+02 3.148333333329999846e+02
1.645000000000000000e+02 3.156052631580000138e+02
4.831818181799999934e+01 3.166818181819999722e+02
5.507941176470000073e+02 3.173823529410000219e+02
6.411538461499999642e+01 3.188846153850000178e+02
2.860000000000000000e+02 3.200000000000000000e+02
3.292500000000000000e+02 3.188333333329999846e+02
4.268846153850000178e+02 3.188846153850000178e+02
7.611111110999999596e+00 3.202222222220000276e+02
4.098846153850000178e+02 3.201153846149999822e+02
3.068846153850000178e+02 3.208846153850000178e+02
3.955000000000000000e+02 3.215000000000000000e+02
9.200000000000000000e+01 3.227222222220000276e+02
2.777272727300000099e+01 3.240000000000000000e+02
1.280000000000000000e+02 3.230000000000000000e+02
1.765500000000000114e+02 3.246000000000000227e+02
2.736333333329999959e+02 3.240333333329999732e+02
2.205000000000000000e+02 3.250000000000000000e+02
4.677857142859999726e+02 3.250000000000000000e+02
2.568125000000000000e+02 3.266250000000000000e+02
4.486176470589999781e+02 3.269117647059999854e+02
1.912500000000000000e+02 3.278750000000000000e+02
3.435000000000000000e+02 3.285000000000000000e+02
4.855909090910000145e+02 3.281363636359999987e+02
1.113666666670000041e+02 3.291000000000000227e+02
5.145499999999999545e+02 3.293999999999999773e+02
5.670000000000000000e+02 3.285000000000000000e+02
2.360000000000000000e+02 3.330000000000000000e+02
1.445500000000000114e+02 3.353999999999999773e+02
6.650000000000000000e+01 3.357857142859999726e+02
3.757500000000000000e+02 3.359375000000000000e+02
2.776578947369999923e+02 3.375526315789999785e+02
3.263095238099999733e+02 3.375476190480000014e+02
4.140882352940000146e+02 3.376176470589999781e+02
5.491153846150000390e+02 3.368846153850000178e+02
5.727500000000000000e+02 3.382500000000000000e+02
2.420588235299999980e+01 3.393823529410000219e+02
3.051470588239999984e+02 3.395000000000000000e+02
4.620384615379999786e+02 3.393461538459999929e+02
3.962500000000000000e+02 3.405625000000000000e+02
4.979615384620000214e+02 3.403461538459999929e+02
2.450000000000000000e+02 3.410000000000000000e+02
5.160000000000000000e+02 3.410000000000000000e+02
5.125000000000000000e+01 3.418333333329999846e+02
4.234444444439999984e+02 3.427222222220000276e+02
5.317857142860000295e+02 3.420000000000000000e+02
2.098333333330000130e+02 3.427500000000000000e+02
8.543750000000000000e+01 3.441875000000000000e+02
1.658571428570000137e+02 3.442142857140000274e+02
1.216578947370000066e+02 3.451842105260000153e+02
3.615000000000000000e+02 3.466999999999999886e+02
2.333421052630000077e+02 3.484473684210000215e+02
5.867000000000000455e+02 3.480000000000000000e+02
6.080769230800000003e+01 3.494230769229999964e+02
1.211904761899999983e+01 3.505000000000000000e+02
1.515000000000000000e+02 3.502894736839999723e+02
1.910000000000000000e+02 3.500000000000000000e+02
4.103666666670000041e+02 3.501666666670000154e+02
4.468529411760000016e+02 3.500294117650000203e+02
4.773421052630000077e+02 3.506578947369999923e+02
3.214285714300000052e+01 3.527142857140000274e+02
2.610652173909999760e+02 3.525000000000000000e+02
5.512272727270000132e+02 3.513181818180000278e+02
3.708846153850000178e+02 3.528846153850000178e+02
5.140000000000000000e+02 3.530000000000000000e+02
1.034000000000000057e+02 3.545500000000000114e+02
3.395000000000000000e+02 3.558750000000000000e+02
4.953461538459999929e+02 3.560384615379999786e+02
5.347307692309999538e+02 3.557307692310000107e+02
4.685714285699999948e+01 3.587142857140000274e+02
7.979999999999999716e+01 3.583999999999999773e+02
1.659666666669999984e+02 3.593666666670000041e+02
3.951000000000000227e+02 3.598999999999999773e+02
4.637666666669999813e+02 3.608333333329999846e+02
1.880000000000000000e+02 3.605000000000000000e+02
2.142500000000000000e+02 3.608333333329999846e+02
2.945454545449999841e+02 3.617727272729999868e+02
5.652894736839999723e+02 3.615000000000000000e+02
3.593947368419999862e+02 3.619210526319999985e+02
4.315000000000000000e+02 3.620000000000000000e+02
3.141428571430000147e+02 3.632142857140000274e+02
2.758846153850000178e+02 3.638846153850000178e+02
4.781250000000000000e+02 3.655000000000000000e+02
1.185000000000000000e+02 3.661190476190000140e+02
2.405000000000000000e+02 3.658333333329999846e+02
5.600000000000000000e+01 3.670000000000000000e+02
2.062500000000000000e+01 3.696666666670000154e+02
4.996578947369999923e+02 3.696578947369999923e+02
1.372142857139999990e+02 3.700000000000000000e+02
3.370000000000000000e+02 3.720000000000000000e+02
5.210625000000000000e+02 3.737500000000000000e+02
5.536000000000000227e+02 3.738000000000000114e+02
2.662777777779999724e+02 3.754444444439999984e+02
9.890000000000000568e+01 3.761000000000000227e+02
1.989117647060000138e+02 3.763823529410000219e+02
2.213571428570000137e+02 3.762142857140000274e+02
7.023333333300000447e+01 3.778333333329999846e+02
1.776304347829999983e+02 3.778913043480000056e+02
3.095000000000000000e+02 3.783333333329999846e+02
3.789666666670000268e+02 3.786333333329999959e+02
4.131875000000000000e+02 3.783750000000000000e+02
4.110000000000000142e+01 3.791000000000000227e+02
1.510000000000000000e+02 3.787857142859999726e+02
2.908000000000000114e+02 3.813999999999999773e+02
3.592142857140000274e+02 3.810000000000000000e+02
1.170294117650000061e+02 3.828529411760000016e+02
3.246176470589999781e+02 3.820882352940000146e+02
4.465000000000000000e+02 3.830000000000000000e+02
5.670000000000000000e+02 3.827222222220000276e+02
4.063571428569999853e+02 3.836904761900000267e+02
3.863947368419999862e+02 3.855000000000000000e+02
4.297142857140000274e+02 3.851428571430000147e+02
5.000000000000000000e-01 3.850000000000000000e+02
1.371666666669999870e+02 3.864166666670000154e+02
3.461470588239999984e+02 3.865000000000000000e+02
1.645000000000000000e+02 3.872647058819999870e+02
5.001999999999999886e+02 3.868000000000000114e+02
4.612500000000000000e+02 3.890625000000000000e+02
4.849761904759999993e+02 3.901190476190000140e+02
5.331153846150000390e+02 3.891153846149999822e+02
6.234210526300000055e+01 3.916578947369999923e+02
2.467666666670000097e+02 3.928333333329999846e+02
2.318684210529999916e+02 3.937631578950000062e+02
2.095909090909999861e+02 3.941363636359999987e+02
5.534500000000000455e+02 3.943999999999999773e+02
5.198571428569999853e+02 3.952857142859999726e+02
1.710000000000000000e+02 3.960000000000000000e+02
2.737857142859999726e+02 3.960000000000000000e+02
8.722222221999999192e+00 3.980000000000000000e+02
8.404545454499999835e+01 3.991363636359999987e+02
1.057352941179999988e+02 3.995000000000000000e+02
3.005000000000000000e+02 3.995000000000000000e+02
4.543666666670000041e+02 3.989666666670000268e+02
2.369999999999999929e+01 4.015000000000000000e+02
1.921153846150000106e+02 4.018846153850000178e+02
5.690000000000000000e+02 4.020000000000000000e+02
4.532352941199999918e+01 4.034411764710000057e+02
1.626111111110000138e+02 4.037777777779999724e+02
1.232999999999999972e+02 4.035000000000000000e+02
5.075000000000000000e+02 4.036999999999999886e+02
4.745000000000000000e+02 4.055000000000000000e+02
2.573999999999999773e+02 4.065500000000000114e+02
3.636250000000000000e+02 4.068333333329999846e+02
3.884090909089999855e+02 4.058636363640000013e+02
5.312142857139999705e+02 4.060000000000000000e+02
4.196333333329999959e+02 4.070333333329999732e+02
4.884499999999999886e+02 4.073999999999999773e+02
3.305000000000000000e+02 4.083333333329999846e+02
9.396666666699999837e+01 4.096333333329999959e+02
3.048846153850000178e+02 4.091153846149999822e+02
3.485500000000000114e+02 4.096000000000000227e+02
8.633333332999999499e+00 4.099666666670000268e+02
2.435000000000000000e+02 4.100000000000000000e+02
2.041666666669999870e+02 4.120000000000000000e+02
4.039705882349999797e+02 4.127352941180000130e+02
5.525000000000000000e+01 4.137500000000000000e+02
1.433421052630000077e+02 4.133421052630000077e+02
3.745476190480000014e+02 4.133095238099999733e+02
4.392857142859999726e+02 4.128571428569999853e+02
6.712500000000000000e+01 4.146250000000000000e+02
1.823181818179999993e+02 4.146818181819999722e+02
5.620000000000000000e+02 4.152142857140000274e+02
2.852500000000000000e+02 4.158750000000000000e+02
5.443823529410000219e+02 4.159117647059999854e+02
1.810000000000000142e+01 4.171000000000000227e+02
1.622500000000000000e+02 4.208333333329999846e+02
2.177500000000000000e+02 4.215500000000000114e+02
4.152777777779999724e+02 4.210000000000000000e+02
4.600454545449999841e+02 4.213636363640000013e+02
3.460384615379999786e+02 4.233461538459999929e+02
5.070000000000000000e+02 4.230000000000000000e+02
3.927857142859999726e+02 4.235000000000000000e+02
3.162500000000000000e+01 4.243750000000000000e+02
3.165666666669999927e+02 4.253666666670000041e+02
1.125999999999999943e+02 4.275500000000000114e+02
2.095000000000000000e+02 4.265000000000000000e+02
2.356428571429999863e+02 4.278333333329999846e+02
4.864411764710000057e+02 4.285588235289999943e+02
6.659090909100000033e+01 4.294090909089999855e+02
9.308823529400000041e+01 4.293823529410000219e+02
2.945000000000000000e+02 4.280000000000000000e+02
3.635000000000000000e+02 4.290000000000000000e+02
4.313888888889999862e+02 4.293333333329999846e+02
5.780000000000000000e+02 4.292142857140000274e+02
1.511999999999999886e+02 4.298999999999999773e+02
3.233823529410000219e+02 4.309117647059999854e+02
2.586538461540000071e+02 4.325769230770000036e+02
4.932500000000000000e+02 4.328333333329999846e+02
1.345999999999999943e+02 4.351999999999999886e+02
2.776250000000000000e+02 4.343750000000000000e+02
5.310000000000000000e+02 4.350000000000000000e+02
1.680882352939999862e+02 4.363823529410000219e+02
2.370000000000000000e+02 4.355000000000000000e+02
1.935000000000000000e+02 4.375000000000000000e+02
1.125000000000000000e+02 4.392894736839999723e+02
3.915000000000000000e+02 4.386999999999999886e+02
5.071052631599999927e+01 4.415000000000000000e+02
2.342500000000000000e+02 4.412500000000000000e+02
4.660000000000000000e+02 4.412142857140000274e+02
5.121000000000000227e+02 4.411000000000000227e+02
5.520000000000000000e+02 4.405000000000000000e+02
2.145000000000000000e+02 4.430000000000000000e+02
3.515000000000000000e+02 4.422142857140000274e+02
4.039615384620000214e+02 4.425769230770000036e+02
4.327500000000000000e+02 4.428333333329999846e+02
1.450000000000000000e+01 4.441470588239999984e+02
5.665434782610000184e+02 4.458913043480000056e+02
3.306428571430000147e+02 4.466904761900000267e+02
2.970000000000000000e+02 4.470000000000000000e+02
4.934444444439999984e+02 4.482777777779999724e+02
4.900000000000000355e+00 4.503500000000000227e+02
8.800000000000000000e+01 4.492777777779999724e+02
1.541250000000000000e+02 4.492500000000000000e+02
3.774166666670000154e+02 4.491666666670000154e+02
4.388999999999999773e+02 4.488999999999999773e+02
5.430000000000000000e+02 4.495000000000000000e+02
5.875000000000000000e+02 4.485000000000000000e+02
4.757631578950000062e+02 4.506578947369999923e+02
1.267000000000000028e+02 4.516999999999999886e+02
2.550999999999999943e+02 4.508999999999999773e+02
3.783333333299999879e+01 4.522333333330000187e+02
5.991176470599999959e+01 4.536176470589999781e+02
4.626578947369999923e+02 4.548157894739999847e+02
2.776333333329999959e+02 4.550333333329999732e+02
3.110000000000000000e+02 4.550000000000000000e+02
1.032333333330000045e+02 4.565000000000000000e+02
2.411153846150000106e+02 4.568846153850000178e+02
1.957777777780000008e+02 4.586111111110000138e+02
3.460000000000000000e+02 4.577857142859999726e+02
1.461153846150000106e+02 4.588846153850000178e+02
3.965909090910000145e+02 4.594090909089999855e+02
5.246578947369999923e+02 4.606578947369999923e+02
1.702857142860000010e+02 4.614285714289999873e+02
2.316333333329999959e+02 4.610333333329999732e+02
3.608333333329999846e+02 4.614166666670000154e+02
4.183823529410000219e+02 4.609117647059999854e+02
1.222692307690000035e+02 4.663461538459999929e+02
3.121666666670000154e+02 4.683666666670000041e+02
4.019230769199999997e+01 4.695769230770000036e+02
2.700000000000000000e+01 4.695000000000000000e+02
2.817857142859999726e+02 4.700000000000000000e+02
4.368529411760000016e+02 4.705000000000000000e+02
4.872777777779999724e+02 4.710000000000000000e+02
5.033461538459999929e+02 4.707307692310000107e+02
5.543421052630000077e+02 4.713421052630000077e+02
8.383333333299999879e+01 4.724166666670000154e+02
1.865833333330000130e+02 4.721666666670000154e+02
2.098888888889999862e+02 4.728333333329999846e+02
2.922142857140000274e+02 4.720000000000000000e+02
5.710000000000000000e+02 4.720000000000000000e+02
2.521153846150000106e+02 4.748846153850000178e+02
3.441000000000000227e+02 4.751999999999999886e+02
3.745000000000000000e+02 4.745000000000000000e+02
4.015500000000000114e+02 4.766000000000000227e+02
4.498333333329999846e+02 4.762500000000000000e+02
5.412647058820000439e+02 4.769117647059999854e+02
1.532857142860000010e+02 4.781428571430000147e+02
1.032222222219999992e+02 4.796111111110000138e+02
1.715526315790000069e+02 4.797105263160000277e+02
4.350714285710000127e+02 4.786428571430000147e+02
1.380294117649999919e+02 4.801470588239999984e+02
2.302500000000000000e+02 4.798333333329999846e+02
5.903333333300000163e+01 4.813666666670000041e+02
3.781153846149999822e+02 4.808846153850000178e+02
4.197142857140000274e+02 4.817142857140000274e+02
4.722647058819999870e+02 4.827352941180000130e+02
1.833333332999999898e+00 4.835000000000000000e+02
8.237500000000000000e+01 4.831250000000000000e+02
5.785000000000000000e+02 4.841470588239999984e+02
2.040000000000000000e+02 4.850000000000000000e+02
3.655000000000000000e+02 4.860000000000000000e+02
4.975000000000000000e+02 4.860714285710000127e+02
3.200000000000000000e+01 4.870000000000000000e+02
3.011666666670000154e+02 4.872333333330000187e+02
4.800000000000000000e+02 4.875000000000000000e+02
2.511428571429999863e+02 4.892142857140000274e+02
2.729375000000000000e+02 4.892500000000000000e+02
5.205000000000000000e+02 4.885000000000000000e+02
5.640652173910000329e+02 4.893260869569999727e+02
4.896666666699999837e+01 4.913666666670000041e+02
3.170000000000000000e+02 4.915000000000000000e+02
1.239666666669999984e+02 4.933666666670000041e+02
3.985000000000000000e+02 4.940000000000000000e+02
1.511666666669999870e+02 4.955833333329999846e+02
2.214285714289999873e+02 4.960714285710000127e+02
4.413461538459999929e+02 4.962692307689999893e+02
4.562142857140000274e+02 4.960000000000000000e+02
7.200000000000000000e+01 4.966999999999999886e+02
1.925000000000000000e+02 4.983823529410000219e+02
3.428333333329999846e+02 4.982333333330000187e+02
2.380000000000000000e+02 5.002142857140000274e+02
1.095999999999999943e+02 5.018000000000000114e+02
3.623000000000000114e+02 5.005000000000000000e+02
8.875000000000000000e+01 5.021250000000000000e+02
1.668636363640000013e+02 5.020454545449999841e+02
5.092500000000000000e+02 5.018333333329999846e+02
5.393750000000000000e+02 5.016250000000000000e+02
4.771250000000000000e+02 5.037500000000000000e+02
1.352500000000000000e+02 5.041250000000000000e+02
3.756000000000000227e+02 5.045500000000000114e+02
4.180000000000000000e+02 5.040000000000000000e+02
5.565000000000000000e+02 5.045000000000000000e+02
2.547500000000000000e+02 5.061250000000000000e+02
1.700000000000000000e+01 5.080000000000000000e+02
2.805000000000000000e+02 5.080000000000000000e+02
3.100384615379999786e+02 5.083461538459999929e+02
4.903999999999999773e+02 5.085500000000000114e+02
5.210384615379999786e+02 5.083461538459999929e+02
3.968181818200000066e+01 5.113181818180000278e+02
2.981428571430000147e+02 5.112857142859999726e+02
2.110999999999999943e+02 5.118999999999999773e+02
5.774500000000000455e+02 5.123999999999999773e+02
4.305000000000000000e+02 5.137352941179999561e+02
1.575999999999999943e+02 5.142000000000000455e+02
2.228846153849999894e+02 5.142692307690000462e+02
4.531363636359999987e+02 5.134090909090000423e+02
5.335000000000000000e+02 5.140000000000000000e+02
1.301153846150000106e+02 5.151153846150000390e+02
3.300000000000000000e+02 5.160000000000000000e+02
3.584499999999999886e+02 5.163999999999999773e+02
5.064411764710000057e+02 5.166764705880000292e+02
1.968529411760000016e+02 5.179705882350000365e+02
3.988529411760000016e+02 5.180294117649999635e+02
1.769545454549999874e+02 5.188636363639999445e+02
5.578571428569999853e+02 5.192857142860000295e+02
2.595909090910000145e+02 5.201363636360000555e+02
7.000000000000000000e+01 5.217500000000000000e+02
2.420882352939999862e+02 5.243823529410000219e+02
3.771666666670000154e+02 5.235833333330000414e+02
4.651190476190000140e+02 5.238333333330000414e+02
2.950000000000000000e+01 5.250000000000000000e+02
3.100294117650000203e+02 5.258529411759999448e+02
1.114090909089999997e+02 5.275909090909999577e+02
5.300000000000000000e+01 5.285000000000000000e+02
9.754999999999999716e+01 5.286000000000000227e+02
1.660000000000000000e+02 5.310000000000000000e+02
2.795909090910000145e+02 5.325909090909999577e+02
1.469666666669999984e+02 5.333666666670000041e+02
2.153461538459999929e+02 5.329615384620000214e+02
2.938571428569999853e+02 5.333571428569999853e+02
3.696578947369999923e+02 5.336578947369999923e+02
1.365789473699999945e+01 5.346578947369999923e+02
5.528750000000000000e+02 5.342500000000000000e+02
5.749705882350000365e+02 5.348529411759999448e+02
4.160000000000000000e+02 5.352142857139999705e+02
4.828999999999999773e+02 5.348999999999999773e+02
5.297500000000000000e+02 5.357500000000000000e+02
3.071052631599999927e+01 5.361315789469999800e+02
4.448333333329999846e+02 5.365000000000000000e+02
5.171363636360000555e+02 5.354090909090000423e+02
7.150000000000000000e+01 5.376052631579999570e+02
4.010333333329999732e+02 5.376333333329999959e+02
3.410000000000000000e+02 5.380000000000000000e+02
3.818999999999999773e+02 5.385666666670000495e+02
1.832894736840000007e+02 5.408684210530000200e+02
2.635000000000000000e+02 5.398750000000000000e+02
5.026250000000000000e+02 5.408125000000000000e+02
3.332222222220000276e+02 5.413888888889999862e+02
2.294047619049999867e+02 5.436428571430000147e+02
1.297777777780000008e+02 5.465555555559999448e+02
9.476666666699999553e+01 5.488333333330000414e+02
3.080000000000000000e+02 5.477857142860000295e+02
5.750000000000000000e+01 5.487000000000000455e+02
2.091153846150000106e+02 5.491153846150000390e+02
4.326176470589999781e+02 5.490882352940000146e+02
3.701000000000000227e+02 5.508999999999999773e+02
9.115384614999999968e+00 5.522692307690000462e+02
4.665000000000000000e+02 5.528333333330000414e+02
2.331153846150000106e+02 5.548846153849999610e+02
3.340625000000000000e+02 5.552500000000000000e+02
5.494090909090000423e+02 5.555909090909999577e+02
3.510000000000000000e+02 5.565000000000000000e+02
4.488636363640000013e+02 5.554090909090000423e+02
5.260454545449999841e+02 5.561363636360000555e+02
5.695000000000000000e+02 5.568809523810000428e+02
2.752894736839999723e+02 5.571315789469999800e+02
1.667142857139999990e+02 5.587857142860000295e+02
2.526176470590000065e+02 5.579117647059999854e+02
3.983888888889999862e+02 5.582222222220000276e+02
3.500000000000000000e+01 5.590000000000000000e+02
1.345000000000000000e+02 5.601666666669999586e+02
3.161666666670000154e+02 5.602500000000000000e+02
7.550000000000000000e+01 5.611250000000000000e+02
1.187857142860000010e+02 5.610714285709999558e+02
1.812142857139999990e+02 5.610714285709999558e+02
4.945000000000000000e+02 5.611250000000000000e+02
5.105000000000000000e+02 5.615000000000000000e+02
