1.245000000000000000e+02 1.346153845999999987e+00
1.730000000000000000e+02 5.000000000000000000e-01
3.472142857140000274e+02 3.000000000000000000e+00
4.640000000000000000e+02 2.785714286000000151e+00
5.534230769230000533e+02 2.807692308000000025e+00
5.719500000000000455e+02 3.600000000000000089e+00
2.757777777779999724e+02 4.388888889000000404e+00
4.045000000000000000e+02 5.852941175999999857e+00
2.475000000000000000e+01 6.250000000000000000e+00
4.411538461500000352e+01 6.115384614999999968e+00
2.198636363640000013e+02 5.590909091000000330e+00
4.955000000000000000e+02 6.500000000000000000e+00
1.492058823529999927e+02 7.264705882000000337e+00
1.926578947369999923e+02 8.342105263000000548e+00
4.827352941180000130e+02 8.264705881999999448e+00
2.105555555560000016e+02 9.722222221999999192e+00
3.713823529410000219e+02 9.088235294000000408e+00
5.187857142860000295e+02 1.000000000000000000e+01
6.413636363599999868e+01 1.040909090899999967e+01
1.700000000000000000e+02 1.078571428599999926e+01
3.217222222220000276e+02 1.111111111099999960e+01
5.322500000000000000e+02 1.106250000000000000e+01
4.390882352940000146e+02 1.238235294100000061e+01
3.814090909089999855e+02 1.313636363600000045e+01
4.225000000000000000e+02 1.360526315799999963e+01
4.476818181819999722e+02 1.331818181799999934e+01
5.060333333329999732e+02 1.363333333299999950e+01
1.057500000000000000e+02 1.475000000000000000e+01
1.293823529409999935e+02 1.391176470599999959e+01
2.352058823529999927e+02 1.438235294100000061e+01
2.516111111110000138e+02 1.477777777800000081e+01
2.942894736839999723e+02 1.550000000000000000e+01
8.200000000000000000e+01 1.600000000000000000e+01
1.579444444439999984e+02 1.661111111099999960e+01
3.458913043480000056e+02 1.628260869600000049e+01
5.507222222220000276e+02 1.644444444399999838e+01
4.691250000000000000e+02 1.806250000000000000e+01
4.838846153850000178e+02 1.788461538500000003e+01
3.717222222220000276e+02 1.972222222199999919e+01
5.491176470599999959e+01 2.438235294100000061e+01
5.662142857139999705e+02 2.511904761899999983e+01
7.345999999999999375e+01 2.589999999999999858e+01
2.688636363640000013e+02 2.440909090899999967e+01
3.225000000000000000e+02 2.550000000000000000e+01
9.743750000000000000e+01 2.618750000000000000e+01
1.183888888890000004e+02 2.694444444399999838e+01
1.227777777800000081e+01 2.700000000000000000e+01
3.898333333329999846e+02 2.694444444399999838e+01
2.481153846150000106e+02 2.811538461499999997e+01
4.230882352940000146e+02 2.838235294100000061e+01
3.131578946999999946e+00 2.971052631599999927e+01
3.570000000000000284e+01 2.850000000000000000e+01
4.463999999999999773e+02 3.055000000000000071e+01
2.820000000000000000e+02 3.100000000000000000e+01
4.046333333329999959e+02 3.096666666699999837e+01
5.269666666670000268e+02 3.163333333299999950e+01
5.535000000000000000e+02 3.100000000000000000e+01
1.988846153849999894e+02 3.188461538500000003e+01
3.560000000000000000e+02 3.300000000000000000e+01
5.813823529410000219e+02 3.308823529400000041e+01
1.714444444439999984e+02 3.427777777800000081e+01
3.041363636359999987e+02 3.359090909100000033e+01
1.360000000000000000e+02 3.550000000000000000e+01
2.138846153849999894e+02 3.511538461500000352e+01
2.291153846150000106e+02 3.488461538499999648e+01
4.980000000000000000e+02 3.750000000000000000e+01
5.201000000000000227e+02 3.710000000000000142e+01
3.320000000000000000e+02 3.850000000000000000e+01
4.665555555560000016e+02 3.872222222199999919e+01
3.785000000000000000e+02 4.000000000000000000e+01
6.043333333300000021e+01 4.089999999999999858e+01
3.952647058819999870e+02 4.150000000000000000e+01
7.750000000000000000e+01 4.250000000000000000e+01
1.076176470590000065e+02 4.191176470599999959e+01
2.950000000000000000e+02 4.200000000000000000e+01
5.362857142860000295e+02 4.285714285699999948e+01
5.728846153849999610e+02 4.288461538499999648e+01
4.146578947369999923e+02 4.634210526300000055e+01
1.570999999999999943e+02 4.689999999999999858e+01
2.175000000000000000e+02 4.750000000000000000e+01
2.665000000000000000e+02 4.700000000000000000e+01
4.343181818180000278e+02 4.668181818200000066e+01
2.388461538500000003e+01 4.811538461500000352e+01
4.553888888889999862e+02 4.822222222199999919e+01
3.402222222220000276e+02 4.961111111099999960e+01
3.867857142859999726e+02 4.900000000000000000e+01
3.738235294100000061e+01 5.008823529400000041e+01
1.825999999999999943e+02 5.145000000000000284e+01
4.913666666670000041e+02 5.089999999999999858e+01
3.270000000000000000e+02 5.200000000000000000e+01
3.570000000000000000e+02 5.250000000000000000e+01
1.374473684209999931e+02 5.434210526300000055e+01
1.963823529409999935e+02 5.391176470599999959e+01
1.025000000000000000e+02 5.550000000000000000e+01
3.062692307689999893e+02 5.626923076900000353e+01
5.085000000000000000e+02 5.650000000000000000e+01
5.568529411759999448e+02 5.650000000000000000e+01
2.542500000000000000e+02 5.687500000000000000e+01
2.751000000000000227e+02 5.689999999999999858e+01
5.225000000000000000e+02 5.714705882399999837e+01
3.300000000000000000e+02 5.921428571399999896e+01
4.720000000000000000e+02 5.829999999999999716e+01
6.075000000000000000e+01 6.075000000000000000e+01
8.390000000000000568e+01 6.010000000000000142e+01
5.502000000000000455e+02 6.060000000000000142e+01
5.741153846150000390e+02 6.111538461500000352e+01
1.158846153850000036e+02 6.288461538499999648e+01
3.720000000000000000e+02 6.350000000000000000e+01
3.948999999999999773e+02 6.409999999999999432e+01
1.352333333329999903e+02 6.556666666700000690e+01
1.637857142860000010e+02 6.600000000000000000e+01
2.400500000000000114e+02 6.665000000000000568e+01
4.215555555560000016e+02 6.638888888900000040e+01
4.527777777800000081e+01 6.700000000000000000e+01
2.140000000000000000e+02 6.721428571399999896e+01
4.405000000000000000e+02 6.750000000000000000e+01
2.561153846149999822e+02 6.911538461499999642e+01
4.859666666670000268e+02 6.936666666700000405e+01
1.813636363599999868e+01 6.959090909100000033e+01
2.929545454550000159e+02 7.013636363599999868e+01
5.840000000000000000e+02 7.100000000000000000e+01
1.878333333330000130e+02 7.283333333299999879e+01
3.098750000000000000e+02 7.275000000000000000e+01
5.088999999999999773e+02 7.290000000000000568e+01
3.396052631580000138e+02 7.492105263199999854e+01
4.642142857140000274e+02 7.500000000000000000e+01
7.555555555999999839e+00 7.627777777800000081e+01
6.900000000000000000e+01 7.621428571399999896e+01
5.308571428569999853e+02 7.621428571399999896e+01
1.081363636359999987e+02 7.640909090899999967e+01
1.217857142860000010e+02 7.700000000000000000e+01
2.772619047619999719e+02 7.911904761899999983e+01
4.160000000000000000e+02 7.950000000000000000e+01
5.675714285709999558e+02 7.964285714300000052e+01
1.700000000000000000e+02 8.027777777800000081e+01
3.547727272729999868e+02 8.100000000000000000e+01
4.760000000000000000e+02 8.050000000000000000e+01
5.445000000000000000e+02 8.062500000000000000e+01
5.687500000000000000e+01 8.275000000000000000e+01
2.292500000000000000e+02 8.150000000000000000e+01
9.191176470599999959e+01 8.361764705900000649e+01
2.158750000000000000e+02 8.350000000000000000e+01
2.926190476200000035e+01 8.511904761899999983e+01
2.058529411760000016e+02 8.550000000000000000e+01
2.561190476190000140e+02 8.521428571399999896e+01
3.238750000000000000e+02 8.525000000000000000e+01
3.060000000000000000e+02 8.578571428600000104e+01
1.529375000000000000e+02 8.775000000000000000e+01
4.956538461540000071e+02 8.726923076900000353e+01
4.297105263160000277e+02 8.886842105300000583e+01
4.392142857140000274e+02 8.800000000000000000e+01
3.810294117650000203e+02 8.914705882399999837e+01
4.662692307689999893e+02 8.988461538500000358e+01
1.007500000000000000e+02 9.112500000000000000e+01
5.776578947369999923e+02 9.265789473700000656e+01
1.710000000000000000e+02 9.350000000000000000e+01
5.588684210530000200e+02 9.328947368400000073e+01
7.004545454499999835e+01 9.413636363599999868e+01
2.940882352940000146e+02 9.438235294099999351e+01
1.278333333329999988e+02 9.663333333299999595e+01
1.803750000000000000e+02 9.618750000000000000e+01
3.078571428600000104e+01 9.664285714300000052e+01
3.205000000000000000e+02 9.716666666700000121e+01
5.147857142860000295e+02 9.700000000000000000e+01
4.045000000000000000e+02 9.883333333299999879e+01
1.441153846150000106e+02 9.888461538500000358e+01
2.723461538459999929e+02 9.903846153800000707e+01
5.200000000000000000e+01 1.000000000000000000e+02
3.377500000000000000e+02 9.987500000000000000e+01
6.666666669999999906e-01 1.015000000000000000e+02
2.225500000000000114e+02 1.055999999999999943e+02
5.094375000000000000e+02 1.057500000000000000e+02
6.175925925899999669e+01 1.070925925930000062e+02
8.608823529400000041e+01 1.063823529409999935e+02
1.952500000000000000e+02 1.061666666670000012e+02
2.408636363640000013e+02 1.055909090910000003e+02
3.870000000000000000e+02 1.055000000000000000e+02
4.438999999999999773e+02 1.060999999999999943e+02
5.430000000000000000e+02 1.075000000000000000e+02
5.585769230769999467e+02 1.071923076920000000e+02
1.550000000000000000e+02 1.077857142860000010e+02
4.835000000000000000e+02 1.085000000000000000e+02
2.973823529410000219e+02 1.089117647059999996e+02
4.717352941180000130e+02 1.097352941179999988e+02
5.800000000000000000e+02 1.097857142860000010e+02
9.714285714300000052e+01 1.112857142860000010e+02
3.668750000000000000e+02 1.117500000000000000e+02
2.810000000000000000e+02 1.120000000000000000e+02
4.247500000000000000e+02 1.121250000000000000e+02
2.585294117600000163e+01 1.145000000000000000e+02
2.541842105259999869e+02 1.150263157889999945e+02
3.968999999999999773e+02 1.139000000000000057e+02
2.390000000000000000e+02 1.142999999999999972e+02
1.142142857139999990e+02 1.160000000000000000e+02
5.328999999999999773e+02 1.160999999999999943e+02
3.355909090910000145e+02 1.188636363640000013e+02
3.459736842109999770e+02 1.198157894739999989e+02
4.415000000000000000e+02 1.182142857139999990e+02
1.642857143000000075e+00 1.205000000000000000e+02
1.360882352939999862e+02 1.206176470590000065e+02
1.797857142860000010e+02 1.220000000000000000e+02
5.691153846150000390e+02 1.218846153850000036e+02
2.182857142860000010e+02 1.228571428569999995e+02
4.173823529410000219e+02 1.240882352940000004e+02
1.618684210529999916e+02 1.262894736840000007e+02
4.935909090910000145e+02 1.264090909089999997e+02
4.100000000000000000e+01 1.267857142860000010e+02
3.672142857140000274e+02 1.270000000000000000e+02
4.545666666669999927e+02 1.280999999999999943e+02
3.140000000000000000e+02 1.285000000000000000e+02
5.193421052630000077e+02 1.293421052630000077e+02
5.505000000000000000e+02 1.290000000000000000e+02
9.500000000000000000e+01 1.305454545450000126e+02
2.000000000000000000e+02 1.305000000000000000e+02
2.715000000000000000e+02 1.303000000000000114e+02
3.811000000000000227e+02 1.300999999999999943e+02
8.104545454499999835e+01 1.311363636359999987e+02
1.157857142860000010e+02 1.330000000000000000e+02
2.241470588239999984e+02 1.335000000000000000e+02
2.477500000000000000e+02 1.328750000000000000e+02
1.333333333300000056e+01 1.334166666669999870e+02
1.772142857139999990e+02 1.340000000000000000e+02
4.410333333329999732e+02 1.346333333329999959e+02
4.753666666670000041e+02 1.340333333330000016e+02
3.314499999999999886e+02 1.354000000000000057e+02
6.386363636400000132e+01 1.355909090909999861e+02
2.589999999999999858e+01 1.380999999999999943e+02
2.887857142859999726e+02 1.390000000000000000e+02
4.066000000000000227e+02 1.394499999999999886e+02
5.511153846150000390e+02 1.391153846150000106e+02
3.549999999999999822e+00 1.404000000000000057e+02
3.527222222220000276e+02 1.400000000000000000e+02
5.278846153849999610e+02 1.401153846150000106e+02
1.837666666670000097e+02 1.409000000000000057e+02
5.721153846150000390e+02 1.411153846150000106e+02
1.391666666669999870e+02 1.425000000000000000e+02
1.571509433960000024e+02 1.476886792450000030e+02
3.098999999999999773e+02 1.419000000000000057e+02
4.222500000000000000e+02 1.438333333330000130e+02
4.470000000000000000e+02 1.440000000000000000e+02
4.995000000000000000e+02 1.450000000000000000e+02
2.060000000000000000e+02 1.460000000000000000e+02
4.664499999999999886e+02 1.475999999999999943e+02
7.865789473700000656e+01 1.484473684209999931e+02
3.315909090910000145e+02 1.495909090909999861e+02
5.203571428569999853e+02 1.507857142860000010e+02
3.845000000000000284e+01 1.515999999999999943e+02
1.076333333329999959e+02 1.510333333330000016e+02
2.165869565220000084e+02 1.521521739130000128e+02
5.439999999999999858e+01 1.525500000000000114e+02
2.365999999999999943e+02 1.525500000000000114e+02
2.517500000000000000e+02 1.527500000000000000e+02
3.880000000000000000e+02 1.525000000000000000e+02
3.017727272729999868e+02 1.534545454549999874e+02
8.907894736800000146e+01 1.543947368419999862e+02
3.711153846149999822e+02 1.551153846150000106e+02
2.820000000000000000e+02 1.575000000000000000e+02
1.290000000000000000e+02 1.602142857139999990e+02
3.511538461500000352e+01 1.608846153849999894e+02
4.914090909089999855e+02 1.615909090909999861e+02
5.636000000000000227e+02 1.618000000000000114e+02
1.480000000000000000e+02 1.620000000000000000e+02
4.387857142859999726e+02 1.620000000000000000e+02
5.351000000000000227e+02 1.619000000000000057e+02
1.839583333330000130e+02 1.636250000000000000e+02
3.945000000000000000e+02 1.633000000000000114e+02
4.553235294120000276e+02 1.636764705880000008e+02
2.636250000000000000e+02 1.633750000000000000e+02
3.458846153850000178e+02 1.638846153849999894e+02
5.082222222220000276e+02 1.646111111110000138e+02
1.200000000000000000e+01 1.657222222219999992e+02
2.111666666669999870e+02 1.646111111110000138e+02
9.238235294099999351e+01 1.660882352939999862e+02
5.488999999999999773e+02 1.679000000000000057e+02
6.364285714300000052e+01 1.693095238100000017e+02
1.963421052630000077e+02 1.703421052630000077e+02
4.228684210530000200e+02 1.707105263159999993e+02
4.673421052630000077e+02 1.706578947369999923e+02
2.805000000000000000e+02 1.720000000000000000e+02
3.205666666669999927e+02 1.720999999999999943e+02
1.203571428569999995e+02 1.735714285710000127e+02
2.436904761899999983e+02 1.735952380950000133e+02
3.716176470589999781e+02 1.730882352939999862e+02
5.000000000000000000e-01 1.735000000000000000e+02
2.749705882349999797e+02 1.768529411760000016e+02
3.485000000000000000e+02 1.765000000000000000e+02
5.376578947369999923e+02 1.763421052630000077e+02
2.144473684209999931e+02 1.775526315790000069e+02
3.817500000000000000e+02 1.777500000000000000e+02
4.641304347799999874e+01 1.787173913039999888e+02
7.681250000000000000e+01 1.783750000000000000e+02
4.993095238099999733e+02 1.786428571429999863e+02
5.000000000000000000e-01 1.785000000000000000e+02
4.390882352940000146e+02 1.796176470590000065e+02
5.747500000000000000e+02 1.789375000000000000e+02
3.288636363640000013e+02 1.805909090909999861e+02
3.988846153850000178e+02 1.811153846150000106e+02
1.659000000000000057e+02 1.819000000000000057e+02
4.602142857140000274e+02 1.820000000000000000e+02
2.982777777779999724e+02 1.830000000000000000e+02
1.711538461499999997e+01 1.838846153849999894e+02
5.175000000000000000e+02 1.852894736840000007e+02
1.410000000000000000e+02 1.866999999999999886e+02
5.166666667000000324e+00 1.867500000000000000e+02
4.813888888889999862e+02 1.887777777780000008e+02
2.158695652200000126e+01 1.902826086960000112e+02
1.090999999999999943e+02 1.890999999999999943e+02
2.411666666669999870e+02 1.895000000000000000e+02
5.686000000000000227e+02 1.905500000000000114e+02
6.822222222199999919e+01 1.916111111110000138e+02
3.462647058819999870e+02 1.917352941180000130e+02
5.462777777779999724e+02 1.914444444439999984e+02
3.102142857140000274e+02 1.920000000000000000e+02
1.222142857139999990e+02 1.930000000000000000e+02
1.331250000000000000e+02 1.939375000000000000e+02
1.801666666669999870e+02 1.927500000000000000e+02
2.700000000000000000e+02 1.932142857139999990e+02
3.652222222220000276e+02 1.933888888889999862e+02
4.951470588239999984e+02 1.955000000000000000e+02
4.221250000000000000e+02 1.962500000000000000e+02
4.439545454550000159e+02 1.971363636359999987e+02
2.015000000000000000e+02 1.995000000000000000e+02
3.864090909089999855e+02 1.988636363640000013e+02
5.077777777800000081e+01 2.003888888889999862e+02
2.825000000000000000e+02 2.000000000000000000e+02
9.891176470599999959e+01 2.013823529409999935e+02
2.138846153849999894e+02 2.011153846150000106e+02
4.572619047619999719e+02 2.024523809519999986e+02
2.880789473680000015e+02 2.033421052630000077e+02
5.308750000000000000e+02 2.030625000000000000e+02
5.799285714290000442e+02 2.045000000000000000e+02
1.638846153849999894e+02 2.046538461540000071e+02
3.285500000000000114e+02 2.055999999999999943e+02
5.637000000000000455e+02 2.053000000000000114e+02
1.810882352939999862e+02 2.076176470590000065e+02
2.331153846150000106e+02 2.071153846150000106e+02
2.446904761899999983e+02 2.073571428570000137e+02
3.134444444439999984e+02 2.077222222219999992e+02
7.985714285699999948e+01 2.102857142860000010e+02
5.078846153850000178e+02 2.098846153849999894e+02
1.560000000000000000e+02 2.112142857139999990e+02
4.073500000000000227e+02 2.121999999999999886e+02
4.305000000000000000e+02 2.110000000000000000e+02
4.771250000000000000e+02 2.112500000000000000e+02
1.788461538500000003e+01 2.121153846150000106e+02
3.802142857140000274e+02 2.115000000000000000e+02
4.110000000000000142e+01 2.129000000000000057e+02
8.119047618999999827e+00 2.142142857139999990e+02
2.624545454550000159e+02 2.147727272729999868e+02
4.481666666670000154e+02 2.137500000000000000e+02
4.907500000000000000e+02 2.150833333330000130e+02
1.279117647059999996e+02 2.166176470590000065e+02
1.698125000000000000e+02 2.163125000000000000e+02
8.638235294099999351e+01 2.169705882350000081e+02
1.100000000000000000e+02 2.170000000000000000e+02
3.554444444439999984e+02 2.177222222219999992e+02
6.316666666700000121e+01 2.179444444439999984e+02
3.430000000000000000e+02 2.183000000000000114e+02
2.788380281689999833e+02 2.231901408450000019e+02
5.261315789469999800e+02 2.192894736840000007e+02
2.051153846150000106e+02 2.198846153849999894e+02
2.237500000000000000e+02 2.211666666669999870e+02
3.986538461540000071e+02 2.209615384619999929e+02
5.448999999999999773e+02 2.210999999999999943e+02
5.840714285709999558e+02 2.207857142860000010e+02
5.121153846150000390e+02 2.241153846150000106e+02
2.386500000000000057e+02 2.252500000000000000e+02
1.343095238100000017e+02 2.276428571429999863e+02
4.190789473680000015e+02 2.273947368419999862e+02
4.857777777779999724e+02 2.273888888889999862e+02
5.620714285709999558e+02 2.281190476190000140e+02
7.616666666700000121e+01 2.295000000000000000e+02
2.191666666669999870e+02 2.291666666669999870e+02
3.177105263160000277e+02 2.297631578950000062e+02
4.378636363640000013e+02 2.285909090909999861e+02
5.068181818200000066e+01 2.296818181820000007e+02
3.040000000000000000e+02 2.297857142860000010e+02
1.585000000000000000e+02 2.310000000000000000e+02
3.780000000000000000e+02 2.320000000000000000e+02
1.865000000000000000e+02 2.331470588239999984e+02
1.006875000000000000e+02 2.343750000000000000e+02
1.170000000000000000e+02 2.340000000000000000e+02
2.530263157889999945e+02 2.348684210529999916e+02
4.579117647059999854e+02 2.353823529409999935e+02
3.551153846149999822e+02 2.358846153849999894e+02
3.350000000000000000e+01 2.378529411760000016e+02
5.456666666699999979e+01 2.375000000000000000e+02
3.393461538459999929e+02 2.369615384619999929e+02
1.687500000000000000e+00 2.383125000000000000e+02
1.699000000000000057e+02 2.400999999999999943e+02
2.866111111110000138e+02 2.417777777780000008e+02
4.421999999999999886e+02 2.425999999999999943e+02
2.035000000000000000e+02 2.430714285710000127e+02
4.256333333329999959e+02 2.429666666669999984e+02
3.750000000000000000e+02 2.440000000000000000e+02
5.247857142860000295e+02 2.450000000000000000e+02
5.510000000000000000e+02 2.455000000000000000e+02
1.090000000000000000e+02 2.465000000000000000e+02
3.955500000000000114e+02 2.462500000000000000e+02
2.200000000000000000e+01 2.477222222219999992e+02
1.487857142860000010e+02 2.470000000000000000e+02
2.613999999999999773e+02 2.474499999999999886e+02
5.098333333329999846e+02 2.474166666669999870e+02
3.971428571399999896e+01 2.481428571429999863e+02
3.558333333329999846e+02 2.475833333330000130e+02
1.866666666669999870e+02 2.496250000000000000e+02
2.375000000000000000e+02 2.505000000000000000e+02
2.987222222220000276e+02 2.500000000000000000e+02
4.838333333329999846e+02 2.503888888889999862e+02
1.299666666669999984e+02 2.533666666670000041e+02
3.238529411760000016e+02 2.530294117649999919e+02
5.312391304349999928e+02 2.540217391299999861e+02
5.706111111110000138e+02 2.535555555560000016e+02
4.661428571430000147e+02 2.542142857139999990e+02
7.814705882399999837e+01 2.570294117650000203e+02
2.235999999999999943e+02 2.584499999999999886e+02
2.780000000000000000e+02 2.582142857140000274e+02
4.265000000000000000e+02 2.595000000000000000e+02
4.923181818180000278e+02 2.597727272729999868e+02
3.774499999999999886e+02 2.603999999999999773e+02
1.389000000000000057e+02 2.608999999999999773e+02
4.087666666669999813e+02 2.611666666670000154e+02
3.500000000000000000e+00 2.620000000000000000e+02
1.637666666670000097e+02 2.621666666670000154e+02
5.140000000000000000e+02 2.622142857140000274e+02
2.435952380950000133e+02 2.639285714289999873e+02
5.508846153849999610e+02 2.641153846149999822e+02
2.622222222199999919e+01 2.653888888889999862e+02
5.630952381000000173e+01 2.654523809519999986e+02
3.471000000000000227e+02 2.648999999999999773e+02
4.517857142859999726e+02 2.650000000000000000e+02
4.672142857140000274e+02 2.655000000000000000e+02
1.767777777780000008e+02 2.673888888889999862e+02
4.390384615379999786e+02 2.676538461540000071e+02
4.884411764710000057e+02 2.682647058819999870e+02
5.792647058820000439e+02 2.687352941180000130e+02
1.155000000000000000e+02 2.690000000000000000e+02
2.957727272729999868e+02 2.691363636359999987e+02
3.150000000000000000e+02 2.705000000000000000e+02
3.692777777779999724e+02 2.709444444439999984e+02
3.931666666670000154e+02 2.705833333329999846e+02
9.100000000000000000e+01 2.720000000000000000e+02
7.202941176500000608e+01 2.738529411760000016e+02
2.047727272729999868e+02 2.734545454550000159e+02
2.678529411760000016e+02 2.735000000000000000e+02
3.320882352940000146e+02 2.736176470589999781e+02
1.246578947370000066e+02 2.745526315789999785e+02
5.033421052630000077e+02 2.753421052630000077e+02
5.258636363639999445e+02 2.749545454550000159e+02
1.650000000000000000e+02 2.760000000000000000e+02
1.511363636359999987e+02 2.765909090910000145e+02
2.355000000000000000e+02 2.780000000000000000e+02
5.683888888889999862e+02 2.782222222220000276e+02
2.000000000000000000e+00 2.797222222220000276e+02
6.540000000000000568e+01 2.786999999999999886e+02
3.413235294120000276e+02 2.815588235289999943e+02
2.496250000000000000e+02 2.823333333329999846e+02
5.428999999999999773e+02 2.818999999999999773e+02
1.048750000000000000e+02 2.849375000000000000e+02
4.035000000000000000e+02 2.840000000000000000e+02
4.836578947369999923e+02 2.846578947369999923e+02
2.004333333330000073e+02 2.851000000000000227e+02
2.201153846150000106e+02 2.851153846149999822e+02
3.646818181819999722e+02 2.853181818180000278e+02
4.701250000000000000e+02 2.857500000000000000e+02
3.963333333300000305e+01 2.858333333329999846e+02
2.696250000000000000e+02 2.853750000000000000e+02
2.768333333329999846e+02 2.867500000000000000e+02
3.061250000000000000e+02 2.877500000000000000e+02
3.779615384620000214e+02 2.871923076919999858e+02
4.116176470589999781e+02 2.869117647059999854e+02
8.225000000000000000e+01 2.880625000000000000e+02
4.295000000000000000e+02 2.890000000000000000e+02
1.173823529409999935e+02 2.920882352940000146e+02
1.832222222219999992e+02 2.923888888889999862e+02
2.144999999999999929e+01 2.936000000000000227e+02
5.243750000000000000e+02 2.936875000000000000e+02
5.576578947369999923e+02 2.933421052630000077e+02
4.540000000000000000e+02 2.950000000000000000e+02
5.841666666669999586e+02 2.940000000000000000e+02
1.605625000000000000e+02 2.952500000000000000e+02
2.338571428570000137e+02 2.952857142859999726e+02
3.225000000000000000e+02 2.951470588239999984e+02
5.650000000000000000e+01 2.987500000000000000e+02
1.430625000000000000e+02 2.997500000000000000e+02
3.997222222220000276e+02 2.994444444439999984e+02
3.950000000000000000e+01 3.008529411760000016e+02
2.703750000000000000e+02 3.008125000000000000e+02
3.157500000000000000e+02 3.012500000000000000e+02
3.432142857140000274e+02 3.010000000000000000e+02
2.080000000000000000e+02 3.025000000000000000e+02
2.976904761900000267e+02 3.024523809519999986e+02
3.585000000000000000e+02 3.020000000000000000e+02
3.757857142859999726e+02 3.020000000000000000e+02
2.557500000000000000e+02 3.037500000000000000e+02
4.360000000000000000e+02 3.032142857140000274e+02
4.977857142859999726e+02 3.040000000000000000e+02
4.780000000000000000e+02 3.050000000000000000e+02
6.886363636400000132e+01 3.070454545449999841e+02
8.703333333300000163e+01 3.073666666670000041e+02
1.394499999999999886e+02 3.073999999999999773e+02
6.264705882000000337e+00 3.082647058819999870e+02
1.706999999999999886e+02 3.090000000000000000e+02
1.895000000000000000e+02 3.105000000000000000e+02
2.342857142860000010e+02 3.100714285710000127e+02
1.075909090910000003e+02 3.114090909089999855e+02
5.477222222220000276e+02 3.120000000000000000e+02
5.699615384620000214e+02 3.123461538459999929e+02
1.544000000000000057e+02 3.144499999999999886e+02
4.520384615379999786e+02 3.163461538459999929e+02
4.900882352940000146e+02 3.163823529410000219e+02
2.670000000000000000e+02 3.172142857140000274e+02
3.872500000000000000e+02 3.177500000000000000e+02
5.221315789469999800e+02 3.175000000000000000e+02
8.538888888900000040e+01 3.187777777779999724e+02
4.100384615379999786e+02 3.203461538459999929e+02
4.350000000000000000e+01 3.210000000000000000e+02
5.810882352940000146e+02 3.223823529410000219e+02
5.000000000000000000e-01 3.230000000000000000e+02
2.180000000000000000e+02 3.232142857140000274e+02
2.889347826090000240e+02 3.235000000000000000e+02
3.290000000000000000e+02 3.230000000000000000e+02
4.226999999999999886e+02 3.234333333330000073e+02
5.153999999999999773e+02 3.235500000000000114e+02
6.096153846200000004e+01 3.236538461540000071e+02
2.472500000000000000e+02 3.240625000000000000e+02
3.532083333329999846e+02 3.245000000000000000e+02
3.060000000000000000e+02 3.245000000000000000e+02
4.636666666670000154e+02 3.245833333329999846e+02
5.695000000000000000e+02 3.252333333330000187e+02
1.208750000000000000e+02 3.277500000000000000e+02
4.403750000000000000e+02 3.275625000000000000e+02
4.820384615379999786e+02 3.266538461540000071e+02
2.694999999999999929e+01 3.293500000000000227e+02
2.305000000000000000e+02 3.300714285710000127e+02
9.931250000000000000e+01 3.313750000000000000e+02
1.697631578950000062e+02 3.317105263160000277e+02
1.916875000000000000e+02 3.321875000000000000e+02
3.180000000000000000e+02 3.330000000000000000e+02
3.750882352940000146e+02 3.336176470589999781e+02
4.058333333329999846e+02 3.327666666669999813e+02
1.482500000000000000e+02 3.342500000000000000e+02
2.991000000000000227e+02 3.341000000000000227e+02
3.345000000000000000e+02 3.365000000000000000e+02
6.378571428600000104e+01 3.380000000000000000e+02
3.866333333329999959e+02 3.380333333329999732e+02
5.470000000000000000e+02 3.382142857140000274e+02
2.665789473699999945e+01 3.396578947369999923e+02
2.700000000000000000e+02 3.390000000000000000e+02
5.347857142860000295e+02 3.390000000000000000e+02
4.941666666700000121e+01 3.398333333329999846e+02
4.981923076919999858e+02 3.404230769229999964e+02
4.541428571430000147e+02 3.412142857140000274e+02
8.785294117600000163e+01 3.425000000000000000e+02
3.547857142859999726e+02 3.430000000000000000e+02
2.098846153849999894e+02 3.441153846149999822e+02
5.652894736839999723e+02 3.448684210530000200e+02
1.691153846150000106e+02 3.458846153850000178e+02
9.852941175999999857e+00 3.469705882349999797e+02
4.246578947369999923e+02 3.476578947369999923e+02
5.126333333329999959e+02 3.469666666670000268e+02
1.434444444439999984e+02 3.482777777779999724e+02
2.451666666669999870e+02 3.486333333329999959e+02
2.585714285699999948e+01 3.497142857140000274e+02
2.230000000000000000e+02 3.490000000000000000e+02
9.491176470599999959e+01 3.516176470589999781e+02
4.375000000000000000e+02 3.515000000000000000e+02
3.320714285710000127e+02 3.522857142859999726e+02
1.877352941180000130e+02 3.534411764710000057e+02
4.007142857140000274e+02 3.527142857140000274e+02
4.783333333329999846e+02 3.533333333329999846e+02
5.818999999999999773e+02 3.531000000000000227e+02
5.071666666670000154e+02 3.537500000000000000e+02
5.789999999999999858e+01 3.551000000000000227e+02
1.224130434780000058e+02 3.559347826090000240e+02
2.514000000000000057e+02 3.554499999999999886e+02
5.454166666669999586e+02 3.550833333329999846e+02
4.111538461500000352e+01 3.561153846149999822e+02
2.084090909090000139e+02 3.571363636359999987e+02
3.685833333329999846e+02 3.568333333329999846e+02
4.925000000000000000e+02 3.570000000000000000e+02
5.280454545449999841e+02 3.581363636359999987e+02
4.231363636359999987e+02 3.595909090910000145e+02
1.810000000000000000e+02 3.610000000000000000e+02
2.936904761900000267e+02 3.616428571430000147e+02
3.140000000000000000e+02 3.610000000000000000e+02
3.871470588239999984e+02 3.609705882349999797e+02
4.561000000000000227e+02 3.611000000000000227e+02
1.550000000000000000e+01 3.630000000000000000e+02
1.581153846150000106e+02 3.632692307689999893e+02
1.065909090910000003e+02 3.645909090910000145e+02
7.375000000000000000e+01 3.652500000000000000e+02
1.283333333330000130e+02 3.665000000000000000e+02
3.620000000000000000e+02 3.666999999999999886e+02
5.840000000000000000e+02 3.670000000000000000e+02
2.751363636359999987e+02 3.675909090910000145e+02
5.665499999999999545e+02 3.686000000000000227e+02
4.717666666669999813e+02 3.715666666669999927e+02
5.100000000000000000e+01 3.720000000000000000e+02
2.333823529409999935e+02 3.729117647059999854e+02
8.916666666700000121e+01 3.742500000000000000e+02
5.428333333330000414e+02 3.741666666670000154e+02
1.512142857139999990e+02 3.760000000000000000e+02
2.845000000000000000e+02 3.766739130430000273e+02
4.395909090910000145e+02 3.764090909089999855e+02
3.091176470599999959e+01 3.773823529410000219e+02
2.210714285710000127e+02 3.777142857140000274e+02
3.375000000000000000e+02 3.768333333329999846e+02
4.970652173909999760e+02 3.775000000000000000e+02
5.200000000000000000e+02 3.772777777779999724e+02
3.808000000000000114e+02 3.786499999999999773e+02
4.125555555560000016e+02 3.787222222220000276e+02
2.575000000000000000e+02 3.795000000000000000e+02
3.019166666670000154e+02 3.792500000000000000e+02
1.990999999999999943e+02 3.821000000000000227e+02
1.817105263159999993e+02 3.841315789469999800e+02
1.620000000000000000e+02 3.850000000000000000e+02
3.138333333329999846e+02 3.858333333329999846e+02
6.638235294099999351e+01 3.859117647059999854e+02
4.762777777779999724e+02 3.860000000000000000e+02
3.557500000000000000e+02 3.879375000000000000e+02
4.226538461540000071e+02 3.879615384620000214e+02
4.597857142859999726e+02 3.880000000000000000e+02
4.933000000000000114e+02 3.875000000000000000e+02
3.346666666670000154e+02 3.893888888889999862e+02
1.142500000000000000e+02 3.902500000000000000e+02
5.690000000000000000e+02 3.900000000000000000e+02
4.005909090910000145e+02 3.915909090910000145e+02
5.181875000000000000e+02 3.913750000000000000e+02
3.830294117650000203e+02 3.938529411760000016e+02
5.200000000000000000e+01 3.942777777779999724e+02
1.328846153849999894e+02 3.941153846149999822e+02
1.050000000000000000e+01 3.955000000000000000e+02
3.914705882399999837e+01 3.965000000000000000e+02
1.563636363640000013e+02 3.968181818180000278e+02
5.312142857139999705e+02 3.960000000000000000e+02
1.028529411760000016e+02 3.969705882349999797e+02
2.052500000000000000e+02 3.971666666670000154e+02
2.699615384620000214e+02 3.973461538459999929e+02
3.008333333329999846e+02 3.975000000000000000e+02
2.467352941180000130e+02 3.980882352940000146e+02
1.679545454549999874e+02 3.988636363640000013e+02
2.314000000000000057e+02 3.991999999999999886e+02
3.651800000000000068e+02 3.997400000000000091e+02
4.416764705879999724e+02 3.993235294120000276e+02
8.183333333299999879e+01 4.006111111110000138e+02
5.472368421050000507e+02 4.011315789469999800e+02
1.917307692310000107e+02 4.023461538459999929e+02
1.161153846149999964e+02 4.028846153850000178e+02
3.834166666670000154e+02 4.028333333329999846e+02
2.183333333299999879e+01 4.042500000000000000e+02
1.393421052630000077e+02 4.056578947369999923e+02
2.378636363640000013e+02 4.060454545449999841e+02
3.260000000000000000e+02 4.057857142859999726e+02
4.640789473680000015e+02 4.073947368419999862e+02
3.381666666670000154e+02 4.081111111110000138e+02
4.033823529410000219e+02 4.080882352940000146e+02
5.233666666670000041e+02 4.079666666670000268e+02
4.202500000000000000e+02 4.095625000000000000e+02
5.041363636359999987e+02 4.089545454550000159e+02
5.667500000000000000e+02 4.101250000000000000e+02
8.587500000000000000e+01 4.117500000000000000e+02
2.766333333329999959e+02 4.110333333329999732e+02
2.976333333329999959e+02 4.115000000000000000e+02
1.977500000000000000e+02 4.121666666670000154e+02
2.553823529409999935e+02 4.129117647059999854e+02
4.871999999999999886e+02 4.143999999999999773e+02
4.397058823500000102e+01 4.161470588239999984e+02
1.773333333330000130e+02 4.175000000000000000e+02
2.213095238100000017e+02 4.176428571430000147e+02
5.349210526320000554e+02 4.173947368419999862e+02
5.549615384620000214e+02 4.185000000000000000e+02
6.836666666700000405e+01 4.190333333329999732e+02
4.316333333329999959e+02 4.190333333329999732e+02
3.671842105260000153e+02 4.204473684210000215e+02
3.156999999999999886e+02 4.215666666669999927e+02
1.123421052629999934e+02 4.226578947369999923e+02
3.883571428569999853e+02 4.220714285710000127e+02
4.056052631580000138e+02 4.220789473680000015e+02
4.753823529410000219e+02 4.220882352940000146e+02
1.227777777800000081e+01 4.240000000000000000e+02
1.648846153849999894e+02 4.241153846149999822e+02
2.750000000000000000e+01 4.263000000000000114e+02
9.000000000000000000e+01 4.265000000000000000e+02
1.502142857139999990e+02 4.260000000000000000e+02
2.045000000000000000e+02 4.270000000000000000e+02
3.388999999999999773e+02 4.274333333330000073e+02
4.238999999999999773e+02 4.278999999999999773e+02
4.503999999999999773e+02 4.285500000000000114e+02
1.305909090909999861e+02 4.294090909089999855e+02
2.891666666670000154e+02 4.286111111110000138e+02
5.086176470589999781e+02 4.299117647059999854e+02
2.602142857140000274e+02 4.320000000000000000e+02
3.583181818180000278e+02 4.323181818180000278e+02
2.334375000000000000e+02 4.344375000000000000e+02
5.689666666670000268e+02 4.333666666670000041e+02
2.752142857140000274e+02 4.335000000000000000e+02
4.116666666700000121e+01 4.369666666670000268e+02
6.025000000000000000e+01 4.372500000000000000e+02
3.830000000000000000e+02 4.366999999999999886e+02
3.200000000000000000e+02 4.380000000000000000e+02
4.922142857140000274e+02 4.380000000000000000e+02
1.897222222219999992e+02 4.389444444439999984e+02
3.965000000000000000e+02 4.400714285710000127e+02
8.134210526299999344e+01 4.416578947369999923e+02
1.525000000000000000e+02 4.420000000000000000e+02
1.667222222219999992e+02 4.420000000000000000e+02
2.303750000000000000e+02 4.413750000000000000e+02
4.278636363640000013e+02 4.415909090910000145e+02
4.621363636359999987e+02 4.414090909089999855e+02
5.291000000000000227e+02 4.418999999999999773e+02
5.531153846150000390e+02 4.422692307689999893e+02
3.480555555560000016e+02 4.438333333329999846e+02
1.600000000000000000e+01 4.452142857140000274e+02
2.047500000000000000e+02 4.462500000000000000e+02
3.735000000000000000e+02 4.456999999999999886e+02
3.000000000000000000e+02 4.477222222220000276e+02
5.088846153850000178e+02 4.468846153850000178e+02
1.051190476189999998e+02 4.489761904759999993e+02
1.870000000000000000e+02 4.511111111110000138e+02
5.599166666669999586e+02 4.507916666670000154e+02
3.150000000000000000e+01 4.520000000000000000e+02
2.758846153850000178e+02 4.521153846149999822e+02
4.441315789469999800e+02 4.522894736839999723e+02
4.782500000000000000e+02 4.522500000000000000e+02
5.312142857139999705e+02 4.520000000000000000e+02
2.416999999999999886e+02 4.540000000000000000e+02
4.956111111110000138e+02 4.547777777779999724e+02
5.811000000000000227e+02 4.544333333330000073e+02
2.519000000000000057e+02 4.548999999999999773e+02
3.240416666670000154e+02 4.558750000000000000e+02
4.190882352940000146e+02 4.556176470589999781e+02
4.525000000000000000e+02 4.550000000000000000e+02
9.321428571399999896e+01 4.580000000000000000e+02
3.086999999999999886e+02 4.580000000000000000e+02
1.267222222219999992e+02 4.590000000000000000e+02
1.690000000000000000e+02 4.600000000000000000e+02
2.237500000000000000e+02 4.620833333329999846e+02
3.570000000000000000e+02 4.620000000000000000e+02
5.875000000000000000e+01 4.632500000000000000e+02
1.392500000000000000e+02 4.641666666670000154e+02
3.400000000000000000e+02 4.640000000000000000e+02
1.170000000000000000e+02 4.650000000000000000e+02
2.788846153850000178e+02 4.648846153850000178e+02
3.932058823529999927e+02 4.657941176470000073e+02
5.155000000000000000e+02 4.658529411760000016e+02
4.857105263160000277e+02 4.665000000000000000e+02
5.531315789469999800e+02 4.667631578950000062e+02
4.372222222220000276e+02 4.683888888889999862e+02
5.038846153850000178e+02 4.678846153850000178e+02
1.788461538500000003e+01 4.698846153850000178e+02
8.268181818200000066e+01 4.696818181819999722e+02
4.191000000000000227e+02 4.701000000000000227e+02
2.115500000000000114e+02 4.716000000000000227e+02
5.700000000000000000e+02 4.715000000000000000e+02
2.536999999999999886e+02 4.733000000000000114e+02
3.754090909089999855e+02 4.731363636359999987e+02
3.850000000000000000e+01 4.750000000000000000e+02
2.920333333329999732e+02 4.756333333329999959e+02
4.700882352940000146e+02 4.756176470589999781e+02
1.876999999999999886e+02 4.755000000000000000e+02
1.289000000000000057e+02 4.768999999999999773e+02
3.096333333329999959e+02 4.769666666670000268e+02
3.325000000000000000e+02 4.775000000000000000e+02
4.428636363640000013e+02 4.790454545449999841e+02
5.549999999999999822e+00 4.806000000000000227e+02
1.542142857139999990e+02 4.811428571430000147e+02
5.311666666669999586e+02 4.816333333329999959e+02
1.726111111110000138e+02 4.827777777779999724e+02
2.250000000000000000e+02 4.820000000000000000e+02
3.946875000000000000e+02 4.826875000000000000e+02
4.276999999999999886e+02 4.811000000000000227e+02
6.100000000000000000e+01 4.845000000000000000e+02
9.696666666699999837e+01 4.856333333329999959e+02
3.615000000000000000e+02 4.857857142859999726e+02
4.967857142859999726e+02 4.860000000000000000e+02
5.200000000000000000e+02 4.860000000000000000e+02
3.747857142859999726e+02 4.871428571430000147e+02
5.658913043479999487e+02 4.879782608699999855e+02
2.473000000000000114e+02 4.877666666669999813e+02
1.975909090909999861e+02 4.891363636359999987e+02
2.935625000000000000e+02 4.895000000000000000e+02
2.400000000000000000e+01 4.907222222220000276e+02
7.611538461499999642e+01 4.901153846149999822e+02
5.749117647059999854e+02 4.903823529410000219e+02
2.756111111110000138e+02 4.917777777779999724e+02
3.205555555560000016e+02 4.912777777779999724e+02
1.165000000000000000e+02 4.930000000000000000e+02
4.759666666670000268e+02 4.936333333329999959e+02
1.874333333330000073e+02 4.941000000000000227e+02
4.314285714289999873e+02 4.941428571430000147e+02
4.196666666699999837e+01 4.956333333329999959e+02
2.199000000000000057e+02 4.951000000000000227e+02
6.359090909100000033e+01 4.968636363640000013e+02
1.495000000000000000e+02 4.970000000000000000e+02
3.432500000000000000e+02 4.978333333329999846e+02
3.890000000000000000e+02 4.990000000000000000e+02
4.180000000000000000e+02 5.012142857140000274e+02
4.517307692310000107e+02 5.011153846149999822e+02
5.058846153850000178e+02 5.008846153850000178e+02
5.377857142860000295e+02 5.005000000000000000e+02
5.579666666670000268e+02 5.013666666670000041e+02
1.750000000000000000e+01 5.022647058819999870e+02
1.661363636359999987e+02 5.025909090910000145e+02
3.606538461540000071e+02 5.032692307689999893e+02
9.850000000000000000e+01 5.045000000000000000e+02
2.765000000000000000e+02 5.040000000000000000e+02
2.289000000000000057e+02 5.051000000000000227e+02
4.657666666669999813e+02 5.055666666669999927e+02
7.800000000000000000e+01 5.070000000000000000e+02
1.340333333330000016e+02 5.073666666670000041e+02
2.565000000000000000e+02 5.078529411760000016e+02
2.034333333330000073e+02 5.081000000000000227e+02
5.211153846150000390e+02 5.081153846149999822e+02
3.803947368419999862e+02 5.089210526319999985e+02
1.476250000000000000e+02 5.121666666669999586e+02
2.928333333329999846e+02 5.114166666670000154e+02
3.110000000000000000e+02 5.107857142859999726e+02
4.461666666670000154e+02 5.114166666670000154e+02
3.513947368419999862e+02 5.130789473679999446e+02
5.830882352940000146e+02 5.133823529410000219e+02
6.481578947399999890e+01 5.145526315790000353e+02
3.788461538499999648e+01 5.151153846150000390e+02
1.220999999999999943e+02 5.151000000000000227e+02
1.739000000000000057e+02 5.148999999999999773e+02
4.840000000000000000e+02 5.170000000000000000e+02
3.282500000000000000e+02 5.182500000000000000e+02
4.248999999999999773e+02 5.191000000000000227e+02
5.545000000000000000e+02 5.190000000000000000e+02
1.861875000000000000e+02 5.205625000000000000e+02
2.194166666669999870e+02 5.198333333330000414e+02
9.365789473700000656e+01 5.214473684209999647e+02
5.295000000000000000e+02 5.210000000000000000e+02
2.803333333300000163e+01 5.223666666670000041e+02
4.021666666670000154e+02 5.228333333330000414e+02
2.794565217389999816e+02 5.248913043479999487e+02
5.071111111110000138e+02 5.245000000000000000e+02
2.543000000000000114e+02 5.245000000000000000e+02
4.546000000000000227e+02 5.263500000000000227e+02
8.500000000000000000e+00 5.275000000000000000e+02
3.755000000000000000e+02 5.270000000000000000e+02
4.463333333300000305e+01 5.280333333329999732e+02
3.627500000000000000e+02 5.287500000000000000e+02
3.117105263160000277e+02 5.301315789469999800e+02
2.101153846150000106e+02 5.308846153849999610e+02
2.372058823529999927e+02 5.316176470589999781e+02
4.828750000000000000e+02 5.310625000000000000e+02
4.412647058819999870e+02 5.330882352940000146e+02
1.034047619050000009e+02 5.359285714290000442e+02
1.594090909090000139e+02 5.351363636360000555e+02
2.851428571430000147e+02 5.357142857139999705e+02
5.118999999999999773e+02 5.352000000000000455e+02
4.967500000000000000e+02 5.365499999999999545e+02
5.537857142860000295e+02 5.360000000000000000e+02
5.799210526320000554e+02 5.363947368420000430e+02
1.925000000000000000e+01 5.377500000000000000e+02
2.309117647060000138e+02 5.376176470589999781e+02
3.246000000000000227e+02 5.372000000000000455e+02
4.162500000000000000e+02 5.378333333330000414e+02
1.386333333329999959e+02 5.389666666670000268e+02
7.240000000000000568e+01 5.414500000000000455e+02
3.420333333329999732e+02 5.416333333329999959e+02
3.950000000000000000e+02 5.412142857139999705e+02
5.314500000000000455e+02 5.413999999999999773e+02
1.192222222219999992e+02 5.423888888889999862e+02
2.562142857140000274e+02 5.430000000000000000e+02
3.815000000000000000e+02 5.440000000000000000e+02
1.817500000000000000e+02 5.452500000000000000e+02
1.997142857139999990e+02 5.461428571430000147e+02
4.242500000000000000e+02 5.461250000000000000e+02
5.350000000000000000e+01 5.477000000000000455e+02
3.079615384620000214e+02 5.476538461540000071e+02
5.682500000000000000e+02 5.497500000000000000e+02
5.807000000000000455e+02 5.510000000000000000e+02
1.785714285999999928e+00 5.510000000000000000e+02
5.475000000000000000e+02 5.515000000000000000e+02
1.607500000000000000e+02 5.521250000000000000e+02
2.280000000000000000e+02 5.522142857139999705e+02
9.890000000000000568e+01 5.528999999999999773e+02
4.707777777779999724e+02 5.536111111110000138e+02
5.262692307690000462e+02 5.536538461540000071e+02
3.244736842100000018e+01 5.544473684209999647e+02
2.505000000000000000e+02 5.545000000000000000e+02
3.688750000000000000e+02 5.572500000000000000e+02
4.450833333329999846e+02 5.567500000000000000e+02
4.854565217389999816e+02 5.587608695650000072e+02
3.271250000000000000e+02 5.597500000000000000e+02
1.786999999999999886e+02 5.606333333329999959e+02
2.795000000000000000e+02 5.600000000000000000e+02
5.091000000000000227e+02 5.601000000000000227e+02
7.742307692299999644e+01 5.608846153849999610e+02
2.976538461540000071e+02 5.609615384620000214e+02
3.520000000000000000e+02 5.610000000000000000e+02
1.078636363640000013e+02 5.615909090909999577e+02
