8.642857143000000519e+00 1.428571429000000004e+00
8.650000000000000000e+01 5.000000000000000000e-01
1.030000000000000000e+02 5.000000000000000000e-01
2.270000000000000000e+02 8.333333330000000094e-01
2.490000000000000000e+02 1.785714285999999928e+00
2.943000000000000114e+02 1.100000000000000089e+00
3.330000000000000000e+02 5.000000000000000000e-01
4.290000000000000000e+02 1.000000000000000000e+00
4.710000000000000000e+02 1.000000000000000000e+00
5.460000000000000000e+02 5.000000000000000000e-01
3.154473684210000215e+02 4.342105262999999660e+00
4.035000000000000000e+02 4.852941175999999857e+00
2.686842105299999872e+01 5.763157894999999975e+00
1.510882352939999862e+02 5.617647059000000276e+00
1.970000000000000000e+02 5.000000000000000000e+00
5.878684210530000200e+02 5.289473683999999842e+00
2.826578947369999923e+02 6.342105262999999660e+00
3.306578947369999923e+02 6.657894737000000340e+00
5.013181818180000278e+02 6.772727273000000103e+00
5.244333333329999505e+02 6.433333333000000209e+00
3.745555555560000016e+02 7.722222222000000080e+00
5.555833333330000414e+02 7.083333332999999676e+00
4.925000000000000000e+01 7.937500000000000000e+00
2.625500000000000114e+02 8.400000000000000355e+00
4.920000000000000000e+02 8.000000000000000000e+00
7.575000000000000000e+01 8.833333333000000565e+00
3.489117647059999854e+02 9.382352941000000612e+00
1.054500000000000028e+02 1.059999999999999964e+01
1.390333333330000016e+02 1.063333333299999950e+01
3.960000000000000000e+02 1.150000000000000000e+01
4.233823529410000219e+02 1.291176470599999959e+01
2.115000000000000000e+02 1.400000000000000000e+01
5.466333333329999959e+02 1.550000000000000000e+01
9.508823529400000041e+01 1.661764705899999939e+01
1.815000000000000000e+02 1.566666666699999944e+01
4.430000000000000000e+02 1.769999999999999929e+01
3.515454545449999841e+02 1.918181818200000066e+01
3.072272727270000132e+02 1.945454545500000165e+01
1.616764705880000008e+02 2.067647058800000082e+01
4.555000000000000000e+02 1.950000000000000000e+01
3.232894736839999723e+02 2.286842105299999872e+01
4.752500000000000000e+02 2.193750000000000000e+01
5.178999999999999773e+02 2.189999999999999858e+01
5.600000000000000000e+01 2.321428571399999896e+01
2.335588235289999943e+02 2.332352941199999918e+01
3.802058823529999927e+02 2.338235294100000061e+01
5.655000000000000000e+02 2.500000000000000000e+01
1.275000000000000000e+02 2.728947368400000073e+01
5.815000000000000000e+02 2.750000000000000000e+01
7.359090909100000033e+01 2.827272727300000099e+01
4.168846153850000178e+02 2.888461538500000003e+01
1.881578947399999890e+01 3.055263157899999982e+01
1.021153846149999964e+02 2.988461538500000003e+01
1.830000000000000000e+02 3.050000000000000000e+01
3.058846153850000178e+02 3.011538461499999997e+01
4.933461538459999929e+02 2.957692307700000001e+01
2.735000000000000000e+02 3.100000000000000000e+01
4.513095238099999733e+02 3.235714285699999948e+01
3.859090909100000033e+01 3.313636363599999868e+01
2.050000000000000000e+02 3.321428571399999896e+01
3.920454545449999841e+02 3.413636363599999868e+01
5.025000000000000000e+02 3.416666666700000121e+01
5.337000000000000455e+02 3.429999999999999716e+01
7.342105262999999660e+00 3.565789473699999945e+01
2.501363636359999987e+02 3.459090909100000033e+01
2.868333333329999846e+02 3.475000000000000000e+01
4.275000000000000000e+02 3.500000000000000000e+01
5.617000000000000455e+02 3.636666666699999695e+01
6.703846153800000707e+01 3.734615384599999999e+01
1.401470588239999984e+02 3.750000000000000000e+01
3.635000000000000000e+02 3.700000000000000000e+01
3.862142857140000274e+02 3.800000000000000000e+01
2.190000000000000000e+02 4.000000000000000000e+01
1.638125000000000000e+02 4.137500000000000000e+01
2.415833333330000130e+02 4.116666666700000121e+01
3.001666666670000154e+02 4.223333333299999737e+01
3.380000000000000000e+02 4.178571428600000104e+01
5.258999999999999773e+02 4.210000000000000142e+01
8.550000000000000000e+01 4.350000000000000000e+01
1.136666666670000012e+02 4.338888888900000040e+01
2.697352941180000130e+02 4.326470588200000122e+01
5.772142857139999705e+02 4.300000000000000000e+01
3.800000000000000000e+01 4.650000000000000000e+01
4.057500000000000000e+02 4.606250000000000000e+01
4.791250000000000000e+02 4.675000000000000000e+01
2.189999999999999858e+01 4.756666666699999979e+01
3.695000000000000000e+02 4.700000000000000000e+01
1.166666667000000102e+00 5.000000000000000000e+01
5.372142857139999705e+02 4.950000000000000000e+01
1.995000000000000000e+02 5.085294117600000163e+01
3.565000000000000000e+02 5.085294117600000163e+01
3.130384615379999786e+02 5.065384615400000001e+01
3.920384615379999786e+02 5.134615384599999999e+01
4.930000000000000000e+02 5.078571428600000104e+01
1.857173913039999888e+02 5.263043478299999833e+01
3.350000000000000000e+02 5.400000000000000000e+01
1.425000000000000000e+02 5.671052631599999927e+01
2.893888888889999862e+02 5.622222222199999919e+01
4.382500000000000000e+02 5.608333333299999879e+01
4.593333333329999846e+02 5.661111111099999960e+01
4.130000000000000000e+02 5.772222222199999919e+01
2.314000000000000057e+02 5.854999999999999716e+01
5.191153846150000390e+02 5.811538461500000352e+01
2.608999999999999773e+02 6.010000000000000142e+01
1.063181818179999993e+02 6.131818181799999934e+01
1.641153846150000106e+02 6.126923076900000353e+01
6.627777777800000081e+01 6.200000000000000000e+01
1.200000000000000000e+02 6.200000000000000000e+01
5.332058823529999927e+02 6.238235294100000061e+01
5.707105263160000277e+02 6.250000000000000000e+01
9.178571428600000104e+01 6.400000000000000000e+01
3.813888888889999862e+02 6.422222222199999919e+01
4.783000000000000114e+02 6.400000000000000000e+01
5.811153846150000390e+02 6.411538461499999642e+01
2.366578947369999923e+02 6.565789473700000656e+01
5.546428571430000147e+02 6.650000000000000000e+01
3.401153846149999822e+02 6.711538461499999642e+01
4.270000000000000000e+02 6.750000000000000000e+01
2.205625000000000000e+02 6.875000000000000000e+01
4.967857142859999726e+02 6.900000000000000000e+01
3.129615384620000214e+02 7.034615384600000709e+01
3.951000000000000227e+02 7.143333333299999310e+01
2.700000000000000000e+01 7.221428571399999896e+01
2.026176470590000065e+02 7.208823529400000041e+01
4.543750000000000000e+02 7.237500000000000000e+01
4.300000000000000000e+01 7.400000000000000000e+01
1.133750000000000000e+02 7.337500000000000000e+01
3.532894736839999723e+02 7.450000000000000000e+01
1.448846153849999894e+02 7.488461538500000358e+01
1.000000000000000000e+01 7.621428571399999896e+01
2.740000000000000000e+02 7.578571428600000104e+01
3.025000000000000000e+02 7.629999999999999716e+01
4.627857142859999726e+02 7.600000000000000000e+01
5.701000000000000227e+02 7.609999999999999432e+01
2.865000000000000000e+02 7.850000000000000000e+01
5.107857142859999726e+02 7.800000000000000000e+01
5.827777777800000081e+01 7.944444444399999838e+01
7.616666666700000121e+01 7.963333333299999595e+01
1.733095238100000017e+02 7.964285714300000052e+01
2.281153846150000106e+02 7.988461538500000358e+01
3.274411764710000057e+02 8.032352941199999918e+01
1.286538461540000071e+02 8.103846153800000707e+01
4.176250000000000000e+02 8.381250000000000000e+01
3.450000000000000000e+01 8.550000000000000000e+01
4.802333333330000187e+02 8.556666666700000690e+01
5.341000000000000227e+02 8.490000000000000568e+01
5.481000000000000227e+02 8.509999999999999432e+01
1.591666666669999870e+02 8.576666666699999553e+01
3.909117647059999854e+02 8.661764705900000649e+01
9.038235294099999351e+01 8.691176470599999959e+01
2.520789473680000015e+02 8.760526315799999963e+01
3.612200000000000273e+02 8.790000000000000568e+01
3.109285714289999873e+02 8.850000000000000000e+01
2.410000000000000000e+02 8.800000000000000000e+01
5.020000000000000000e+02 9.078571428600000104e+01
7.970000000000000284e+01 9.259999999999999432e+01
1.138125000000000000e+02 9.362500000000000000e+01
2.150000000000000000e+02 9.372222222199999919e+01
5.872222222220000276e+02 9.338888888900000040e+01
5.735000000000000000e+02 9.500000000000000000e+01
4.503181818180000278e+02 9.468181818200000066e+01
1.944333333330000073e+02 9.756666666700000690e+01
5.321153846150000390e+02 9.711538461499999642e+01
3.850000000000000000e+01 9.850000000000000000e+01
6.070000000000000284e+01 9.750000000000000000e+01
1.262500000000000000e+02 9.916666666700000121e+01
1.725714285710000127e+02 9.885714285699999948e+01
4.295500000000000114e+02 9.959999999999999432e+01
2.922142857140000274e+02 1.008809523810000002e+02
3.268999999999999773e+02 1.009000000000000057e+02
4.680000000000000000e+02 1.010000000000000000e+02
2.337941176470000073e+02 1.027352941179999988e+02
2.720333333329999732e+02 1.036333333329999959e+02
1.508846153849999894e+02 1.041153846149999964e+02
3.632647058819999870e+02 1.042647058820000012e+02
4.077857142859999726e+02 1.040000000000000000e+02
4.916176470589999781e+02 1.039117647059999996e+02
3.522894736839999723e+02 1.055000000000000000e+02
9.722222221999999192e+00 1.070000000000000000e+02
8.921428571399999896e+01 1.080000000000000000e+02
2.482142857139999990e+02 1.080000000000000000e+02
4.591153846149999822e+02 1.078846153850000036e+02
7.070833333299999879e+01 1.102500000000000000e+02
5.447727272729999868e+02 1.106818181820000007e+02
3.075000000000000000e+01 1.111250000000000000e+02
3.142142857140000274e+02 1.110000000000000000e+02
1.080000000000000000e+02 1.120000000000000000e+02
3.880384615379999786e+02 1.123461538460000071e+02
4.726111111110000138e+02 1.122222222219999992e+02
2.108846153849999894e+02 1.141153846149999964e+02
1.653461538459999929e+02 1.149615384619999929e+02
2.621499999999999773e+02 1.157999999999999972e+02
5.193888888889999862e+02 1.152222222219999992e+02
1.921363636359999987e+02 1.154090909089999997e+02
2.230999999999999943e+02 1.160999999999999943e+02
2.460000000000000000e+02 1.160000000000000000e+02
4.259666666670000268e+02 1.163666666670000041e+02
1.268846153850000036e+02 1.168846153850000036e+02
5.620384615379999786e+02 1.173461538460000071e+02
3.359666666670000268e+02 1.186333333329999959e+02
4.076176470589999781e+02 1.180882352940000004e+02
1.470294117649999919e+02 1.208529411760000016e+02
4.987222222220000276e+02 1.200000000000000000e+02
4.495000000000000000e+02 1.217857142860000010e+02
5.391428571430000147e+02 1.227142857139999990e+02
5.843461538459999929e+02 1.229615384619999929e+02
9.000000000000000000e+00 1.240000000000000000e+02
1.645999999999999943e+02 1.242000000000000028e+02
2.912222222220000276e+02 1.243888888890000004e+02
3.214285714289999873e+02 1.249285714290000016e+02
5.527500000000000000e+02 1.248333333329999988e+02
4.711538461500000352e+01 1.261153846149999964e+02
1.733701030930000115e+02 1.478402061859999890e+02
4.303666666670000041e+02 1.300333333330000016e+02
3.586578947369999923e+02 1.314473684209999931e+02
9.350000000000000000e+01 1.315000000000000000e+02
3.908999999999999773e+02 1.324333333330000073e+02
4.708333333329999846e+02 1.327500000000000000e+02
5.252368421050000507e+02 1.338684210529999916e+02
2.744090909089999855e+02 1.361363636359999987e+02
5.715000000000000000e+02 1.355000000000000000e+02
6.788461538500000358e+01 1.368846153849999894e+02
2.117105263159999993e+02 1.371315789470000084e+02
3.730000000000000000e+02 1.367857142860000010e+02
4.428125000000000000e+02 1.376250000000000000e+02
1.137500000000000000e+02 1.387500000000000000e+02
2.283333333299999879e+01 1.387500000000000000e+02
4.100000000000000000e+01 1.387857142860000010e+02
5.039666666670000268e+02 1.393666666670000041e+02
2.386333333329999959e+02 1.399666666669999984e+02
1.290000000000000000e+02 1.407857142860000010e+02
2.981000000000000227e+02 1.410999999999999943e+02
2.528333333330000130e+02 1.427666666670000097e+02
3.355000000000000000e+02 1.431666666669999870e+02
4.816176470589999781e+02 1.429117647060000138e+02
9.382352941000000612e+00 1.450882352939999862e+02
1.457666666670000097e+02 1.458333333330000130e+02
3.111000000000000227e+02 1.449000000000000057e+02
3.588529411760000016e+02 1.450294117649999919e+02
5.804090909090000423e+02 1.451363636359999987e+02
4.497058823500000102e+01 1.471470588239999984e+02
4.150000000000000000e+02 1.470000000000000000e+02
4.305000000000000000e+02 1.466999999999999886e+02
5.438999999999999773e+02 1.469000000000000057e+02
2.108333333330000130e+02 1.477500000000000000e+02
2.008846153849999894e+02 1.501153846150000106e+02
3.410789473680000015e+02 1.526052631580000138e+02
4.530000000000000000e+02 1.525000000000000000e+02
2.437500000000000000e+02 1.541999999999999886e+02
1.258750000000000000e+02 1.545000000000000000e+02
4.961086956519999944e+02 1.547173913039999888e+02
5.587000000000000455e+02 1.543666666670000041e+02
1.427857142860000010e+02 1.550000000000000000e+02
8.759999999999999432e+01 1.565500000000000114e+02
2.581999999999999886e+02 1.564000000000000057e+02
5.212142857139999705e+02 1.558571428570000137e+02
3.959705882349999797e+02 1.571470588239999984e+02
1.077000000000000028e+02 1.600000000000000000e+02
1.874130434779999916e+02 1.602826086960000112e+02
2.846250000000000000e+02 1.591875000000000000e+02
6.650000000000000000e+01 1.605000000000000000e+02
2.267105263159999993e+02 1.608684210529999916e+02
3.728846153850000178e+02 1.611153846150000106e+02
4.455000000000000000e+02 1.609285714289999873e+02
4.760000000000000000e+02 1.612272727270000132e+02
5.685000000000000000e+02 1.616363636359999987e+02
4.147058824000000143e+00 1.619705882350000081e+02
5.448571428569999853e+02 1.632857142860000010e+02
2.123000000000000114e+02 1.635000000000000000e+02
4.066999999999999886e+02 1.635000000000000000e+02
5.172222222220000276e+02 1.653888888889999862e+02
2.777777777800000081e+01 1.666111111110000138e+02
2.713888888889999862e+02 1.658333333330000130e+02
3.111190476190000140e+02 1.665000000000000000e+02
3.508636363640000013e+02 1.654090909090000139e+02
3.271363636359999987e+02 1.665909090909999861e+02
1.267647058800000082e+01 1.683235294119999992e+02
4.775000000000000000e+01 1.685000000000000000e+02
2.845000000000000000e+02 1.690000000000000000e+02
7.381818181799999934e+01 1.726363636359999987e+02
1.222500000000000000e+02 1.721666666669999870e+02
2.413421052630000077e+02 1.723421052630000077e+02
5.397105263160000277e+02 1.741315789470000084e+02
4.335000000000000000e+02 1.751470588239999984e+02
4.560000000000000000e+02 1.755000000000000000e+02
5.600000000000000000e+02 1.747857142860000010e+02
5.039705882349999797e+02 1.768529411760000016e+02
3.370000000000000000e+02 1.770000000000000000e+02
5.868750000000000000e+02 1.772500000000000000e+02
1.778125000000000000e+02 1.783750000000000000e+02
3.710882352940000146e+02 1.783823529409999935e+02
1.003888888890000004e+02 1.792222222219999992e+02
1.978684210529999916e+02 1.795000000000000000e+02
2.236578947369999923e+02 1.796578947369999923e+02
2.880000000000000000e+02 1.795000000000000000e+02
3.541666666670000154e+02 1.798333333330000130e+02
4.489210526319999985e+02 1.796052631580000138e+02
4.807222222220000276e+02 1.790000000000000000e+02
1.525909090909999861e+02 1.805909090909999861e+02
8.723333333300000447e+01 1.811666666669999870e+02
4.033333332999999854e+00 1.843666666670000041e+02
2.173076923100000002e+01 1.841153846150000106e+02
3.925500000000000114e+02 1.845999999999999943e+02
4.156999999999999886e+02 1.845000000000000000e+02
4.935714285699999948e+01 1.868333333330000130e+02
3.010882352940000146e+02 1.863823529409999935e+02
1.090882352940000004e+02 1.873823529409999935e+02
4.638636363640000013e+02 1.869545454549999874e+02
3.170000000000000000e+02 1.880000000000000000e+02
2.551111111110000138e+02 1.895000000000000000e+02
5.766176470589999781e+02 1.890882352939999862e+02
1.395454545499999988e+01 1.931363636359999987e+02
1.821363636359999987e+02 1.925909090909999861e+02
5.229117647059999854e+02 1.933823529409999935e+02
4.811499999999999773e+02 1.941500000000000057e+02
3.020833333299999879e+01 1.955000000000000000e+02
4.300000000000000000e+02 1.952142857139999990e+02
2.115000000000000000e+02 1.965000000000000000e+02
4.685000000000000000e+02 1.965000000000000000e+02
2.741363636359999987e+02 1.965909090909999861e+02
2.850000000000000000e+02 1.975000000000000000e+02
3.576333333329999959e+02 1.979666666669999984e+02
5.497000000000000455e+02 1.990000000000000000e+02
8.085294117600000163e+01 1.995000000000000000e+02
1.728846153849999894e+02 1.988846153849999894e+02
3.721000000000000227e+02 1.989000000000000057e+02
1.318846153849999894e+02 1.998846153849999894e+02
3.285000000000000000e+02 2.015000000000000000e+02
2.225000000000000000e+02 2.015000000000000000e+02
3.277777777999999920e+00 2.030000000000000000e+02
1.085000000000000000e+02 2.038529411760000016e+02
1.456250000000000000e+02 2.031875000000000000e+02
2.450000000000000000e+02 2.032142857139999990e+02
4.004166666670000154e+02 2.028333333330000130e+02
4.501666666670000154e+02 2.032500000000000000e+02
5.038750000000000000e+02 2.042500000000000000e+02
5.325000000000000000e+02 2.051470588239999984e+02
4.688461538499999648e+01 2.081153846150000106e+02
6.138888888900000040e+01 2.092222222219999992e+02
8.200000000000000000e+01 2.105000000000000000e+02
5.692142857139999705e+02 2.100000000000000000e+02
1.339705882350000081e+02 2.118529411760000016e+02
2.642222222220000276e+02 2.113888888889999862e+02
2.775000000000000000e+02 2.116739130429999989e+02
3.023421052630000077e+02 2.113421052630000077e+02
3.218846153850000178e+02 2.128846153849999894e+02
1.543461538459999929e+02 2.139615384619999929e+02
3.877500000000000000e+02 2.137500000000000000e+02
4.307500000000000000e+02 2.138333333330000130e+02
5.202857142860000295e+02 2.138571428570000137e+02
2.500000000000000000e+01 2.160000000000000000e+02
1.139000000000000057e+02 2.160999999999999943e+02
1.896176470590000065e+02 2.160882352939999862e+02
2.309666666669999984e+02 2.163666666670000041e+02
4.132500000000000000e+02 2.161250000000000000e+02
3.473999999999999773e+02 2.174499999999999886e+02
8.333333330000000094e-01 2.180000000000000000e+02
9.431250000000000000e+01 2.186875000000000000e+02
2.135909090909999861e+02 2.181363636359999987e+02
5.550384615379999786e+02 2.176538461540000071e+02
4.743823529410000219e+02 2.193823529409999935e+02
5.060000000000000000e+02 2.200000000000000000e+02
7.331818181799999934e+01 2.223181818179999993e+02
2.851960784309999895e+02 2.264117647060000138e+02
3.692500000000000000e+02 2.218750000000000000e+02
4.575909090910000145e+02 2.221363636359999987e+02
5.861875000000000000e+02 2.246875000000000000e+02
5.650000000000000000e+01 2.255000000000000000e+02
1.783823529409999935e+02 2.259117647060000138e+02
2.466578947369999923e+02 2.268157894740000131e+02
4.066818181819999722e+02 2.256818181820000007e+02
2.381250000000000000e+01 2.283750000000000000e+02
5.186818181820000291e+02 2.276818181820000007e+02
4.490384615379999786e+02 2.303461538459999929e+02
5.380000000000000000e+02 2.305000000000000000e+02
1.317352941180000130e+02 2.317352941180000130e+02
1.648571428570000137e+02 2.317857142860000010e+02
3.084333333330000073e+02 2.319000000000000057e+02
3.835909090910000145e+02 2.324090909090000139e+02
2.644444444439999984e+02 2.332222222219999992e+02
3.598333333329999846e+02 2.325833333330000130e+02
1.442222222219999992e+02 2.343888888889999862e+02
4.633823529410000219e+02 2.349117647060000138e+02
4.350000000000000000e+01 2.365000000000000000e+02
2.200000000000000000e+02 2.365000000000000000e+02
4.896578947369999923e+02 2.366578947369999923e+02
9.965384615399999291e+01 2.369615384619999929e+02
3.290000000000000000e+02 2.377500000000000000e+02
4.208750000000000000e+02 2.373750000000000000e+02
1.955500000000000114e+02 2.385999999999999943e+02
5.717500000000000000e+02 2.382500000000000000e+02
8.763157895000000863e+00 2.412894736840000007e+02
8.134210526299999344e+01 2.413421052630000077e+02
6.600000000000000000e+01 2.432142857139999990e+02
3.823181818180000278e+02 2.443181818179999993e+02
4.036904761900000267e+02 2.444523809519999986e+02
5.118846153850000178e+02 2.441153846150000106e+02
5.287142857139999705e+02 2.438571428570000137e+02
2.877222222220000276e+02 2.450000000000000000e+02
3.496818181819999722e+02 2.466818181820000007e+02
5.536176470589999781e+02 2.469117647060000138e+02
1.758636363640000013e+02 2.480454545450000126e+02
4.861153846149999822e+02 2.481153846150000106e+02
3.643181818180000278e+02 2.486818181820000007e+02
4.370000000000000000e+02 2.487857142860000010e+02
2.155000000000000071e+01 2.514000000000000057e+02
5.897857142860000295e+02 2.515000000000000000e+02
9.138235294099999351e+01 2.529117647060000138e+02
1.540000000000000000e+02 2.535000000000000000e+02
2.123666666670000041e+02 2.529666666669999984e+02
2.668529411760000016e+02 2.529705882350000081e+02
1.150000000000000000e+02 2.537857142860000010e+02
4.734166666670000154e+02 2.541666666669999870e+02
5.025000000000000000e+02 2.548684210529999916e+02
1.377857142860000010e+02 2.550000000000000000e+02
2.394499999999999886e+02 2.552500000000000000e+02
3.250000000000000000e+02 2.552142857139999990e+02
4.493095238099999733e+02 2.563571428569999853e+02
4.436666666699999695e+01 2.569666666670000268e+02
3.902777777779999724e+02 2.580000000000000000e+02
1.935909090909999861e+02 2.595909090910000145e+02
2.837857142859999726e+02 2.600000000000000000e+02
5.730000000000000000e+02 2.597857142859999726e+02
3.029666666670000268e+02 2.616333333329999959e+02
4.306111111110000138e+02 2.612222222220000276e+02
4.137352941180000130e+02 2.627352941180000130e+02
5.497272727270000132e+02 2.629090909089999855e+02
2.294499999999999886e+02 2.633999999999999773e+02
1.460000000000000000e+02 2.642142857140000274e+02
1.114705882400000014e+01 2.655000000000000000e+02
2.585000000000000000e+02 2.651190476190000140e+02
1.690882352939999862e+02 2.663823529410000219e+02
5.220000000000000000e+02 2.660000000000000000e+02
3.225000000000000000e+02 2.675000000000000000e+02
3.501250000000000000e+02 2.672500000000000000e+02
5.820000000000000000e+02 2.685000000000000000e+02
5.838888888900000040e+01 2.690555555560000016e+02
1.064500000000000028e+02 2.713999999999999773e+02
5.046904761900000267e+02 2.716428571430000147e+02
5.605833333330000414e+02 2.710833333329999846e+02
1.192000000000000028e+02 2.718000000000000114e+02
2.045000000000000000e+02 2.740000000000000000e+02
2.380000000000000000e+02 2.740000000000000000e+02
2.706111111110000138e+02 2.747777777779999724e+02
3.800454545449999841e+02 2.738636363640000013e+02
4.720000000000000000e+02 2.745000000000000000e+02
3.538235294100000061e+01 2.749117647059999854e+02
4.486176470589999781e+02 2.754411764710000057e+02
4.945000000000000000e+02 2.751250000000000000e+02
5.000000000000000000e-01 2.750000000000000000e+02
8.203333333300000163e+01 2.766333333329999959e+02
1.900789473680000015e+02 2.766052631580000138e+02
3.361153846149999822e+02 2.758846153850000178e+02
4.611666666670000154e+02 2.762500000000000000e+02
5.387000000000000455e+02 2.770000000000000000e+02
1.299000000000000057e+02 2.791000000000000227e+02
3.979615384620000214e+02 2.786538461540000071e+02
3.010000000000000000e+02 2.803000000000000114e+02
5.757500000000000000e+02 2.817500000000000000e+02
1.576999999999999886e+02 2.823999999999999773e+02
4.081153846149999822e+02 2.835769230770000036e+02
5.510000000000000000e+02 2.832142857140000274e+02
1.695000000000000000e+02 2.843000000000000114e+02
6.540909090899999967e+01 2.848636363640000013e+02
2.888846153850000178e+02 2.851153846149999822e+02
3.141153846149999822e+02 2.848846153850000178e+02
4.388461538499999648e+01 2.858846153850000178e+02
2.301153846150000106e+02 2.858846153850000178e+02
2.592826086960000112e+02 2.878913043480000056e+02
4.918043478260000256e+02 2.882391304349999928e+02
1.134210526300000055e+01 2.883421052630000077e+02
3.650000000000000000e+02 2.876999999999999886e+02
3.858333333329999846e+02 2.885000000000000000e+02
1.876764705880000008e+02 2.903235294120000276e+02
3.487777777779999724e+02 2.906111111110000138e+02
4.775500000000000114e+02 2.906000000000000227e+02
1.145000000000000000e+02 2.910000000000000000e+02
2.047142857139999990e+02 2.911428571430000147e+02
4.421470588239999984e+02 2.909705882349999797e+02
2.400000000000000000e+01 2.932777777779999724e+02
2.755000000000000000e+02 2.922142857140000274e+02
9.576666666699999553e+01 2.941666666670000154e+02
4.234444444439999984e+02 2.955000000000000000e+02
3.006578947369999923e+02 2.965526315789999785e+02
6.600000000000000000e+01 2.967857142859999726e+02
1.240000000000000000e+02 2.975000000000000000e+02
1.526111111110000138e+02 2.984444444439999984e+02
4.596000000000000227e+02 2.995500000000000114e+02
5.276176470589999781e+02 3.003823529410000219e+02
5.891153846150000390e+02 2.998846153850000178e+02
1.690000000000000000e+02 3.012142857140000274e+02
2.350000000000000000e+02 3.010000000000000000e+02
5.556111111110000138e+02 3.012222222220000276e+02
9.790000000000000568e+01 3.051000000000000227e+02
2.790000000000000000e+02 3.047857142859999726e+02
3.326999999999999886e+02 3.053000000000000114e+02
3.633421052630000077e+02 3.056578947369999923e+02
2.630882352940000146e+02 3.066176470589999781e+02
4.082647058819999870e+02 3.067352941180000130e+02
5.110000000000000000e+02 3.070000000000000000e+02
7.929999999999999716e+01 3.080000000000000000e+02
2.180000000000000000e+02 3.085000000000000000e+02
3.798846153850000178e+02 3.078846153850000178e+02
4.460000000000000000e+02 3.082142857140000274e+02
3.925000000000000000e+01 3.094375000000000000e+02
1.821999999999999886e+02 3.111999999999999886e+02
1.969705882350000081e+02 3.118529411760000016e+02
3.438846153850000178e+02 3.121153846149999822e+02
5.808846153849999610e+02 3.118846153850000178e+02
1.486578947369999923e+02 3.136578947369999923e+02
3.213823529410000219e+02 3.140882352940000146e+02
4.820238095240000007e+02 3.148809523809999860e+02
2.091176470599999959e+01 3.156176470589999781e+02
2.933421052630000077e+02 3.173421052630000077e+02
4.688846153850000178e+02 3.178846153850000178e+02
6.825000000000000000e+01 3.188333333329999846e+02
5.033823529410000219e+02 3.190882352940000146e+02
3.565000000000000000e+02 3.205000000000000000e+02
5.374444444440000552e+02 3.207222222220000276e+02
5.491470588240000552e+02 3.200294117650000203e+02
1.684499999999999886e+02 3.216000000000000227e+02
3.330000000000000000e+02 3.210000000000000000e+02
2.402142857139999990e+02 3.220000000000000000e+02
2.223000000000000114e+02 3.225000000000000000e+02
9.559090909100000033e+01 3.245909090910000145e+02
1.195000000000000000e+02 3.245000000000000000e+02
3.114166666670000154e+02 3.241666666670000154e+02
8.852941175999999857e+00 3.255000000000000000e+02
2.651000000000000227e+02 3.248999999999999773e+02
4.152857142859999726e+02 3.248571428569999853e+02
5.760000000000000000e+02 3.255000000000000000e+02
5.503846153799999996e+01 3.263461538459999929e+02
3.975454545449999841e+02 3.281818181819999722e+02
2.503333333330000130e+02 3.286111111110000138e+02
3.755000000000000000e+02 3.281470588239999984e+02
4.341153846149999822e+02 3.278846153850000178e+02
1.317500000000000000e+02 3.288750000000000000e+02
1.783421052630000077e+02 3.293421052630000077e+02
2.940909090899999967e+01 3.304090909089999855e+02
5.172222222220000276e+02 3.306111111110000138e+02
4.475000000000000000e+02 3.311470588239999984e+02
4.690000000000000000e+02 3.315000000000000000e+02
1.979444444439999984e+02 3.333888888889999862e+02
4.885833333329999846e+02 3.331666666670000154e+02
3.507173913039999888e+02 3.344130434780000201e+02
5.559615384620000214e+02 3.346538461540000071e+02
1.148750000000000000e+02 3.377500000000000000e+02
1.532500000000000000e+02 3.387500000000000000e+02
5.071153846149999822e+02 3.381153846149999822e+02
7.163333333299999595e+01 3.389666666670000268e+02
2.361153846150000106e+02 3.392692307689999893e+02
5.399666666670000268e+02 3.396333333329999959e+02
3.305000000000000000e+02 3.405000000000000000e+02
3.971666666670000154e+02 3.402333333330000187e+02
2.812222222220000276e+02 3.416111111110000138e+02
4.180000000000000000e+02 3.415000000000000000e+02
4.290882352940000146e+02 3.413823529410000219e+02
5.850000000000000000e+01 3.420000000000000000e+02
3.070000000000000000e+02 3.420000000000000000e+02
1.708333333330000130e+02 3.435000000000000000e+02
2.180000000000000000e+02 3.437857142859999726e+02
2.582894736839999723e+02 3.455000000000000000e+02
4.071052631599999927e+01 3.465000000000000000e+02
3.705000000000000000e+02 3.460000000000000000e+02
1.936176470590000065e+02 3.479117647059999854e+02
4.691666666670000154e+02 3.487500000000000000e+02
5.726499999999999773e+02 3.496499999999999773e+02
8.938235294099999351e+01 3.499117647059999854e+02
1.540000000000000000e+02 3.520000000000000000e+02
4.865000000000000000e+02 3.521250000000000000e+02
5.241000000000000227e+02 3.521000000000000227e+02
5.881000000000000227e+02 3.531000000000000227e+02
3.623181818180000278e+02 3.536818181819999722e+02
4.121000000000000227e+02 3.541000000000000227e+02
3.143333333300000021e+01 3.551000000000000227e+02
2.285999999999999943e+02 3.565500000000000114e+02
3.392500000000000000e+02 3.559375000000000000e+02
4.522777777779999724e+02 3.561111111110000138e+02
8.552631578999999817e+00 3.575526315789999785e+02
6.400000000000000000e+01 3.577857142859999726e+02
1.335869565220000084e+02 3.592826086960000112e+02
2.140000000000000000e+02 3.580000000000000000e+02
5.110454545449999841e+02 3.591363636359999987e+02
5.361666666669999586e+02 3.592500000000000000e+02
5.573181818179999709e+02 3.603181818180000278e+02
3.651818181819999722e+02 3.613636363640000013e+02
4.961363636359999987e+02 3.609545454550000159e+02
3.031842105260000153e+02 3.626578947369999923e+02
4.296999999999999886e+02 3.613999999999999773e+02
1.013333333329999988e+02 3.637777777779999724e+02
1.675000000000000000e+02 3.638076923080000142e+02
1.930000000000000000e+02 3.626999999999999886e+02
5.730294117649999635e+02 3.638529411760000016e+02
2.615000000000000000e+02 3.645000000000000000e+02
8.850000000000000000e+01 3.660000000000000000e+02
3.983823529410000219e+02 3.662058823529999927e+02
1.144090909089999997e+02 3.675909090910000145e+02
3.160384615379999786e+02 3.671923076919999858e+02
5.000000000000000000e+01 3.677857142859999726e+02
2.825909090910000145e+02 3.681363636359999987e+02
3.455500000000000114e+02 3.696000000000000227e+02
4.621000000000000227e+02 3.694333333330000073e+02
4.801666666670000154e+02 3.722333333330000187e+02
2.419117647060000138e+02 3.736176470589999781e+02
5.005000000000000000e+02 3.740000000000000000e+02
5.700000000000000000e+01 3.750000000000000000e+02
1.835714285699999948e+01 3.763095238099999733e+02
4.218999999999999773e+02 3.765666666669999927e+02
4.497222222220000276e+02 3.760000000000000000e+02
5.572222222220000276e+02 3.766111111110000138e+02
5.328529411759999448e+02 3.775000000000000000e+02
1.383666666670000041e+02 3.781666666670000154e+02
2.713823529410000219e+02 3.800882352940000146e+02
5.905000000000000000e+02 3.795000000000000000e+02
3.655000000000000000e+02 3.810000000000000000e+02
1.046428571430000005e+02 3.825714285710000127e+02
1.540333333330000016e+02 3.826333333329999959e+02
2.275000000000000000e+02 3.830000000000000000e+02
2.872619047619999719e+02 3.842142857140000274e+02
3.814444444439999984e+02 3.832777777779999724e+02
4.402941176499999898e+01 3.848529411760000016e+02
2.109000000000000057e+02 3.838999999999999773e+02
4.864090909089999855e+02 3.854090909089999855e+02
3.070000000000000000e+02 3.860000000000000000e+02
1.687666666670000097e+02 3.881666666670000154e+02
1.859444444439999984e+02 3.886666666670000154e+02
7.777777777800000081e+01 3.896666666670000154e+02
3.309736842109999770e+02 3.895000000000000000e+02
4.664333333330000073e+02 3.918999999999999773e+02
5.041363636359999987e+02 3.919545454550000159e+02
5.185769230769999467e+02 3.921923076919999858e+02
5.376333333329999959e+02 3.920333333329999732e+02
3.990294117650000203e+02 3.932647058819999870e+02
4.883421052630000077e+02 3.933421052630000077e+02
5.785499999999999545e+02 3.936000000000000227e+02
8.333333330000000094e-01 3.940000000000000000e+02
1.220000000000000000e+02 3.940000000000000000e+02
2.135909090909999861e+02 3.951363636359999987e+02
6.900000000000000355e+00 3.961000000000000227e+02
1.377857142860000010e+02 3.960000000000000000e+02
1.803000000000000114e+02 3.960000000000000000e+02
2.835769230770000036e+02 3.978076923080000142e+02
4.127105263160000277e+02 3.988684210530000200e+02
4.320000000000000000e+02 3.980000000000000000e+02
3.457500000000000000e+02 3.988750000000000000e+02
6.265789473699999945e+01 4.006578947369999923e+02
1.927500000000000000e+02 4.001666666670000154e+02
4.544473684210000215e+02 4.004473684210000215e+02
1.035000000000000000e+02 4.010000000000000000e+02
1.690000000000000000e+02 4.012777777779999724e+02
2.375000000000000000e+02 4.015000000000000000e+02
2.569999999999999929e+01 4.020000000000000000e+02
3.880000000000000000e+02 4.025000000000000000e+02
3.083421052630000077e+02 4.043421052630000077e+02
8.616666666700000121e+01 4.052500000000000000e+02
5.619761904760000562e+02 4.061190476190000140e+02
4.572222222199999919e+01 4.095555555560000016e+02
4.302142857140000274e+02 4.090000000000000000e+02
4.935000000000000000e+02 4.095000000000000000e+02
3.685500000000000114e+02 4.106000000000000227e+02
4.715500000000000114e+02 4.106000000000000227e+02
1.497500000000000000e+02 4.117500000000000000e+02
3.505952380950000133e+02 4.119285714289999873e+02
5.185000000000000000e+02 4.105000000000000000e+02
5.791000000000000227e+02 4.118999999999999773e+02
1.249545454550000017e+02 4.138636363640000013e+02
3.270000000000000000e+02 4.135000000000000000e+02
2.816333333329999959e+02 4.150333333329999732e+02
4.092142857140000274e+02 4.150000000000000000e+02
5.534210526300000055e+01 4.166578947369999923e+02
2.633333333329999846e+02 4.166111111110000138e+02
2.293181818179999993e+02 4.182272727270000132e+02
3.070000000000000000e+02 4.172142857140000274e+02
5.310000000000000000e+02 4.172142857140000274e+02
7.200000000000000000e+01 4.185000000000000000e+02
9.997058823499999392e+01 4.201470588239999984e+02
2.470000000000000000e+02 4.200000000000000000e+02
4.250000000000000000e+00 4.211250000000000000e+02
2.011153846150000106e+02 4.211153846149999822e+02
3.803333333329999846e+02 4.214444444439999984e+02
5.193421052630000077e+02 4.223421052630000077e+02
1.911363636359999987e+02 4.224090909089999855e+02
5.883571428569999853e+02 4.237857142859999726e+02
5.696818181820000291e+02 4.243181818180000278e+02
1.900000000000000000e+01 4.250000000000000000e+02
1.730000000000000000e+02 4.247857142859999726e+02
3.921666666670000154e+02 4.249444444439999984e+02
5.477631578949999493e+02 4.257631578950000062e+02
1.515000000000000000e+02 4.265000000000000000e+02
3.637500000000000000e+01 4.276250000000000000e+02
1.110789473680000015e+02 4.286052631580000138e+02
4.445666666669999927e+02 4.281000000000000227e+02
9.300000000000000000e+01 4.290000000000000000e+02
3.230000000000000000e+02 4.290000000000000000e+02
4.218529411760000016e+02 4.290294117650000203e+02
1.387173913039999888e+02 4.315869565219999799e+02
2.115000000000000000e+02 4.305000000000000000e+02
6.859999999999999432e+01 4.328000000000000114e+02
2.625000000000000000e+02 4.325000000000000000e+02
4.570000000000000000e+02 4.327222222220000276e+02
5.000000000000000000e-01 4.325000000000000000e+02
5.767500000000000000e+02 4.328333333329999846e+02
3.498571428569999853e+02 4.342857142859999726e+02
2.993750000000000000e+02 4.343750000000000000e+02
4.861000000000000227e+02 4.351000000000000227e+02
3.720454545449999841e+02 4.358636363640000013e+02
4.251000000000000227e+02 4.364333333330000073e+02
4.968636363640000013e+02 4.360454545449999841e+02
2.418529411760000016e+02 4.369705882349999797e+02
5.555000000000000000e+02 4.370000000000000000e+02
2.806250000000000000e+02 4.383750000000000000e+02
5.337352941179999561e+02 4.395588235289999943e+02
1.905000000000000000e+02 4.405000000000000000e+02
3.315000000000000000e+02 4.415000000000000000e+02
5.273529411799999878e+01 4.427352941180000130e+02
2.994499999999999886e+02 4.433999999999999773e+02
3.946250000000000000e+02 4.423750000000000000e+02
4.018333333329999846e+02 4.434166666670000154e+02
2.376666666699999908e+01 4.441666666670000154e+02
4.652777777779999724e+02 4.440555555560000016e+02
8.585294117600000163e+01 4.450294117650000203e+02
3.545000000000000000e+02 4.445000000000000000e+02
1.730000000000000000e+02 4.470000000000000000e+02
2.335000000000000000e+02 4.470000000000000000e+02
1.103095238100000017e+02 4.505476190480000014e+02
2.600000000000000000e+02 4.500000000000000000e+02
4.845000000000000000e+02 4.505000000000000000e+02
5.188333333330000414e+02 4.505833333329999846e+02
5.764523809519999986e+02 4.513095238099999733e+02
1.568333333330000130e+02 4.535000000000000000e+02
3.764230769229999964e+02 4.533461538459999929e+02
5.038333333329999846e+02 4.535000000000000000e+02
1.393947368419999862e+02 4.560789473680000015e+02
1.968529411760000016e+02 4.549705882349999797e+02
4.306538461540000071e+02 4.549615384620000214e+02
4.450000000000000000e+02 4.550000000000000000e+02
2.136363636359999987e+02 4.568181818180000278e+02
4.178571428600000104e+01 4.570000000000000000e+02
2.828846153850000178e+02 4.571153846149999822e+02
3.321363636359999987e+02 4.575909090910000145e+02
4.226176470589999781e+02 4.570882352940000146e+02
1.057666666669999955e+02 4.585666666669999927e+02
5.466333333329999959e+02 4.585000000000000000e+02
1.718333333330000130e+02 4.607500000000000000e+02
2.425769230770000036e+02 4.611923076919999858e+02
3.160454545449999841e+02 4.611363636359999987e+02
2.638571428569999853e+02 4.622857142859999726e+02
3.695000000000000000e+02 4.620000000000000000e+02
4.616499999999999773e+02 4.641999999999999886e+02
5.170000000000000284e+01 4.646000000000000227e+02
6.750000000000000000e+01 4.652894736839999723e+02
1.223684210499999914e+01 4.671315789469999800e+02
2.349166666669999870e+02 4.667500000000000000e+02
5.515000000000000000e+02 4.668333333329999846e+02
5.775000000000000000e+02 4.671666666670000154e+02
3.976499999999999773e+02 4.697500000000000000e+02
8.975000000000000000e+01 4.698333333329999846e+02
1.512692307689999893e+02 4.711153846149999822e+02
3.531363636359999987e+02 4.704090909089999855e+02
4.550000000000000000e+01 4.720000000000000000e+02
4.912500000000000000e+02 4.722500000000000000e+02
2.965000000000000000e+02 4.738529411760000016e+02
3.171000000000000227e+02 4.731000000000000227e+02
4.441250000000000000e+02 4.737500000000000000e+02
5.099615384620000214e+02 4.734230769229999964e+02
5.230882352940000146e+02 4.736176470589999781e+02
1.180000000000000000e+02 4.740000000000000000e+02
2.188461538500000003e+01 4.747307692310000107e+02
2.782142857140000274e+02 4.750000000000000000e+02
2.170882352939999862e+02 4.773823529410000219e+02
2.638846153850000178e+02 4.768846153850000178e+02
3.798636363640000013e+02 4.770454545449999841e+02
1.573750000000000000e+02 4.781250000000000000e+02
4.168999999999999773e+02 4.791000000000000227e+02
1.028947368400000073e+01 4.801315789469999800e+02
3.472894736839999723e+02 4.801315789469999800e+02
5.389666666670000268e+02 4.816333333329999959e+02
1.921153846150000106e+02 4.821153846149999822e+02
4.708333333329999846e+02 4.825000000000000000e+02
1.796176470590000065e+02 4.830882352940000146e+02
5.694545454550000159e+02 4.837727272729999868e+02
5.019615384620000214e+02 4.845769230770000036e+02
6.736666666700000405e+01 4.859666666670000268e+02
1.025000000000000000e+02 4.862647058819999870e+02
3.800000000000000000e+02 4.860000000000000000e+02
5.816333333329999959e+02 4.860333333329999732e+02
1.386578947369999923e+02 4.876578947369999923e+02
4.526250000000000000e+02 4.863750000000000000e+02
8.296666666699999837e+01 4.883666666670000041e+02
2.516250000000000000e+02 4.884375000000000000e+02
2.371153846150000106e+02 4.891153846149999822e+02
4.028684210530000200e+02 4.903947368419999862e+02
4.868529411760000016e+02 4.900294117650000203e+02
3.328947368400000073e+01 4.915000000000000000e+02
5.253333333330000414e+02 4.915000000000000000e+02
1.541363636359999987e+02 4.934090909089999855e+02
2.755000000000000000e+02 4.938333333329999846e+02
3.165000000000000000e+02 4.941250000000000000e+02
3.627857142859999726e+02 4.930714285710000127e+02
4.391153846149999822e+02 4.948846153850000178e+02
2.232857142860000010e+02 4.958571428569999853e+02
1.292142857139999990e+02 4.980000000000000000e+02
4.588333333329999846e+02 4.984166666670000154e+02
2.105000000000000000e+02 4.990000000000000000e+02
5.071153846149999822e+02 4.991153846149999822e+02
3.010000000000000000e+02 4.997857142859999726e+02
3.438846153850000178e+02 4.997307692310000107e+02
4.001666666670000154e+02 5.008333333329999846e+02
4.220000000000000000e+02 5.000000000000000000e+02
5.571428571399999896e+01 5.014285714289999873e+02
5.461666666669999586e+02 5.017500000000000000e+02
1.695000000000000000e+02 5.040000000000000000e+02
1.105000000000000000e+02 5.053947368419999862e+02
1.881153846150000106e+02 5.051153846149999822e+02
3.700000000000000000e+02 5.050000000000000000e+02
7.216666666700000121e+01 5.053888888889999862e+02
1.767647058800000082e+01 5.075588235289999943e+02
2.670000000000000000e+02 5.075000000000000000e+02
1.346153845999999987e+00 5.085000000000000000e+02
3.188636363640000013e+02 5.074090909089999855e+02
3.786000000000000227e+02 5.090000000000000000e+02
5.661153846150000390e+02 5.082692307689999893e+02
4.831818181799999934e+01 5.103181818180000278e+02
1.390000000000000000e+02 5.102142857140000274e+02
2.445909090909999861e+02 5.098636363640000013e+02
2.770000000000000000e+02 5.102142857140000274e+02
4.805000000000000000e+02 5.102500000000000000e+02
5.275000000000000000e+02 5.100714285710000127e+02
4.943823529410000219e+02 5.120882352940000146e+02
8.812500000000000000e+01 5.149375000000000000e+02
5.797222222220000276e+02 5.140000000000000000e+02
7.050000000000000000e+01 5.172272727270000132e+02
4.367857142859999726e+02 5.160000000000000000e+02
2.280454545450000126e+02 5.171363636360000555e+02
1.550000000000000000e+02 5.190000000000000000e+02
2.961666666670000154e+02 5.182500000000000000e+02
5.598846153849999610e+02 5.177307692309999538e+02
1.815000000000000000e+02 5.192142857139999705e+02
2.076333333329999959e+02 5.190333333329999732e+02
4.565000000000000000e+02 5.200000000000000000e+02
5.445769230769999467e+02 5.198076923080000142e+02
2.865384615400000001e+01 5.219615384620000214e+02
9.992105263199999854e+01 5.223947368420000430e+02
3.368636363640000013e+02 5.219545454550000159e+02
3.585000000000000000e+02 5.225000000000000000e+02
3.878846153850000178e+02 5.218846153849999610e+02
4.053823529410000219e+02 5.259117647059999854e+02
1.321666666669999870e+02 5.272500000000000000e+02
3.210000000000000000e+02 5.275000000000000000e+02
5.128684210530000200e+02 5.272894736839999723e+02
2.776904761900000267e+02 5.284523809519999986e+02
5.591176470599999959e+01 5.303823529410000219e+02
2.656666666670000154e+02 5.315000000000000000e+02
1.982500000000000000e+02 5.331250000000000000e+02
1.199347826089999955e+02 5.356739130429999705e+02
1.721666666669999870e+02 5.346111111110000138e+02
2.485000000000000000e+02 5.360000000000000000e+02
4.605526315789999785e+02 5.366578947369999923e+02
1.186842105300000050e+01 5.382368421050000507e+02
2.313888888889999862e+02 5.382222222220000276e+02
5.622857142860000295e+02 5.381428571430000147e+02
3.775000000000000000e+01 5.392500000000000000e+02
4.252142857140000274e+02 5.390000000000000000e+02
2.140000000000000000e+02 5.400000000000000000e+02
4.840000000000000000e+02 5.405000000000000000e+02
5.145000000000000000e+02 5.395000000000000000e+02
5.412500000000000000e+02 5.404500000000000455e+02
5.858684210530000200e+02 5.402894736839999723e+02
8.750000000000000000e-01 5.415000000000000000e+02
1.451250000000000000e+02 5.412500000000000000e+02
3.647105263160000277e+02 5.411315789469999800e+02
4.022142857140000274e+02 5.410000000000000000e+02
4.455000000000000000e+02 5.410000000000000000e+02
3.440000000000000000e+02 5.420000000000000000e+02
1.327222222219999992e+02 5.440000000000000000e+02
7.245000000000000284e+01 5.456000000000000227e+02
2.951666666670000154e+02 5.445833333330000414e+02
3.146999999999999886e+02 5.455000000000000000e+02
3.842500000000000000e+02 5.469375000000000000e+02
4.990333333329999732e+02 5.483666666670000041e+02
1.843333333330000130e+02 5.497777777779999724e+02
2.103461538459999929e+02 5.494230769230000533e+02
6.116666666700000121e+01 5.497222222220000276e+02
4.540000000000000000e+02 5.505000000000000000e+02
3.337727272729999868e+02 5.515454545449999841e+02
4.285000000000000000e+02 5.527352941179999561e+02
2.681153846149999822e+02 5.528846153849999610e+02
5.478809523810000428e+02 5.545000000000000000e+02
1.063823529409999935e+02 5.550882352940000146e+02
3.790000000000000000e+02 5.547857142860000295e+02
5.674090909090000423e+02 5.564090909090000423e+02
2.555999999999999943e+02 5.574500000000000455e+02
4.770000000000000000e+02 5.577222222220000276e+02
1.685714285699999948e+01 5.585714285709999558e+02
2.257500000000000000e+02 5.581666666669999586e+02
3.885294117600000163e+01 5.595000000000000000e+02
1.413571428570000137e+02 5.596904761900000267e+02
2.867857142859999726e+02 5.590000000000000000e+02
3.380000000000000000e+02 5.610000000000000000e+02
5.290000000000000000e+02 5.610000000000000000e+02
1.640000000000000000e+02 5.617857142860000295e+02
8.121428571399999896e+01 5.640714285709999558e+02
5.050000000000000000e+01 5.645000000000000000e+02
1.150000000000000000e+02 5.645000000000000000e+02
3.060000000000000000e+02 5.645000000000000000e+02
5.090000000000000000e+02 5.645000000000000000e+02
