2.827777777800000081e+01 9.444444440000000496e-01
4.550000000000000000e+01 7.500000000000000000e-01
2.730000000000000000e+02 1.300000000000000044e+00
3.437857142859999726e+02 1.642857143000000075e+00
3.673571428569999853e+02 7.857142860000000395e-01
4.687500000000000000e+02 2.166666666999999880e+00
5.055000000000000000e+02 5.000000000000000000e-01
5.211000000000000227e+02 2.100000000000000089e+00
3.000000000000000000e+00 3.277777777999999920e+00
1.494499999999999886e+02 3.600000000000000089e+00
4.886176470589999781e+02 2.911764706000000036e+00
5.521153846150000390e+02 4.115384614999999968e+00
2.243000000000000114e+02 4.500000000000000000e+00
3.319117647059999854e+02 5.382352940999999724e+00
2.511470588239999984e+02 6.029411764999999868e+00
4.205000000000000000e+02 6.500000000000000000e+00
5.787500000000000000e+02 6.750000000000000000e+00
3.923000000000000114e+02 7.000000000000000000e+00
4.350882352940000146e+02 7.382352940999999724e+00
6.700000000000000000e+01 8.000000000000000000e+00
1.085000000000000000e+02 8.500000000000000000e+00
5.412500000000000000e+02 8.125000000000000000e+00
1.982500000000000000e+02 9.125000000000000000e+00
4.565000000000000000e+02 9.300000000000000711e+00
1.760000000000000000e+02 9.500000000000000000e+00
1.344411764710000057e+02 1.332352941199999918e+01
8.503333333300000163e+01 1.436666666700000050e+01
3.512727272729999868e+02 1.540909090899999967e+01
5.552142857139999705e+02 1.500000000000000000e+01
2.153823529409999935e+02 1.608823529400000041e+01
1.611250000000000000e+02 1.725000000000000000e+01
3.007380952380000281e+02 1.754761904800000138e+01
4.724473684210000215e+02 1.765789473699999945e+01
5.139375000000000000e+02 1.725000000000000000e+01
1.185000000000000000e+02 1.850000000000000000e+01
1.839473684200000037e+01 1.950000000000000000e+01
3.775555555560000016e+02 1.938888888900000040e+01
2.326176470590000065e+02 2.008823529400000041e+01
7.850000000000000000e+01 2.250000000000000000e+01
4.896333333329999959e+02 2.303333333300000163e+01
5.328846153849999610e+02 2.311538461499999997e+01
5.897058823500000102e+01 2.485294117600000163e+01
5.713421052630000077e+02 2.434210526300000055e+01
3.261315789469999800e+02 2.576315789499999909e+01
2.701999999999999886e+02 2.589999999999999858e+01
3.020833333329999846e+02 2.725000000000000000e+01
4.312777777779999724e+02 2.700000000000000000e+01
1.071052631599999927e+01 2.886842105299999872e+01
3.900000000000000000e+01 2.769999999999999929e+01
1.830882352939999862e+02 2.861764705899999939e+01
1.061153846149999964e+02 2.888461538500000003e+01
1.460999999999999943e+02 2.910000000000000142e+01
4.071153846149999822e+02 3.011538461499999997e+01
2.131666666669999870e+02 3.125000000000000000e+01
2.391153846150000106e+02 3.126923076899999998e+01
2.858846153850000178e+02 3.111538461499999997e+01
3.648846153850000178e+02 3.088461538500000003e+01
3.868333333329999846e+02 3.038888888900000040e+01
1.947500000000000000e+02 3.283333333299999879e+01
2.541153846150000106e+02 3.288461538499999648e+01
3.301000000000000227e+02 3.310000000000000142e+01
3.809545454550000159e+02 3.286363636400000132e+01
1.183823529409999935e+02 3.408823529400000041e+01
4.532272727270000132e+02 3.500000000000000000e+01
4.740333333329999732e+02 3.563333333300000305e+01
6.700000000000000000e+01 3.750000000000000000e+01
5.049545454550000159e+02 3.736363636400000132e+01
5.550000000000000000e+02 3.721428571399999896e+01
5.170000000000000000e+02 3.850000000000000000e+01
2.700882352940000146e+02 4.138235294100000061e+01
5.758846153849999610e+02 4.088461538499999648e+01
2.275000000000000000e+02 4.250000000000000000e+01
3.511000000000000227e+02 4.310000000000000142e+01
4.010000000000000000e+02 4.300000000000000000e+01
8.600000000000000000e+01 4.477272727300000099e+01
2.800000000000000000e+01 4.578571428600000104e+01
1.616764705880000008e+02 4.644117647099999857e+01
2.980625000000000000e+02 4.625000000000000000e+01
3.910000000000000000e+02 4.621428571399999896e+01
5.345000000000000000e+02 4.650000000000000000e+01
4.310000000000000142e+01 4.810000000000000142e+01
4.136111111110000138e+02 4.805555555600000162e+01
3.323000000000000114e+02 4.900000000000000000e+01
1.792826086960000112e+02 5.058695652200000126e+01
4.358999999999999773e+02 5.043333333300000021e+01
4.958571428569999853e+02 5.028571428600000104e+01
2.053823529409999935e+02 5.108823529400000041e+01
3.154090909089999855e+02 5.213636363599999868e+01
3.630000000000000000e+02 5.200000000000000000e+01
6.611111110999999596e+00 5.322222222199999919e+01
1.396904761899999983e+02 5.335714285699999948e+01
4.576875000000000000e+02 5.362500000000000000e+01
5.151153846150000390e+02 5.311538461500000352e+01
5.650000000000000000e+01 5.428947368400000073e+01
3.761000000000000227e+02 5.410000000000000142e+01
1.201363636359999987e+02 5.559090909100000033e+01
5.280000000000000000e+02 5.600000000000000000e+01
5.595555555559999448e+02 5.638888888900000040e+01
1.028846153850000036e+02 5.811538461500000352e+01
2.593999999999999773e+02 5.845000000000000284e+01
2.879375000000000000e+02 5.875000000000000000e+01
8.190000000000000568e+01 6.010000000000000142e+01
3.350714285710000127e+02 6.028571428600000104e+01
1.460000000000000000e+02 6.121428571399999896e+01
5.530555555559999448e+02 6.161111111099999960e+01
2.162500000000000000e+02 6.193750000000000000e+01
4.808823529400000041e+01 6.361764705899999939e+01
1.580999999999999943e+02 6.289999999999999858e+01
3.973823529410000219e+02 6.308823529400000041e+01
5.793461538459999929e+02 6.296153846200000004e+01
2.671428571399999896e+01 6.385714285699999948e+01
2.330000000000000000e+02 6.472222222199999919e+01
4.460000000000000000e+02 6.329999999999999716e+01
4.320000000000000000e+02 6.550000000000000000e+01
4.781363636359999987e+02 6.459090909100000033e+01
2.963333333329999846e+02 6.866666666700000121e+01
1.754473684209999931e+02 7.028947368400000073e+01
3.181000000000000227e+02 6.990000000000000568e+01
3.416666666670000154e+02 7.088888888900000040e+01
4.983666666670000041e+02 7.003333333300000163e+01
6.950000000000000000e+01 7.200000000000000000e+01
2.675666666669999927e+02 7.236666666700000405e+01
1.995000000000000000e+02 7.416666666700000121e+01
5.342500000000000000e+02 7.443750000000000000e+01
8.944736842099999308e+01 7.555263157900000692e+01
4.682142857140000274e+02 7.500000000000000000e+01
3.241111111110000138e+02 7.672222222199999919e+01
5.748333333330000414e+02 7.650000000000000000e+01
1.107000000000000028e+02 7.700000000000000000e+01
2.206538461540000071e+02 7.803846153800000707e+01
1.333000000000000114e+02 7.850000000000000000e+01
4.780882352940000146e+02 7.961764705900000649e+01
5.489666666670000268e+02 7.963333333299999595e+01
2.738000000000000114e+02 8.059999999999999432e+01
3.670909090910000145e+02 8.031818181799999934e+01
5.090000000000000000e+02 7.978571428600000104e+01
6.500000000000000000e+00 8.114705882399999837e+01
2.397500000000000000e+02 8.050000000000000000e+01
4.061000000000000227e+02 8.190000000000000568e+01
5.710000000000000142e+01 8.309999999999999432e+01
1.492333333329999903e+02 8.383333333299999879e+01
2.050882352939999862e+02 8.338235294099999351e+01
4.511999999999999886e+02 8.479999999999999716e+01
2.483571428570000137e+02 8.630952381000000173e+01
2.580000000000000071e+01 8.759999999999999432e+01
3.805526315789999785e+02 8.728947368400000073e+01
1.093823529409999935e+02 8.808823529400000041e+01
4.687500000000000000e+02 8.816666666700000121e+01
5.253666666670000041e+02 8.903333333300000163e+01
3.088846153850000178e+02 9.188461538500000358e+01
1.317857142860000010e+02 9.300000000000000000e+01
1.892142857139999990e+02 9.300000000000000000e+01
4.080000000000000000e+02 9.300000000000000000e+01
5.027857142859999726e+02 9.300000000000000000e+01
3.650000000000000000e+01 9.400000000000000000e+01
2.246578947369999923e+02 9.465789473700000656e+01
5.200000000000000000e+01 9.500000000000000000e+01
7.513636363599999868e+01 9.459090909100000033e+01
5.865769230769999467e+02 9.580769230800000003e+01
8.943333333299999310e+01 9.609999999999999432e+01
1.719000000000000057e+02 9.590000000000000568e+01
2.971315789469999800e+02 9.671052631599999927e+01
3.245666666669999927e+02 9.609999999999999432e+01
4.267222222220000276e+02 9.700000000000000000e+01
5.707500000000000000e+02 9.775000000000000000e+01
1.461363636359999987e+02 9.840909090899999967e+01
3.899999999999999911e+00 1.000999999999999943e+02
4.905000000000000000e+02 1.001666666670000012e+02
1.636818181820000007e+02 1.023181818179999993e+02
4.477307692310000107e+02 1.021153846149999964e+02
2.470384615380000071e+02 1.033461538460000071e+02
3.620000000000000000e+02 1.035000000000000000e+02
2.711153846149999822e+02 1.048846153850000036e+02
3.075588235289999943e+02 1.056764705880000008e+02
5.407222222220000276e+02 1.050000000000000000e+02
1.998571428570000137e+02 1.062857142860000010e+02
3.452222222220000276e+02 1.066111111109999996e+02
6.954347826100000418e+01 1.081086956519999944e+02
1.195000000000000000e+02 1.065000000000000000e+02
4.169666666670000268e+02 1.076333333329999959e+02
5.146000000000000227e+02 1.074500000000000028e+02
3.885000000000000000e+02 1.090000000000000000e+02
4.735000000000000000e+02 1.100000000000000000e+02
5.577857142860000295e+02 1.110000000000000000e+02
4.435000000000000000e+02 1.115000000000000000e+02
1.000833333329999988e+02 1.132500000000000000e+02
1.840000000000000000e+02 1.125000000000000000e+02
2.646111111110000138e+02 1.142222222219999992e+02
1.417500000000000000e+02 1.157500000000000000e+02
2.260000000000000000e+02 1.155000000000000000e+02
2.443750000000000000e+02 1.143750000000000000e+02
2.760000000000000142e+01 1.165499999999999972e+02
4.936578947369999923e+02 1.176578947370000066e+02
2.859117647059999854e+02 1.187352941179999988e+02
5.273666666670000041e+02 1.189666666669999984e+02
5.865909090909999577e+02 1.191363636359999987e+02
3.334166666670000154e+02 1.198333333329999988e+02
7.115384614999999968e+00 1.221153846149999964e+02
4.050000000000000000e+02 1.225000000000000000e+02
3.519117647059999854e+02 1.233823529409999935e+02
8.950000000000000000e+01 1.235000000000000000e+02
1.692229551449999860e+02 1.453232189969999979e+02
5.452142857139999705e+02 1.240000000000000000e+02
1.056250000000000000e+02 1.261666666670000012e+02
4.190882352940000146e+02 1.253823529409999935e+02
4.639285714289999873e+02 1.255000000000000000e+02
5.730000000000000000e+02 1.255000000000000000e+02
4.510000000000000142e+01 1.259000000000000057e+02
1.596052631580000138e+02 1.269210526319999985e+02
5.178684210530000200e+02 1.262894736840000007e+02
3.137857142859999726e+02 1.270000000000000000e+02
4.447500000000000000e+02 1.270625000000000000e+02
2.755000000000000000e+02 1.293000000000000114e+02
2.940000000000000000e+02 1.302142857139999990e+02
1.957692307700000001e+01 1.311923076920000142e+02
3.716666666700000121e+01 1.312333333329999903e+02
4.800000000000000000e+02 1.310000000000000000e+02
3.335000000000000000e+02 1.320000000000000000e+02
2.046052631580000138e+02 1.330789473680000015e+02
3.733181818180000278e+02 1.326818181820000007e+02
3.928076923080000142e+02 1.335769230770000036e+02
6.850000000000000000e+01 1.343000000000000114e+02
1.232999999999999972e+02 1.337666666670000097e+02
2.350000000000000000e+02 1.345000000000000000e+02
1.791153846150000106e+02 1.364230769229999964e+02
5.060000000000000000e+02 1.362142857139999990e+02
5.327857142860000295e+02 1.380000000000000000e+02
2.549000000000000057e+02 1.389000000000000057e+02
3.093571428569999853e+02 1.395714285710000127e+02
1.450333333330000016e+02 1.413666666670000041e+02
5.763461538459999929e+02 1.409615384619999929e+02
9.444444440000000496e-01 1.427222222219999992e+02
4.154999999999999716e+01 1.434000000000000057e+02
4.255909090910000145e+02 1.441363636359999987e+02
4.080000000000000000e+02 1.450000000000000000e+02
1.141428571430000005e+02 1.467142857139999990e+02
2.131363636359999987e+02 1.455909090909999861e+02
2.614473684210000215e+02 1.462894736840000007e+02
4.719210526319999985e+02 1.463947368419999862e+02
5.537142857139999705e+02 1.468571428570000137e+02
3.571315789469999800e+02 1.480263157889999945e+02
2.456052631580000138e+02 1.489210526319999985e+02
4.580294117650000203e+02 1.498529411760000016e+02
5.000000000000000000e-01 1.500000000000000000e+02
2.228499999999999943e+02 1.521999999999999886e+02
8.413157894699999417e+01 1.527105263159999993e+02
4.905000000000000000e+02 1.525000000000000000e+02
3.852058823529999927e+02 1.533823529409999935e+02
6.055555555600000162e+01 1.542777777780000008e+02
1.401153846150000106e+02 1.542692307689999893e+02
5.221666666669999586e+02 1.543666666670000041e+02
3.327857142859999726e+02 1.561190476190000140e+02
2.834473684210000215e+02 1.576578947369999923e+02
3.764285714289999873e+02 1.576428571429999863e+02
5.367857142860000295e+02 1.570000000000000000e+02
1.024473684209999931e+02 1.582894736840000007e+02
5.726428571430000147e+02 1.598333333330000130e+02
4.043000000000000114e+02 1.595000000000000000e+02
4.407857142859999726e+02 1.600000000000000000e+02
4.311538461500000352e+01 1.621153846150000106e+02
2.750000000000000000e+02 1.613750000000000000e+02
2.999347826090000240e+02 1.626739130429999989e+02
5.157857142860000295e+02 1.615000000000000000e+02
2.400000000000000000e+01 1.632777777780000008e+02
1.833181818179999993e+02 1.650000000000000000e+02
2.125909090909999861e+02 1.641363636359999987e+02
3.170000000000000000e+02 1.640000000000000000e+02
3.492142857140000274e+02 1.640000000000000000e+02
2.418913043480000056e+02 1.652826086960000112e+02
1.210000000000000000e+02 1.657857142860000010e+02
1.091176470599999959e+01 1.676176470590000065e+02
6.840000000000000568e+01 1.674499999999999886e+02
5.569666666670000268e+02 1.673666666670000041e+02
9.475000000000000000e+01 1.679375000000000000e+02
3.707105263160000277e+02 1.695000000000000000e+02
4.533823529410000219e+02 1.689117647060000138e+02
5.116111111110000138e+02 1.692222222219999992e+02
1.502142857139999990e+02 1.700000000000000000e+02
5.782058823529999927e+02 1.699117647060000138e+02
1.713421052630000077e+02 1.713421052630000077e+02
2.861250000000000000e+02 1.708750000000000000e+02
5.405909090909999577e+02 1.715909090909999861e+02
2.046578947369999923e+02 1.723421052630000077e+02
4.206578947369999923e+02 1.723421052630000077e+02
4.731315789469999800e+02 1.734473684209999931e+02
8.350000000000000000e+01 1.747105263159999993e+02
4.466052631580000138e+02 1.760789473680000015e+02
1.300000000000000044e+00 1.760000000000000000e+02
3.312500000000000000e+02 1.761666666669999870e+02
3.878529411760000016e+02 1.765000000000000000e+02
3.505000000000000000e+02 1.775000000000000000e+02
5.036578947369999923e+02 1.783421052630000077e+02
2.260882352939999862e+02 1.796176470590000065e+02
1.550000000000000000e+01 1.800000000000000000e+02
4.117500000000000000e+02 1.801666666669999870e+02
4.610714285710000127e+02 1.807142857139999990e+02
1.405000000000000000e+02 1.815000000000000000e+02
2.796764705879999724e+02 1.814411764710000057e+02
5.650000000000000000e+01 1.825000000000000000e+02
1.058333333300000056e+01 1.839166666669999870e+02
5.656578947369999923e+02 1.846578947369999923e+02
1.119375000000000000e+02 1.881250000000000000e+02
2.977222222220000276e+02 1.890000000000000000e+02
5.137222222220000276e+02 1.890000000000000000e+02
1.785714285999999928e+00 1.900000000000000000e+02
2.458750000000000000e+02 1.902500000000000000e+02
3.197857142859999726e+02 1.900000000000000000e+02
2.650000000000000000e+01 1.915000000000000000e+02
8.350000000000000000e+01 1.911470588239999984e+02
2.700000000000000000e+02 1.910000000000000000e+02
4.617727272729999868e+02 1.914545454549999874e+02
1.825000000000000000e+02 1.920000000000000000e+02
5.476578947369999923e+02 1.925526315790000069e+02
1.060000000000000000e+02 1.930000000000000000e+02
3.774411764710000057e+02 1.933235294119999992e+02
4.781470588239999984e+02 1.935000000000000000e+02
1.288846153849999894e+02 1.938846153849999894e+02
1.445555555560000016e+02 1.946111111110000138e+02
3.556176470589999781e+02 1.939117647060000138e+02
2.063095238100000017e+02 1.956428571429999863e+02
2.386333333329999959e+02 1.959666666669999984e+02
2.901470588239999984e+02 1.975000000000000000e+02
4.205000000000000000e+02 1.970000000000000000e+02
4.478846153850000178e+02 1.968846153849999894e+02
5.350000000000000000e+02 1.975000000000000000e+02
1.717857142860000010e+02 1.980000000000000000e+02
3.264545454550000159e+02 1.991818181820000007e+02
5.840333333329999732e+02 1.996333333329999959e+02
3.908636363640000013e+02 2.005909090909999861e+02
4.933823529410000219e+02 2.009117647060000138e+02
8.100000000000000000e+01 2.022142857139999990e+02
5.738888888900000040e+01 2.042222222219999992e+02
5.180000000000000000e+02 2.050000000000000000e+02
2.186999999999999886e+02 2.055000000000000000e+02
5.741000000000000227e+02 2.060999999999999943e+02
3.988461538499999648e+01 2.082692307689999893e+02
4.028181818180000278e+02 2.083636363640000013e+02
3.821666666670000154e+02 2.083888888889999862e+02
4.281153846149999822e+02 2.088846153849999894e+02
1.340999999999999943e+02 2.100999999999999943e+02
2.567222222220000276e+02 2.105555555560000016e+02
1.875000000000000000e+01 2.114499999999999886e+02
2.953999999999999773e+02 2.114499999999999886e+02
1.180999999999999943e+02 2.120999999999999943e+02
1.589666666669999984e+02 2.123666666670000041e+02
1.924499999999999886e+02 2.124000000000000057e+02
2.747173913039999888e+02 2.131086956519999944e+02
3.595000000000000000e+02 2.128529411760000016e+02
7.186363636400000132e+01 2.135909090909999861e+02
9.179411764699999310e+01 2.159705882350000081e+02
4.470000000000000000e+02 2.150000000000000000e+02
2.037500000000000000e+02 2.161666666669999870e+02
3.166875000000000000e+02 2.163125000000000000e+02
4.953461538459999929e+02 2.160384615380000071e+02
2.879411764700000020e+01 2.172647058819999870e+02
2.827772277230000100e+02 2.217673267330000044e+02
4.733888888889999862e+02 2.176666666669999870e+02
3.402500000000000000e+02 2.182500000000000000e+02
2.291153846150000106e+02 2.198846153849999894e+02
5.373421052630000077e+02 2.213421052630000077e+02
5.511923076919999858e+02 2.214230769229999964e+02
5.568181818200000066e+01 2.223181818179999993e+02
1.722894736840000007e+02 2.221315789470000084e+02
4.021153846149999822e+02 2.217307692310000107e+02
5.861153846150000390e+02 2.228846153849999894e+02
4.638888888889999862e+02 2.242777777780000008e+02
1.262777777780000008e+02 2.254444444439999984e+02
1.386578947369999923e+02 2.263421052630000077e+02
2.475999999999999943e+02 2.265500000000000114e+02
4.460000000000000000e+02 2.260000000000000000e+02
3.831190476190000140e+02 2.275000000000000000e+02
4.168125000000000000e+02 2.273750000000000000e+02
4.832500000000000000e+02 2.274499999999999886e+02
3.318684210530000200e+02 2.292894736840000007e+02
8.172222222199999919e+01 2.300000000000000000e+02
9.707142857099999844e+01 2.305000000000000000e+02
3.038999999999999773e+02 2.299000000000000057e+02
5.116818181819999722e+02 2.296818181820000007e+02
8.000000000000000000e+00 2.317500000000000000e+02
5.716578947369999923e+02 2.316578947369999923e+02
2.278333333330000130e+02 2.325000000000000000e+02
2.640000000000000000e+02 2.330000000000000000e+02
3.611153846149999822e+02 2.318846153849999894e+02
1.913235294119999992e+02 2.343235294119999992e+02
3.161764705899999939e+01 2.350882352939999862e+02
2.840882352940000146e+02 2.366176470590000065e+02
5.470000000000000000e+02 2.362777777780000008e+02
1.639000000000000057e+02 2.369000000000000057e+02
1.793000000000000114e+02 2.385000000000000000e+02
3.471428571430000147e+02 2.392857142860000010e+02
1.902631578900000164e+01 2.405000000000000000e+02
2.433181818179999993e+02 2.423181818179999993e+02
5.347857142860000295e+02 2.410000000000000000e+02
5.819117647059999854e+02 2.416176470590000065e+02
2.072142857139999990e+02 2.420000000000000000e+02
3.798846153850000178e+02 2.422692307689999893e+02
2.696176470589999781e+02 2.430882352939999862e+02
5.700000000000000000e+01 2.442142857139999990e+02
3.280294117650000203e+02 2.448529411760000016e+02
4.327666666669999813e+02 2.448333333330000130e+02
1.460000000000000000e+02 2.452142857139999990e+02
4.036428571430000147e+02 2.468333333330000130e+02
5.117857142859999726e+02 2.460000000000000000e+02
3.600384615379999786e+02 2.466538461540000071e+02
4.661153846149999822e+02 2.471153846150000106e+02
4.877500000000000000e+02 2.491666666669999870e+02
4.525000000000000000e+02 2.505000000000000000e+02
5.643823529410000219e+02 2.500882352939999862e+02
1.090000000000000000e+02 2.520000000000000000e+02
2.823333333329999846e+02 2.525000000000000000e+02
3.827222222220000276e+02 2.520000000000000000e+02
4.136666666699999695e+01 2.530333333330000016e+02
8.734210526299999344e+01 2.533421052630000077e+02
2.973888888889999862e+02 2.539444444439999984e+02
1.285000000000000000e+02 2.540000000000000000e+02
5.028636363640000013e+02 2.560909090910000145e+02
1.935909090909999861e+02 2.564090909089999855e+02
1.609000000000000057e+02 2.581000000000000227e+02
1.527777777800000081e+01 2.590000000000000000e+02
5.433500000000000227e+02 2.597500000000000000e+02
6.450000000000000000e+01 2.605000000000000000e+02
4.231315789469999800e+02 2.602894736839999723e+02
5.822222222220000276e+02 2.606111111110000138e+02
1.422857142860000010e+02 2.618571428569999853e+02
2.205000000000000000e+02 2.627105263160000277e+02
5.588076923080000142e+02 2.624230769229999964e+02
3.460000000000000000e+02 2.630000000000000000e+02
1.131153846149999964e+02 2.641153846149999822e+02
4.758571428569999853e+02 2.642142857140000274e+02
2.530000000000000000e+02 2.657727272729999868e+02
3.177941176470000073e+02 2.656176470589999781e+02
4.090000000000000000e+02 2.657857142859999726e+02
2.763823529410000219e+02 2.670882352940000146e+02
4.541153846149999822e+02 2.668846153850000178e+02
5.241153846150000390e+02 2.668846153850000178e+02
9.581578947399999890e+01 2.692368421049999938e+02
2.963750000000000000e+02 2.683750000000000000e+02
4.381153846149999822e+02 2.688846153850000178e+02
4.937941176470000073e+02 2.693823529410000219e+02
3.125000000000000000e+01 2.711250000000000000e+02
1.836764705880000008e+02 2.714411764710000057e+02
3.738333333329999846e+02 2.702777777779999724e+02
4.990000000000000000e+02 2.710000000000000000e+02
2.008000000000000114e+02 2.726000000000000227e+02
3.331428571430000147e+02 2.727142857140000274e+02
7.638235294099999351e+01 2.729117647059999854e+02
3.963000000000000114e+02 2.730000000000000000e+02
1.720384615380000071e+02 2.753461538459999929e+02
5.368846153849999610e+02 2.748846153850000178e+02
1.277857142860000010e+02 2.761428571430000147e+02
2.360555555560000016e+02 2.761666666670000154e+02
1.540000000000000000e+02 2.796999999999999886e+02
2.281153846150000106e+02 2.811153846149999822e+02
4.978571428600000104e+01 2.820000000000000000e+02
6.511538461499999642e+01 2.827307692310000107e+02
3.094230769229999964e+02 2.831923076919999858e+02
3.620000000000000000e+02 2.827857142859999726e+02
4.136363635999999566e+00 2.848636363640000013e+02
5.710625000000000000e+02 2.842500000000000000e+02
1.100000000000000000e+02 2.847857142859999726e+02
3.478529411760000016e+02 2.855000000000000000e+02
2.672142857140000274e+02 2.855000000000000000e+02
2.898846153850000178e+02 2.861153846149999822e+02
4.077142857140000274e+02 2.861428571430000147e+02
2.050000000000000000e+01 2.877500000000000000e+02
8.425000000000000000e+01 2.871250000000000000e+02
3.888750000000000000e+02 2.875000000000000000e+02
5.470000000000000000e+02 2.872142857140000274e+02
1.539000000000000057e+02 2.891000000000000227e+02
4.185000000000000000e+02 2.900000000000000000e+02
4.943999999999999773e+02 2.895500000000000114e+02
4.356875000000000000e+02 2.901875000000000000e+02
4.560625000000000000e+02 2.901250000000000000e+02
4.690000000000000000e+02 2.906499999999999773e+02
2.530000000000000000e+02 2.921923076919999858e+02
1.285000000000000000e+02 2.925000000000000000e+02
2.018846153849999894e+02 2.918846153850000178e+02
5.201153846150000390e+02 2.921153846149999822e+02
6.400000000000000000e+01 2.927857142859999726e+02
3.327500000000000000e+02 2.935625000000000000e+02
1.831250000000000000e+02 2.945000000000000000e+02
5.831153846150000390e+02 2.941153846149999822e+02
2.330000000000000000e+02 2.962142857140000274e+02
2.942272727270000132e+02 2.980000000000000000e+02
3.559117647059999854e+02 2.976176470589999781e+02
5.073823529410000219e+02 2.970882352940000146e+02
1.698333333330000130e+02 2.981111111110000138e+02
2.188846153849999894e+02 2.981153846149999822e+02
1.410294117649999919e+02 3.006176470589999781e+02
4.410000000000000142e+01 3.008999999999999773e+02
2.752142857140000274e+02 3.010000000000000000e+02
5.583095238099999733e+02 3.014523809519999986e+02
3.771875000000000000e+02 3.023125000000000000e+02
1.987631578950000062e+02 3.031315789469999800e+02
1.009999999999999964e+01 3.041000000000000227e+02
4.055526315789999785e+02 3.044473684210000215e+02
7.550000000000000000e+01 3.056999999999999886e+02
2.607777777779999724e+02 3.063333333329999846e+02
4.743333333329999846e+02 3.073888888889999862e+02
4.421250000000000000e+02 3.082500000000000000e+02
3.126578947369999923e+02 3.093421052630000077e+02
9.712500000000000000e+01 3.102500000000000000e+02
1.721153846150000106e+02 3.101153846149999822e+02
5.717142857139999705e+02 3.098571428569999853e+02
3.446333333329999959e+02 3.110333333329999732e+02
4.640000000000000000e+02 3.107857142859999726e+02
5.470000000000000000e+02 3.115000000000000000e+02
4.988333333329999846e+02 3.117666666669999813e+02
6.864285714300000052e+01 3.134285714289999873e+02
1.568333333330000130e+02 3.146428571430000147e+02
3.555000000000000000e+02 3.145000000000000000e+02
2.365000000000000000e+02 3.162142857140000274e+02
1.121315789469999942e+02 3.175000000000000000e+02
2.868181818180000278e+02 3.181363636359999987e+02
2.638125000000000000e+02 3.183750000000000000e+02
3.889285714289999873e+02 3.184047619049999867e+02
5.295000000000000000e+02 3.195000000000000000e+02
9.164285714300000052e+01 3.205000000000000000e+02
3.300000000000000000e+02 3.200000000000000000e+02
4.150000000000000000e+02 3.200000000000000000e+02
4.262142857140000274e+02 3.210000000000000000e+02
5.150000000000000000e+01 3.223333333329999846e+02
2.119166666669999870e+02 3.217500000000000000e+02
5.203999999999999773e+02 3.225500000000000114e+02
1.975000000000000000e+02 3.230000000000000000e+02
4.800000000000000000e+02 3.232142857140000274e+02
3.088076923080000142e+02 3.243461538459999929e+02
4.676538461540000071e+02 3.239615384620000214e+02
1.262333333330000045e+02 3.261666666670000154e+02
2.545000000000000000e+02 3.261470588239999984e+02
1.840882352939999862e+02 3.273823529410000219e+02
3.448333333329999846e+02 3.280238095240000007e+02
5.750000000000000000e+00 3.282500000000000000e+02
2.750000000000000000e+01 3.295000000000000000e+02
3.699117647059999854e+02 3.303823529410000219e+02
5.666538461540000071e+02 3.299615384620000214e+02
2.350000000000000000e+02 3.322142857140000274e+02
5.021000000000000227e+02 3.328999999999999773e+02
5.471666666669999586e+02 3.332500000000000000e+02
1.496999999999999886e+02 3.350000000000000000e+02
5.371666666669999586e+02 3.343666666670000041e+02
2.945000000000000000e+02 3.353947368419999862e+02
3.265000000000000000e+02 3.355000000000000000e+02
2.774411764710000057e+02 3.368529411760000016e+02
3.944333333330000073e+02 3.363666666670000041e+02
4.450000000000000000e+02 3.360000000000000000e+02
7.207142857099999844e+01 3.375000000000000000e+02
2.520000000000000000e+02 3.385000000000000000e+02
2.146818181820000007e+02 3.393181818180000278e+02
4.091153846149999822e+02 3.388846153850000178e+02
4.652857142859999726e+02 3.391428571430000147e+02
1.084333333329999931e+02 3.403000000000000114e+02
1.660000000000000000e+02 3.410000000000000000e+02
5.116666666700000121e+01 3.424166666670000154e+02
4.817500000000000000e+02 3.421250000000000000e+02
5.241153846150000390e+02 3.421153846149999822e+02
5.685476190480000014e+02 3.451190476190000140e+02
2.892105263199999854e+01 3.450789473680000015e+02
8.750000000000000000e+01 3.450000000000000000e+02
3.535000000000000000e+02 3.453000000000000114e+02
4.298888888889999862e+02 3.458888888889999862e+02
1.949666666669999984e+02 3.471666666670000154e+02
3.721153846149999822e+02 3.477307692310000107e+02
9.786842105300000583e+01 3.505526315789999785e+02
1.444473684209999931e+02 3.513421052630000077e+02
2.800000000000000000e+01 3.520000000000000000e+02
2.597727272729999868e+02 3.530000000000000000e+02
5.496111111110000138e+02 3.523888888889999862e+02
5.861000000000000227e+02 3.521000000000000227e+02
1.161111111099999960e+01 3.532222222220000276e+02
6.816666666700000121e+01 3.527666666669999813e+02
3.297777777779999724e+02 3.533888888889999862e+02
4.406428571430000147e+02 3.536904761900000267e+02
5.135769230769999467e+02 3.538846153850000178e+02
5.363461538459999929e+02 3.542692307689999893e+02
1.295454545450000126e+02 3.557727272729999868e+02
4.980000000000000000e+02 3.550000000000000000e+02
3.178846153850000178e+02 3.571153846149999822e+02
4.058846153850000178e+02 3.571153846149999822e+02
2.298529411760000016e+02 3.579705882349999797e+02
4.245909090910000145e+02 3.578636363640000013e+02
1.708846153849999894e+02 3.588846153850000178e+02
2.946578947369999923e+02 3.613421052630000077e+02
3.746428571430000147e+02 3.616904761900000267e+02
3.926176470589999781e+02 3.609117647059999854e+02
7.750000000000000000e+01 3.625000000000000000e+02
2.065000000000000000e+02 3.615000000000000000e+02
5.673571428569999853e+02 3.623095238099999733e+02
4.300000000000000000e+01 3.630000000000000000e+02
1.900000000000000000e+02 3.630000000000000000e+02
2.800000000000000000e+02 3.642142857140000274e+02
4.590000000000000000e+02 3.645000000000000000e+02
1.837500000000000000e+01 3.658333333329999846e+02
2.466176470590000065e+02 3.670882352940000146e+02
5.055500000000000114e+02 3.683999999999999773e+02
3.794444444439999984e+02 3.695000000000000000e+02
4.860000000000000000e+02 3.695000000000000000e+02
1.121190476189999998e+02 3.702142857140000274e+02
1.530000000000000000e+02 3.697857142859999726e+02
5.238999999999999773e+02 3.698999999999999773e+02
5.429999999999999716e+01 3.705000000000000000e+02
1.309615384619999929e+02 3.731923076919999858e+02
3.435000000000000000e+02 3.742647058819999870e+02
2.846250000000000000e+02 3.761666666670000154e+02
9.109999999999999432e+01 3.765666666669999927e+02
2.010882352939999862e+02 3.766176470589999781e+02
2.263333333330000130e+02 3.775000000000000000e+02
5.533421052630000077e+02 3.773421052630000077e+02
4.144375000000000000e+02 3.778125000000000000e+02
2.638333333329999846e+02 3.828333333329999846e+02
4.477105263160000277e+02 3.822368421049999938e+02
1.186578947370000066e+02 3.836578947369999923e+02
1.809210526319999985e+02 3.843947368419999862e+02
3.045000000000000000e+02 3.840000000000000000e+02
7.316666666700000121e+01 3.851666666670000154e+02
3.870882352940000146e+02 3.856176470589999781e+02
4.067380952380000281e+02 3.856904761900000267e+02
3.710000000000000142e+01 3.858999999999999773e+02
1.612222222219999992e+02 3.866111111110000138e+02
1.391153846150000106e+02 3.868846153850000178e+02
3.644411764710000057e+02 3.873235294120000276e+02
4.578750000000000000e+02 3.877500000000000000e+02
7.055555555999999839e+00 3.896111111110000138e+02
5.672222222199999919e+01 3.894444444439999984e+02
3.241666666670000154e+02 3.908333333329999846e+02
5.131153846150000390e+02 3.898846153850000178e+02
5.772222222220000276e+02 3.903888888889999862e+02
4.781666666670000154e+02 3.925476190480000014e+02
2.805000000000000000e+02 3.935000000000000000e+02
3.007105263160000277e+02 3.931315789469999800e+02
3.398000000000000114e+02 3.933500000000000227e+02
4.950000000000000000e+02 3.925000000000000000e+02
4.289166666670000154e+02 3.937500000000000000e+02
1.725000000000000000e+02 3.945000000000000000e+02
5.387857142860000295e+02 3.950000000000000000e+02
1.595000000000000000e+02 3.962894736839999723e+02
9.850000000000000000e+01 3.978529411760000016e+02
1.978571428570000137e+02 3.975714285710000127e+02
2.141999999999999886e+02 3.971999999999999886e+02
4.516111111110000138e+02 3.972222222220000276e+02
2.295000000000000000e+02 4.000000000000000000e+02
2.850000000000000000e+01 4.010454545449999841e+02
8.562500000000000000e+01 4.006250000000000000e+02
3.848636363640000013e+02 4.004090909089999855e+02
5.695000000000000000e+02 4.010000000000000000e+02
3.665384615400000001e+01 4.020384615379999786e+02
4.223666666670000041e+02 4.019666666670000268e+02
5.567105263160000277e+02 4.038684210530000200e+02
1.167500000000000000e+02 4.048333333329999846e+02
4.017222222220000276e+02 4.050000000000000000e+02
1.443888888889999862e+02 4.067777777779999724e+02
3.662083333329999846e+02 4.065000000000000000e+02
4.763095238099999733e+02 4.063571428569999853e+02
5.157000000000000455e+02 4.060000000000000000e+02
2.420833333330000130e+02 4.077500000000000000e+02
2.663999999999999773e+02 4.084499999999999886e+02
3.222142857140000274e+02 4.090000000000000000e+02
7.700000000000000000e+01 4.115000000000000000e+02
9.078571428600000104e+01 4.118571428569999853e+02
5.279666666670000268e+02 4.126333333329999959e+02
2.032142857139999990e+02 4.130000000000000000e+02
2.891000000000000227e+02 4.138999999999999773e+02
5.000000000000000000e-01 4.135000000000000000e+02
3.463947368419999862e+02 4.150789473680000015e+02
4.947222222220000276e+02 4.150000000000000000e+02
5.392500000000000000e+02 4.150625000000000000e+02
5.697058823500000102e+01 4.161470588239999984e+02
2.265454545450000126e+02 4.167727272729999868e+02
2.161764705899999939e+01 4.170882352940000146e+02
1.824090909090000139e+02 4.191363636359999987e+02
4.446333333329999959e+02 4.188333333329999846e+02
5.858076923080000142e+02 4.195769230770000036e+02
3.188846153850000178e+02 4.198846153850000178e+02
3.770000000000000000e+02 4.207222222220000276e+02
1.098529411760000016e+02 4.209705882349999797e+02
4.101315789469999800e+02 4.212894736839999723e+02
1.695000000000000000e+02 4.220454545449999841e+02
3.362500000000000000e+01 4.223750000000000000e+02
3.031153846149999822e+02 4.227307692310000107e+02
3.896250000000000000e+02 4.223750000000000000e+02
4.535000000000000000e+02 4.242391304349999928e+02
5.180000000000000000e+02 4.242777777779999724e+02
5.652692307690000462e+02 4.241153846149999822e+02
1.448333333330000130e+02 4.254166666670000154e+02
2.925000000000000000e+02 4.246999999999999886e+02
3.473666666670000041e+02 4.249666666670000268e+02
2.053000000000000114e+02 4.270000000000000000e+02
2.653333333329999846e+02 4.285000000000000000e+02
3.633181818180000278e+02 4.293181818180000278e+02
4.840882352940000146e+02 4.296176470589999781e+02
2.445526315790000069e+02 4.303421052630000077e+02
3.000000000000000000e+00 4.303000000000000114e+02
9.471052631599999927e+01 4.318157894739999847e+02
4.227500000000000000e+02 4.324375000000000000e+02
1.925000000000000000e+02 4.325000000000000000e+02
5.350625000000000000e+02 4.331250000000000000e+02
7.159999999999999432e+01 4.344499999999999886e+02
1.327105263159999993e+02 4.348684210530000200e+02
2.757500000000000000e+02 4.341250000000000000e+02
1.490000000000000036e+01 4.348999999999999773e+02
3.216000000000000227e+02 4.355500000000000114e+02
5.007857142859999726e+02 4.350000000000000000e+02
1.726111111110000138e+02 4.370555555560000016e+02
5.490000000000000000e+02 4.372142857140000274e+02
5.746333333329999959e+02 4.368333333329999846e+02
3.835000000000000000e+02 4.375000000000000000e+02
4.991176470599999959e+01 4.393823529410000219e+02
2.319166666669999870e+02 4.387500000000000000e+02
3.988999999999999773e+02 4.388999999999999773e+02
8.545000000000000284e+01 4.406000000000000227e+02
3.007222222220000276e+02 4.410000000000000000e+02
4.603461538459999929e+02 4.410384615379999786e+02
5.121153846150000390e+02 4.408846153850000178e+02
3.538333333329999846e+02 4.429444444439999984e+02
3.761363636359999987e+02 4.424090909089999855e+02
2.607857142859999726e+02 4.440000000000000000e+02
5.678913043479999487e+02 4.459782608699999855e+02
1.553666666670000041e+02 4.471666666670000154e+02
4.779210526319999985e+02 4.479736842109999770e+02
1.141666666670000012e+02 4.501250000000000000e+02
3.295000000000000000e+02 4.495000000000000000e+02
4.336999999999999886e+02 4.485000000000000000e+02
5.434500000000000455e+02 4.497500000000000000e+02
2.085909090909999861e+02 4.505909090910000145e+02
4.484444444439999984e+02 4.503888888889999862e+02
4.925555555560000016e+02 4.506111111110000138e+02
1.897105263159999993e+02 4.511315789469999800e+02
2.431363636359999987e+02 4.504090909089999855e+02
2.806999999999999886e+02 4.516333333329999959e+02
4.160000000000000000e+02 4.535000000000000000e+02
3.105000000000000000e+02 4.535000000000000000e+02
9.900000000000000000e+01 4.547857142859999726e+02
1.291470588239999984e+02 4.560294117650000203e+02
1.705000000000000000e+02 4.560714285710000127e+02
4.575000000000000000e+02 4.565000000000000000e+02
2.789999999999999858e+01 4.571000000000000227e+02
2.558846153849999894e+02 4.581153846149999822e+02
5.865909090909999577e+02 4.578636363640000013e+02
3.967777777779999724e+02 4.596111111110000138e+02
5.226578947369999923e+02 4.603421052630000077e+02
6.500000000000000000e+00 4.615000000000000000e+02
6.138888888900000040e+01 4.617777777779999724e+02
2.298846153849999894e+02 4.611153846149999822e+02
3.520000000000000000e+02 4.607857142859999726e+02
3.661153846149999822e+02 4.618846153850000178e+02
4.388529411760000016e+02 4.635000000000000000e+02
1.530000000000000000e+02 4.637857142859999726e+02
8.600000000000000000e+01 4.647857142859999726e+02
1.212999999999999972e+02 4.645000000000000000e+02
2.815666666669999927e+02 4.648999999999999773e+02
4.827105263160000277e+02 4.651315789469999800e+02
2.103823529409999935e+02 4.659117647059999854e+02
5.560882352940000146e+02 4.673823529410000219e+02
3.716999999999999886e+02 4.673999999999999773e+02
1.972894736840000007e+02 4.695000000000000000e+02
2.515000000000000000e+02 4.692333333330000187e+02
4.231666666670000154e+02 4.702333333330000187e+02
5.007307692310000107e+02 4.698846153850000178e+02
5.733823529410000219e+02 4.700882352940000146e+02
4.100000000000000000e+01 4.710000000000000000e+02
2.934375000000000000e+02 4.712500000000000000e+02
3.135000000000000000e+02 4.730000000000000000e+02
3.437631578950000062e+02 4.762368421049999938e+02
4.737105263160000277e+02 4.768684210530000200e+02
1.428571429000000004e+00 4.773571428569999853e+02
2.388461538500000003e+01 4.771153846149999822e+02
1.043888888890000004e+02 4.777777777779999724e+02
1.903461538459999929e+02 4.782692307689999893e+02
5.367222222220000276e+02 4.780000000000000000e+02
4.486818181819999722e+02 4.803181818180000278e+02
5.677173913039999888e+02 4.811086956519999944e+02
1.578571428570000137e+02 4.812857142859999726e+02
4.063421052630000077e+02 4.816578947369999923e+02
5.003000000000000114e+02 4.818333333329999846e+02
5.191153846150000390e+02 4.808846153850000178e+02
6.465384615399999291e+01 4.819615384620000214e+02
1.295000000000000000e+02 4.826052631580000138e+02
2.747777777779999724e+02 4.836111111110000138e+02
1.739000000000000057e+02 4.841000000000000227e+02
2.287500000000000000e+02 4.839166666670000154e+02
2.522500000000000000e+02 4.841250000000000000e+02
5.773421052630000077e+02 4.843421052630000077e+02
2.022500000000000000e+02 4.861666666670000154e+02
3.198750000000000000e+02 4.869375000000000000e+02
3.835666666669999927e+02 4.863666666670000041e+02
3.665000000000000000e+02 4.865000000000000000e+02
2.700000000000000000e+01 4.887222222220000276e+02
4.788461538499999648e+01 4.911153846149999822e+02
8.596666666699999837e+01 4.916333333329999959e+02
1.240000000000000000e+02 4.925000000000000000e+02
1.493000000000000114e+02 4.921999999999999886e+02
4.820333333329999732e+02 4.943666666670000041e+02
4.421000000000000227e+02 4.948999999999999773e+02
1.650000000000000000e+02 4.955000000000000000e+02
2.249000000000000057e+02 4.965666666669999927e+02
2.981000000000000227e+02 4.958999999999999773e+02
5.611000000000000227e+02 4.961000000000000227e+02
4.036904761900000267e+02 4.990714285710000127e+02
4.551153846149999822e+02 4.982692307689999893e+02
3.473000000000000114e+02 4.993000000000000114e+02
1.063421052629999934e+02 5.004473684210000215e+02
2.536333333329999959e+02 4.996999999999999886e+02
5.074090909089999855e+02 5.001363636359999987e+02
6.800000000000000000e+01 5.010000000000000000e+02
1.353666666670000041e+02 5.009666666670000268e+02
1.425000000000000000e+01 5.027500000000000000e+02
1.915000000000000000e+02 5.020000000000000000e+02
3.695000000000000000e+02 5.025000000000000000e+02
4.210333333329999732e+02 5.036333333329999959e+02
4.741250000000000000e+02 5.035000000000000000e+02
5.376250000000000000e+02 5.023750000000000000e+02
3.091153846149999822e+02 5.051153846149999822e+02
3.773181818180000278e+02 5.072272727270000132e+02
5.243461538459999929e+02 5.060384615379999786e+02
4.670000000000000284e+01 5.075000000000000000e+02
4.893421052630000077e+02 5.093421052630000077e+02
8.196666666699999837e+01 5.103666666670000041e+02
2.083461538459999929e+02 5.099615384620000214e+02
2.395000000000000000e+02 5.096999999999999886e+02
2.766333333329999959e+02 5.109666666670000268e+02
3.308999999999999773e+02 5.110000000000000000e+02
1.590600000000000023e+02 5.131799999999999500e+02
2.258846153849999894e+02 5.121153846150000390e+02
2.980833333329999846e+02 5.122500000000000000e+02
4.309615384620000214e+02 5.128076923080000142e+02
1.723461538459999929e+02 5.140384615379999786e+02
3.566052631580000138e+02 5.150789473679999446e+02
4.043947368419999862e+02 5.139210526320000554e+02
2.675000000000000000e+01 5.158750000000000000e+02
5.830000000000000000e+02 5.160000000000000000e+02
6.307894736800000146e+01 5.183947368420000430e+02
1.943823529409999935e+02 5.180882352940000146e+02
4.505000000000000000e+02 5.180000000000000000e+02
9.886842105300000583e+01 5.195000000000000000e+02
3.849545454550000159e+02 5.188636363639999445e+02
5.540000000000000000e+02 5.190000000000000000e+02
5.340000000000000000e+02 5.197857142860000295e+02
5.083888888889999862e+02 5.220555555559999448e+02
1.273461538460000071e+02 5.232692307690000462e+02
2.425000000000000000e+02 5.251470588240000552e+02
3.180294117650000203e+02 5.258529411759999448e+02
5.091176470599999959e+01 5.263823529410000219e+02
4.657222222220000276e+02 5.260000000000000000e+02
4.835000000000000000e+02 5.268529411759999448e+02
2.611153846149999822e+02 5.271153846150000390e+02
8.388888889000000404e+00 5.287777777779999724e+02
2.113000000000000114e+02 5.275000000000000000e+02
2.732619047619999719e+02 5.296904761900000267e+02
3.666578947369999923e+02 5.293421052630000077e+02
4.200333333329999732e+02 5.296333333329999959e+02
1.725909090909999861e+02 5.318636363639999445e+02
2.330882352939999862e+02 5.336176470589999781e+02
4.440882352940000146e+02 5.333823529410000219e+02
5.601153846150000390e+02 5.332692307690000462e+02
3.502142857140000274e+02 5.350000000000000000e+02
5.833421052630000077e+02 5.358157894739999847e+02
1.154130434780000058e+02 5.367173913039999888e+02
5.120000000000000000e+02 5.360000000000000000e+02
7.000000000000000000e+01 5.370000000000000000e+02
3.876333333329999959e+02 5.379666666670000268e+02
4.062692307689999893e+02 5.378846153849999610e+02
1.490333333330000016e+02 5.393666666670000041e+02
5.300000000000000000e+02 5.392777777779999724e+02
1.276111111109999996e+02 5.402222222220000276e+02
2.911153846149999822e+02 5.401153846150000390e+02
2.635714285699999948e+01 5.423095238099999733e+02
4.996333333329999959e+02 5.430333333329999732e+02
1.004444444439999984e+02 5.443888888889999862e+02
5.616666666700000121e+01 5.446111111110000138e+02
3.243333333329999846e+02 5.467777777779999724e+02
3.117857142859999726e+02 5.470000000000000000e+02
1.856578947369999923e+02 5.483421052630000077e+02
2.631000000000000227e+02 5.481000000000000227e+02
5.271153846150000390e+02 5.491153846150000390e+02
1.385714285699999948e+01 5.502857142860000295e+02
4.531153846149999822e+02 5.508846153849999610e+02
2.081153846150000106e+02 5.518846153849999610e+02
2.444444444439999984e+02 5.523888888889999862e+02
5.525000000000000000e+02 5.525000000000000000e+02
2.855000000000000071e+01 5.536000000000000227e+02
1.570999999999999943e+02 5.531000000000000227e+02
3.586999999999999886e+02 5.537000000000000455e+02
3.792333333330000187e+02 5.531666666669999586e+02
7.821428571399999896e+01 5.540000000000000000e+02
2.251363636359999987e+02 5.535909090909999577e+02
4.740294117650000203e+02 5.541470588240000552e+02
5.674500000000000455e+02 5.546000000000000227e+02
4.254333333330000073e+02 5.546333333329999959e+02
1.355909090909999861e+02 5.574090909090000423e+02
2.752222222220000276e+02 5.576111111110000138e+02
3.032692307689999893e+02 5.602692307690000462e+02
4.900000000000000000e+01 5.605000000000000000e+02
3.181363636359999987e+02 5.605909090909999577e+02
3.328636363640000013e+02 5.605909090909999577e+02
4.405000000000000000e+02 5.615000000000000000e+02
5.095000000000000000e+02 5.615000000000000000e+02
