3.970000000000000284e+01 1.500000000000000000e+00
1.444090909090000139e+02 2.409090909000000114e+00
1.686739130429999989e+02 2.500000000000000000e+00
2.170000000000000000e+02 8.333333330000000094e-01
4.582142857140000274e+02 9.285714290000000037e-01
4.959166666670000154e+02 1.333333332999999898e+00
5.767000000000000455e+02 1.100000000000000089e+00
3.983421052630000077e+02 5.342105262999999660e+00
6.529999999999999716e+01 5.500000000000000000e+00
3.178999999999999773e+02 7.099999999999999645e+00
4.762777777779999724e+02 7.000000000000000000e+00
5.148999999999999773e+02 6.900000000000000355e+00
1.305000000000000000e+02 8.000000000000000000e+00
2.710882352940000146e+02 8.382352941000000612e+00
3.455000000000000000e+02 8.000000000000000000e+00
3.657105263160000277e+02 8.868421053000000498e+00
3.882500000000000000e+02 8.125000000000000000e+00
4.495000000000000000e+02 8.000000000000000000e+00
5.523461538459999929e+02 7.730769231000000019e+00
2.462894736840000007e+02 9.868421053000000498e+00
2.945000000000000000e+02 9.500000000000000000e+00
8.190000000000000568e+01 1.009999999999999964e+01
5.390384615379999786e+02 1.065384615400000001e+01
2.322222222199999919e+01 1.238888888900000040e+01
1.893888888889999862e+02 1.244444444400000016e+01
1.753461538459999929e+02 1.296153846200000004e+01
5.575000000000000000e+02 1.400000000000000000e+01
2.099117647060000138e+02 1.561764705899999939e+01
4.334411764710000057e+02 1.514705882400000014e+01
5.110882352940000146e+02 1.661764705899999939e+01
9.927777777800000081e+01 1.700000000000000000e+01
3.525000000000000000e+02 1.850000000000000000e+01
4.188684210530000200e+02 1.828947368400000073e+01
2.326875000000000000e+02 2.062500000000000000e+01
5.685499999999999545e+02 2.039999999999999858e+01
9.382352941000000612e+00 2.208823529400000041e+01
1.600999999999999943e+02 2.310000000000000142e+01
4.872142857140000274e+02 2.300000000000000000e+01
4.663421052630000077e+02 2.434210526300000055e+01
1.129375000000000000e+02 2.525000000000000000e+01
3.739117647059999854e+02 2.561764705899999939e+01
4.052333333330000187e+02 2.516666666700000121e+01
4.907894736800000146e+01 2.639473684200000037e+01
6.741304347800000585e+01 2.728260869600000049e+01
5.258846153849999610e+02 2.611538461499999997e+01
2.638333333329999846e+02 2.675000000000000000e+01
2.761153846149999822e+02 2.711538461499999997e+01
1.715000000000000000e+02 2.800000000000000000e+01
3.178529411760000016e+02 2.902941176499999898e+01
3.838333333329999846e+02 2.905555555600000162e+01
8.500000000000000000e+00 3.088095238100000017e+01
1.013333333329999988e+02 3.050000000000000000e+01
1.305000000000000000e+02 3.076666666699999908e+01
2.980000000000000000e+02 3.021428571399999896e+01
4.290882352940000146e+02 3.038235294100000061e+01
2.332142857139999990e+02 3.100000000000000000e+01
3.600000000000000000e+02 3.121428571399999896e+01
2.520000000000000000e+02 3.200000000000000000e+01
3.668181818200000066e+01 3.331818181799999934e+01
4.512619047619999719e+02 3.354761904800000138e+01
4.927105263160000277e+02 3.313157894700000128e+01
1.092500000000000000e+02 3.506250000000000000e+01
1.940000000000000000e+02 3.521428571399999896e+01
2.086999999999999886e+02 3.450000000000000000e+01
7.907142857099999844e+01 3.654761904800000138e+01
3.992777777779999724e+02 3.644444444399999838e+01
4.722777777779999724e+02 3.600000000000000000e+01
5.518846153849999610e+02 3.711538461500000352e+01
5.538235294100000061e+01 3.861764705899999939e+01
3.736999999999999886e+02 3.800000000000000000e+01
3.275625000000000000e+02 3.975000000000000000e+01
5.142500000000000000e+02 3.987500000000000000e+01
1.520000000000000000e+02 4.250000000000000000e+01
3.432222222220000276e+02 4.333333333299999879e+01
2.228181818179999993e+02 4.431818181799999934e+01
3.200000000000000000e+01 4.521428571399999896e+01
3.575555555560000016e+02 4.572222222199999919e+01
1.763333333299999950e+01 4.696666666699999837e+01
2.930625000000000000e+02 4.687500000000000000e+01
1.935000000000000000e+02 4.800000000000000000e+01
2.603823529410000219e+02 4.808823529400000041e+01
5.695666666670000495e+02 4.810000000000000142e+01
2.000000000000000000e+00 4.927777777800000081e+01
5.375000000000000000e+02 4.919230769199999997e+01
3.220454545449999841e+02 4.986363636400000132e+01
4.616111111110000138e+02 5.077777777800000081e+01
4.190000000000000000e+02 5.150000000000000000e+01
4.397500000000000000e+02 5.083333333299999879e+01
3.030000000000000000e+02 5.200000000000000000e+01
1.309705882350000081e+02 5.385294117600000163e+01
2.798999999999999773e+02 5.289999999999999858e+01
3.912692307689999893e+02 5.411538461500000352e+01
4.867857142859999726e+02 5.500000000000000000e+01
1.794090909090000139e+02 5.659090909100000033e+01
5.771153846150000390e+02 5.611538461500000352e+01
1.150000000000000000e+02 5.700000000000000000e+01
3.358846153850000178e+02 5.711538461500000352e+01
5.629117647059999854e+02 5.738235294100000061e+01
5.397368421099999836e+01 5.986842105299999872e+01
9.800000000000000000e+01 5.900000000000000000e+01
5.040833333329999846e+02 5.975000000000000000e+01
3.667105263160000277e+02 6.150000000000000000e+01
4.769545454550000159e+02 6.113636363599999868e+01
5.271000000000000227e+02 6.089999999999999858e+01
7.821428571399999896e+01 6.200000000000000000e+01
2.530000000000000000e+02 6.250000000000000000e+01
1.417857142860000010e+02 6.300000000000000000e+01
5.447500000000000000e+02 6.375000000000000000e+01
4.270000000000000000e+02 6.400000000000000000e+01
4.456999999999999886e+02 6.350000000000000000e+01
1.500000000000000000e+01 6.521428571399999896e+01
2.610000000000000000e+02 6.521428571399999896e+01
1.570333333330000016e+02 6.636666666700000405e+01
4.907857142859999726e+02 6.600000000000000000e+01
1.901470588239999984e+02 6.702941176500000608e+01
2.080000000000000000e+02 6.878571428600000104e+01
3.045769230770000036e+02 6.880769230800000003e+01
3.376176470589999781e+02 6.908823529400000041e+01
3.956052631580000138e+02 6.950000000000000000e+01
6.608333333299999879e+01 7.025000000000000000e+01
2.343125000000000000e+02 6.981250000000000000e+01
4.125000000000000000e+01 7.112500000000000000e+01
1.262500000000000000e+02 7.283333333299999879e+01
1.680789473680000015e+02 7.339473684200000037e+01
1.014090909089999997e+02 7.486363636400000132e+01
2.169375000000000000e+02 7.775000000000000000e+01
2.941153846149999822e+02 7.688461538500000358e+01
5.131000000000000227e+02 7.690000000000000568e+01
5.609117647059999854e+02 7.738235294099999351e+01
3.598333333329999846e+02 7.862500000000000000e+01
4.598571428569999853e+02 7.828571428600000104e+01
2.331666666669999870e+02 7.816666666700000121e+01
4.437500000000000000e+00 8.175000000000000000e+01
3.181000000000000227e+02 8.209999999999999432e+01
4.415000000000000000e+02 8.200000000000000000e+01
4.811000000000000227e+02 8.243333333299999310e+01
5.327857142860000295e+02 8.200000000000000000e+01
5.089999999999999858e+01 8.309999999999999432e+01
2.716578947369999923e+02 8.334210526299999344e+01
3.770789473680000015e+02 8.339473684200000037e+01
4.095000000000000000e+02 8.316666666700000121e+01
5.505000000000000000e+02 8.312500000000000000e+01
8.514705882399999837e+01 8.450000000000000000e+01
1.060000000000000000e+02 8.850000000000000000e+01
2.340909090899999967e+01 8.931818181799999934e+01
1.465000000000000000e+02 8.900000000000000000e+01
3.108636363640000013e+02 8.995454545500000165e+01
5.001428571430000147e+02 9.028571428600000104e+01
5.831000000000000227e+02 8.990000000000000568e+01
6.670000000000000284e+01 9.100000000000000000e+01
2.545000000000000000e+02 9.213636363599999868e+01
5.170000000000000000e+02 9.078571428600000104e+01
5.643888888889999862e+02 9.194444444399999838e+01
1.841666666669999870e+02 9.176666666699999553e+01
2.083750000000000000e+02 9.218750000000000000e+01
2.500000000000000000e+00 9.614705882399999837e+01
4.287222222220000276e+02 9.600000000000000000e+01
3.750000000000000000e+01 9.700000000000000000e+01
4.658333333329999846e+02 9.675000000000000000e+01
4.796153846200000004e+01 9.765384615399999291e+01
1.220000000000000000e+02 9.821428571399999896e+01
1.681363636359999987e+02 9.759090909100000033e+01
2.896499999999999773e+02 9.825000000000000000e+01
3.443947368419999862e+02 9.792105263199999854e+01
2.184090909090000139e+02 1.000000000000000000e+02
3.982500000000000000e+02 9.912500000000000000e+01
2.391153846150000106e+02 1.001153846149999964e+02
3.263999999999999773e+02 1.005499999999999972e+02
4.470000000000000000e+02 1.005000000000000000e+02
4.797500000000000000e+02 1.030625000000000000e+02
1.422500000000000000e+02 1.048333333329999988e+02
1.612500000000000000e+02 1.048333333329999988e+02
2.016333333329999959e+02 1.060333333330000016e+02
2.710000000000000000e+02 1.057857142860000010e+02
5.375000000000000000e+02 1.067105263159999993e+02
6.858695652199999415e+01 1.082826086959999969e+02
8.034210526299999344e+01 1.073421052629999934e+02
1.020000000000000000e+02 1.070000000000000000e+02
3.026875000000000000e+02 1.068125000000000000e+02
3.812692307689999893e+02 1.088846153850000036e+02
3.600294117650000203e+02 1.107352941179999988e+02
5.116250000000000000e+02 1.108125000000000000e+02
1.113181818179999993e+02 1.106818181820000007e+02
2.598809523809999860e+02 1.117380952379999997e+02
5.623181818179999709e+02 1.122272727269999990e+02
4.190333333329999732e+02 1.146333333329999959e+02
5.841666666669999586e+02 1.140000000000000000e+02
1.404375000000000000e+02 1.157500000000000000e+02
2.860882352940000146e+02 1.153823529409999935e+02
4.716250000000000000e+02 1.158125000000000000e+02
1.791153846150000106e+02 1.158846153850000036e+02
1.961111111099999960e+01 1.172222222219999992e+02
4.021000000000000227e+02 1.169000000000000057e+02
7.000000000000000000e+00 1.177857142860000010e+02
4.000000000000000000e+01 1.202142857139999990e+02
2.370000000000000000e+02 1.200000000000000000e+02
3.526000000000000227e+02 1.202000000000000028e+02
4.372500000000000000e+02 1.202500000000000000e+02
4.884090909089999855e+02 1.214090909089999997e+02
5.271153846150000390e+02 1.208846153850000036e+02
2.120000000000000000e+02 1.217857142860000010e+02
9.789130434800000558e+01 1.237173913040000031e+02
3.332142857140000274e+02 1.240000000000000000e+02
2.030652173910000045e+02 1.255869565219999942e+02
3.729615384620000214e+02 1.263461538460000071e+02
7.729999999999999716e+01 1.270000000000000000e+02
1.160000000000000000e+02 1.275000000000000000e+02
2.271250000000000000e+02 1.272500000000000000e+02
3.078999999999999773e+02 1.280999999999999943e+02
4.605000000000000000e+02 1.275000000000000000e+02
5.706818181820000291e+02 1.276818181820000007e+02
3.870000000000000000e+02 1.290000000000000000e+02
4.188750000000000000e+02 1.297500000000000000e+02
5.435000000000000000e+02 1.293000000000000114e+02
1.575000000000000000e+02 1.305000000000000000e+02
4.714166666670000154e+02 1.303333333330000130e+02
2.608823529400000041e+01 1.323823529409999935e+02
5.959090909100000033e+01 1.318636363640000013e+02
5.145000000000000000e+02 1.335000000000000000e+02
4.345000000000000000e+02 1.340000000000000000e+02
5.325000000000000000e+02 1.354375000000000000e+02
2.536176470590000065e+02 1.360882352939999862e+02
2.700000000000000000e+02 1.360000000000000000e+02
5.750000000000000000e+02 1.357857142860000010e+02
1.600000000000000000e+01 1.380000000000000000e+02
1.729666666669999984e+02 1.383666666670000041e+02
2.835000000000000000e+02 1.375000000000000000e+02
1.890000000000000000e+02 1.402142857139999990e+02
3.301499999999999773e+02 1.411500000000000057e+02
1.328846153849999894e+02 1.411153846150000106e+02
3.041000000000000227e+02 1.419000000000000057e+02
3.582222222220000276e+02 1.423888888889999862e+02
5.572142857139999705e+02 1.420000000000000000e+02
1.581634615380000071e+02 1.479326923079999858e+02
4.936333333329999959e+02 1.429666666669999984e+02
2.203571428570000137e+02 1.441666666669999870e+02
4.527857142859999726e+02 1.441428571429999863e+02
4.723947368419999862e+02 1.439210526319999985e+02
3.608823529400000041e+01 1.456176470590000065e+02
1.109285714290000016e+02 1.455714285710000127e+02
4.077777777779999724e+02 1.456111111110000138e+02
1.500000000000000000e+00 1.465000000000000000e+02
5.444444444399999838e+01 1.467222222219999992e+02
2.561315789469999800e+02 1.474473684209999931e+02
9.245000000000000284e+01 1.484000000000000057e+02
2.413947368419999862e+02 1.489210526319999985e+02
4.253000000000000114e+02 1.485000000000000000e+02
2.102142857139999990e+02 1.498571428570000137e+02
5.841000000000000227e+02 1.513000000000000114e+02
1.290000000000000000e+02 1.532142857139999990e+02
5.158333333330000414e+02 1.532333333329999903e+02
7.775000000000000000e+01 1.545500000000000114e+02
3.826176470589999781e+02 1.540882352939999862e+02
3.326578947369999923e+02 1.556578947369999923e+02
2.767500000000000000e+02 1.561250000000000000e+02
5.597727272729999868e+02 1.570000000000000000e+02
5.329666666670000268e+02 1.576333333329999959e+02
3.042500000000000000e+02 1.587500000000000000e+02
3.417500000000000000e+02 1.580833333330000130e+02
4.856904761900000267e+02 1.583571428570000137e+02
1.550000000000000000e+01 1.605000000000000000e+02
2.660000000000000000e+02 1.593000000000000114e+02
3.705714285710000127e+02 1.619285714289999873e+02
3.996111111110000138e+02 1.621666666669999870e+02
4.325666666669999927e+02 1.626999999999999886e+02
5.135000000000000000e+02 1.630000000000000000e+02
3.814285714300000052e+01 1.655714285710000127e+02
1.776739130429999989e+02 1.665000000000000000e+02
2.063000000000000114e+02 1.655000000000000000e+02
2.780000000000000000e+02 1.655000000000000000e+02
4.710000000000000000e+02 1.664090909090000139e+02
1.526999999999999886e+02 1.665000000000000000e+02
1.161428571430000005e+02 1.697142857139999990e+02
9.600000000000000000e+01 1.706999999999999886e+02
4.547142857140000274e+02 1.701428571429999863e+02
5.538846153849999610e+02 1.698846153849999894e+02
5.950000000000000000e+01 1.735000000000000000e+02
7.334210526299999344e+01 1.736578947369999923e+02
4.175500000000000114e+02 1.734000000000000057e+02
2.016999999999999886e+02 1.750000000000000000e+02
3.140000000000000000e+02 1.737857142860000010e+02
3.860000000000000000e+02 1.745999999999999943e+02
3.298846153850000178e+02 1.748846153849999894e+02
3.546578947369999923e+02 1.753421052630000077e+02
5.692222222220000276e+02 1.753888888889999862e+02
2.810000000000000000e+02 1.775000000000000000e+02
1.602647058819999870e+02 1.787352941180000130e+02
2.381999999999999886e+02 1.783499999999999943e+02
3.685526315789999785e+02 1.783421052630000077e+02
2.203823529409999935e+02 1.790882352939999862e+02
4.038846153850000178e+02 1.791153846150000106e+02
4.935000000000000000e+02 1.815000000000000000e+02
5.330000000000000000e+02 1.812777777780000008e+02
1.356999999999999886e+02 1.830000000000000000e+02
4.638999999999999773e+02 1.830999999999999943e+02
1.211538461499999997e+01 1.838846153849999894e+02
2.645652173899999937e+01 1.848913043480000056e+02
5.020000000000000284e+01 1.844000000000000057e+02
5.000000000000000000e-01 1.840000000000000000e+02
2.450000000000000000e+02 1.850000000000000000e+02
4.353421052630000077e+02 1.856578947369999923e+02
7.200000000000000000e+01 1.865000000000000000e+02
1.015000000000000000e+02 1.860000000000000000e+02
3.078076923080000142e+02 1.865769230770000036e+02
1.764090909090000139e+02 1.878636363640000013e+02
2.992500000000000000e+02 1.895625000000000000e+02
3.701250000000000000e+02 1.897500000000000000e+02
7.954545454999999876e+00 1.901363636359999987e+02
5.155499999999999545e+02 1.914000000000000057e+02
5.628157894739999847e+02 1.926578947369999923e+02
2.653000000000000114e+02 1.935000000000000000e+02
3.902500000000000000e+02 1.939166666669999870e+02
4.783421052630000077e+02 1.943421052630000077e+02
5.522500000000000000e+02 1.945500000000000114e+02
9.825000000000000000e+01 1.951250000000000000e+02
1.390999999999999943e+02 1.949000000000000057e+02
3.525000000000000000e+02 1.950000000000000000e+02
1.962500000000000000e+02 1.962500000000000000e+02
4.525555555560000016e+02 1.967222222219999992e+02
5.527777777800000081e+01 1.970000000000000000e+02
2.181153846150000106e+02 1.971153846150000106e+02
2.778999999999999773e+02 1.970999999999999943e+02
4.157352941180000130e+02 1.975000000000000000e+02
5.791153846150000390e+02 1.981153846150000106e+02
1.224090909089999997e+02 1.988636363640000013e+02
1.588846153849999894e+02 2.002692307689999893e+02
4.960000000000000000e+02 2.015000000000000000e+02
5.250333333329999732e+02 2.016333333329999959e+02
2.290000000000000000e+02 2.025000000000000000e+02
3.226363636359999987e+02 2.025000000000000000e+02
4.411153846149999822e+02 2.018846153849999894e+02
1.849117647060000138e+02 2.029117647060000138e+02
2.937500000000000000e+02 2.055500000000000114e+02
5.100000000000000000e+02 2.047857142860000010e+02
5.695000000000000000e+02 2.060000000000000000e+02
7.414705882399999837e+01 2.075000000000000000e+02
2.607727272729999868e+02 2.080000000000000000e+02
7.500000000000000000e+00 2.085000000000000000e+02
2.504523809519999986e+02 2.083095238100000017e+02
2.313636363599999868e+01 2.095909090909999861e+02
3.581315789469999800e+02 2.112894736840000007e+02
1.068750000000000000e+02 2.125000000000000000e+02
3.753750000000000000e+02 2.116250000000000000e+02
3.152777777779999724e+02 2.135555555560000016e+02
4.001666666670000154e+02 2.136250000000000000e+02
4.960833333329999846e+02 2.125833333330000130e+02
5.305000000000000000e+02 2.135000000000000000e+02
3.675000000000000000e+01 2.151250000000000000e+02
6.616666666700000121e+01 2.143888888889999862e+02
9.292105263199999854e+01 2.156052631580000138e+02
1.219117647059999996e+02 2.153823529409999935e+02
1.510000000000000000e+02 2.147857142860000010e+02
4.271153846149999822e+02 2.161153846150000106e+02
5.481153846150000390e+02 2.158846153849999894e+02
2.201153846150000106e+02 2.167307692310000107e+02
4.540000000000000000e+02 2.167857142860000010e+02
4.738529411760000016e+02 2.170294117649999919e+02
1.747727272729999868e+02 2.200000000000000000e+02
2.001153846150000106e+02 2.191153846150000106e+02
2.794056603770000038e+02 2.241037735849999990e+02
3.387727272729999868e+02 2.220000000000000000e+02
1.388529411760000016e+02 2.230294117649999919e+02
2.436578947369999923e+02 2.232368421049999938e+02
3.179705882349999797e+02 2.231470588239999984e+02
2.730714285710000127e+02 2.249285714289999873e+02
4.816666666700000121e+01 2.242777777780000008e+02
3.788043478260000256e+02 2.256739130429999989e+02
5.820000000000000000e+02 2.247857142860000010e+02
1.178684210530000058e+02 2.267105263159999993e+02
1.889736842110000055e+02 2.271315789470000084e+02
4.005000000000000000e+02 2.264166666669999870e+02
5.686428571430000147e+02 2.271666666669999870e+02
4.560882352940000146e+02 2.293823529409999935e+02
5.135769230769999467e+02 2.301923076920000142e+02
2.565000000000000000e+02 2.308333333330000130e+02
5.000000000000000000e-01 2.325000000000000000e+02
7.900000000000000000e+01 2.335000000000000000e+02
3.508333333329999846e+02 2.327500000000000000e+02
4.180882352940000146e+02 2.333823529409999935e+02
4.842500000000000000e+02 2.337500000000000000e+02
4.355000000000000000e+02 2.336999999999999886e+02
2.228333333330000130e+02 2.355000000000000000e+02
3.069666666670000268e+02 2.356333333329999959e+02
2.700000000000000000e+01 2.360000000000000000e+02
1.596333333329999959e+02 2.370333333330000016e+02
1.760000000000000000e+02 2.377857142860000010e+02
5.242142857139999705e+02 2.380000000000000000e+02
6.050000000000000000e+01 2.390000000000000000e+02
3.954090909089999855e+02 2.410000000000000000e+02
9.783333333299999879e+01 2.410333333330000016e+02
4.483999999999999773e+02 2.415500000000000114e+02
2.643235294120000276e+02 2.423235294119999992e+02
2.807222222220000276e+02 2.420000000000000000e+02
3.418846153850000178e+02 2.428846153849999894e+02
5.440555555559999448e+02 2.436666666669999870e+02
2.089615384619999929e+02 2.436538461540000071e+02
3.692142857140000274e+02 2.470000000000000000e+02
1.677777777800000081e+01 2.486111111110000138e+02
1.927173913039999888e+02 2.484130434779999916e+02
3.610833333329999846e+02 2.482500000000000000e+02
4.259117647059999854e+02 2.486176470590000065e+02
5.041428571430000147e+02 2.487142857139999990e+02
5.820882352940000146e+02 2.486176470590000065e+02
2.320500000000000114e+02 2.493499999999999943e+02
4.623999999999999773e+02 2.491999999999999886e+02
7.600000000000000000e+01 2.507222222219999992e+02
3.177352941180000130e+02 2.502647058819999870e+02
4.463333333300000305e+01 2.510333333330000016e+02
1.090333333330000016e+02 2.516333333329999959e+02
5.361086956520000513e+02 2.512826086960000112e+02
1.453666666670000041e+02 2.519666666669999984e+02
2.810333333329999732e+02 2.536333333329999959e+02
4.915000000000000000e+02 2.535000000000000000e+02
1.233421052629999934e+02 2.546578947369999923e+02
3.020000000000000000e+02 2.545000000000000000e+02
3.791000000000000227e+02 2.540999999999999943e+02
6.125000000000000000e+00 2.557500000000000000e+02
4.828846153850000178e+02 2.561153846149999822e+02
5.664285714300000052e+01 2.580714285710000127e+02
2.463000000000000114e+02 2.581999999999999886e+02
5.650000000000000000e+02 2.575000000000000000e+02
5.198846153849999610e+02 2.591153846149999822e+02
3.089999999999999858e+01 2.608999999999999773e+02
1.580000000000000000e+02 2.607857142859999726e+02
1.440000000000000000e+02 2.625000000000000000e+02
1.805000000000000000e+02 2.635000000000000000e+02
3.416333333329999959e+02 2.629666666670000268e+02
4.275000000000000000e+02 2.648500000000000227e+02
4.731666666670000154e+02 2.637666666669999813e+02
5.556538461540000071e+02 2.644230769229999964e+02
5.758750000000000000e+02 2.642500000000000000e+02
2.228684210529999916e+02 2.655000000000000000e+02
4.041000000000000227e+02 2.651000000000000227e+02
4.577142857140000274e+02 2.652857142859999726e+02
9.192105263199999854e+01 2.666052631580000138e+02
7.600000000000000000e+01 2.692142857140000274e+02
1.090000000000000000e+02 2.687857142859999726e+02
2.623421052630000077e+02 2.696578947369999923e+02
3.726111111110000138e+02 2.701666666670000154e+02
3.098000000000000114e+02 2.723999999999999773e+02
4.410000000000000000e+02 2.725000000000000000e+02
4.909705882349999797e+02 2.721470588239999984e+02
5.312692307690000462e+02 2.728846153850000178e+02
1.296999999999999886e+02 2.746999999999999886e+02
1.985000000000000000e+02 2.755000000000000000e+02
2.300454545450000126e+02 2.748636363640000013e+02
3.447777777779999724e+02 2.756111111110000138e+02
4.978888888889999862e+02 2.757222222220000276e+02
2.971153846149999822e+02 2.757307692310000107e+02
3.915909090910000145e+02 2.758636363640000013e+02
3.301428571430000147e+02 2.787142857140000274e+02
1.685769230770000036e+02 2.788076923080000142e+02
8.400000000000000355e+00 2.801999999999999886e+02
3.610000000000000142e+01 2.798999999999999773e+02
2.168333333330000130e+02 2.812500000000000000e+02
1.505909090909999861e+02 2.821363636359999987e+02
3.810000000000000000e+02 2.822142857140000274e+02
4.296666666670000154e+02 2.831111111110000138e+02
6.075000000000000000e+01 2.828333333329999846e+02
2.810000000000000000e+02 2.825000000000000000e+02
5.703888888889999862e+02 2.837777777779999724e+02
3.098999999999999773e+02 2.838999999999999773e+02
4.175000000000000000e+02 2.860000000000000000e+02
4.896000000000000227e+02 2.865500000000000114e+02
5.452857142860000295e+02 2.864285714289999873e+02
1.867647058800000082e+01 2.884411764710000057e+02
2.524545454549999874e+02 2.882272727270000132e+02
4.001000000000000227e+02 2.881000000000000227e+02
3.601363636359999987e+02 2.885909090910000145e+02
1.068529411760000016e+02 2.900294117650000203e+02
2.030999999999999943e+02 2.901000000000000227e+02
3.285000000000000000e+02 2.911470588239999984e+02
4.700000000000000000e+02 2.917222222220000276e+02
8.678571428600000104e+01 2.920000000000000000e+02
1.235000000000000000e+02 2.926052631580000138e+02
2.677857142859999726e+02 2.909285714289999873e+02
5.286363636400000132e+01 2.939545454550000159e+02
1.406176470590000065e+02 2.939117647059999854e+02
1.778529411760000016e+02 2.965000000000000000e+02
2.126250000000000000e+02 2.974375000000000000e+02
5.812142857139999705e+02 2.970000000000000000e+02
1.647500000000000000e+02 2.981250000000000000e+02
4.510000000000000000e+02 2.980000000000000000e+02
4.990000000000000000e+02 2.980000000000000000e+02
5.206875000000000000e+02 2.983125000000000000e+02
5.610000000000000000e+02 2.990000000000000000e+02
2.369375000000000000e+02 2.997500000000000000e+02
3.530000000000000000e+02 3.007222222220000276e+02
6.831818181799999934e+01 3.013181818180000278e+02
9.178571428600000104e+01 3.020000000000000000e+02
2.760000000000000000e+02 3.025000000000000000e+02
1.022222222199999919e+01 3.033888888889999862e+02
4.027777777779999724e+02 3.046111111110000138e+02
1.942222222219999992e+02 3.053888888889999862e+02
2.927500000000000000e+02 3.055500000000000114e+02
3.390000000000000000e+02 3.052142857140000274e+02
4.091176470599999959e+01 3.066176470589999781e+02
2.576578947369999923e+02 3.076578947369999923e+02
3.188684210530000200e+02 3.072894736839999723e+02
4.386764705879999724e+02 3.076764705879999724e+02
5.679666666670000268e+02 3.073666666670000041e+02
1.337500000000000000e+02 3.087500000000000000e+02
1.756999999999999886e+02 3.075000000000000000e+02
3.791000000000000227e+02 3.078999999999999773e+02
1.134500000000000028e+02 3.117500000000000000e+02
4.772777777779999724e+02 3.110000000000000000e+02
5.228888888889999862e+02 3.111111111110000138e+02
4.491153846149999822e+02 3.118846153850000178e+02
2.383666666670000041e+02 3.130333333329999732e+02
4.956333333329999959e+02 3.140333333329999732e+02
4.613636363599999868e+01 3.164090909089999855e+02
6.178571428600000104e+01 3.170000000000000000e+02
1.611315789470000084e+02 3.172368421049999938e+02
5.478684210530000200e+02 3.177105263160000277e+02
3.256818181819999722e+02 3.183181818180000278e+02
3.505000000000000000e+02 3.185000000000000000e+02
4.247142857140000274e+02 3.181428571430000147e+02
3.026538461540000071e+02 3.199615384620000214e+02
4.035000000000000000e+02 3.200000000000000000e+02
4.852941175999999857e+00 3.210294117650000203e+02
3.913095238099999733e+02 3.216428571430000147e+02
5.845000000000000000e+02 3.200000000000000000e+02
2.467391304299999888e+01 3.235000000000000000e+02
2.693750000000000000e+02 3.231875000000000000e+02
2.831818181819999722e+02 3.233181818180000278e+02
8.665789473700000656e+01 3.256578947369999923e+02
1.257500000000000000e+02 3.248750000000000000e+02
1.722500000000000000e+02 3.250625000000000000e+02
2.120454545450000126e+02 3.251363636359999987e+02
2.526764705880000008e+02 3.266764705879999724e+02
1.870000000000000000e+02 3.285000000000000000e+02
4.461250000000000000e+02 3.285000000000000000e+02
5.144500000000000455e+02 3.283999999999999773e+02
1.060999999999999943e+02 3.298999999999999773e+02
3.366904761900000267e+02 3.303571428569999853e+02
4.611666666670000154e+02 3.296111111110000138e+02
5.645000000000000000e+02 3.296538461540000071e+02
4.785000000000000000e+02 3.310000000000000000e+02
6.213636363599999868e+01 3.325909090910000145e+02
5.434166666669999586e+02 3.331666666670000154e+02
2.314166666669999870e+02 3.351666666670000154e+02
3.226428571430000147e+02 3.366904761900000267e+02
1.432894736840000007e+02 3.378684210530000200e+02
3.703823529410000219e+02 3.370882352940000146e+02
4.102142857140000274e+02 3.368571428569999853e+02
3.923125000000000000e+02 3.398750000000000000e+02
5.663999999999999773e+02 3.394499999999999886e+02
2.751315789469999800e+02 3.399736842109999770e+02
4.597307692310000107e+02 3.401153846149999822e+02
4.918333333329999846e+02 3.397500000000000000e+02
2.094444444399999838e+01 3.416111111110000138e+02
3.007857142859999726e+02 3.410000000000000000e+02
5.122142857139999705e+02 3.410000000000000000e+02
2.057500000000000000e+02 3.421666666670000154e+02
4.201470588239999984e+02 3.435000000000000000e+02
5.310000000000000000e+02 3.432142857140000274e+02
4.413636363599999868e+01 3.435909090910000145e+02
2.407105263159999993e+02 3.445000000000000000e+02
8.411538461499999642e+01 3.458846153850000178e+02
1.635000000000000000e+02 3.470000000000000000e+02
3.578846153850000178e+02 3.481153846149999822e+02
5.845000000000000000e+02 3.480000000000000000e+02
5.721428571399999896e+01 3.490000000000000000e+02
1.865000000000000000e+02 3.490000000000000000e+02
2.296500000000000057e+02 3.497500000000000000e+02
3.673571428569999853e+02 3.512142857140000274e+02
4.060000000000000000e+02 3.512142857140000274e+02
4.434499999999999886e+02 3.516000000000000227e+02
4.728684210530000200e+02 3.510263157890000230e+02
6.342105262999999660e+00 3.523421052630000077e+02
1.163636363640000013e+02 3.525000000000000000e+02
1.471250000000000000e+02 3.527500000000000000e+02
5.508999999999999773e+02 3.520000000000000000e+02
2.570000000000000000e+02 3.534090909089999855e+02
2.721428571399999896e+01 3.551428571430000147e+02
9.944736842099999308e+01 3.553421052630000077e+02
4.875000000000000000e+02 3.550000000000000000e+02
3.356333333329999959e+02 3.569666666670000268e+02
5.118846153850000178e+02 3.568846153850000178e+02
7.545238095199999862e+01 3.586904761900000267e+02
5.330000000000000000e+02 3.575000000000000000e+02
1.617857142860000010e+02 3.593571428569999853e+02
4.133333333299999879e+01 3.615000000000000000e+02
2.879117647059999854e+02 3.611470588239999984e+02
3.930000000000000000e+02 3.615000000000000000e+02
1.129347826089999955e+02 3.644130434780000201e+02
2.102142857139999990e+02 3.630000000000000000e+02
2.711153846149999822e+02 3.631153846149999822e+02
3.554047619049999867e+02 3.636904761900000267e+02
3.099166666670000154e+02 3.642500000000000000e+02
4.615000000000000000e+02 3.644375000000000000e+02
5.614500000000000455e+02 3.646000000000000227e+02
1.855000000000000000e+02 3.650000000000000000e+02
4.275000000000000000e+02 3.650000000000000000e+02
2.357777777780000008e+02 3.666111111110000138e+02
5.300000000000000000e+01 3.667857142859999726e+02
4.750000000000000000e+02 3.667857142859999726e+02
1.758695652200000126e+01 3.687173913039999888e+02
1.342142857139999990e+02 3.688571428569999853e+02
4.945000000000000000e+02 3.715000000000000000e+02
3.327500000000000000e+02 3.728750000000000000e+02
5.163823529410000219e+02 3.736176470589999781e+02
5.487999999999999545e+02 3.736999999999999886e+02
2.161153846150000106e+02 3.761153846149999822e+02
2.632222222220000276e+02 3.766111111110000138e+02
3.702941176499999898e+01 3.778529411760000016e+02
9.490000000000000568e+01 3.771000000000000227e+02
1.947666666670000097e+02 3.778333333329999846e+02
4.055000000000000000e+02 3.775000000000000000e+02
1.461666666669999870e+02 3.792333333330000187e+02
3.745000000000000000e+02 3.798529411760000016e+02
6.450000000000000000e+01 3.801470588239999984e+02
2.875869565219999799e+02 3.812826086960000112e+02
3.061666666670000154e+02 3.812500000000000000e+02
1.752777777780000008e+02 3.820000000000000000e+02
3.193947368419999862e+02 3.825000000000000000e+02
3.550000000000000000e+02 3.817857142859999726e+02
4.425500000000000114e+02 3.832500000000000000e+02
1.130000000000000000e+02 3.845000000000000000e+02
4.032500000000000000e+02 3.847500000000000000e+02
3.403888888889999862e+02 3.869444444439999984e+02
5.632894736839999723e+02 3.865000000000000000e+02
3.816578947369999923e+02 3.875526315789999785e+02
4.285000000000000000e+02 3.865000000000000000e+02
1.321153846150000106e+02 3.881153846149999822e+02
1.582500000000000000e+02 3.885000000000000000e+02
4.541000000000000227e+02 3.896333333329999959e+02
4.811315789469999800e+02 3.902894736839999723e+02
5.291000000000000227e+02 3.898999999999999773e+02
5.775000000000000000e+01 3.917500000000000000e+02
4.973181818180000278e+02 3.909545454550000159e+02
2.429117647060000138e+02 3.923823529410000219e+02
2.079545454549999874e+02 3.928636363640000013e+02
2.280263157889999945e+02 3.941315789469999800e+02
2.725000000000000000e+02 3.930000000000000000e+02
1.686250000000000000e+02 3.936250000000000000e+02
5.482894736839999723e+02 3.951315789469999800e+02
4.481666666670000154e+02 3.975000000000000000e+02
5.144333333329999505e+02 3.968999999999999773e+02
7.650000000000000000e+01 3.976999999999999886e+02
6.657894737000000340e+00 3.993421052630000077e+02
1.940909090899999967e+01 4.001363636359999987e+02
2.955500000000000114e+02 4.006000000000000227e+02
1.596578947369999923e+02 4.013421052630000077e+02
1.855000000000000000e+02 4.009285714289999873e+02
1.006176470590000065e+02 4.020882352940000146e+02
5.048333333329999846e+02 4.022500000000000000e+02
4.189999999999999858e+01 4.028999999999999773e+02
5.640000000000000000e+02 4.040000000000000000e+02
2.544000000000000057e+02 4.064499999999999886e+02
3.635000000000000000e+02 4.067916666670000154e+02
4.694499999999999886e+02 4.063999999999999773e+02
4.148999999999999773e+02 4.071000000000000227e+02
1.208846153850000036e+02 4.081153846149999822e+02
3.443636363640000013e+02 4.091818181819999722e+02
3.835000000000000000e+02 4.083000000000000114e+02
4.850625000000000000e+02 4.082500000000000000e+02
5.291000000000000227e+02 4.081000000000000227e+02
3.500000000000000000e+00 4.095000000000000000e+02
9.043333333299999310e+01 4.101000000000000227e+02
3.041000000000000227e+02 4.098999999999999773e+02
1.412222222219999992e+02 4.113888888889999862e+02
2.397500000000000000e+02 4.118333333329999846e+02
3.245666666669999927e+02 4.121000000000000227e+02
5.060000000000000142e+01 4.145500000000000114e+02
3.685000000000000000e+02 4.145000000000000000e+02
4.006176470589999781e+02 4.139117647059999854e+02
4.356333333329999959e+02 4.139666666670000268e+02
6.300000000000000000e+01 4.155000000000000000e+02
1.817500000000000000e+02 4.149166666670000154e+02
2.812142857140000274e+02 4.160000000000000000e+02
5.410000000000000000e+02 4.170000000000000000e+02
1.368750000000000000e+01 4.186250000000000000e+02
2.001666666669999870e+02 4.175833333329999846e+02
5.607857142860000295e+02 4.180000000000000000e+02
4.116052631580000138e+02 4.220789473680000015e+02
3.125000000000000000e+01 4.228750000000000000e+02
1.590000000000000000e+02 4.230000000000000000e+02
2.161818181820000007e+02 4.233181818180000278e+02
4.535000000000000000e+02 4.235000000000000000e+02
3.435000000000000000e+02 4.240000000000000000e+02
5.033421052630000077e+02 4.256578947369999923e+02
3.125666666669999927e+02 4.263666666670000041e+02
3.880000000000000000e+02 4.260000000000000000e+02
4.818529411760000016e+02 4.260294117650000203e+02
1.107500000000000000e+02 4.282500000000000000e+02
2.320294117649999919e+02 4.293235294120000276e+02
3.645909090910000145e+02 4.301363636359999987e+02
6.128947368400000073e+01 4.315000000000000000e+02
1.459166666669999870e+02 4.312500000000000000e+02
5.746428571430000147e+02 4.314285714289999873e+02
8.650000000000000000e+01 4.320000000000000000e+02
2.916111111110000138e+02 4.316111111110000138e+02
3.194499999999999886e+02 4.323999999999999773e+02
4.270882352940000146e+02 4.323823529410000219e+02
2.051999999999999886e+02 4.331999999999999886e+02
4.890000000000000000e+02 4.330000000000000000e+02
2.550000000000000000e+02 4.340000000000000000e+02
1.305500000000000114e+02 4.357500000000000000e+02
1.847500000000000000e+02 4.362500000000000000e+02
5.261666666669999586e+02 4.368999999999999773e+02
1.640882352939999862e+02 4.373823529410000219e+02
2.785000000000000000e+02 4.365000000000000000e+02
2.322500000000000000e+02 4.387500000000000000e+02
4.593750000000000000e+01 4.398750000000000000e+02
3.465000000000000000e+02 4.392142857140000274e+02
5.471153846150000390e+02 4.401153846149999822e+02
2.255000000000000000e+02 4.410000000000000000e+02
3.870000000000000000e+02 4.405000000000000000e+02
1.045000000000000000e+02 4.425000000000000000e+02
2.085000000000000000e+02 4.426363636359999987e+02
5.077857142859999726e+02 4.420000000000000000e+02
1.000000000000000000e+01 4.442142857140000274e+02
3.990000000000000000e+02 4.452142857140000274e+02
5.637222222220000276e+02 4.460000000000000000e+02
8.485294117600000163e+01 4.475000000000000000e+02
4.606250000000000000e+02 4.466250000000000000e+02
1.525000000000000000e+02 4.480000000000000000e+02
3.244130434780000201e+02 4.487173913039999888e+02
4.270000000000000000e+02 4.473000000000000114e+02
5.365000000000000000e+02 4.486176470589999781e+02
2.534166666669999870e+02 4.491666666670000154e+02
2.938529411760000016e+02 4.499705882349999797e+02
3.727666666669999813e+02 4.501666666670000154e+02
5.840000000000000000e+02 4.495000000000000000e+02
1.226578947370000066e+02 4.532368421049999938e+02
3.080000000000000000e+02 4.525000000000000000e+02
4.376176470589999781e+02 4.530882352940000146e+02
4.735000000000000000e+02 4.535000000000000000e+02
4.580000000000000000e+02 4.540555555560000016e+02
4.907857142859999726e+02 4.540000000000000000e+02
1.923888888889999862e+02 4.552222222220000276e+02
2.717857142859999726e+02 4.560000000000000000e+02
5.477777777800000081e+01 4.574444444439999984e+02
2.370384615380000071e+02 4.573461538459999929e+02
3.350000000000000000e+01 4.580000000000000000e+02
3.422500000000000000e+02 4.581666666670000154e+02
1.008846153850000036e+02 4.591153846149999822e+02
1.430000000000000000e+02 4.592142857140000274e+02
4.177105263160000277e+02 4.605000000000000000e+02
5.201666666669999586e+02 4.608333333329999846e+02
3.928000000000000114e+02 4.613999999999999773e+02
3.612857142859999726e+02 4.618571428569999853e+02
1.645909090909999861e+02 4.628636363640000013e+02
2.289166666669999870e+02 4.637500000000000000e+02
3.700000000000000000e+01 4.690000000000000000e+02
2.881428571430000147e+02 4.707142857140000274e+02
2.350000000000000000e+01 4.710000000000000000e+02
1.161153846149999964e+02 4.711153846149999822e+02
2.780714285710000127e+02 4.715000000000000000e+02
3.077857142859999726e+02 4.710000000000000000e+02
4.326111111110000138e+02 4.712222222220000276e+02
4.826578947369999923e+02 4.716578947369999923e+02
5.635000000000000000e+02 4.715000000000000000e+02
2.047777777780000008e+02 4.723888888889999862e+02
5.000000000000000000e+02 4.722142857140000274e+02
5.509117647059999854e+02 4.726176470589999781e+02
4.242142857140000274e+02 4.730000000000000000e+02
7.713636363599999868e+01 4.735909090910000145e+02
1.835000000000000000e+02 4.743000000000000114e+02
2.467857142860000010e+02 4.750000000000000000e+02
3.383823529410000219e+02 4.749117647059999854e+02
3.700000000000000000e+02 4.747857142859999726e+02
5.350000000000000000e+02 4.775000000000000000e+02
3.985000000000000000e+02 4.780000000000000000e+02
4.481153846149999822e+02 4.781153846149999822e+02
1.340882352939999862e+02 4.796176470589999781e+02
1.490625000000000000e+02 4.797500000000000000e+02
1.677941176470000073e+02 4.806176470589999781e+02
5.478571428600000104e+01 4.810000000000000000e+02
9.836666666700000405e+01 4.809666666670000268e+02
2.305000000000000000e+02 4.813000000000000114e+02
3.749615384620000214e+02 4.813461538459999929e+02
4.340000000000000000e+02 4.800000000000000000e+02
4.702894736839999723e+02 4.821315789469999800e+02
7.900000000000000000e+01 4.840000000000000000e+02
5.763823529410000219e+02 4.840882352940000146e+02
1.921052632000000093e+00 4.853947368419999862e+02
2.028846153849999894e+02 4.861153846149999822e+02
4.920333333329999732e+02 4.863666666670000041e+02
4.752333333330000187e+02 4.878333333329999846e+02
3.044117647099999857e+01 4.891470588239999984e+02
3.000000000000000000e+02 4.887857142859999726e+02
3.582142857140000274e+02 4.895000000000000000e+02
5.150000000000000000e+02 4.895000000000000000e+02
5.600454545449999841e+02 4.903636363640000013e+02
2.695000000000000000e+02 4.918529411760000016e+02
4.850000000000000000e+01 4.921470588239999984e+02
2.440000000000000000e+02 4.920000000000000000e+02
1.452500000000000000e+02 4.931666666670000154e+02
3.175588235289999943e+02 4.941470588239999984e+02
1.212142857139999990e+02 4.950000000000000000e+02
2.138571428570000137e+02 4.957142857140000274e+02
3.926176470589999781e+02 4.950882352940000146e+02
4.536999999999999886e+02 4.963000000000000114e+02
4.371000000000000227e+02 4.968999999999999773e+02
3.384333333330000073e+02 4.992333333330000187e+02
3.575909090910000145e+02 4.988636363640000013e+02
6.883333333299999879e+01 4.996111111110000138e+02
1.035000000000000000e+02 5.007105263160000277e+02
1.605000000000000000e+02 5.010000000000000000e+02
1.877857142860000010e+02 5.010000000000000000e+02
2.329166666669999870e+02 5.012500000000000000e+02
1.313235294119999992e+02 5.025588235289999943e+02
5.319545454550000159e+02 5.021363636359999987e+02
8.275000000000000000e+01 5.028750000000000000e+02
4.725000000000000000e+02 5.040000000000000000e+02
4.138999999999999773e+02 5.048999999999999773e+02
5.030000000000000000e+02 5.052142857140000274e+02
5.519615384620000214e+02 5.053461538459999929e+02
2.495000000000000000e+02 5.063823529410000219e+02
1.655555555600000162e+01 5.077222222220000276e+02
3.058076923080000142e+02 5.084230769229999964e+02
3.735000000000000000e+02 5.081470588239999984e+02
5.156818181820000291e+02 5.086818181819999722e+02
3.600000000000000000e+01 5.100000000000000000e+02
2.759375000000000000e+02 5.101250000000000000e+02
4.844473684210000215e+02 5.114473684210000215e+02
2.069000000000000057e+02 5.124333333329999505e+02
1.532199999999999989e+02 5.143799999999999955e+02
3.235909090910000145e+02 5.131363636360000555e+02
2.207500000000000000e+02 5.140833333330000414e+02
4.275000000000000000e+02 5.149285714290000442e+02
5.291000000000000227e+02 5.151000000000000227e+02
5.774473684209999647e+02 5.156578947369999923e+02
2.928333333329999846e+02 5.162500000000000000e+02
4.486818181819999722e+02 5.166818181820000291e+02
1.929666666669999984e+02 5.183666666670000041e+02
6.829999999999999716e+01 5.196499999999999773e+02
1.275769230770000036e+02 5.187307692309999538e+02
3.545000000000000000e+02 5.195000000000000000e+02
5.490000000000000000e+02 5.192142857139999705e+02
1.717727272729999868e+02 5.201363636360000555e+02
2.588999999999999773e+02 5.208999999999999773e+02
3.742500000000000000e+02 5.211666666669999586e+02
3.958684210530000200e+02 5.208684210530000200e+02
5.025000000000000000e+02 5.213823529410000219e+02
2.231250000000000000e+01 5.246875000000000000e+02
2.380294117649999919e+02 5.258529411759999448e+02
4.615000000000000000e+02 5.251315789469999800e+02
9.520588235300000690e+01 5.276176470589999781e+02
3.060789473680000015e+02 5.285000000000000000e+02
1.047727272730000010e+02 5.295454545449999841e+02
4.850000000000000000e+01 5.310000000000000000e+02
2.800789473680000015e+02 5.313947368420000430e+02
1.638636363640000013e+02 5.314090909090000423e+02
1.055000000000000071e+01 5.336000000000000227e+02
5.482692307690000462e+02 5.333461538459999929e+02
1.430000000000000000e+02 5.347857142860000295e+02
2.910384615379999786e+02 5.353461538459999929e+02
3.652647058819999870e+02 5.352647058820000439e+02
4.110882352940000146e+02 5.353823529410000219e+02
2.550000000000000000e+01 5.363571428569999853e+02
4.781000000000000227e+02 5.358999999999999773e+02
6.700000000000000000e+01 5.375000000000000000e+02
2.090384615380000071e+02 5.373461538459999929e+02
3.370000000000000000e+02 5.375000000000000000e+02
5.727105263160000277e+02 5.371315789469999800e+02
3.786428571430000147e+02 5.388571428569999853e+02
4.006333333329999959e+02 5.379666666670000268e+02
4.396578947369999923e+02 5.386578947369999923e+02
5.262500000000000000e+02 5.382500000000000000e+02
1.786578947369999923e+02 5.396578947369999923e+02
3.295000000000000000e+02 5.405000000000000000e+02
5.108636363640000013e+02 5.404090909090000423e+02
2.623571428569999853e+02 5.424285714290000442e+02
2.285000000000000000e+02 5.438529411759999448e+02
4.972500000000000000e+02 5.431250000000000000e+02
1.252500000000000000e+02 5.449375000000000000e+02
5.842500000000000000e+02 5.465000000000000000e+02
3.021363636359999987e+02 5.475909090909999577e+02
2.050000000000000000e+02 5.495000000000000000e+02
4.288529411760000016e+02 5.499705882350000365e+02
5.050000000000000000e+01 5.512142857139999705e+02
9.273529411799999878e+01 5.522058823529999927e+02
3.660000000000000000e+02 5.525000000000000000e+02
4.410000000000000000e+02 5.517857142860000295e+02
5.115384614999999968e+00 5.548846153849999610e+02
4.644444444439999984e+02 5.557777777779999724e+02
3.331470588239999984e+02 5.559705882350000365e+02
3.467666666669999813e+02 5.562999999999999545e+02
5.446904761900000267e+02 5.563571428569999853e+02
5.682272727270000132e+02 5.562727272729999868e+02
5.210000000000000000e+02 5.572142857139999705e+02
1.630625000000000000e+02 5.587500000000000000e+02
2.281153846150000106e+02 5.578846153849999610e+02
2.723666666670000041e+02 5.580333333329999732e+02
2.474473684209999931e+02 5.592894736839999723e+02
3.150000000000000000e+01 5.605000000000000000e+02
3.121666666670000154e+02 5.601666666669999586e+02
3.926000000000000227e+02 5.604500000000000455e+02
1.308125000000000000e+02 5.615000000000000000e+02
4.229999999999999716e+01 5.615000000000000000e+02
1.140000000000000000e+02 5.615000000000000000e+02
4.910000000000000000e+02 5.616428571430000147e+02
7.200000000000000000e+01 5.621666666669999586e+02
1.725000000000000000e+02 5.620000000000000000e+02
5.050000000000000000e+02 5.625000000000000000e+02
