1.035714285699999948e+01 1.571428570999999996e+00
5.400000000000000000e+01 5.000000000000000000e-01
7.650000000000000000e+01 5.000000000000000000e-01
8.650000000000000000e+01 5.000000000000000000e-01
1.350000000000000000e+02 8.333333330000000094e-01
1.565000000000000000e+02 1.055555556000000061e+00
2.476666666669999870e+02 8.333333330000000094e-01
4.275000000000000000e+02 8.750000000000000000e-01
3.160000000000000000e+02 4.500000000000000000e+00
1.744545454549999874e+02 5.227272726999999897e+00
2.225909090909999861e+02 4.863636364000000434e+00
5.881666666669999586e+02 5.166666667000000324e+00
5.558999999999999773e+02 5.900000000000000355e+00
1.960333333330000016e+02 7.633333333000000387e+00
4.668636363640000013e+02 6.409090908999999670e+00
3.273333333329999846e+02 8.666666666999999435e+00
3.538125000000000000e+02 8.687500000000000000e+00
2.817500000000000000e+02 9.750000000000000000e+00
4.063500000000000227e+02 1.025000000000000000e+01
5.048529411760000016e+02 1.050000000000000000e+01
2.629444444439999984e+02 1.138888888900000040e+01
3.717105263160000277e+02 1.186842105300000050e+01
5.281000000000000227e+02 1.109999999999999964e+01
3.075000000000000000e+01 1.206250000000000000e+01
4.863823529410000219e+02 1.191176470599999959e+01
7.150000000000000000e+01 1.269999999999999929e+01
3.066000000000000227e+02 1.344999999999999929e+01
3.965000000000000000e+02 1.250000000000000000e+01
1.348125000000000000e+02 1.443750000000000000e+01
2.123823529409999935e+02 1.391176470599999959e+01
9.500000000000000000e+01 1.521428571400000074e+01
4.468529411760000016e+02 1.650000000000000000e+01
1.017105263159999993e+02 1.750000000000000000e+01
2.420999999999999943e+02 1.789999999999999858e+01
4.242222222220000276e+02 1.838888888900000040e+01
4.601666666670000154e+02 1.738888888900000040e+01
1.791666666669999870e+02 2.041666666700000121e+01
5.427142857139999705e+02 2.014285714300000052e+01
4.672894736839999723e+02 2.250000000000000000e+01
4.943181818180000278e+02 2.231818181799999934e+01
3.226111111110000138e+02 2.333333333299999879e+01
3.726578947369999923e+02 2.344736842100000018e+01
5.600000000000000000e+01 2.427777777800000081e+01
5.117500000000000000e+02 2.412500000000000000e+01
1.561666666669999870e+02 2.550000000000000000e+01
5.658999999999999773e+02 2.489999999999999858e+01
5.818684210530000200e+02 2.628947368400000073e+01
7.278571428600000104e+01 2.788095238100000017e+01
3.505000000000000000e+02 2.800000000000000000e+01
2.746999999999999886e+02 2.750000000000000000e+01
2.831153846149999822e+02 2.788461538500000003e+01
4.109615384620000214e+02 2.842307692299999999e+01
1.254000000000000057e+02 2.944999999999999929e+01
1.794444444399999838e+01 3.061111111099999960e+01
2.033333333330000130e+02 3.050000000000000000e+01
3.069615384620000214e+02 2.965384615400000001e+01
5.062500000000000000e+02 3.125000000000000000e+01
4.316666666700000121e+01 3.161111111099999960e+01
3.881153846149999822e+02 3.288461538499999648e+01
4.497777777779999724e+02 3.361111111099999960e+01
1.767941176470000073e+02 3.438235294100000061e+01
2.215000000000000000e+02 3.350000000000000000e+01
5.347500000000000000e+02 3.483333333299999879e+01
1.060000000000000000e+02 3.578571428600000104e+01
1.394375000000000000e+02 3.637500000000000000e+01
5.528846153849999610e+02 3.688461538499999648e+01
3.665909090910000145e+02 3.813636363599999868e+01
3.862857142859999726e+02 3.857142857099999844e+01
4.283888888889999862e+02 3.822222222199999919e+01
5.273888888889999862e+02 3.822222222199999919e+01
8.750000000000000000e+00 3.925000000000000000e+01
2.533000000000000114e+02 3.850000000000000000e+01
3.390000000000000000e+02 4.050000000000000000e+01
4.020000000000000000e+02 4.000000000000000000e+01
1.620999999999999943e+02 4.110000000000000142e+01
2.378333333330000130e+02 4.158333333299999879e+01
6.571428571399999896e+01 4.285714285699999948e+01
2.978999999999999773e+02 4.289999999999999858e+01
4.032352941199999918e+01 4.467647058800000082e+01
9.504166666700000121e+01 4.487500000000000000e+01
2.640294117650000203e+02 4.514705882399999837e+01
1.150000000000000000e+02 4.650000000000000000e+01
5.698125000000000000e+02 4.668750000000000000e+01
2.236666666700000050e+01 4.696666666699999837e+01
3.684333333330000073e+02 4.689999999999999858e+01
4.795000000000000000e+02 4.786842105299999872e+01
5.440000000000000000e+02 4.650000000000000000e+01
1.441315789470000084e+02 4.871052631599999927e+01
3.750000000000000000e+00 4.887500000000000000e+01
1.997777777780000008e+02 5.038888888900000040e+01
4.443000000000000114e+02 4.950000000000000000e+01
2.253095238100000017e+02 5.164285714300000052e+01
3.959615384620000214e+02 5.234615384599999999e+01
4.661666666670000154e+02 5.223333333299999737e+01
4.911000000000000227e+02 5.189999999999999858e+01
2.851250000000000000e+02 5.525000000000000000e+01
3.340000000000000000e+02 5.500000000000000000e+01
3.502142857140000274e+02 5.500000000000000000e+01
6.822222222199999919e+01 5.761111111099999960e+01
5.515000000000000000e+02 5.750000000000000000e+01
3.130000000000000000e+02 5.750000000000000000e+01
4.192500000000000000e+02 5.925000000000000000e+01
5.859615384620000214e+02 5.934615384599999999e+01
9.270000000000000284e+01 6.070000000000000284e+01
2.545000000000000000e+02 6.050000000000000000e+01
5.121666666669999586e+02 6.025000000000000000e+01
1.855434782609999900e+02 6.210869565200000153e+01
4.808000000000000114e+02 6.079999999999999716e+01
1.050833333329999988e+02 6.175000000000000000e+01
1.682857142860000010e+02 6.285714285699999948e+01
5.709117647059999854e+02 6.361764705899999939e+01
3.381153846149999822e+02 6.411538461499999642e+01
2.311538461499999997e+01 6.488461538500000358e+01
4.450000000000000000e+01 6.500000000000000000e+01
1.271363636359999987e+02 6.459090909100000033e+01
3.788529411760000016e+02 6.550000000000000000e+01
2.201875000000000000e+02 6.837500000000000000e+01
3.138846153850000178e+02 6.811538461499999642e+01
5.330000000000000000e+02 6.821428571399999896e+01
4.536111111110000138e+02 6.883333333299999879e+01
1.976176470590000065e+02 7.008823529400000041e+01
2.658846153850000178e+02 7.088461538500000358e+01
4.020000000000000000e+02 7.172222222199999919e+01
4.261000000000000227e+02 7.090000000000000568e+01
4.930000000000000000e+02 7.100000000000000000e+01
7.668181818200000066e+01 7.168181818200000066e+01
2.435526315790000069e+02 7.265789473700000656e+01
3.526000000000000227e+02 7.345000000000000284e+01
3.025000000000000000e+02 7.429999999999999716e+01
9.437500000000000000e+00 7.675000000000000000e+01
1.460000000000000000e+02 7.578571428600000104e+01
4.641000000000000227e+02 7.590000000000000568e+01
5.156538461540000071e+02 7.680769230800000003e+01
1.081666666670000012e+02 7.738888888900000040e+01
1.290714285710000127e+02 7.892857142900000156e+01
2.870000000000000000e+02 7.872222222199999919e+01
5.682333333330000187e+02 7.816666666700000121e+01
5.600000000000000000e+01 7.921428571399999896e+01
4.176764705879999724e+02 8.132352941199999918e+01
3.641818181819999722e+02 8.254545454499999835e+01
5.905000000000000000e+02 8.100000000000000000e+01
3.534210526300000055e+01 8.423684210499999381e+01
1.765000000000000000e+02 8.400000000000000000e+01
4.875000000000000000e+02 8.400000000000000000e+01
3.921000000000000227e+02 8.490000000000000568e+01
2.297857142860000010e+02 8.600000000000000000e+01
5.342142857139999705e+02 8.600000000000000000e+01
1.590333333330000016e+02 8.836666666700000405e+01
2.417500000000000000e+02 8.750000000000000000e+01
3.141153846149999822e+02 8.788461538500000358e+01
3.311250000000000000e+02 8.875000000000000000e+01
9.608823529400000041e+01 8.938235294099999351e+01
2.625000000000000000e+02 9.150000000000000000e+01
5.000000000000000000e+02 9.100000000000000000e+01
5.888529411759999448e+02 9.097058823499999392e+01
4.468846153850000178e+02 9.188461538500000358e+01
5.495625000000000000e+02 9.218750000000000000e+01
2.983421052630000077e+02 9.334210526299999344e+01
1.789666666669999984e+02 9.463333333299999595e+01
4.370000000000000000e+02 9.427777777800000081e+01
5.686111111110000138e+02 9.477777777800000081e+01
7.429999999999999716e+01 9.500000000000000000e+01
2.136578947369999923e+02 9.534210526299999344e+01
1.263333333329999988e+02 9.850000000000000000e+01
1.140000000000000000e+02 9.921428571399999896e+01
2.755000000000000000e+02 1.005000000000000000e+02
3.500000000000000000e+02 1.000000000000000000e+02
4.680000000000000000e+02 1.000000000000000000e+02
1.528947368400000073e+01 1.015000000000000000e+02
6.140909090899999967e+01 1.011363636359999987e+02
2.466999999999999886e+02 1.020000000000000000e+02
5.303461538459999929e+02 1.020384615380000071e+02
1.947777777780000008e+02 1.036666666670000012e+02
4.048333333329999846e+02 1.037666666669999955e+02
3.873333333329999846e+02 1.055000000000000000e+02
5.513999999999999773e+02 1.055499999999999972e+02
3.989999999999999858e+01 1.069000000000000057e+02
8.865789473700000656e+01 1.073421052629999934e+02
2.315000000000000000e+02 1.078684210530000058e+02
4.592142857140000274e+02 1.070000000000000000e+02
3.250625000000000000e+02 1.087500000000000000e+02
1.468846153849999894e+02 1.091153846149999964e+02
2.950000000000000000e+01 1.111666666670000012e+02
5.661363636360000555e+02 1.105909090910000003e+02
1.018846153850000036e+02 1.121153846149999964e+02
4.928529411760000016e+02 1.120294117650000061e+02
3.723888888889999862e+02 1.132222222219999992e+02
2.103461538459999929e+02 1.140384615380000071e+02
4.286666666670000154e+02 1.145000000000000000e+02
1.675000000000000000e+02 1.152999999999999972e+02
5.124500000000000455e+02 1.155999999999999943e+02
2.930882352940000146e+02 1.166176470590000065e+02
3.128750000000000000e+02 1.167500000000000000e+02
4.466428571430000147e+02 1.157857142860000010e+02
6.583333333299999879e+01 1.179166666670000012e+02
4.048529411760000016e+02 1.175000000000000000e+02
5.835000000000000000e+02 1.170000000000000000e+02
3.420000000000000000e+02 1.182142857139999990e+02
5.392857142860000295e+02 1.181428571430000005e+02
1.336666666700000050e+01 1.190333333330000016e+02
2.590000000000000000e+02 1.192777777780000008e+02
4.685526315789999785e+02 1.193421052629999934e+02
1.250000000000000000e+02 1.200000000000000000e+02
2.478636363640000013e+02 1.195909090910000003e+02
1.931153846150000106e+02 1.208846153850000036e+02
2.202142857139999990e+02 1.210000000000000000e+02
5.178571428600000104e+01 1.220000000000000000e+02
3.207142857140000274e+02 1.237142857139999990e+02
3.635476190480000014e+02 1.252619047620000003e+02
1.513888888889999862e+02 1.254444444439999984e+02
1.688750000000000000e+02 1.262500000000000000e+02
1.733185941039999989e+02 1.483458049889999870e+02
5.565769230769999467e+02 1.281923076920000142e+02
4.965000000000000000e+02 1.298809523809999860e+02
3.737142857140000274e+02 1.301428571429999863e+02
9.400000000000000000e+01 1.310000000000000000e+02
4.295000000000000000e+02 1.328529411760000016e+02
5.675909090909999577e+02 1.318636363640000013e+02
2.147222222219999992e+02 1.330000000000000000e+02
2.320294117649999919e+02 1.338529411760000016e+02
3.882142857140000274e+02 1.340000000000000000e+02
1.185000000000000000e+02 1.355000000000000000e+02
1.329000000000000057e+02 1.349000000000000057e+02
4.497666666669999813e+02 1.358333333330000130e+02
2.522058823529999927e+02 1.366176470590000065e+02
5.257777777779999724e+02 1.363888888889999862e+02
4.676428571430000147e+02 1.375714285710000127e+02
3.221428571399999896e+01 1.380000000000000000e+02
6.868181818200000066e+01 1.376818181820000007e+02
2.786818181819999722e+02 1.376818181820000007e+02
1.767857142860000010e+02 1.390000000000000000e+02
4.853461538459999929e+02 1.389615384619999929e+02
1.415000000000000000e+02 1.403947368419999862e+02
5.841153846150000390e+02 1.398846153849999894e+02
1.009999999999999964e+01 1.410999999999999943e+02
1.800000000000000000e+01 1.407857142860000010e+02
4.125000000000000000e+02 1.410000000000000000e+02
2.959615384620000214e+02 1.416538461540000071e+02
3.357222222220000276e+02 1.430000000000000000e+02
3.615000000000000000e+02 1.441315789470000084e+02
3.192857142859999726e+02 1.445714285710000127e+02
5.011000000000000227e+02 1.449000000000000057e+02
5.553666666670000041e+02 1.449666666669999984e+02
5.445000000000000000e+02 1.463666666670000041e+02
4.298636363640000013e+02 1.469545454549999874e+02
4.525000000000000000e+02 1.492647058819999870e+02
8.250000000000000000e+01 1.507105263159999993e+02
3.392894736839999723e+02 1.508684210529999916e+02
5.221000000000000227e+02 1.520999999999999943e+02
1.035000000000000000e+02 1.535000000000000000e+02
1.256428571430000005e+02 1.532142857139999990e+02
4.975000000000000000e+01 1.547500000000000000e+02
7.040000000000000568e+01 1.544499999999999886e+02
2.860625000000000000e+02 1.542500000000000000e+02
3.963823529410000219e+02 1.545000000000000000e+02
5.748333333330000414e+02 1.556250000000000000e+02
2.138846153849999894e+02 1.558846153849999894e+02
2.374000000000000057e+02 1.578000000000000114e+02
1.867083333330000130e+02 1.587083333330000130e+02
2.507500000000000000e+02 1.582500000000000000e+02
2.623947368419999862e+02 1.595000000000000000e+02
4.755526315789999785e+02 1.598684210529999916e+02
5.417857142860000295e+02 1.590000000000000000e+02
3.107380952380000281e+02 1.611190476190000140e+02
3.503000000000000114e+02 1.595000000000000000e+02
2.500000000000000000e+00 1.615000000000000000e+02
2.131153846150000106e+02 1.608846153849999894e+02
4.847857142859999726e+02 1.605000000000000000e+02
4.380000000000000000e+02 1.617857142860000010e+02
1.390000000000000000e+02 1.632142857139999990e+02
4.916739130430000273e+02 1.635000000000000000e+02
4.091666666670000154e+02 1.636111111110000138e+02
5.177000000000000455e+02 1.656999999999999886e+02
6.441176471000000348e+00 1.662647058819999870e+02
3.751153846149999822e+02 1.662692307689999893e+02
4.618529411760000016e+02 1.685000000000000000e+02
2.753750000000000000e+02 1.683750000000000000e+02
2.086842105299999872e+01 1.702894736840000007e+02
4.203846153799999996e+01 1.716538461540000071e+02
1.292142857139999990e+02 1.720000000000000000e+02
3.280000000000000000e+02 1.722142857139999990e+02
4.326176470589999781e+02 1.720882352939999862e+02
2.906250000000000000e+02 1.736250000000000000e+02
4.819375000000000000e+02 1.738750000000000000e+02
6.650000000000000000e+01 1.765000000000000000e+02
3.945500000000000114e+02 1.784000000000000057e+02
4.973421052630000077e+02 1.783421052630000077e+02
5.569375000000000000e+02 1.781250000000000000e+02
9.865789473700000656e+01 1.796578947369999923e+02
2.427272727270000132e+02 1.799545454549999874e+02
3.416818181819999722e+02 1.786818181820000007e+02
5.345000000000000000e+02 1.806052631580000138e+02
1.677857142860000010e+02 1.810000000000000000e+02
1.987105263159999993e+02 1.815000000000000000e+02
2.820000000000000000e+02 1.810000000000000000e+02
3.606111111110000138e+02 1.812222222219999992e+02
5.835000000000000000e+02 1.818529411760000016e+02
9.966666667000000146e+00 1.826333333329999959e+02
3.722222222220000276e+02 1.826111111110000138e+02
4.406111111110000138e+02 1.827777777780000008e+02
8.100000000000000000e+01 1.830000000000000000e+02
2.200882352939999862e+02 1.836176470590000065e+02
2.231818181799999934e+01 1.847727272729999868e+02
3.045555555560000016e+02 1.856666666669999870e+02
3.176538461540000071e+02 1.865000000000000000e+02
4.083000000000000114e+02 1.855000000000000000e+02
5.025000000000000000e+01 1.877500000000000000e+02
1.188461538500000003e+01 1.881153846150000106e+02
1.858846153849999894e+02 1.881153846150000106e+02
4.670384615379999786e+02 1.883461538459999929e+02
1.491999999999999886e+02 1.896500000000000057e+02
2.560000000000000000e+02 1.907222222219999992e+02
5.256578947369999923e+02 1.901842105259999869e+02
1.107857142860000010e+02 1.910000000000000000e+02
2.059347826089999955e+02 1.913260869570000011e+02
2.762500000000000000e+02 1.909166666669999870e+02
4.892222222220000276e+02 1.926111111110000138e+02
5.758333333330000414e+02 1.935000000000000000e+02
3.850000000000000000e+01 1.945000000000000000e+02
7.896666666699999837e+01 1.956333333329999959e+02
4.295000000000000000e+02 1.950000000000000000e+02
2.856333333329999959e+02 1.979666666669999984e+02
3.490882352940000146e+02 1.983823529409999935e+02
1.669000000000000057e+02 1.989000000000000057e+02
3.937307692310000107e+02 1.987307692310000107e+02
1.120000000000000000e+02 2.000000000000000000e+02
5.040000000000000000e+02 2.015000000000000000e+02
1.259666666669999984e+02 2.023666666670000041e+02
1.406250000000000000e+02 2.021875000000000000e+02
2.258846153849999894e+02 2.021153846150000106e+02
3.740000000000000000e+02 2.022777777780000008e+02
1.687500000000000000e+00 2.036875000000000000e+02
6.677777777800000081e+01 2.033888888889999862e+02
4.610000000000000000e+02 2.037222222219999992e+02
5.556000000000000227e+02 2.035500000000000114e+02
5.322142857139999705e+02 2.040000000000000000e+02
2.601190476190000140e+02 2.067380952379999997e+02
4.460000000000000000e+02 2.055000000000000000e+02
1.955500000000000114e+02 2.074000000000000057e+02
2.360000000000000000e+02 2.070000000000000000e+02
2.987777777779999724e+02 2.073888888889999862e+02
3.371818181819999722e+02 2.076363636359999987e+02
9.021428571399999896e+01 2.090000000000000000e+02
2.055000000000000071e+01 2.102500000000000000e+02
2.708000000000000114e+02 2.110000000000000000e+02
4.989999999999999858e+01 2.120999999999999943e+02
1.552142857139999990e+02 2.120000000000000000e+02
3.205000000000000000e+02 2.120000000000000000e+02
4.158333333329999846e+02 2.121666666669999870e+02
5.690000000000000000e+02 2.125000000000000000e+02
7.000000000000000000e+00 2.140000000000000000e+02
3.873750000000000000e+02 2.136250000000000000e+02
4.835555555560000016e+02 2.145000000000000000e+02
1.282142857139999990e+02 2.150000000000000000e+02
5.168636363639999445e+02 2.145909090909999861e+02
4.541363636359999987e+02 2.154090909090000139e+02
2.093750000000000000e+02 2.173750000000000000e+02
5.335909090909999577e+02 2.184090909090000139e+02
1.020789473680000015e+02 2.193947368419999862e+02
1.745526315790000069e+02 2.191842105259999869e+02
3.512500000000000000e+02 2.197500000000000000e+02
5.060454545449999841e+02 2.191363636359999987e+02
5.880333333329999732e+02 2.196333333329999959e+02
7.659090909100000033e+01 2.198636363640000013e+02
4.370000000000000000e+02 2.202142857139999990e+02
5.498999999999999773e+02 2.200999999999999943e+02
1.191153846149999964e+02 2.208846153849999894e+02
2.850473684209999874e+02 2.263421052630000077e+02
3.707500000000000000e+02 2.220000000000000000e+02
2.278333333330000130e+02 2.227500000000000000e+02
2.481666666669999870e+02 2.245000000000000000e+02
3.284375000000000000e+02 2.267500000000000000e+02
5.732500000000000000e+02 2.263499999999999943e+02
2.488461538500000003e+01 2.271153846150000106e+02
5.146818181820000291e+02 2.293181818179999993e+02
4.087307692310000107e+02 2.316538461540000071e+02
6.000000000000000000e+01 2.320000000000000000e+02
7.872222222199999919e+01 2.334444444439999984e+02
1.506176470590000065e+02 2.329117647060000138e+02
2.022222222219999992e+02 2.336111111110000138e+02
1.620000000000000000e+02 2.340000000000000000e+02
4.526470588200000122e+01 2.357352941180000130e+02
3.142142857140000274e+02 2.365000000000000000e+02
4.258529411760000016e+02 2.360294117649999919e+02
4.933095238099999733e+02 2.366428571429999863e+02
4.445000000000000000e+02 2.365000000000000000e+02
4.655555555560000016e+02 2.372777777780000008e+02
1.293235294119999992e+02 2.384411764710000057e+02
2.202647058819999870e+02 2.380882352939999862e+02
2.924499999999999886e+02 2.385999999999999943e+02
3.887727272729999868e+02 2.389090909090000139e+02
1.068846153850000036e+02 2.388846153849999894e+02
3.601153846149999822e+02 2.388846153849999894e+02
2.637105263160000277e+02 2.401315789470000084e+02
5.290000000000000000e+02 2.415000000000000000e+02
5.944444444000000161e+00 2.436111111110000138e+02
6.709999999999999432e+01 2.430999999999999943e+02
2.398333333330000130e+02 2.436428571429999863e+02
4.045434782610000184e+02 2.435434782609999900e+02
4.310000000000000000e+02 2.432142857139999990e+02
3.753181818180000278e+02 2.443181818179999993e+02
5.115833333329999846e+02 2.438333333330000130e+02
5.575000000000000000e+02 2.455000000000000000e+02
2.145000000000000000e+02 2.456999999999999886e+02
4.555909090910000145e+02 2.465909090909999861e+02
4.743571428569999853e+02 2.470000000000000000e+02
1.531666666669999870e+02 2.482500000000000000e+02
3.450833333329999846e+02 2.492500000000000000e+02
4.514285714300000052e+01 2.507142857139999990e+02
8.414705882399999837e+01 2.499705882350000081e+02
1.771153846150000106e+02 2.501153846150000106e+02
2.730000000000000000e+02 2.515000000000000000e+02
2.627777777800000081e+01 2.525555555560000016e+02
1.071153846149999964e+02 2.521153846150000106e+02
1.290999999999999943e+02 2.520999999999999943e+02
1.995909090909999861e+02 2.525909090909999861e+02
3.695909090910000145e+02 2.528636363640000013e+02
4.838076923080000142e+02 2.535769230770000036e+02
3.312500000000000000e+02 2.540625000000000000e+02
5.779117647059999854e+02 2.553823529409999935e+02
5.468333333330000414e+02 2.565416666670000154e+02
4.973888888889999862e+02 2.572222222220000276e+02
2.910000000000000000e+02 2.582142857140000274e+02
2.305000000000000000e+02 2.597105263160000277e+02
3.083421052630000077e+02 2.593421052630000077e+02
2.545000000000000000e+02 2.605000000000000000e+02
4.126176470589999781e+02 2.619117647059999854e+02
8.911764705999999592e+00 2.633823529410000219e+02
5.750000000000000000e+01 2.635000000000000000e+02
5.232142857139999705e+02 2.630000000000000000e+02
1.729000000000000057e+02 2.641000000000000227e+02
3.146999999999999886e+02 2.650000000000000000e+02
3.918750000000000000e+02 2.642500000000000000e+02
1.218636363640000013e+02 2.644090909089999855e+02
5.901250000000000000e+02 2.685000000000000000e+02
4.071052631599999927e+01 2.698684210530000200e+02
1.903421052630000077e+02 2.696578947369999923e+02
3.573666666670000041e+02 2.689666666670000268e+02
4.627307692310000107e+02 2.692692307689999893e+02
1.500000000000000000e+02 2.697857142859999726e+02
4.295500000000000114e+02 2.706000000000000227e+02
5.666538461540000071e+02 2.700384615379999786e+02
1.072619047620000003e+02 2.712142857140000274e+02
4.463666666670000041e+02 2.709666666670000268e+02
2.710000000000000000e+02 2.725000000000000000e+02
3.311000000000000227e+02 2.721000000000000227e+02
5.097352941180000130e+02 2.737941176470000073e+02
8.678571428600000104e+01 2.740000000000000000e+02
4.904444444439999984e+02 2.746111111110000138e+02
3.923181818180000278e+02 2.753181818180000278e+02
3.806111111110000138e+02 2.761666666670000154e+02
4.740000000000000000e+02 2.755000000000000000e+02
2.365000000000000000e+02 2.773000000000000114e+02
1.364285714289999873e+02 2.779285714289999873e+02
6.600000000000000000e+01 2.787857142859999726e+02
2.127500000000000000e+02 2.793500000000000227e+02
5.725000000000000000e+02 2.800000000000000000e+02
3.011666666670000154e+02 2.803888888889999862e+02
1.564285714300000052e+01 2.846904761900000267e+02
4.421428571399999896e+01 2.840000000000000000e+02
1.570000000000000000e+02 2.836999999999999886e+02
3.447857142859999726e+02 2.845000000000000000e+02
5.353750000000000000e+02 2.836250000000000000e+02
1.767307692310000107e+02 2.848846153850000178e+02
2.567962962959999800e+02 2.862777777779999724e+02
3.710000000000000000e+02 2.850000000000000000e+02
4.063823529410000219e+02 2.847941176470000073e+02
2.865909090910000145e+02 2.861363636359999987e+02
4.415000000000000000e+02 2.861470588239999984e+02
5.471428571430000147e+02 2.865714285710000127e+02
2.250000000000000000e+02 2.867857142859999726e+02
3.193571428569999853e+02 2.875714285710000127e+02
3.858999999999999773e+02 2.868999999999999773e+02
4.750000000000000000e+02 2.870000000000000000e+02
2.740000000000000000e+02 2.875000000000000000e+02
1.876578947369999923e+02 2.896578947369999923e+02
4.895000000000000000e+02 2.907105263160000277e+02
2.049615384619999929e+02 2.935000000000000000e+02
5.881153846150000390e+02 2.927307692310000107e+02
9.590000000000000568e+01 2.944333333330000073e+02
1.092142857139999990e+02 2.940000000000000000e+02
2.405769230770000036e+02 2.961153846149999822e+02
4.536111111110000138e+02 2.967777777779999724e+02
3.022222222199999919e+01 2.971111111110000138e+02
5.590000000000000000e+02 2.970000000000000000e+02
1.492058823529999927e+02 2.983823529410000219e+02
4.271000000000000227e+02 2.991000000000000227e+02
5.315000000000000000e+02 2.988750000000000000e+02
1.229117647059999996e+02 3.003823529410000219e+02
4.045000000000000000e+02 3.000000000000000000e+02
3.054047619049999867e+02 3.016904761900000267e+02
6.450000000000000000e+01 3.030000000000000000e+02
3.272142857140000274e+02 3.030000000000000000e+02
3.680882352940000146e+02 3.043823529410000219e+02
3.045454545000000124e+00 3.053636363640000013e+02
1.000999999999999943e+02 3.048999999999999773e+02
1.666333333329999959e+02 3.059666666670000268e+02
2.638333333329999846e+02 3.068333333329999846e+02
3.882142857140000274e+02 3.060000000000000000e+02
7.240909090899999967e+01 3.081363636359999987e+02
1.504000000000000057e+02 3.084499999999999886e+02
3.232058823529999927e+02 3.086176470589999781e+02
3.440000000000000000e+02 3.075000000000000000e+02
5.078333333329999846e+02 3.082333333330000187e+02
5.751153846150000390e+02 3.078846153850000178e+02
2.840000000000000000e+02 3.095000000000000000e+02
4.089999999999999858e+01 3.098999999999999773e+02
2.205000000000000000e+02 3.110000000000000000e+02
4.392500000000000000e+02 3.124375000000000000e+02
1.991176470599999959e+01 3.136176470589999781e+02
4.868684210530000200e+02 3.132894736839999723e+02
1.976578947369999923e+02 3.153421052630000077e+02
2.405000000000000000e+02 3.150000000000000000e+02
5.367999999999999545e+02 3.153500000000000227e+02
4.609615384620000214e+02 3.163461538459999929e+02
1.796999999999999886e+02 3.165000000000000000e+02
1.225952380949999991e+02 3.195952380950000133e+02
3.378636363640000013e+02 3.185909090910000145e+02
4.108333333329999846e+02 3.192500000000000000e+02
5.050000000000000000e+01 3.213333333329999846e+02
2.162500000000000000e+02 3.221666666670000154e+02
4.320000000000000000e+02 3.217857142859999726e+02
5.540000000000000000e+02 3.222777777779999724e+02
1.687777777780000008e+02 3.236111111110000138e+02
5.005000000000000000e+02 3.230000000000000000e+02
5.891666666669999586e+02 3.235000000000000000e+02
7.511538461499999642e+01 3.238846153850000178e+02
3.170000000000000000e+02 3.235000000000000000e+02
5.190000000000000000e+02 3.240000000000000000e+02
1.006250000000000000e+01 3.249375000000000000e+02
2.975500000000000114e+02 3.251999999999999886e+02
5.742142857139999705e+02 3.250000000000000000e+02
3.513157894700000128e+01 3.269736842109999770e+02
3.614523809519999986e+02 3.276904761900000267e+02
4.880454545449999841e+02 3.268636363640000013e+02
3.964090909089999855e+02 3.295909090910000145e+02
1.528333333330000130e+02 3.308333333329999846e+02
2.496333333329999959e+02 3.300333333329999732e+02
3.802142857140000274e+02 3.300000000000000000e+02
9.038888888900000040e+01 3.312222222220000276e+02
2.701000000000000227e+02 3.311000000000000227e+02
4.705833333329999846e+02 3.315000000000000000e+02
4.495000000000000000e+02 3.320000000000000000e+02
1.367857142860000010e+02 3.330000000000000000e+02
1.950000000000000000e+02 3.330000000000000000e+02
1.782058823529999927e+02 3.342647058819999870e+02
5.526666666669999586e+02 3.345000000000000000e+02
1.102142857139999990e+02 3.350000000000000000e+02
4.168999999999999773e+02 3.361000000000000227e+02
5.331000000000000227e+02 3.371000000000000227e+02
2.311153846150000106e+02 3.381153846149999822e+02
3.211666666670000154e+02 3.385000000000000000e+02
3.441315789469999800e+02 3.392894736839999723e+02
7.211538461499999642e+01 3.401153846149999822e+02
4.282058823529999927e+02 3.419117647059999854e+02
3.661764705899999939e+01 3.420882352940000146e+02
4.965384615400000001e+01 3.420384615379999786e+02
9.261764705900000649e+01 3.420882352940000146e+02
3.070000000000000000e+02 3.435000000000000000e+02
5.024230769229999964e+02 3.445000000000000000e+02
2.126818181820000007e+02 3.453181818180000278e+02
2.484473684209999931e+02 3.456578947369999923e+02
2.821315789469999800e+02 3.462894736839999723e+02
3.920000000000000000e+02 3.465000000000000000e+02
5.800000000000000000e+02 3.480000000000000000e+02
1.300909090909999861e+02 3.508636363640000013e+02
3.723461538459999929e+02 3.500384615379999786e+02
5.200000000000000000e+02 3.497857142859999726e+02
1.034210526300000055e+01 3.513421052630000077e+02
4.670384615379999786e+02 3.513461538459999929e+02
1.725000000000000000e+02 3.520000000000000000e+02
2.330882352939999862e+02 3.523823529410000219e+02
1.556111111110000138e+02 3.532222222220000276e+02
1.936176470590000065e+02 3.537941176470000073e+02
4.840000000000000000e+02 3.540000000000000000e+02
5.576818181820000291e+02 3.543181818180000278e+02
3.628333333329999846e+02 3.552500000000000000e+02
4.142857142859999726e+02 3.552857142859999726e+02
6.300000000000000000e+01 3.557857142859999726e+02
4.516578947369999923e+02 3.575526315789999785e+02
2.957500000000000000e+02 3.587500000000000000e+02
3.411000000000000227e+02 3.581000000000000227e+02
3.695476190480000014e+02 3.591190476190000140e+02
2.170000000000000000e+02 3.600000000000000000e+02
4.978636363640000013e+02 3.605909090910000145e+02
4.525000000000000000e+01 3.618333333329999846e+02
1.025555555560000016e+02 3.625000000000000000e+02
3.485714285699999948e+01 3.632857142859999726e+02
5.405909090909999577e+02 3.631363636359999987e+02
8.810869565199999442e+01 3.650217391300000145e+02
2.772142857140000274e+02 3.640000000000000000e+02
4.658999999999999773e+02 3.641000000000000227e+02
5.154090909090000423e+02 3.638636363640000013e+02
2.625000000000000000e+02 3.655000000000000000e+02
3.147857142859999726e+02 3.660000000000000000e+02
1.670384615380000071e+02 3.666538461540000071e+02
4.346250000000000000e+02 3.666250000000000000e+02
1.882500000000000000e+02 3.701666666670000154e+02
3.453823529410000219e+02 3.697941176470000073e+02
4.802058823529999927e+02 3.707941176470000073e+02
6.211538461500000352e+01 3.711153846149999822e+02
1.225909090910000003e+02 3.715909090910000145e+02
5.785000000000000000e+02 3.715000000000000000e+02
3.988333333329999846e+02 3.720333333329999732e+02
1.425000000000000000e+02 3.740000000000000000e+02
4.148125000000000000e+02 3.746875000000000000e+02
5.534444444440000552e+02 3.752777777779999724e+02
2.251153846150000106e+02 3.762692307689999893e+02
2.415000000000000000e+02 3.765000000000000000e+02
4.442222222220000276e+02 3.763888888889999862e+02
5.002142857140000274e+02 3.768809523809999860e+02
2.518181818200000066e+01 3.786363636359999987e+02
5.325000000000000000e+02 3.790000000000000000e+02
2.723823529410000219e+02 3.809117647059999854e+02
4.100000000000000000e+01 3.820000000000000000e+02
8.111111111099999960e+01 3.828333333329999846e+02
1.538846153849999894e+02 3.818846153850000178e+02
3.645000000000000000e+02 3.820000000000000000e+02
1.028571428569999995e+02 3.832857142859999726e+02
1.922894736840000007e+02 3.831315789469999800e+02
2.122058823529999927e+02 3.832647058819999870e+02
3.806333333329999959e+02 3.829666666670000268e+02
5.793888888889999862e+02 3.837777777779999724e+02
1.640000000000000000e+02 3.840000000000000000e+02
2.917500000000000000e+02 3.847500000000000000e+02
3.113000000000000114e+02 3.835000000000000000e+02
3.273888888889999862e+02 3.847777777779999724e+02
4.630000000000000000e+02 3.850000000000000000e+02
4.876176470589999781e+02 3.900882352940000146e+02
5.241153846150000390e+02 3.911153846149999822e+02
3.510882352940000146e+02 3.926176470589999781e+02
3.995588235289999943e+02 3.923235294120000276e+02
4.996999999999999886e+02 3.920000000000000000e+02
5.369285714290000442e+02 3.925714285710000127e+02
4.368846153850000178e+02 3.928846153850000178e+02
5.000000000000000000e-01 3.930000000000000000e+02
1.260000000000000000e+02 3.955000000000000000e+02
1.771363636359999987e+02 3.955909090910000145e+02
4.154499999999999886e+02 3.973999999999999773e+02
1.075000000000000000e+02 3.980000000000000000e+02
1.414285714289999873e+02 3.991428571430000147e+02
2.831153846149999822e+02 3.991153846149999822e+02
3.689166666670000154e+02 4.002916666670000154e+02
5.617941176470000073e+02 3.992647058819999870e+02
6.438888888900000040e+01 4.007777777779999724e+02
2.131153846150000106e+02 4.001153846149999822e+02
2.389444444439999984e+02 4.006111111110000138e+02
1.027777777800000081e+01 4.014444444439999984e+02
4.910000000000000142e+01 4.048999999999999773e+02
8.529999999999999716e+01 4.050000000000000000e+02
3.053421052630000077e+02 4.053421052630000077e+02
1.613421052630000077e+02 4.066578947369999923e+02
1.968333333330000130e+02 4.057500000000000000e+02
2.800000000000000000e+01 4.070000000000000000e+02
1.257857142860000010e+02 4.070000000000000000e+02
3.267857142859999726e+02 4.070000000000000000e+02
4.495000000000000000e+02 4.080000000000000000e+02
3.475909090910000145e+02 4.105909090910000145e+02
3.915000000000000000e+02 4.100454545449999841e+02
4.941315789469999800e+02 4.107105263160000277e+02
5.310000000000000000e+02 4.097857142859999726e+02
4.300333333329999732e+02 4.116333333329999959e+02
5.803666666670000041e+02 4.110333333329999732e+02
4.709210526319999985e+02 4.126052631580000138e+02
5.115000000000000000e+02 4.123000000000000114e+02
1.395909090909999861e+02 4.135909090910000145e+02
2.203636363640000013e+02 4.158181818180000278e+02
2.610882352940000146e+02 4.163823529410000219e+02
4.082500000000000000e+02 4.160625000000000000e+02
1.106250000000000000e+01 4.172500000000000000e+02
7.096666666699999837e+01 4.173666666670000041e+02
2.820000000000000000e+02 4.175000000000000000e+02
3.755000000000000000e+02 4.185000000000000000e+02
5.000000000000000000e+01 4.195000000000000000e+02
1.000333333330000016e+02 4.193666666670000041e+02
1.697500000000000000e+02 4.188333333329999846e+02
1.865000000000000000e+02 4.190000000000000000e+02
2.464166666669999870e+02 4.191666666670000154e+02
2.045000000000000000e+02 4.206999999999999886e+02
3.040000000000000000e+02 4.232142857140000274e+02
5.638846153849999610e+02 4.227307692310000107e+02
5.116578947369999923e+02 4.246578947369999923e+02
5.465000000000000000e+02 4.250000000000000000e+02
3.716666666700000121e+01 4.256111111110000138e+02
4.390000000000000000e+02 4.262142857140000274e+02
1.555000000000000000e+02 4.270000000000000000e+02
4.788333333329999846e+02 4.273888888889999862e+02
2.138888888900000040e+01 4.284444444439999984e+02
3.913333333329999846e+02 4.276666666670000154e+02
1.355000000000000000e+02 4.295000000000000000e+02
3.188999999999999773e+02 4.291000000000000227e+02
4.215952380950000133e+02 4.296904761900000267e+02
2.988333333329999846e+02 4.303888888889999862e+02
1.156578947370000066e+02 4.325526315789999785e+02
2.106250000000000000e+02 4.316250000000000000e+02
5.792857142860000295e+02 4.318571428569999853e+02
2.633461538459999929e+02 4.330384615379999786e+02
3.705000000000000000e+02 4.330000000000000000e+02
4.623571428569999853e+02 4.346904761900000267e+02
6.628947368400000073e+01 4.355000000000000000e+02
2.403499999999999943e+02 4.358000000000000114e+02
3.470000000000000000e+02 4.347857142859999726e+02
4.963181818180000278e+02 4.353181818180000278e+02
1.950000000000000000e+02 4.365000000000000000e+02
4.322647058819999870e+02 4.372647058819999870e+02
1.500000000000000000e+00 4.375000000000000000e+02
9.138235294099999351e+01 4.379117647059999854e+02
3.323999999999999773e+02 4.384499999999999886e+02
2.822777777779999724e+02 4.388333333329999846e+02
5.600000000000000000e+02 4.395000000000000000e+02
4.485294117600000163e+01 4.415000000000000000e+02
1.582500000000000000e+02 4.431250000000000000e+02
5.346538461540000071e+02 4.429615384620000214e+02
3.943000000000000114e+02 4.435000000000000000e+02
4.650454545449999841e+02 4.441363636359999987e+02
1.196304347829999983e+02 4.457173913039999888e+02
2.566333333329999959e+02 4.449666666670000268e+02
2.359545454549999874e+02 4.458636363640000013e+02
3.545000000000000000e+02 4.457857142859999726e+02
4.508125000000000000e+02 4.466250000000000000e+02
2.088461538500000003e+01 4.471153846149999822e+02
4.076538461540000071e+02 4.470384615379999786e+02
1.775000000000000000e+02 4.491666666670000154e+02
2.958888888889999862e+02 4.502222222220000276e+02
5.195909090909999577e+02 4.501363636359999987e+02
8.238888888900000040e+01 4.527777777779999724e+02
3.780000000000000000e+02 4.530000000000000000e+02
2.195000000000000000e+02 4.545000000000000000e+02
3.318750000000000000e+01 4.554375000000000000e+02
1.402894736840000007e+02 4.555000000000000000e+02
2.768571428569999853e+02 4.557142857140000274e+02
3.191153846149999822e+02 4.548846153850000178e+02
4.335000000000000000e+02 4.550000000000000000e+02
2.590000000000000000e+02 4.562142857140000274e+02
5.368999999999999773e+02 4.565666666669999927e+02
5.736000000000000227e+02 4.565500000000000114e+02
7.022222222199999919e+01 4.576111111110000138e+02
4.825000000000000000e+02 4.575000000000000000e+02
5.005000000000000000e+02 4.580000000000000000e+02
1.522222222199999919e+01 4.593888888889999862e+02
2.405000000000000000e+02 4.610714285710000127e+02
3.356499999999999773e+02 4.623500000000000227e+02
4.186666666670000154e+02 4.637777777779999724e+02
1.930294117649999919e+02 4.641470588239999984e+02
1.089666666669999984e+02 4.653666666670000041e+02
4.672777777779999724e+02 4.650000000000000000e+02
1.749285714289999873e+02 4.665000000000000000e+02
3.688846153850000178e+02 4.658846153850000178e+02
1.487857142860000010e+02 4.690000000000000000e+02
3.015000000000000000e+02 4.690000000000000000e+02
3.488846153850000178e+02 4.691153846149999822e+02
5.105909090910000145e+02 4.691363636359999987e+02
4.005500000000000114e+02 4.703999999999999773e+02
5.492500000000000000e+02 4.701250000000000000e+02
5.131818181799999934e+01 4.713181818180000278e+02
2.466666666700000121e+01 4.725000000000000000e+02
2.348846153849999894e+02 4.721153846149999822e+02
5.709117647059999854e+02 4.723823529410000219e+02
4.415000000000000000e+02 4.748529411760000016e+02
5.243823529410000219e+02 4.739117647059999854e+02
8.478571428600000104e+01 4.750000000000000000e+02
1.245000000000000000e+02 4.750000000000000000e+02
2.777857142859999726e+02 4.750000000000000000e+02
4.913823529410000219e+02 4.750882352940000146e+02
4.280384615379999786e+02 4.763461538459999929e+02
1.968636363640000013e+02 4.780454545449999841e+02
2.628999999999999773e+02 4.785666666669999927e+02
6.211538461500000352e+01 4.791153846149999822e+02
1.579615384619999929e+02 4.786538461540000071e+02
2.153888888889999862e+02 4.792222222220000276e+02
3.790000000000000000e+02 4.790000000000000000e+02
4.551153846149999822e+02 4.788846153850000178e+02
3.241153846149999822e+02 4.812692307689999893e+02
1.804000000000000057e+02 4.825500000000000114e+02
3.396000000000000227e+02 4.835500000000000114e+02
1.405000000000000000e+02 4.841470588239999984e+02
2.352272727270000132e+02 4.833181818180000278e+02
3.811428571430000147e+02 4.847142857140000274e+02
8.450000000000000000e+01 4.870000000000000000e+02
4.712368421049999938e+02 4.872894736839999723e+02
5.625000000000000000e+02 4.875000000000000000e+02
4.008750000000000000e+02 4.885000000000000000e+02
5.430000000000000000e+02 4.885000000000000000e+02
5.750000000000000000e+00 4.892500000000000000e+02
1.056176470590000065e+02 4.889117647059999854e+02
5.876176470589999781e+02 4.890882352940000146e+02
2.108333333330000130e+02 4.897500000000000000e+02
4.997857142859999726e+02 4.900000000000000000e+02
3.178529411760000016e+02 4.915000000000000000e+02
4.857857142859999726e+02 4.910000000000000000e+02
2.988999999999999773e+02 4.921000000000000227e+02
5.245000000000000000e+02 4.923000000000000114e+02
2.548571428570000137e+02 4.932857142859999726e+02
3.889999999999999858e+01 4.941000000000000227e+02
5.689999999999999858e+01 4.938999999999999773e+02
1.540000000000000000e+02 4.933000000000000114e+02
3.675000000000000000e+02 4.930000000000000000e+02
2.795000000000000000e+02 4.970000000000000000e+02
1.730000000000000000e+02 4.976999999999999886e+02
1.901666666669999870e+02 4.984166666670000154e+02
4.370000000000000000e+02 4.977857142859999726e+02
6.850000000000000000e+01 4.985000000000000000e+02
3.442142857140000274e+02 5.000000000000000000e+02
4.650000000000000000e+02 5.000000000000000000e+02
4.195666666669999927e+02 5.011000000000000227e+02
5.387222222220000276e+02 5.008333333329999846e+02
1.246875000000000000e+02 5.031875000000000000e+02
2.220000000000000000e+02 5.025000000000000000e+02
3.984473684210000215e+02 5.038157894739999847e+02
1.443666666670000041e+02 5.050333333329999732e+02
5.051363636359999987e+02 5.054090909089999855e+02
2.420000000000000000e+02 5.066999999999999886e+02
3.656250000000000000e+02 5.066250000000000000e+02
5.209666666670000268e+02 5.076333333329999959e+02
9.290000000000000568e+01 5.081000000000000227e+02
2.790000000000000000e+02 5.082142857140000274e+02
2.000000000000000000e+00 5.092777777779999724e+02
5.632692307690000462e+02 5.091153846149999822e+02
2.640000000000000000e+02 5.106428571430000147e+02
3.203000000000000114e+02 5.100000000000000000e+02
3.897105263160000277e+02 5.102368421049999938e+02
2.361764705899999939e+01 5.117941176470000073e+02
5.880000000000000000e+02 5.125000000000000000e+02
1.064523809519999986e+02 5.133095238099999733e+02
4.726538461540000071e+02 5.139615384620000214e+02
3.375000000000000000e+02 5.160000000000000000e+02
4.488000000000000114e+02 5.167999999999999545e+02
4.750000000000000000e+01 5.175000000000000000e+02
2.991363636359999987e+02 5.185909090909999577e+02
5.440384615379999786e+02 5.186538461540000071e+02
2.078947368000000129e+00 5.203947368420000430e+02
1.301153846150000106e+02 5.197307692309999538e+02
1.550416666669999870e+02 5.208750000000000000e+02
1.705555555560000016e+02 5.211666666669999586e+02
2.070000000000000000e+02 5.197857142860000295e+02
4.923888888889999862e+02 5.207777777779999724e+02
5.565666666670000495e+02 5.198999999999999773e+02
1.812142857139999990e+02 5.220000000000000000e+02
2.316538461540000071e+02 5.219615384620000214e+02
3.514499999999999886e+02 5.226000000000000227e+02
5.190000000000000000e+02 5.225000000000000000e+02
3.535714285699999948e+01 5.234285714290000442e+02
4.377857142859999726e+02 5.230000000000000000e+02
2.610454545449999841e+02 5.248636363639999445e+02
7.250000000000000000e+01 5.265000000000000000e+02
9.300000000000000000e+01 5.262777777779999724e+02
4.077222222220000276e+02 5.265555555559999448e+02
3.136428571430000147e+02 5.283095238099999733e+02
3.878333333329999846e+02 5.304166666669999586e+02
5.856052631579999570e+02 5.299210526320000554e+02
1.147380952379999997e+02 5.334523809519999986e+02
1.980294117649999919e+02 5.331470588240000552e+02
2.195000000000000000e+02 5.347000000000000455e+02
2.499117647060000138e+02 5.356176470589999781e+02
2.855000000000000000e+02 5.355000000000000000e+02
5.537500000000000000e+01 5.363125000000000000e+02
2.961153846149999822e+02 5.371153846150000390e+02
4.625000000000000000e+02 5.368333333330000414e+02
5.402777777779999724e+02 5.370000000000000000e+02
5.559117647059999854e+02 5.373823529410000219e+02
1.455000000000000000e+02 5.382333333330000187e+02
5.152000000000000455e+02 5.382000000000000455e+02
1.725000000000000000e+01 5.407500000000000000e+02
3.816666666700000121e+01 5.405000000000000000e+02
3.655000000000000000e+02 5.405000000000000000e+02
4.402333333330000187e+02 5.401666666669999586e+02
4.817941176470000073e+02 5.400882352940000146e+02
1.703000000000000114e+02 5.405000000000000000e+02
4.230000000000000000e+02 5.412142857139999705e+02
4.961250000000000000e+02 5.412500000000000000e+02
3.447142857140000274e+02 5.418571428569999853e+02
1.876578947369999923e+02 5.443421052630000077e+02
2.296578947369999923e+02 5.446578947369999923e+02
3.830000000000000000e+02 5.455000000000000000e+02
2.631153846149999822e+02 5.468846153849999610e+02
4.083461538459999929e+02 5.470384615379999786e+02
7.838235294099999351e+01 5.480882352940000146e+02
2.068076923079999858e+02 5.484230769230000533e+02
3.360000000000000000e+02 5.482777777779999724e+02
4.746000000000000227e+02 5.495499999999999545e+02
6.016666666700000121e+01 5.493888888889999862e+02
9.621428571399999896e+01 5.510000000000000000e+02
3.102500000000000000e+02 5.510833333330000414e+02
1.273888888890000004e+02 5.527777777779999724e+02
4.323571428569999853e+02 5.515714285709999558e+02
5.773636363639999445e+02 5.530454545449999841e+02
2.334166666669999870e+02 5.548333333330000414e+02
4.560333333329999732e+02 5.558333333330000414e+02
5.476111111110000138e+02 5.557777777779999724e+02
3.740000000000000000e+02 5.565000000000000000e+02
2.871250000000000000e+02 5.570625000000000000e+02
1.300000000000000000e+01 5.592142857139999705e+02
2.552222222219999992e+02 5.596111111110000138e+02
5.087857142859999726e+02 5.600000000000000000e+02
1.687666666670000097e+02 5.618333333330000414e+02
3.421875000000000000e+02 5.616250000000000000e+02
5.274285714290000442e+02 5.608571428569999853e+02
3.887500000000000000e+01 5.620625000000000000e+02
4.938809523809999860e+02 5.627380952380000281e+02
1.828333333330000130e+02 5.632333333330000187e+02
7.950000000000000000e+01 5.645000000000000000e+02
3.550000000000000000e+02 5.645000000000000000e+02
4.440000000000000000e+02 5.645000000000000000e+02
