5.778571428600000104e+01 9.285714290000000037e-01
9.250000000000000000e+01 1.346153845999999987e+00
1.936875000000000000e+02 1.687500000000000000e+00
2.189375000000000000e+02 2.750000000000000000e+00
2.446875000000000000e+02 1.812500000000000000e+00
3.155000000000000000e+02 8.750000000000000000e-01
4.245000000000000000e+02 5.000000000000000000e-01
4.910000000000000000e+02 8.333333330000000094e-01
5.640000000000000000e+02 1.500000000000000000e+00
4.071000000000000227e+02 3.100000000000000089e+00
1.242142857139999990e+02 6.000000000000000000e+00
4.425000000000000000e+02 6.299999999999999822e+00
4.527105263160000277e+02 6.868421052999999610e+00
1.573000000000000114e+02 7.500000000000000000e+00
2.887500000000000000e+02 8.750000000000000000e+00
7.678571428600000104e+01 9.000000000000000000e+00
3.779166666670000154e+02 8.750000000000000000e+00
5.221666666669999586e+02 9.366666667000000501e+00
4.150000000000000000e+01 1.100000000000000000e+01
1.405000000000000000e+02 1.039473684200000037e+01
4.930882352940000146e+02 1.061764705899999939e+01
6.097826086999999973e+01 1.189130434800000025e+01
3.082058823529999927e+02 1.208823529400000041e+01
3.552368421049999938e+02 1.271052631599999927e+01
1.084500000000000028e+02 1.359999999999999964e+01
3.315909090910000145e+02 1.359090909100000033e+01
2.528000000000000114e+02 1.380000000000000071e+01
4.680000000000000000e+02 1.378571428599999926e+01
3.741363636359999987e+02 1.440909090899999967e+01
5.420000000000000000e+02 1.500000000000000000e+01
6.382352940999999724e+00 1.608823529400000041e+01
2.741153846149999822e+02 1.711538461499999997e+01
1.841153846150000106e+02 1.888461538500000003e+01
2.932692307689999893e+02 1.888461538500000003e+01
5.603999999999999773e+02 1.955000000000000071e+01
1.291153846150000106e+02 2.111538461499999997e+01
2.028636363640000013e+02 2.159090909100000033e+01
3.998846153850000178e+02 2.188461538500000003e+01
5.208846153849999610e+02 2.257692307700000001e+01
2.050000000000000000e+01 2.330000000000000071e+01
8.300000000000000000e+01 2.300000000000000000e+01
5.066578947369999923e+02 2.334210526300000055e+01
5.357857142860000295e+02 2.300000000000000000e+01
4.917105263160000277e+02 2.413157894700000128e+01
3.200000000000000000e+02 2.521428571399999896e+01
1.670882352939999862e+02 2.661764705899999939e+01
2.341363636359999987e+02 2.540909090899999967e+01
4.096176470589999781e+02 2.608823529400000041e+01
4.988461538499999648e+01 2.711538461499999997e+01
3.673461538459999929e+02 2.673076923100000002e+01
4.324499999999999886e+02 2.760000000000000142e+01
3.478846153850000178e+02 2.826923076899999998e+01
2.795000000000000000e+02 3.100000000000000000e+01
5.560714285709999558e+02 3.150000000000000000e+01
5.706578947369999923e+02 3.134210526300000055e+01
2.215000000000000000e+02 3.166666666700000121e+01
2.547777777780000008e+02 3.238888888900000040e+01
1.421428571400000074e+01 3.400000000000000000e+01
1.506250000000000000e+02 3.418750000000000000e+01
1.032222222219999992e+02 3.538888888900000040e+01
7.190000000000000568e+01 3.646000000000000085e+01
3.891250000000000000e+02 3.693750000000000000e+01
4.575000000000000000e+02 3.628947368400000073e+01
3.050000000000000000e+01 3.700000000000000000e+01
5.197142857139999705e+02 3.771428571399999896e+01
1.273888888890000004e+02 3.977777777800000081e+01
1.674090909090000139e+02 3.959090909100000033e+01
3.163000000000000114e+02 3.850000000000000000e+01
4.762857142859999726e+02 3.885714285699999948e+01
3.985000000000000000e+02 4.150000000000000000e+01
1.910333333330000016e+02 4.263333333300000305e+01
2.989615384620000214e+02 4.334615384599999999e+01
3.349666666670000268e+02 4.436666666699999695e+01
3.523888888889999862e+02 4.477777777800000081e+01
4.941153846149999822e+02 4.388461538499999648e+01
2.076904761899999983e+02 4.554761904800000138e+01
4.206333333329999959e+02 4.496666666699999837e+01
5.014705882399999837e+01 4.602941176499999898e+01
7.079411764699999310e+01 4.650000000000000000e+01
8.550000000000000000e+01 4.550000000000000000e+01
2.381315789470000084e+02 4.671052631599999927e+01
4.424444444439999984e+02 4.638888888900000040e+01
3.737857142859999726e+02 4.700000000000000000e+01
5.353095238099999733e+02 4.740476190500000087e+01
3.632058823529999927e+02 4.979411764700000020e+01
1.522142857139999990e+02 5.100000000000000000e+01
2.266818181820000007e+02 5.281818181799999934e+01
1.105000000000000000e+02 5.250000000000000000e+01
3.038888888900000040e+01 5.422222222199999919e+01
2.686333333329999959e+02 5.403333333300000163e+01
3.231923076919999858e+02 5.457692307699999645e+01
5.080000000000000000e+02 5.450000000000000000e+01
5.455000000000000000e+02 5.450000000000000000e+01
1.986176470590000065e+02 5.491176470599999959e+01
4.583000000000000114e+02 5.500000000000000000e+01
5.689615384620000214e+02 5.534615384599999999e+01
3.781250000000000000e+02 5.825000000000000000e+01
1.234615384599999999e+01 5.896153846200000004e+01
3.025000000000000000e+02 5.935714285699999948e+01
9.700000000000000000e+01 6.170000000000000284e+01
4.508571428569999853e+02 6.178571428600000104e+01
6.256666666699999979e+01 6.389999999999999858e+01
1.267857142860000010e+02 6.400000000000000000e+01
4.129375000000000000e+02 6.475000000000000000e+01
4.356250000000000000e+02 6.362500000000000000e+01
2.500999999999999943e+02 6.509999999999999432e+01
2.617500000000000000e+02 6.534999999999999432e+01
2.768846153850000178e+02 6.526923076900000353e+01
3.341470588239999984e+02 6.497058823499999392e+01
4.010000000000000000e+02 6.500000000000000000e+01
5.587857142860000295e+02 6.500000000000000000e+01
4.785000000000000000e+02 6.600000000000000000e+01
1.824444444439999984e+02 6.738888888900000040e+01
8.008823529400000041e+01 6.861764705900000649e+01
4.550000000000000000e+01 6.883333333299999879e+01
4.942142857140000274e+02 6.900000000000000000e+01
5.141250000000000000e+02 6.925000000000000000e+01
1.657500000000000000e+02 7.075000000000000000e+01
5.735000000000000000e+02 6.900000000000000000e+01
1.380000000000000071e+01 7.165000000000000568e+01
3.162222222220000276e+02 7.261111111099999960e+01
1.141666666670000012e+02 7.341666666700000121e+01
2.385000000000000000e+02 7.400000000000000000e+01
1.408846153849999894e+02 7.388461538500000358e+01
2.102142857139999990e+02 7.600000000000000000e+01
3.751111111110000138e+02 7.677777777800000081e+01
2.220000000000000000e+02 7.600000000000000000e+01
4.632500000000000000e+02 7.706250000000000000e+01
3.445000000000000000e+02 7.850000000000000000e+01
5.302500000000000000e+02 7.793750000000000000e+01
1.882222222219999992e+02 7.961111111099999960e+01
4.115909090910000145e+02 7.940909090899999967e+01
2.808684210530000200e+02 8.071052631599999927e+01
4.487857142859999726e+02 8.100000000000000000e+01
6.183333333299999879e+01 8.172222222199999919e+01
1.561153846150000106e+02 8.226923076900000353e+01
2.911153846149999822e+02 8.211538461499999642e+01
4.347307692310000107e+02 8.188461538500000358e+01
1.147142857139999990e+02 8.285714285699999948e+01
4.810882352940000146e+02 8.361764705900000649e+01
3.923235294120000276e+02 8.444117647100000568e+01
4.359090909100000033e+01 8.813636363599999868e+01
9.244117647100000568e+01 8.832352941199999918e+01
1.268846153850000036e+02 9.011538461499999642e+01
2.548846153849999894e+02 9.011538461499999642e+01
5.690882352940000146e+02 9.038235294099999351e+01
5.102500000000000000e+02 9.091666666700000121e+01
5.496176470589999781e+02 9.091176470599999959e+01
7.436666666700000405e+01 9.243333333299999310e+01
1.742142857139999990e+02 9.200000000000000000e+01
3.720000000000000000e+02 9.221428571399999896e+01
2.162777777780000008e+02 9.300000000000000000e+01
3.056333333329999959e+02 9.396666666699999837e+01
5.334500000000000455e+02 9.475000000000000000e+01
1.878571428600000104e+01 9.500000000000000000e+01
4.771250000000000000e+02 9.593750000000000000e+01
2.347500000000000000e+02 9.583333333299999879e+01
3.579705882349999797e+02 9.685294117600000163e+01
3.278888888889999862e+02 9.883333333299999879e+01
4.110000000000000000e+02 9.800000000000000000e+01
1.238235294100000061e+01 9.991176470599999959e+01
4.380333333329999732e+02 1.016333333329999959e+02
4.545000000000000000e+02 1.011666666670000012e+02
4.938999999999999773e+02 1.009000000000000057e+02
5.170000000000000000e+02 1.027857142860000010e+02
5.431153846150000390e+02 1.041153846149999964e+02
4.932608695700000112e+01 1.055000000000000000e+02
1.090000000000000000e+02 1.047857142860000010e+02
1.849166666669999870e+02 1.047500000000000000e+02
1.468333333330000130e+02 1.057500000000000000e+02
2.888750000000000000e+02 1.062500000000000000e+02
9.188461538500000358e+01 1.068846153850000036e+02
2.220833333330000130e+02 1.072500000000000000e+02
4.268333333329999846e+02 1.066111111109999996e+02
5.649615384620000214e+02 1.073461538460000071e+02
2.666111111110000138e+02 1.082222222219999992e+02
3.191666666670000154e+02 1.082500000000000000e+02
2.095000000000000000e+02 1.090000000000000000e+02
3.825000000000000000e+02 1.110000000000000000e+02
2.460000000000000000e+02 1.127000000000000028e+02
1.757857142860000010e+02 1.130000000000000000e+02
4.878636363640000013e+02 1.140909090910000003e+02
1.467500000000000000e+02 1.142500000000000000e+02
5.380384615379999786e+02 1.143461538460000071e+02
3.038333333329999846e+02 1.147500000000000000e+02
1.305000000000000000e+02 1.165000000000000000e+02
5.038684210530000200e+02 1.167105263159999993e+02
5.528333333330000414e+02 1.164166666670000012e+02
3.614285714300000052e+01 1.177142857139999990e+02
3.339117647059999854e+02 1.180882352940000004e+02
7.313636363599999868e+01 1.179545454550000017e+02
4.007500000000000000e+02 1.179375000000000000e+02
4.290000000000000000e+02 1.200000000000000000e+02
4.671000000000000227e+02 1.215666666670000069e+02
5.531818181799999934e+01 1.223181818179999993e+02
9.100000000000000000e+01 1.240000000000000000e+02
1.609000000000000057e+02 1.229000000000000057e+02
2.551363636359999987e+02 1.225909090910000003e+02
1.936111111110000138e+02 1.257777777780000008e+02
2.795000000000000000e+02 1.256333333329999959e+02
3.573000000000000114e+02 1.245000000000000000e+02
1.103823529409999935e+02 1.260882352940000004e+02
3.146000000000000227e+02 1.265499999999999972e+02
2.199000000000000057e+02 1.270999999999999943e+02
4.446666666670000154e+02 1.265833333329999988e+02
1.285000000000000000e+02 1.280000000000000000e+02
2.982857142859999726e+02 1.281428571429999863e+02
3.720000000000000000e+02 1.280000000000000000e+02
2.333461538459999929e+02 1.299615384619999929e+02
4.915625000000000000e+02 1.315000000000000000e+02
2.089999999999999858e+01 1.319000000000000057e+02
3.900882352940000146e+02 1.336176470590000065e+02
1.454652173910000101e+02 1.406739130429999989e+02
5.668846153849999610e+02 1.351153846150000106e+02
3.387500000000000000e+02 1.370000000000000000e+02
5.218999999999999773e+02 1.369000000000000057e+02
1.730000000000000000e+02 1.380000000000000000e+02
3.759705882349999797e+02 1.388529411760000016e+02
5.068999999999999773e+02 1.379000000000000057e+02
5.381666666669999586e+02 1.375833333330000130e+02
6.245000000000000284e+01 1.392500000000000000e+02
4.081363636359999987e+02 1.399545454549999874e+02
3.137272727270000132e+02 1.415909090909999861e+02
3.359090909100000033e+01 1.424090909090000139e+02
4.357222222220000276e+02 1.420000000000000000e+02
1.918846153849999894e+02 1.428846153849999894e+02
2.711000000000000227e+02 1.440999999999999943e+02
4.865789473699999945e+01 1.456578947369999923e+02
1.022647058820000012e+02 1.462647058819999870e+02
4.585000000000000000e+02 1.465000000000000000e+02
2.850789473680000015e+02 1.476052631580000138e+02
1.708913043480000056e+02 1.487173913039999888e+02
2.123499999999999943e+02 1.487500000000000000e+02
3.542142857140000274e+02 1.480000000000000000e+02
4.256999999999999886e+02 1.483000000000000114e+02
4.838913043480000056e+02 1.485434782609999900e+02
2.296176470590000065e+02 1.489117647060000138e+02
2.456904761899999983e+02 1.495952380950000133e+02
8.330952381000000173e+01 1.504047619049999867e+02
5.280384615379999786e+02 1.503461538459999929e+02
1.248571428569999995e+02 1.517142857139999990e+02
3.391153846149999822e+02 1.511153846150000106e+02
5.581190476189999572e+02 1.517380952379999997e+02
1.990000000000000000e+02 1.513000000000000114e+02
1.975000000000000000e+01 1.561666666669999870e+02
2.576250000000000000e+02 1.566250000000000000e+02
3.071923076919999858e+02 1.575769230770000036e+02
4.095000000000000000e+02 1.575000000000000000e+02
4.381000000000000227e+02 1.570999999999999943e+02
4.750000000000000000e+01 1.585000000000000000e+02
1.333181818179999993e+02 1.593181818179999993e+02
2.735000000000000000e+02 1.590000000000000000e+02
6.400000000000000355e+00 1.605500000000000114e+02
1.122333333330000045e+02 1.608333333330000130e+02
2.282894736840000007e+02 1.601315789470000084e+02
3.871363636359999987e+02 1.595909090909999861e+02
7.634210526299999344e+01 1.613421052630000077e+02
3.561666666670000154e+02 1.615000000000000000e+02
4.991000000000000227e+02 1.619000000000000057e+02
5.226052631579999570e+02 1.629210526319999985e+02
4.855500000000000114e+02 1.645999999999999943e+02
5.670000000000000000e+02 1.650000000000000000e+02
6.987500000000000000e+01 1.662500000000000000e+02
5.363125000000000000e+02 1.658125000000000000e+02
1.812500000000000000e+02 1.672500000000000000e+02
4.233333333329999846e+02 1.672222222219999992e+02
4.590000000000000000e+02 1.670000000000000000e+02
1.593823529409999935e+02 1.689117647060000138e+02
4.136363635999999566e+00 1.715909090909999861e+02
3.754499999999999886e+02 1.725999999999999943e+02
2.954761904800000138e+01 1.741190476190000140e+02
9.850000000000000000e+01 1.730000000000000000e+02
3.237857142859999726e+02 1.730000000000000000e+02
1.353421052630000077e+02 1.753421052630000077e+02
2.018529411760000016e+02 1.755000000000000000e+02
2.647500000000000000e+02 1.748750000000000000e+02
3.391470588239999984e+02 1.750294117649999919e+02
5.000625000000000000e+02 1.752500000000000000e+02
4.659117647059999854e+02 1.766176470590000065e+02
2.815000000000000000e+02 1.770000000000000000e+02
4.478636363640000013e+02 1.770454545450000126e+02
5.552777777779999724e+02 1.770000000000000000e+02
3.900000000000000000e+02 1.780000000000000000e+02
1.731153846150000106e+02 1.801153846150000106e+02
3.045666666669999927e+02 1.805666666669999927e+02
2.575000000000000000e+02 1.806999999999999886e+02
4.110000000000000000e+02 1.820000000000000000e+02
2.343499999999999943e+02 1.847500000000000000e+02
1.051153846149999964e+02 1.851153846150000106e+02
1.943499999999999943e+02 1.861999999999999886e+02
6.214705882399999837e+01 1.865000000000000000e+02
1.545652173899999937e+01 1.873260869570000011e+02
2.749666666670000268e+02 1.873666666670000041e+02
4.275769230770000036e+02 1.878076923079999858e+02
4.780000000000000000e+02 1.885000000000000000e+02
5.313500000000000227e+02 1.889499999999999886e+02
3.310000000000000000e+02 1.890000000000000000e+02
5.205666666670000495e+02 1.890999999999999943e+02
9.323333333300000447e+01 1.901666666669999870e+02
4.523260869569999727e+02 1.909347826089999955e+02
1.209666666669999984e+02 1.916333333329999959e+02
3.211190476190000140e+02 1.917380952379999997e+02
3.566176470589999781e+02 1.909117647060000138e+02
1.570999999999999943e+02 1.920999999999999943e+02
3.800000000000000000e+02 1.936999999999999886e+02
2.279000000000000057e+02 1.949000000000000057e+02
4.271052631599999927e+01 1.968684210529999916e+02
7.050000000000000000e+01 1.960000000000000000e+02
5.735000000000000000e+02 1.955000000000000000e+02
3.956052631580000138e+02 1.970789473680000015e+02
2.065000000000000000e+02 1.976999999999999886e+02
1.421153846150000106e+02 1.988846153849999894e+02
4.141428571430000147e+02 1.997142857139999990e+02
4.599117647059999854e+02 1.990882352939999862e+02
2.788461538500000003e+01 2.001153846150000106e+02
3.670000000000000000e+02 1.995000000000000000e+02
2.747500000000000000e+02 2.015500000000000114e+02
2.965000000000000000e+02 2.010000000000000000e+02
1.180999999999999943e+02 2.021666666669999870e+02
5.021153846149999822e+02 2.031153846150000106e+02
5.513666666670000041e+02 2.030333333330000016e+02
2.450000000000000178e+00 2.044000000000000057e+02
1.738529411760000016e+02 2.041470588239999984e+02
2.324090909090000139e+02 2.044090909090000139e+02
1.029000000000000057e+02 2.050999999999999943e+02
2.584090909089999855e+02 2.065909090909999861e+02
3.276000000000000227e+02 2.064499999999999886e+02
1.937500000000000000e+02 2.068333333330000130e+02
8.900000000000000355e+00 2.090999999999999943e+02
2.163461538459999929e+02 2.089615384619999929e+02
5.701000000000000227e+02 2.090999999999999943e+02
2.673955223880000176e+02 2.144552238809999949e+02
5.700000000000000000e+01 2.109000000000000057e+02
3.507500000000000000e+02 2.120000000000000000e+02
4.360000000000000000e+02 2.120000000000000000e+02
1.550000000000000000e+02 2.135000000000000000e+02
4.825000000000000000e+02 2.126999999999999886e+02
7.761111111099999960e+01 2.152222222219999992e+02
5.405000000000000000e+02 2.150000000000000000e+02
3.821666666670000154e+02 2.157500000000000000e+02
4.685500000000000114e+02 2.165999999999999943e+02
5.196052631579999570e+02 2.170789473680000015e+02
4.404545454499999835e+01 2.181363636359999987e+02
4.029117647059999854e+02 2.183823529409999935e+02
4.216818181819999722e+02 2.186818181820000007e+02
4.961153846149999822e+02 2.191153846150000106e+02
6.016666666700000121e+01 2.225000000000000000e+02
2.287222222219999992e+02 2.224444444439999984e+02
3.458333333329999846e+02 2.222500000000000000e+02
2.475000000000000000e+01 2.237500000000000000e+02
3.127631578950000062e+02 2.232894736840000007e+02
1.419000000000000057e+02 2.239000000000000057e+02
8.266666666700000121e+01 2.250000000000000000e+02
1.273421052629999934e+02 2.256578947369999923e+02
2.017222222219999992e+02 2.250000000000000000e+02
2.876176470589999781e+02 2.256176470590000065e+02
3.723500000000000227e+02 2.262500000000000000e+02
4.532894736839999723e+02 2.265000000000000000e+02
1.122500000000000000e+02 2.269375000000000000e+02
1.808684210529999916e+02 2.277105263159999993e+02
5.510714285709999558e+02 2.274047619049999867e+02
2.745526315789999785e+02 2.284473684209999931e+02
2.465000000000000000e+02 2.295000000000000000e+02
5.730714285709999558e+02 2.297857142860000010e+02
3.618846153850000178e+02 2.308846153849999894e+02
5.417777777779999724e+02 2.313888888889999862e+02
3.225909090910000145e+02 2.321363636359999987e+02
1.044999999999999929e+01 2.335999999999999943e+02
4.090882352940000146e+02 2.343823529409999935e+02
4.981666666670000154e+02 2.337500000000000000e+02
4.170000000000000284e+01 2.356999999999999886e+02
2.284545454549999874e+02 2.371818181820000007e+02
5.201250000000000000e+02 2.362500000000000000e+02
3.899210526319999985e+02 2.376052631580000138e+02
1.320000000000000000e+02 2.375000000000000000e+02
1.607307692310000107e+02 2.378846153849999894e+02
3.138529411760000016e+02 2.385000000000000000e+02
1.160999999999999943e+02 2.390999999999999943e+02
9.270000000000000284e+01 2.400000000000000000e+02
4.313999999999999773e+02 2.405500000000000114e+02
5.556176470589999781e+02 2.400882352939999862e+02
1.931153846150000106e+02 2.408846153849999894e+02
2.560882352940000146e+02 2.413823529409999935e+02
4.590000000000000000e+02 2.412142857139999990e+02
2.832222222220000276e+02 2.446111111110000138e+02
4.672500000000000000e+02 2.441666666669999870e+02
3.449615384620000214e+02 2.453461538459999929e+02
2.650000000000000000e+01 2.460000000000000000e+02
7.400000000000000000e+01 2.477222222219999992e+02
1.757916666669999870e+02 2.475000000000000000e+02
1.533666666670000041e+02 2.479666666669999984e+02
2.056176470590000065e+02 2.489117647060000138e+02
3.935000000000000000e+02 2.491666666669999870e+02
3.389117647059999854e+02 2.513823529409999935e+02
4.097222222220000276e+02 2.510000000000000000e+02
4.870882352940000146e+02 2.513823529409999935e+02
5.224090909090000423e+02 2.515909090909999861e+02
2.720333333329999732e+02 2.523666666670000041e+02
3.725000000000000000e+02 2.530000000000000000e+02
1.041363636359999987e+02 2.544090909090000139e+02
5.000000000000000000e-01 2.560000000000000000e+02
5.213157894700000128e+01 2.567631578950000062e+02
5.722142857139999705e+02 2.560000000000000000e+02
3.024499999999999886e+02 2.573999999999999773e+02
1.270000000000000000e+02 2.585000000000000000e+02
1.926363636359999987e+02 2.591818181819999722e+02
2.385869565220000084e+02 2.591086956519999944e+02
2.600000000000000000e+02 2.600000000000000000e+02
5.068846153850000178e+02 2.601153846149999822e+02
4.915000000000000000e+02 2.617105263160000277e+02
5.412500000000000000e+02 2.608333333329999846e+02
3.766250000000000000e+02 2.613750000000000000e+02
4.231153846149999822e+02 2.621153846149999822e+02
4.420000000000000000e+02 2.626666666670000154e+02
1.885294117600000163e+01 2.629705882349999797e+02
1.683095238100000017e+02 2.635476190480000014e+02
2.250000000000000000e+02 2.630000000000000000e+02
2.776818181819999722e+02 2.633181818180000278e+02
4.581153846149999822e+02 2.631153846149999822e+02
4.731000000000000227e+02 2.631000000000000227e+02
8.573529411799999878e+01 2.642647058819999870e+02
3.161000000000000227e+02 2.641000000000000227e+02
5.004545454499999835e+01 2.658636363640000013e+02
3.592500000000000000e+02 2.667500000000000000e+02
6.538235294099999351e+01 2.700882352940000146e+02
1.354090909090000139e+02 2.701363636359999987e+02
1.140000000000000000e+02 2.717857142859999726e+02
1.510999999999999943e+02 2.718999999999999773e+02
3.885000000000000000e+02 2.720000000000000000e+02
5.174090909090000423e+02 2.721363636359999987e+02
5.516176470589999781e+02 2.719117647059999854e+02
2.125714285710000127e+02 2.735714285710000127e+02
3.410000000000000142e+01 2.741000000000000227e+02
3.497307692310000107e+02 2.737307692310000107e+02
3.366111111110000138e+02 2.757777777779999724e+02
2.321666666669999870e+02 2.770833333329999846e+02
4.533000000000000114e+02 2.766999999999999886e+02
2.525000000000000000e+02 2.772142857140000274e+02
5.278999999999999773e+02 2.781000000000000227e+02
8.900000000000000000e+01 2.800000000000000000e+02
1.687222222219999992e+02 2.800000000000000000e+02
4.245000000000000000e+02 2.808529411760000016e+02
1.864333333330000073e+02 2.811000000000000227e+02
5.091250000000000000e+02 2.812500000000000000e+02
1.613636363599999868e+01 2.833181818180000278e+02
2.701428571430000147e+02 2.824285714289999873e+02
2.992500000000000000e+02 2.825000000000000000e+02
3.717500000000000000e+02 2.821250000000000000e+02
4.407380952380000281e+02 2.831190476190000140e+02
4.702500000000000000e+02 2.823500000000000227e+02
5.708999999999999773e+02 2.818999999999999773e+02
4.027352941180000130e+02 2.844411764710000057e+02
6.788461538500000358e+01 2.848846153850000178e+02
4.934615384599999999e+01 2.860384615379999786e+02
3.481000000000000227e+02 2.878999999999999773e+02
1.377777777780000008e+02 2.896111111110000138e+02
2.843999999999999773e+02 2.894499999999999886e+02
5.415000000000000000e+02 2.891470588239999984e+02
1.050000000000000000e+02 2.900000000000000000e+02
3.272500000000000000e+02 2.899166666670000154e+02
2.188571428570000137e+02 2.912857142859999726e+02
3.162222222220000276e+02 2.923333333329999846e+02
3.836000000000000227e+02 2.925500000000000114e+02
1.260555555560000016e+02 2.936111111110000138e+02
1.473666666670000041e+02 2.930333333329999732e+02
2.237500000000000000e+01 2.941875000000000000e+02
2.402647058819999870e+02 2.957352941180000130e+02
2.988529411760000016e+02 2.959705882349999797e+02
4.608809523809999860e+02 2.962142857140000274e+02
4.921153846149999822e+02 2.968846153850000178e+02
6.250000000000000000e+01 2.975000000000000000e+02
2.583000000000000114e+02 2.983000000000000114e+02
3.598846153850000178e+02 2.978846153850000178e+02
2.020000000000000000e+02 2.990000000000000000e+02
4.211000000000000227e+02 2.988999999999999773e+02
5.631153846150000390e+02 3.011153846149999822e+02
8.333333330000000094e-01 3.040000000000000000e+02
8.163333333299999595e+01 3.041666666670000154e+02
4.441666666670000154e+02 3.042500000000000000e+02
5.316176470589999781e+02 3.039117647059999854e+02
1.600999999999999943e+02 3.058000000000000114e+02
1.831315789470000084e+02 3.067105263160000277e+02
3.992142857140000274e+02 3.060000000000000000e+02
2.215833333330000130e+02 3.071666666670000154e+02
9.540909090899999967e+01 3.094090909089999855e+02
2.786739130430000273e+02 3.095000000000000000e+02
2.035000000000000000e+02 3.103333333329999846e+02
2.500000000000000000e+02 3.115000000000000000e+02
3.224090909089999855e+02 3.108636363640000013e+02
5.173421052630000077e+02 3.113421052630000077e+02
6.775000000000000000e+01 3.127500000000000000e+02
1.404090909090000139e+02 3.125909090910000145e+02
5.546333333329999959e+02 3.120333333329999732e+02
2.993181818180000278e+02 3.126818181819999722e+02
4.817500000000000000e+02 3.129375000000000000e+02
3.483750000000000000e+02 3.148333333329999846e+02
3.725000000000000000e+02 3.145000000000000000e+02
4.992777777779999724e+02 3.140000000000000000e+02
3.771428571399999896e+01 3.151428571430000147e+02
5.683333333299999879e+01 3.145833333329999846e+02
4.170384615379999786e+02 3.163461538459999929e+02
4.468846153850000178e+02 3.161153846149999822e+02
4.652142857140000274e+02 3.160000000000000000e+02
2.134210526300000055e+01 3.186578947369999923e+02
1.850000000000000000e+02 3.195000000000000000e+02
5.724333333329999505e+02 3.196333333329999959e+02
1.345000000000000000e+02 3.205000000000000000e+02
2.335000000000000000e+02 3.210000000000000000e+02
3.608125000000000000e+02 3.213750000000000000e+02
2.148571428570000137e+02 3.237142857140000274e+02
1.130999999999999943e+02 3.241000000000000227e+02
1.483333333300000056e+01 3.258333333329999846e+02
5.400000000000000000e+02 3.255000000000000000e+02
1.650000000000000000e+02 3.260000000000000000e+02
4.283823529410000219e+02 3.259117647059999854e+02
4.871153846149999822e+02 3.261153846149999822e+02
5.688461538499999648e+01 3.271153846149999822e+02
2.817777777779999724e+02 3.276111111110000138e+02
5.200000000000000000e+02 3.267857142859999726e+02
3.350000000000000000e+01 3.276999999999999886e+02
3.902333333330000187e+02 3.288333333329999846e+02
7.379411764699999310e+01 3.297941176470000073e+02
3.026666666670000154e+02 3.293888888889999862e+02
8.990000000000000568e+01 3.298999999999999773e+02
3.290652173909999760e+02 3.314130434780000201e+02
1.573125000000000000e+02 3.321875000000000000e+02
2.001363636359999987e+02 3.315909090910000145e+02
4.180000000000000000e+02 3.347222222220000276e+02
2.586666666670000154e+02 3.357777777779999724e+02
3.732857142859999726e+02 3.352857142859999726e+02
2.387222222219999992e+02 3.370000000000000000e+02
3.385000000000000000e+02 3.383000000000000114e+02
5.076333333329999959e+02 3.380333333329999732e+02
4.450000000000000000e+02 3.390000000000000000e+02
5.598809523810000428e+02 3.392142857140000274e+02
4.690333333329999732e+02 3.401666666670000154e+02
1.165000000000000000e+02 3.430000000000000000e+02
1.284411764710000057e+02 3.438529411760000016e+02
1.811250000000000000e+02 3.432500000000000000e+02
4.813461538459999929e+02 3.430384615379999786e+02
9.500000000000000000e+00 3.450000000000000000e+02
5.214285714300000052e+01 3.465714285710000127e+02
3.628571428569999853e+02 3.462857142859999726e+02
8.050000000000000000e+01 3.480000000000000000e+02
2.110000000000000000e+02 3.472777777779999724e+02
2.825000000000000000e+02 3.475000000000000000e+02
3.160000000000000000e+02 3.475000000000000000e+02
3.000000000000000000e+02 3.486666666670000154e+02
4.265000000000000000e+02 3.495000000000000000e+02
2.500000000000000000e+01 3.500000000000000000e+02
3.910000000000000000e+02 3.505000000000000000e+02
1.914090909090000139e+02 3.508636363640000013e+02
3.535000000000000000e+02 3.515000000000000000e+02
4.943181818180000278e+02 3.506818181819999722e+02
5.387500000000000000e+02 3.511666666670000154e+02
2.422500000000000000e+02 3.526499999999999773e+02
5.606111111110000138e+02 3.546666666670000154e+02
2.685909090910000145e+02 3.551363636359999987e+02
5.190000000000000000e+02 3.550000000000000000e+02
4.073888888889999862e+02 3.558333333329999846e+02
1.666818181820000007e+02 3.573181818180000278e+02
5.000000000000000000e-01 3.575000000000000000e+02
6.892857142900000156e+01 3.584047619049999867e+02
4.430000000000000000e+02 3.585000000000000000e+02
1.510000000000000000e+02 3.592142857140000274e+02
3.761000000000000227e+02 3.588999999999999773e+02
9.506521739100000445e+01 3.625000000000000000e+02
1.362142857139999990e+02 3.623571428569999853e+02
1.130000000000000000e+02 3.635000000000000000e+02
4.008999999999999773e+02 3.635666666669999927e+02
5.696052631579999570e+02 3.629210526319999985e+02
3.305000000000000000e+02 3.641470588239999984e+02
3.680000000000000000e+02 3.640000000000000000e+02
2.116538461540000071e+02 3.649615384620000214e+02
5.125666666670000495e+02 3.652333333330000187e+02
4.500000000000000000e+01 3.660000000000000000e+02
4.921190476190000140e+02 3.669761904759999993e+02
2.285526315790000069e+02 3.678684210530000200e+02
4.668999999999999773e+02 3.668999999999999773e+02
1.734130434779999916e+02 3.702826086960000112e+02
1.925000000000000000e+02 3.698529411760000016e+02
2.688809523809999860e+02 3.709761904759999993e+02
4.215000000000000000e+02 3.705000000000000000e+02
7.573076923099999647e+01 3.721153846149999822e+02
5.320000000000000000e+02 3.720000000000000000e+02
1.467352941180000130e+02 3.732647058819999870e+02
1.838888888900000040e+01 3.757777777779999724e+02
4.465000000000000000e+02 3.750000000000000000e+02
6.077777777800000081e+01 3.766111111110000138e+02
2.491470588239999984e+02 3.765000000000000000e+02
2.897500000000000000e+02 3.761666666670000154e+02
5.618684210530000200e+02 3.767105263160000277e+02
3.510333333329999732e+02 3.796333333329999959e+02
5.020000000000000000e+02 3.797857142859999726e+02
1.089705882349999939e+02 3.811470588239999984e+02
4.605000000000000000e+02 3.825000000000000000e+02
2.864499999999999886e+02 3.843999999999999773e+02
3.062777777779999724e+02 3.840000000000000000e+02
3.786176470589999781e+02 3.843823529410000219e+02
3.964499999999999886e+02 3.849499999999999886e+02
4.798636363640000013e+02 3.840454545449999841e+02
5.258571428569999853e+02 3.847142857140000274e+02
2.407777777780000008e+02 3.856111111110000138e+02
1.281153846150000106e+02 3.858846153850000178e+02
4.140384615379999786e+02 3.856538461540000071e+02
7.083333333299999879e+01 3.866111111110000138e+02
8.623333333300000447e+01 3.878333333329999846e+02
2.256111111110000138e+02 3.877777777779999724e+02
3.261999999999999886e+02 3.873500000000000227e+02
1.801666666669999870e+02 3.877500000000000000e+02
3.468999999999999773e+02 3.889399999999999977e+02
2.200000000000000000e+01 3.905000000000000000e+02
1.620000000000000000e+02 3.895000000000000000e+02
2.645909090910000145e+02 3.898636363640000013e+02
1.408529411760000016e+02 3.910294117650000203e+02
1.995000000000000000e+02 3.905000000000000000e+02
1.371428571400000074e+01 3.925714285710000127e+02
4.213157894700000128e+01 3.922894736839999723e+02
5.735000000000000000e+02 3.935000000000000000e+02
3.662692307689999893e+02 3.951153846149999822e+02
5.422500000000000000e+02 3.952500000000000000e+02
4.115000000000000000e+02 3.961250000000000000e+02
1.221666666670000012e+02 3.978333333329999846e+02
3.090384615379999786e+02 3.973461538459999929e+02
3.864499999999999886e+02 3.976000000000000227e+02
4.308888888889999862e+02 3.981111111110000138e+02
1.006818181820000007e+02 4.003181818180000278e+02
2.212142857139999990e+02 4.000000000000000000e+02
4.995000000000000000e+02 4.003000000000000114e+02
5.622500000000000000e+02 4.001250000000000000e+02
2.054166666669999870e+02 4.040000000000000000e+02
2.503421052630000077e+02 4.033421052630000077e+02
4.821315789469999800e+02 4.037631578950000062e+02
4.539782608699999855e+02 4.048913043480000056e+02
6.065384615400000001e+01 4.059615384620000214e+02
3.257105263160000277e+02 4.062368421049999938e+02
5.127142857139999705e+02 4.057142857140000274e+02
5.726666666669999586e+02 4.066666666670000154e+02
1.830000000000000000e+02 4.080000000000000000e+02
2.600000000000000000e+02 4.077857142859999726e+02
7.588461538500000358e+01 4.088846153850000178e+02
1.550000000000000000e+02 4.100000000000000000e+02
2.888999999999999773e+02 4.101000000000000227e+02
2.996999999999999886e+02 4.106999999999999886e+02
9.550000000000000000e+01 4.128333333329999846e+02
1.693181818179999993e+02 4.133181818180000278e+02
3.450000000000000000e+01 4.142894736839999723e+02
3.616904761900000267e+02 4.144523809519999986e+02
3.732142857140000274e+02 4.135000000000000000e+02
1.348636363640000013e+02 4.145909090910000145e+02
4.261666666670000154e+02 4.147500000000000000e+02
5.243823529410000219e+02 4.149117647059999854e+02
6.833333332999999676e+00 4.163333333329999846e+02
7.334210526299999344e+01 4.163421052630000077e+02
5.024473684210000215e+02 4.164473684210000215e+02
5.458846153849999610e+02 4.161153846149999822e+02
2.476875000000000000e+02 4.183125000000000000e+02
2.150000000000000000e+01 4.196999999999999886e+02
1.135476190480000014e+02 4.208809523809999860e+02
3.948529411760000016e+02 4.200294117650000203e+02
4.605526315789999785e+02 4.204473684210000215e+02
1.885000000000000000e+02 4.215000000000000000e+02
2.285000000000000000e+02 4.219285714289999873e+02
4.089375000000000000e+02 4.237500000000000000e+02
4.445476190480000014e+02 4.236904761900000267e+02
3.312142857140000274e+02 4.240000000000000000e+02
2.756250000000000000e+02 4.243750000000000000e+02
1.781666666669999870e+02 4.253888888889999862e+02
4.866666666670000154e+02 4.265000000000000000e+02
3.153421052630000077e+02 4.293421052630000077e+02
3.520000000000000000e+02 4.286999999999999886e+02
5.440000000000000000e+02 4.286999999999999886e+02
5.500000000000000000e+00 4.305000000000000000e+02
5.436956521700000167e+01 4.307173913039999888e+02
1.605555555560000016e+02 4.311111111110000138e+02
2.170000000000000000e+02 4.293000000000000114e+02
2.229285714289999873e+02 4.315000000000000000e+02
2.650000000000000000e+02 4.305000000000000000e+02
5.227666666669999813e+02 4.316999999999999886e+02
5.602857142860000295e+02 4.308571428569999853e+02
2.661111111099999960e+01 4.336666666670000154e+02
2.878157894739999847e+02 4.335526315789999785e+02
3.406250000000000000e+02 4.326250000000000000e+02
3.686250000000000000e+02 4.326250000000000000e+02
1.355000000000000000e+02 4.337500000000000000e+02
4.110000000000000000e+02 4.350000000000000000e+02
4.453181818180000278e+02 4.350454545449999841e+02
6.388888888900000040e+01 4.367777777779999724e+02
3.805909090910000145e+02 4.358636363640000013e+02
3.581363636359999987e+02 4.365909090910000145e+02
4.337500000000000000e+02 4.381250000000000000e+02
5.022333333330000187e+02 4.383000000000000114e+02
4.666052631580000138e+02 4.399210526319999985e+02
2.270000000000000000e+02 4.410000000000000000e+02
2.606818181819999722e+02 4.406818181819999722e+02
1.004090909089999997e+02 4.424090909089999855e+02
1.971086956519999944e+02 4.429782608699999855e+02
4.870000000000000000e+02 4.420000000000000000e+02
4.032647058819999870e+02 4.455000000000000000e+02
1.218750000000000000e+02 4.467500000000000000e+02
5.537500000000000000e+02 4.467500000000000000e+02
1.713235294119999992e+02 4.477352941180000130e+02
2.462142857139999990e+02 4.470000000000000000e+02
1.500000000000000000e+01 4.482142857140000274e+02
1.547307692310000107e+02 4.478846153850000178e+02
3.028333333329999846e+02 4.482500000000000000e+02
3.195000000000000000e+02 4.495000000000000000e+02
5.221250000000000000e+02 4.502500000000000000e+02
5.360000000000000142e+01 4.514499999999999886e+02
4.413421052630000077e+02 4.526578947369999923e+02
5.735000000000000000e+02 4.515000000000000000e+02
2.610333333329999732e+02 4.563666666670000041e+02
4.235000000000000000e+02 4.560000000000000000e+02
4.694473684210000215e+02 4.563421052630000077e+02
4.890000000000000000e+02 4.560000000000000000e+02
5.361470588240000552e+02 4.560294117650000203e+02
8.190000000000000568e+01 4.571000000000000227e+02
1.985000000000000000e+02 4.575000000000000000e+02
3.868809523809999860e+02 4.573571428569999853e+02
5.577777777779999724e+02 4.573888888889999862e+02
6.683333333299999879e+01 4.575833333329999846e+02
1.000833333329999988e+02 4.575833333329999846e+02
3.348846153850000178e+02 4.581153846149999822e+02
3.488076923080000142e+02 4.580384615379999786e+02
2.402142857139999990e+02 4.590000000000000000e+02
1.331153846150000106e+02 4.598846153850000178e+02
2.117857142860000010e+02 4.600000000000000000e+02
3.619545454550000159e+02 4.598636363640000013e+02
5.087352941180000130e+02 4.629705882349999797e+02
2.856000000000000227e+02 4.634499999999999886e+02
1.781153846150000106e+02 4.641153846149999822e+02
4.022142857140000274e+02 4.640000000000000000e+02
3.378571428600000104e+01 4.650000000000000000e+02
3.041153846149999822e+02 4.671153846149999822e+02
4.531666666670000154e+02 4.675000000000000000e+02
5.500000000000000000e+00 4.680000000000000000e+02
1.450000000000000000e+02 4.680000000000000000e+02
5.188461538499999648e+01 4.698846153850000178e+02
1.637941176470000073e+02 4.699117647059999854e+02
1.142500000000000000e+02 4.733500000000000227e+02
4.847857142859999726e+02 4.730000000000000000e+02
5.524130434779999632e+02 4.742826086960000112e+02
5.048636363640000013e+02 4.734090909089999855e+02
3.230000000000000000e+02 4.752777777779999724e+02
4.335909090910000145e+02 4.761363636359999987e+02
2.653421052630000077e+02 4.774473684210000215e+02
3.463750000000000000e+02 4.763750000000000000e+02
2.317857142860000010e+02 4.780000000000000000e+02
3.891999999999999886e+02 4.783500000000000227e+02
5.240000000000000000e+02 4.785000000000000000e+02
9.118750000000000000e+01 4.794375000000000000e+02
3.075000000000000000e+02 4.790000000000000000e+02
3.685000000000000000e+02 4.795714285710000127e+02
2.160000000000000000e+02 4.800000000000000000e+02
4.205000000000000000e+02 4.795000000000000000e+02
2.070833333330000130e+02 4.817500000000000000e+02
5.702894736839999723e+02 4.825000000000000000e+02
1.405000000000000000e+02 4.833000000000000114e+02
7.190000000000000568e+01 4.851000000000000227e+02
4.708999999999999773e+02 4.848999999999999773e+02
1.910000000000000000e+02 4.860000000000000000e+02
3.311363636359999987e+02 4.855909090910000145e+02
1.702142857139999990e+02 4.870000000000000000e+02
1.593750000000000000e+01 4.887500000000000000e+02
2.830000000000000000e+02 4.883125000000000000e+02
5.240000000000000000e+02 4.875000000000000000e+02
5.427857142860000295e+02 4.880000000000000000e+02
1.549000000000000057e+02 4.890000000000000000e+02
4.041000000000000227e+02 4.891000000000000227e+02
1.357142856999999925e+00 4.917142857140000274e+02
1.043461538460000071e+02 4.905769230770000036e+02
4.171000000000000227e+02 4.908999999999999773e+02
4.896538461540000071e+02 4.909615384620000214e+02
3.541363636359999987e+02 4.915909090910000145e+02
3.600000000000000000e+01 4.927857142859999726e+02
2.460999999999999943e+02 4.928999999999999773e+02
3.704090909089999855e+02 4.945909090910000145e+02
5.079999999999999716e+01 4.948000000000000114e+02
2.595000000000000000e+02 4.950714285710000127e+02
3.815000000000000000e+02 4.950000000000000000e+02
4.457857142859999726e+02 4.950000000000000000e+02
5.098846153850000178e+02 4.948846153850000178e+02
1.279000000000000057e+02 4.964333333330000073e+02
3.016333333329999959e+02 4.970333333329999732e+02
5.712222222220000276e+02 4.992222222220000276e+02
8.990909090899999967e+01 5.021363636359999987e+02
2.215000000000000000e+02 5.011250000000000000e+02
1.888571428570000137e+02 5.037142857140000274e+02
7.100000000000000000e+01 5.042142857140000274e+02
4.557142857140000274e+02 5.038571428569999853e+02
3.169999999999999929e+01 5.048000000000000114e+02
1.575000000000000000e+02 5.050000000000000000e+02
2.767857142859999726e+02 5.051428571430000147e+02
3.203000000000000114e+02 5.045000000000000000e+02
5.424333333329999505e+02 5.058999999999999773e+02
4.305909090910000145e+02 5.068636363640000013e+02
3.345000000000000000e+02 5.087105263160000277e+02
1.290000000000000036e+01 5.091000000000000227e+02
4.800000000000000000e+01 5.092777777779999724e+02
1.342272727270000132e+02 5.100000000000000000e+02
3.932777777779999724e+02 5.090000000000000000e+02
4.792222222220000276e+02 5.103888888889999862e+02
5.002368421049999938e+02 5.117631578950000062e+02
2.146999999999999886e+02 5.115000000000000000e+02
1.091153846149999964e+02 5.135769230769999467e+02
4.191153846149999822e+02 5.132692307690000462e+02
5.250000000000000000e+02 5.130000000000000000e+02
7.659999999999999432e+01 5.144500000000000455e+02
2.620909090910000145e+02 5.156818181820000291e+02
3.695909090910000145e+02 5.151363636360000555e+02
3.035500000000000114e+02 5.172500000000000000e+02
4.670882352940000146e+02 5.183823529410000219e+02
1.768529411760000016e+02 5.189705882350000365e+02
2.478846153849999894e+02 5.201153846150000390e+02
5.687222222220000276e+02 5.210000000000000000e+02
5.449666666670000268e+02 5.226333333329999959e+02
1.930000000000000000e+02 5.230000000000000000e+02
3.461666666670000154e+02 5.235000000000000000e+02
3.118750000000000000e+01 5.246250000000000000e+02
2.320999999999999943e+02 5.241000000000000227e+02
4.072142857140000274e+02 5.243571428569999853e+02
4.242500000000000000e+02 5.241250000000000000e+02
4.450000000000000000e+02 5.250000000000000000e+02
2.133947368419999862e+02 5.269210526320000554e+02
5.245000000000000000e+02 5.275000000000000000e+02
6.538888888900000040e+01 5.287777777779999724e+02
3.341153846149999822e+02 5.281153846150000390e+02
4.960000000000000000e+02 5.280000000000000000e+02
4.791875000000000000e+02 5.296250000000000000e+02
9.850000000000000000e+01 5.305000000000000000e+02
1.533181818179999993e+02 5.309545454550000159e+02
3.749615384620000214e+02 5.321923076919999858e+02
1.767380952379999997e+02 5.338809523810000428e+02
2.760384615379999786e+02 5.333461538459999929e+02
3.096578947369999923e+02 5.338157894739999847e+02
2.948333333329999846e+02 5.337500000000000000e+02
1.322142857139999990e+02 5.350000000000000000e+02
8.937500000000000000e+00 5.362500000000000000e+02
8.850000000000000000e+01 5.387105263160000277e+02
3.885666666669999927e+02 5.381000000000000227e+02
3.829999999999999716e+01 5.385000000000000000e+02
4.586176470589999781e+02 5.390882352940000146e+02
1.048750000000000000e+02 5.402500000000000000e+02
2.465625000000000000e+02 5.406250000000000000e+02
5.504090909090000423e+02 5.405909090909999577e+02
5.116333333329999959e+02 5.409666666670000268e+02
5.315000000000000000e+02 5.415000000000000000e+02
4.094333333330000073e+02 5.431000000000000227e+02
4.370000000000000000e+02 5.430000000000000000e+02
1.850999999999999943e+02 5.438999999999999773e+02
2.339000000000000057e+02 5.438999999999999773e+02
2.690333333329999732e+02 5.448333333330000414e+02
1.508823529400000041e+01 5.453823529410000219e+02
2.111153846150000106e+02 5.452692307690000462e+02
3.622333333330000187e+02 5.468333333330000414e+02
6.442307692299999644e+01 5.471923076919999858e+02
1.439000000000000057e+02 5.468999999999999773e+02
3.455000000000000000e+02 5.475000000000000000e+02
4.936250000000000000e+02 5.481875000000000000e+02
5.722999999999999545e+02 5.488333333330000414e+02
1.629000000000000057e+02 5.488999999999999773e+02
2.810333333329999732e+02 5.503666666670000041e+02
1.295000000000000000e+02 5.521499999999999773e+02
1.952272727270000132e+02 5.537727272729999868e+02
4.698999999999999773e+02 5.542999999999999545e+02
3.900000000000000000e+01 5.545000000000000000e+02
3.055000000000000000e+02 5.545000000000000000e+02
3.215000000000000000e+02 5.545000000000000000e+02
3.900000000000000000e+02 5.545000000000000000e+02
5.575000000000000000e+02 5.545000000000000000e+02
