1.300000000000000000e+02 5.000000000000000000e-01
1.761666666669999870e+02 1.433333332999999987e+00
4.695000000000000000e+02 5.000000000000000000e-01
5.522142857139999705e+02 2.000000000000000000e+00
5.759444444440000552e+02 2.388888888999999960e+00
2.798999999999999773e+02 3.100000000000000089e+00
3.522142857140000274e+02 3.000000000000000000e+00
5.050000000000000000e+01 4.071428571000000218e+00
2.266999999999999886e+02 3.500000000000000000e+00
4.986904761900000267e+02 4.357142857000000369e+00
1.550882352939999862e+02 5.382352940999999724e+00
3.756363636359999987e+02 5.500000000000000000e+00
4.885000000000000000e+02 5.000000000000000000e+00
2.945238095199999862e+01 6.738095237999999654e+00
7.316666666700000121e+01 6.250000000000000000e+00
4.073823529410000219e+02 6.088235294000000408e+00
1.967222222219999992e+02 7.444444444000000161e+00
5.241153846150000390e+02 8.115384614999999968e+00
2.145000000000000000e+02 9.264705881999999448e+00
3.245500000000000114e+02 9.599999999999999645e+00
1.735000000000000000e+02 1.030000000000000071e+01
4.263235294120000276e+02 1.044117647100000035e+01
5.351250000000000000e+02 1.125000000000000000e+01
2.966818181819999722e+02 1.300000000000000000e+01
4.431250000000000000e+02 1.293750000000000000e+01
5.100333333329999732e+02 1.263333333299999950e+01
1.367500000000000000e+02 1.393750000000000000e+01
2.575000000000000000e+02 1.400000000000000000e+01
3.527173913039999888e+02 1.458695652199999948e+01
8.590000000000000568e+01 1.509999999999999964e+01
1.083888888890000004e+02 1.522222222199999919e+01
4.558333333329999846e+02 1.475000000000000000e+01
5.543999999999999773e+02 1.544999999999999929e+01
3.914166666670000154e+02 1.616666666700000121e+01
2.390000000000000000e+02 1.700000000000000000e+01
4.858846153850000178e+02 1.711538461499999997e+01
1.636176470590000065e+02 1.808823529400000041e+01
4.740000000000000000e+02 1.972222222199999919e+01
3.772647058819999870e+02 2.026470588200000122e+01
2.665000000000000000e+02 2.169999999999999929e+01
3.896250000000000000e+02 2.162500000000000000e+01
5.854999999999999716e+01 2.360000000000000142e+01
5.706578947369999923e+02 2.365789473699999945e+01
7.759090909100000033e+01 2.440909090899999967e+01
1.232500000000000000e+02 2.475000000000000000e+01
3.268684210530000200e+02 2.402631578900000164e+01
1.791176470599999959e+01 2.661764705899999939e+01
9.900000000000000000e+01 2.600000000000000000e+01
3.092272727270000132e+02 2.631818181799999934e+01
4.288999999999999773e+02 2.789999999999999858e+01
7.000000000000000000e+00 2.900000000000000000e+01
2.876333333329999959e+02 2.903333333300000163e+01
4.505500000000000114e+02 2.939999999999999858e+01
5.546176470589999781e+02 2.891176470599999959e+01
3.560000000000000142e+01 3.030000000000000071e+01
5.295000000000000000e+02 2.992857142900000156e+01
5.866538461540000071e+02 3.050000000000000000e+01
2.020000000000000000e+02 3.100000000000000000e+01
2.488636363640000013e+02 3.059090909100000033e+01
4.118846153850000178e+02 3.111538461499999997e+01
1.745000000000000000e+02 3.200000000000000000e+01
2.195909090909999861e+02 3.186363636400000132e+01
1.407142857139999990e+02 3.414285714300000052e+01
2.337857142860000010e+02 3.500000000000000000e+01
3.610000000000000000e+02 3.500000000000000000e+01
3.828636363640000013e+02 3.459090909100000033e+01
8.195000000000000284e+01 3.664999999999999858e+01
5.020000000000000000e+02 3.650000000000000000e+01
6.578571428600000104e+01 3.700000000000000000e+01
3.360000000000000000e+02 3.750000000000000000e+01
4.705000000000000000e+02 3.700000000000000000e+01
5.240000000000000000e+02 3.700000000000000000e+01
1.104411764710000057e+02 4.014705882399999837e+01
2.995000000000000000e+02 4.138235294100000061e+01
3.990000000000000000e+02 4.221428571399999896e+01
5.380000000000000000e+02 4.200000000000000000e+01
2.255500000000000114e+02 4.360000000000000142e+01
5.768125000000000000e+02 4.331250000000000000e+01
1.611470588239999984e+02 4.650000000000000000e+01
2.690333333329999732e+02 4.663333333300000305e+01
4.205500000000000114e+02 4.639999999999999858e+01
2.800000000000000000e+01 4.700000000000000000e+01
3.321666666670000154e+02 4.661111111099999960e+01
4.366538461540000071e+02 4.696153846200000004e+01
4.227777777800000081e+01 4.900000000000000000e+01
3.447352941180000130e+02 4.973529411799999878e+01
4.570625000000000000e+02 4.918750000000000000e+01
4.955000000000000000e+02 5.000000000000000000e+01
3.601470588239999984e+02 5.150000000000000000e+01
1.007857142860000010e+02 5.200000000000000000e+01
1.911764706000000036e+00 5.338235294100000061e+01
1.387500000000000000e+02 5.400000000000000000e+01
1.862272727270000132e+02 5.400000000000000000e+01
2.015000000000000000e+02 5.316666666700000121e+01
3.140000000000000000e+02 5.321428571399999896e+01
3.878846153850000178e+02 5.311538461500000352e+01
5.130000000000000000e+02 5.321428571399999896e+01
2.798125000000000000e+02 5.537500000000000000e+01
5.606176470589999781e+02 5.591176470599999959e+01
4.750454545449999841e+02 5.713636363599999868e+01
5.245000000000000000e+02 5.714705882399999837e+01
2.587777777779999724e+02 5.838888888900000040e+01
6.459999999999999432e+01 5.954999999999999716e+01
8.711538461499999642e+01 6.088461538499999648e+01
3.381153846149999822e+02 6.088461538499999648e+01
5.523095238099999733e+02 6.207142857099999844e+01
1.225000000000000000e+02 6.170000000000000284e+01
2.150999999999999943e+02 6.210000000000000142e+01
3.763421052630000077e+02 6.234210526300000055e+01
5.792142857139999705e+02 6.185714285699999948e+01
1.680384615380000071e+02 6.265384615400000001e+01
3.955555555560000016e+02 6.338888888900000040e+01
1.394411764710000057e+02 6.467647058800000082e+01
4.251875000000000000e+02 6.468750000000000000e+01
1.969999999999999929e+01 6.650000000000000000e+01
2.425000000000000000e+02 6.816666666700000121e+01
4.901000000000000227e+02 6.809999999999999432e+01
4.750000000000000000e+01 6.971052631599999927e+01
1.909000000000000057e+02 7.009999999999999432e+01
2.608571428569999853e+02 7.021428571399999896e+01
2.916818181819999722e+02 7.095454545500000165e+01
3.138846153850000178e+02 7.088461538500000358e+01
4.475000000000000000e+02 7.050000000000000000e+01
5.871666666669999586e+02 7.100000000000000000e+01
1.140000000000000000e+02 7.166666666700000121e+01
5.126538461540000071e+02 7.196153846199999293e+01
7.600000000000000000e+01 7.421428571399999896e+01
3.436052631580000138e+02 7.392105263199999854e+01
4.681250000000000000e+02 7.425000000000000000e+01
5.350000000000000000e+02 7.521428571399999896e+01
1.108823529400000041e+01 7.638235294099999351e+01
1.251153846149999964e+02 7.611538461499999642e+01
2.820263157890000230e+02 7.686842105300000583e+01
3.627727272729999868e+02 7.831818181799999934e+01
5.722500000000000000e+02 7.856250000000000000e+01
1.735476190480000014e+02 7.930952381000000173e+01
4.190000000000000000e+02 7.950000000000000000e+01
5.513823529410000219e+02 7.908823529400000041e+01
4.785000000000000000e+02 8.000000000000000000e+01
6.081250000000000000e+01 8.237500000000000000e+01
9.438235294099999351e+01 8.361764705900000649e+01
3.234210526300000055e+01 8.481578947399999890e+01
2.092777777780000008e+02 8.400000000000000000e+01
2.210000000000000000e+02 8.378571428600000104e+01
2.362500000000000000e+02 8.350000000000000000e+01
3.091153846149999822e+02 8.457692307700000356e+01
3.243999999999999773e+02 8.445000000000000284e+01
1.579117647060000138e+02 8.561764705900000649e+01
4.999285714289999873e+02 8.650000000000000000e+01
2.601999999999999886e+02 8.759999999999999432e+01
3.847222222220000276e+02 8.800000000000000000e+01
4.442142857140000274e+02 8.800000000000000000e+01
4.700833333329999846e+02 8.925000000000000000e+01
1.043888888890000004e+02 9.077777777800000081e+01
5.643947368420000430e+02 9.107894736800000146e+01
7.650000000000000000e+01 9.150000000000000000e+01
4.347105263160000277e+02 9.213157894699999417e+01
5.806176470589999781e+02 9.191176470599999959e+01
3.731250000000000000e+01 9.418750000000000000e+01
1.745000000000000000e+02 9.500000000000000000e+01
1.320000000000000000e+02 9.578571428600000104e+01
1.847666666670000097e+02 9.683333333299999879e+01
3.265000000000000000e+02 9.628947368400000073e+01
1.463181818179999993e+02 9.668181818200000066e+01
2.753666666670000041e+02 9.703333333300000163e+01
2.952368421049999938e+02 9.713157894699999417e+01
3.416052631580000138e+02 9.792105263199999854e+01
4.089117647059999854e+02 9.738235294099999351e+01
5.195833333330000414e+02 9.716666666700000121e+01
3.166666666999999880e+00 9.850000000000000000e+01
5.626923076900000353e+01 9.911538461499999642e+01
3.910000000000000000e+02 1.025000000000000000e+02
9.008823529400000041e+01 1.043823529409999935e+02
5.131470588240000552e+02 1.045000000000000000e+02
6.900000000000000000e+01 1.052272727269999990e+02
2.273888888889999862e+02 1.052222222219999992e+02
4.475000000000000000e+02 1.051250000000000000e+02
1.588846153849999894e+02 1.058846153850000036e+02
1.990000000000000000e+02 1.057857142860000010e+02
2.460999999999999943e+02 1.057999999999999972e+02
4.906052631580000138e+02 1.069210526319999985e+02
5.447500000000000000e+02 1.077500000000000000e+02
5.600000000000000000e+02 1.070000000000000000e+02
3.008571428569999853e+02 1.097142857139999990e+02
5.831000000000000227e+02 1.089000000000000057e+02
2.873823529410000219e+02 1.109117647059999996e+02
3.681470588239999984e+02 1.109705882349999939e+02
4.767222222220000276e+02 1.110000000000000000e+02
2.580294117650000203e+02 1.128529411760000016e+02
4.280000000000000000e+02 1.122142857139999990e+02
2.950000000000000000e+01 1.138529411760000016e+02
4.016176470589999781e+02 1.130882352940000004e+02
1.030000000000000000e+02 1.137857142860000010e+02
2.376250000000000000e+02 1.136250000000000000e+02
4.416250000000000000e+02 1.136250000000000000e+02
1.198846153850000036e+02 1.151153846149999964e+02
3.393461538459999929e+02 1.160384615380000071e+02
5.361153846150000390e+02 1.161153846149999964e+02
3.515000000000000000e+02 1.177105263159999993e+02
5.785714286000000151e+00 1.210000000000000000e+02
1.407777777780000008e+02 1.216111111109999996e+02
5.710384615379999786e+02 1.206538461539999929e+02
1.850000000000000000e+02 1.222142857139999990e+02
2.213666666670000041e+02 1.219666666669999984e+02
1.665500000000000114e+02 1.235999999999999943e+02
4.201470588239999984e+02 1.235000000000000000e+02
4.955000000000000000e+02 1.235000000000000000e+02
8.800000000000000000e+01 1.255000000000000000e+02
5.546538461540000071e+02 1.259615384619999929e+02
4.736666666699999695e+01 1.269666666669999984e+02
3.175714285710000127e+02 1.271428571430000005e+02
5.235000000000000000e+02 1.275000000000000000e+02
2.034473684209999931e+02 1.288157894740000131e+02
4.582142857140000274e+02 1.280000000000000000e+02
9.869047618999999827e+01 1.293571428570000137e+02
1.787500000000000000e+02 1.290625000000000000e+02
2.722500000000000000e+02 1.288333333330000130e+02
3.712500000000000000e+02 1.288333333330000130e+02
3.860000000000000000e+02 1.287857142860000010e+02
4.460000000000000000e+02 1.295000000000000000e+02
1.193666666670000041e+02 1.300333333330000016e+02
4.825909090910000145e+02 1.301363636359999987e+02
7.100000000000000000e+01 1.303000000000000114e+02
1.588461538500000003e+01 1.318846153849999894e+02
2.508571428570000137e+02 1.317857142860000010e+02
2.936666666700000050e+01 1.340333333330000016e+02
2.300000000000000000e+02 1.340000000000000000e+02
3.346111111110000138e+02 1.342222222219999992e+02
2.929666666670000268e+02 1.376333333329999959e+02
4.095000000000000000e+02 1.385000000000000000e+02
1.450000000000000000e+02 1.395000000000000000e+02
3.157307692310000107e+02 1.391153846150000106e+02
3.557777777779999724e+02 1.398333333330000130e+02
5.321153846150000390e+02 1.391153846150000106e+02
8.000000000000000000e+00 1.405000000000000000e+02
1.610749999999999886e+02 1.465666666669999927e+02
1.872142857139999990e+02 1.400000000000000000e+02
5.530714285709999558e+02 1.405000000000000000e+02
5.776818181820000291e+02 1.420454545450000126e+02
4.509117647059999854e+02 1.433823529409999935e+02
5.025000000000000000e+02 1.431250000000000000e+02
4.715000000000000000e+02 1.448333333330000130e+02
2.073181818179999993e+02 1.457727272729999868e+02
4.228636363640000013e+02 1.455909090909999861e+02
4.088888888900000040e+01 1.488333333330000130e+02
2.206904761899999983e+02 1.483571428570000137e+02
3.358000000000000114e+02 1.483499999999999943e+02
5.250333333329999732e+02 1.486333333329999959e+02
5.676315789499999909e+01 1.502368421049999938e+02
1.119666666669999984e+02 1.496333333329999959e+02
8.265789473700000656e+01 1.503421052630000077e+02
9.400000000000000000e+01 1.515000000000000000e+02
2.555999999999999943e+02 1.516999999999999886e+02
3.917500000000000000e+02 1.527500000000000000e+02
3.063500000000000227e+02 1.537500000000000000e+02
3.716818181819999722e+02 1.533181818179999993e+02
2.412368421049999938e+02 1.542894736840000007e+02
2.869666666670000268e+02 1.546333333329999959e+02
2.000000000000000000e+00 1.555000000000000000e+02
4.413000000000000114e+02 1.564333333330000073e+02
5.643260869570000295e+02 1.585000000000000000e+02
3.803333333300000163e+01 1.593666666670000041e+02
1.350000000000000000e+02 1.597857142860000010e+02
4.915000000000000000e+02 1.605000000000000000e+02
5.421153846150000390e+02 1.602692307689999893e+02
1.508636363640000013e+02 1.614090909090000139e+02
4.578333333329999846e+02 1.625000000000000000e+02
1.875000000000000000e+02 1.635000000000000000e+02
3.510384615379999786e+02 1.626538461540000071e+02
5.121470588240000552e+02 1.635000000000000000e+02
9.565789473700000656e+01 1.646578947369999923e+02
2.151363636359999987e+02 1.635909090909999861e+02
6.640476190500000087e+01 1.660714285710000127e+02
2.698333333329999846e+02 1.646111111110000138e+02
2.883000000000000114e+02 1.645000000000000000e+02
1.650000000000000000e+01 1.665000000000000000e+02
4.008000000000000114e+02 1.668000000000000114e+02
4.713421052630000077e+02 1.686578947369999923e+02
5.517857142860000295e+02 1.680000000000000000e+02
2.006578947369999923e+02 1.693421052630000077e+02
3.250000000000000000e+02 1.700000000000000000e+02
4.260000000000000000e+02 1.702777777780000008e+02
1.267857142860000010e+02 1.710000000000000000e+02
3.500000000000000000e+00 1.725555555560000016e+02
2.473499999999999943e+02 1.737500000000000000e+02
3.750882352940000146e+02 1.733823529409999935e+02
8.290000000000000568e+01 1.774333333330000073e+02
2.180999999999999943e+02 1.769000000000000057e+02
3.516578947369999923e+02 1.776578947369999923e+02
5.409705882350000365e+02 1.771470588239999984e+02
5.803421052630000077e+02 1.773421052630000077e+02
5.071052631599999927e+01 1.781315789470000084e+02
3.873421052630000077e+02 1.791315789470000084e+02
4.048636363640000013e+02 1.789545454549999874e+02
1.660294117649999919e+02 1.801470588239999984e+02
2.781000000000000227e+02 1.800999999999999943e+02
3.342857142859999726e+02 1.801428571429999863e+02
4.643461538459999929e+02 1.797307692310000107e+02
5.016176470589999781e+02 1.800882352939999862e+02
1.700000000000000000e+01 1.803000000000000114e+02
1.405000000000000000e+02 1.823636363640000013e+02
3.016111111110000138e+02 1.817777777780000008e+02
4.430882352940000146e+02 1.813823529409999935e+02
1.150000000000000000e+02 1.825000000000000000e+02
2.618181818200000066e+01 1.856363636359999987e+02
5.220000000000000000e+02 1.862777777780000008e+02
2.456176470590000065e+02 1.886176470590000065e+02
5.726578947369999923e+02 1.886578947369999923e+02
2.748846153850000178e+02 1.898846153849999894e+02
5.542500000000000000e+02 1.905500000000000114e+02
7.681818181999999773e+00 1.906818181820000007e+02
7.238235294099999351e+01 1.909117647060000138e+02
1.248846153850000036e+02 1.908846153849999894e+02
1.860833333330000130e+02 1.912500000000000000e+02
3.142142857140000274e+02 1.910000000000000000e+02
3.521000000000000227e+02 1.909000000000000057e+02
3.693999999999999773e+02 1.915500000000000114e+02
4.843823529410000219e+02 1.910882352939999862e+02
1.373823529409999935e+02 1.930882352939999862e+02
4.260000000000000000e+02 1.952142857139999990e+02
4.470000000000000000e+02 1.952142857139999990e+02
5.003823529410000219e+02 1.959117647060000138e+02
5.550000000000000000e+01 1.970000000000000000e+02
2.043095238100000017e+02 1.976428571429999863e+02
1.077857142860000010e+02 1.990000000000000000e+02
2.868999999999999773e+02 1.989000000000000057e+02
3.908333333329999846e+02 1.992500000000000000e+02
4.573421052630000077e+02 1.993421052630000077e+02
2.175000000000000000e+02 2.006999999999999886e+02
5.342894736839999723e+02 2.019736842110000055e+02
2.920000000000000000e+02 2.022272727270000132e+02
5.841428571430000147e+02 2.027142857139999990e+02
1.657307692310000107e+02 2.031153846150000106e+02
1.870000000000000000e+02 2.035000000000000000e+02
2.340000000000000000e+02 2.045000000000000000e+02
3.305000000000000000e+02 2.045000000000000000e+02
5.672333333330000187e+02 2.041666666669999870e+02
2.505909090909999861e+02 2.054090909090000139e+02
8.536666666700000405e+01 2.069666666669999984e+02
3.186176470589999781e+02 2.070882352939999862e+02
3.828000000000000114e+02 2.073000000000000114e+02
4.348846153850000178e+02 2.088846153849999894e+02
1.593461538459999929e+02 2.099615384619999929e+02
5.127857142860000295e+02 2.100000000000000000e+02
4.561764705899999939e+01 2.109117647060000138e+02
4.110555555560000016e+02 2.116111111110000138e+02
2.200000000000000000e+01 2.120000000000000000e+02
2.659782608699999855e+02 2.132826086960000112e+02
1.328260869600000049e+01 2.135869565220000084e+02
4.812647058819999870e+02 2.137352941180000130e+02
5.307105263160000277e+02 2.141315789470000084e+02
1.167666666669999955e+02 2.151666666669999870e+02
2.110000000000000000e+02 2.150000000000000000e+02
3.475000000000000000e+02 2.157105263159999993e+02
4.493333333329999846e+02 2.155000000000000000e+02
1.305000000000000000e+02 2.160000000000000000e+02
1.716176470590000065e+02 2.159117647060000138e+02
3.595000000000000000e+02 2.168529411760000016e+02
4.945000000000000000e+02 2.155000000000000000e+02
9.033333333299999879e+01 2.183888888889999862e+02
2.820810810809999793e+02 2.227432432429999949e+02
2.309000000000000057e+02 2.193666666670000041e+02
5.871666666669999586e+02 2.181666666669999870e+02
6.978571428600000104e+01 2.189285714289999873e+02
4.007857142859999726e+02 2.200000000000000000e+02
5.528999999999999773e+02 2.219000000000000057e+02
1.384000000000000057e+02 2.245500000000000114e+02
2.421315789470000084e+02 2.242894736840000007e+02
3.203999999999999773e+02 2.245500000000000114e+02
5.121153846150000390e+02 2.238846153849999894e+02
5.686363636360000555e+02 2.251818181820000007e+02
4.411666666670000154e+02 2.257500000000000000e+02
5.704545454499999835e+01 2.281363636359999987e+02
2.233421052630000077e+02 2.285526315790000069e+02
3.810000000000000000e+02 2.285000000000000000e+02
4.236111111110000138e+02 2.282222222219999992e+02
4.896000000000000227e+02 2.285500000000000114e+02
3.060000000000000000e+02 2.287857142860000010e+02
8.291176470599999959e+01 2.306176470590000065e+02
1.625000000000000000e+02 2.305000000000000000e+02
1.900882352939999862e+02 2.303823529409999935e+02
1.030000000000000000e+02 2.312142857139999990e+02
3.610000000000000000e+02 2.320000000000000000e+02
1.213888888890000004e+02 2.340555555560000016e+02
2.588529411760000016e+02 2.355000000000000000e+02
4.615000000000000000e+02 2.350000000000000000e+02
3.410000000000000000e+02 2.360000000000000000e+02
6.282608695999999604e+00 2.375869565220000084e+02
3.645000000000000284e+01 2.374000000000000057e+02
5.811538461500000352e+01 2.368846153849999894e+02
2.910000000000000000e+02 2.387222222219999992e+02
1.735833333330000130e+02 2.391666666669999870e+02
4.495000000000000000e+02 2.397105263159999993e+02
1.497857142860000010e+02 2.440000000000000000e+02
4.302142857140000274e+02 2.440000000000000000e+02
5.291000000000000227e+02 2.439000000000000057e+02
5.536578947369999923e+02 2.446578947369999923e+02
1.097500000000000000e+02 2.448750000000000000e+02
2.065769230770000036e+02 2.453461538459999929e+02
3.775000000000000000e+02 2.446999999999999886e+02
3.999285714289999873e+02 2.453095238100000017e+02
1.935000000000000000e+02 2.467916666669999870e+02
2.500000000000000000e+01 2.475000000000000000e+02
5.138846153849999610e+02 2.468846153849999894e+02
4.107142857099999844e+01 2.485000000000000000e+02
2.695000000000000000e+02 2.488529411760000016e+02
3.300000000000000000e+02 2.482142857139999990e+02
3.585000000000000000e+02 2.483000000000000114e+02
1.342142857139999990e+02 2.490000000000000000e+02
2.376111111110000138e+02 2.492222222219999992e+02
3.035000000000000000e+02 2.498529411760000016e+02
4.735833333329999846e+02 2.511666666669999870e+02
4.812500000000000000e+02 2.508333333330000130e+02
5.360000000000000000e+02 2.520000000000000000e+02
5.741875000000000000e+02 2.536250000000000000e+02
8.061111111099999960e+01 2.552222222219999992e+02
2.270000000000000000e+02 2.577222222220000276e+02
4.958333333329999846e+02 2.578333333329999846e+02
3.826111111110000138e+02 2.596666666670000154e+02
2.474000000000000057e+02 2.605500000000000114e+02
2.831153846149999822e+02 2.598846153850000178e+02
4.320294117650000203e+02 2.608529411760000016e+02
7.500000000000000000e+00 2.615000000000000000e+02
1.420000000000000000e+02 2.612142857140000274e+02
1.666666666669999870e+02 2.612222222220000276e+02
4.130000000000000000e+02 2.612142857140000274e+02
3.150000000000000000e+01 2.631470588239999984e+02
5.181153846150000390e+02 2.628846153850000178e+02
6.078571428600000104e+01 2.648809523809999860e+02
3.470000000000000000e+02 2.645000000000000000e+02
4.710000000000000000e+02 2.640000000000000000e+02
1.211153846149999964e+02 2.651153846149999822e+02
1.805000000000000000e+02 2.655000000000000000e+02
4.909666666670000268e+02 2.666333333329999959e+02
5.541153846150000390e+02 2.661153846149999822e+02
5.857352941179999561e+02 2.667352941180000130e+02
4.395666666669999927e+02 2.672333333330000187e+02
4.544090909089999855e+02 2.671363636359999987e+02
2.990000000000000000e+02 2.680000000000000000e+02
3.961153846149999822e+02 2.681153846149999822e+02
7.637500000000000000e+01 2.708125000000000000e+02
9.538235294099999351e+01 2.699117647059999854e+02
3.179117647059999854e+02 2.706176470589999781e+02
3.356176470589999781e+02 2.709117647059999854e+02
3.730454545449999841e+02 2.713181818180000278e+02
2.728529411760000016e+02 2.720294117650000203e+02
2.413000000000000114e+02 2.725000000000000000e+02
5.076176470589999781e+02 2.729117647059999854e+02
1.270999999999999943e+02 2.748999999999999773e+02
1.662857142860000010e+02 2.757142857140000274e+02
2.061470588239999984e+02 2.749705882349999797e+02
6.890000000000000568e+01 2.768000000000000114e+02
1.505909090909999861e+02 2.768636363640000013e+02
5.300000000000000000e+02 2.763000000000000114e+02
5.735000000000000000e+02 2.775000000000000000e+02
6.818181818000000227e+00 2.783636363640000013e+02
2.555000000000000000e+02 2.820000000000000000e+02
3.680000000000000000e+02 2.820000000000000000e+02
2.260000000000000000e+02 2.832142857140000274e+02
2.703750000000000000e+02 2.823750000000000000e+02
3.470000000000000000e+02 2.830000000000000000e+02
4.075000000000000000e+02 2.830000000000000000e+02
4.886052631580000138e+02 2.830789473680000015e+02
5.430000000000000000e+02 2.830000000000000000e+02
1.067666666669999955e+02 2.841666666670000154e+02
2.810333333329999732e+02 2.846333333329999959e+02
4.410000000000000142e+01 2.848999999999999773e+02
4.746578947369999923e+02 2.854473684210000215e+02
2.025666666669999927e+02 2.861000000000000227e+02
3.822500000000000000e+02 2.864375000000000000e+02
4.325000000000000000e+02 2.867105263160000277e+02
8.600000000000000000e+01 2.867857142859999726e+02
4.155555555560000016e+02 2.876111111110000138e+02
3.102692307689999893e+02 2.878846153850000178e+02
2.355263157899999982e+01 2.905526315789999785e+02
1.220263157889999945e+02 2.907631578950000062e+02
1.870882352939999862e+02 2.913823529410000219e+02
5.606111111110000138e+02 2.917777777779999724e+02
5.875000000000000000e+02 2.910000000000000000e+02
2.351428571429999863e+02 2.937142857140000274e+02
5.290000000000000000e+02 2.930000000000000000e+02
1.620333333330000016e+02 2.966333333329999959e+02
3.257307692310000107e+02 2.958846153850000178e+02
4.572500000000000000e+02 2.966499999999999773e+02
6.311538461500000352e+01 2.972692307689999893e+02
1.448170731710000041e+02 3.004512195120000229e+02
3.475000000000000000e+02 2.990000000000000000e+02
4.063999999999999773e+02 2.995500000000000114e+02
3.025000000000000000e+02 3.005000000000000000e+02
3.207222222220000276e+02 3.004444444439999984e+02
4.300000000000000000e+01 3.007857142859999726e+02
2.117857142860000010e+02 3.010000000000000000e+02
2.728125000000000000e+02 3.014375000000000000e+02
3.621470588239999984e+02 3.016764705879999724e+02
3.772142857140000274e+02 3.010000000000000000e+02
4.378999999999999773e+02 3.028999999999999773e+02
5.021000000000000227e+02 3.038999999999999773e+02
4.827777777779999724e+02 3.056111111110000138e+02
9.970588234999999244e+00 3.068529411760000016e+02
7.421428571399999896e+01 3.070000000000000000e+02
9.121428571399999896e+01 3.070000000000000000e+02
1.772500000000000000e+02 3.068333333329999846e+02
1.926428571429999863e+02 3.073095238099999733e+02
2.607105263160000277e+02 3.081315789469999800e+02
1.136904761899999983e+02 3.095952380950000133e+02
2.360454545450000126e+02 3.103181818180000278e+02
5.764166666669999586e+02 3.106666666670000154e+02
5.526176470589999781e+02 3.120882352940000146e+02
1.583947368419999862e+02 3.129210526319999985e+02
5.253636363639999445e+02 3.139545454550000159e+02
4.578846153850000178e+02 3.148846153850000178e+02
4.941666666670000154e+02 3.161666666670000154e+02
8.754999999999999716e+01 3.173999999999999773e+02
2.730000000000000000e+02 3.175000000000000000e+02
3.911999999999999886e+02 3.173999999999999773e+02
2.205909090909999861e+02 3.181363636359999987e+02
4.158999999999999773e+02 3.181000000000000227e+02
3.545909090910000145e+02 3.215909090910000145e+02
5.854500000000000455e+02 3.213999999999999773e+02
2.222222222000000080e+00 3.223888888889999862e+02
4.811538461500000352e+01 3.218846153850000178e+02
3.345000000000000000e+02 3.216666666670000154e+02
4.632500000000000000e+02 3.219166666670000154e+02
6.850000000000000000e+01 3.235000000000000000e+02
2.520625000000000000e+02 3.232500000000000000e+02
2.902368421049999938e+02 3.232368421049999938e+02
3.120384615379999786e+02 3.233461538459999929e+02
4.835000000000000000e+02 3.226999999999999886e+02
4.291153846149999822e+02 3.238846153850000178e+02
5.727857142860000295e+02 3.250000000000000000e+02
1.247352941179999988e+02 3.277352941180000130e+02
5.192500000000000000e+02 3.272500000000000000e+02
3.188095238100000017e+01 3.285476190480000014e+02
4.431000000000000227e+02 3.281000000000000227e+02
1.048529411760000016e+02 3.290294117650000203e+02
2.331153846150000106e+02 3.288846153850000178e+02
1.740000000000000000e+02 3.307222222220000276e+02
1.963823529409999935e+02 3.310882352940000146e+02
3.790000000000000000e+02 3.315000000000000000e+02
3.235000000000000000e+02 3.321666666670000154e+02
3.382894736839999723e+02 3.321315789469999800e+02
4.107857142859999726e+02 3.320000000000000000e+02
3.026176470589999781e+02 3.329117647059999854e+02
5.550333333329999732e+02 3.346333333329999959e+02
7.196666666699999837e+01 3.353666666670000041e+02
1.510555555560000016e+02 3.356111111110000138e+02
5.175000000000000000e+01 3.360833333329999846e+02
3.923125000000000000e+02 3.363125000000000000e+02
5.035000000000000000e+02 3.370000000000000000e+02
2.991176470599999959e+01 3.386176470589999781e+02
2.729736842109999770e+02 3.388684210530000200e+02
5.373666666670000041e+02 3.410333333329999732e+02
2.148846153849999894e+02 3.421153846149999822e+02
3.580000000000000000e+02 3.422142857140000274e+02
5.681315789469999800e+02 3.422894736839999723e+02
9.055263157900000692e+01 3.434473684210000215e+02
4.580000000000000000e+02 3.430000000000000000e+02
1.338235294100000061e+01 3.439117647059999854e+02
2.461470588239999984e+02 3.465000000000000000e+02
4.290263157890000230e+02 3.465000000000000000e+02
5.180000000000000000e+02 3.462142857140000274e+02
1.466176470590000065e+02 3.469117647059999854e+02
1.706176470590000065e+02 3.473823529410000219e+02
2.268529411760000016e+02 3.479705882349999797e+02
2.783333333299999879e+01 3.495833333329999846e+02
9.866666666700000121e+01 3.506666666670000154e+02
1.953823529409999935e+02 3.500882352940000146e+02
4.408684210530000200e+02 3.507105263160000277e+02
1.204545454550000017e+02 3.517727272729999868e+02
3.355000000000000000e+02 3.510000000000000000e+02
4.971666666670000154e+02 3.512500000000000000e+02
4.048999999999999773e+02 3.518999999999999773e+02
4.823888888889999862e+02 3.523333333329999846e+02
2.555952380950000133e+02 3.546904761900000267e+02
5.089166666670000154e+02 3.544166666670000154e+02
5.857500000000000000e+02 3.541250000000000000e+02
4.275000000000000000e+01 3.553333333329999846e+02
6.200000000000000000e+01 3.550000000000000000e+02
3.760000000000000000e+02 3.550000000000000000e+02
2.111666666669999870e+02 3.557500000000000000e+02
2.992500000000000000e+02 3.577500000000000000e+02
5.507999999999999545e+02 3.566999999999999886e+02
4.250000000000000000e+02 3.590000000000000000e+02
3.185000000000000000e+02 3.600000000000000000e+02
5.316000000000000227e+02 3.596999999999999886e+02
1.823181818179999993e+02 3.613181818180000278e+02
3.900000000000000000e+02 3.615000000000000000e+02
4.580000000000000000e+02 3.610000000000000000e+02
2.141304347799999874e+01 3.632826086960000112e+02
1.138913043480000056e+02 3.622826086960000112e+02
1.620000000000000000e+02 3.620000000000000000e+02
7.804545454499999835e+01 3.643636363640000013e+02
3.655500000000000114e+02 3.646000000000000227e+02
1.330000000000000000e+02 3.657857142859999726e+02
2.811153846149999822e+02 3.662692307689999893e+02
5.693421052630000077e+02 3.666578947369999923e+02
2.371470588239999984e+02 3.715000000000000000e+02
4.761842105260000153e+02 3.713421052630000077e+02
5.600000000000000000e+01 3.722142857140000274e+02
5.473888888889999862e+02 3.722222222220000276e+02
9.359090909100000033e+01 3.731363636359999987e+02
1.547666666670000097e+02 3.734333333330000073e+02
4.180882352940000146e+02 3.733823529410000219e+02
2.896428571430000147e+02 3.756904761900000267e+02
3.417777777779999724e+02 3.756111111110000138e+02
4.455500000000000114e+02 3.753999999999999773e+02
3.527777777800000081e+01 3.760000000000000000e+02
2.261153846150000106e+02 3.758846153850000178e+02
3.850789473680000015e+02 3.763947368419999862e+02
5.002894736839999723e+02 3.761315789469999800e+02
5.250000000000000000e+02 3.762777777779999724e+02
2.613999999999999773e+02 3.785500000000000114e+02
3.045000000000000000e+02 3.793000000000000114e+02
1.652894736840000007e+02 3.815000000000000000e+02
2.027352941180000130e+02 3.812647058819999870e+02
3.182058823529999927e+02 3.833823529410000219e+02
4.638750000000000000e+02 3.837500000000000000e+02
6.961764705900000649e+01 3.839117647059999854e+02
1.806052631580000138e+02 3.840789473680000015e+02
4.815000000000000000e+02 3.845000000000000000e+02
3.396578947369999923e+02 3.865000000000000000e+02
3.605000000000000000e+02 3.871470588239999984e+02
5.702222222220000276e+02 3.886111111110000138e+02
1.180000000000000000e+02 3.890000000000000000e+02
4.951153846149999822e+02 3.888846153850000178e+02
5.221153846150000390e+02 3.891153846149999822e+02
4.260000000000000000e+02 3.900000000000000000e+02
4.043636363640000013e+02 3.915000000000000000e+02
1.365000000000000000e+02 3.923333333329999846e+02
3.872500000000000000e+02 3.918750000000000000e+02
5.634210526300000055e+01 3.933421052630000077e+02
1.036333333329999959e+02 3.939666666670000268e+02
5.370000000000000000e+02 3.942142857140000274e+02
1.408823529400000041e+01 3.953823529410000219e+02
8.759090909100000033e+01 3.951363636359999987e+02
3.044473684210000215e+02 3.954473684210000215e+02
4.482647058819999870e+02 3.962647058819999870e+02
4.510000000000000142e+01 3.968999999999999773e+02
1.967857142860000010e+02 3.970000000000000000e+02
2.786818181819999722e+02 3.973181818180000278e+02
1.641315789470000084e+02 3.987631578950000062e+02
1.758000000000000114e+02 3.978000000000000114e+02
2.125999999999999943e+02 3.983000000000000114e+02
2.352222222219999992e+02 3.983888888889999862e+02
2.516176470590000065e+02 3.979117647059999854e+02
5.506666666669999586e+02 3.993888888889999862e+02
3.694599999999999795e+02 4.018999999999999773e+02
3.853181818180000278e+02 4.006818181819999722e+02
2.900000000000000000e+01 4.020000000000000000e+02
3.270000000000000000e+02 4.025000000000000000e+02
1.168846153850000036e+02 4.038846153850000178e+02
4.688809523809999860e+02 4.047380952380000281e+02
2.410000000000000000e+02 4.047857142859999726e+02
2.899999999999999911e+00 4.058999999999999773e+02
3.433571428569999853e+02 4.066904761900000267e+02
4.065000000000000000e+02 4.071250000000000000e+02
1.465999999999999943e+02 4.084499999999999886e+02
4.253823529410000219e+02 4.080882352940000146e+02
5.110000000000000000e+02 4.090000000000000000e+02
5.257857142860000295e+02 4.090000000000000000e+02
5.700000000000000000e+02 4.087857142859999726e+02
2.812857142859999726e+02 4.101428571430000147e+02
9.000000000000000000e+01 4.117857142859999726e+02
2.606111111110000138e+02 4.122222222220000276e+02
1.984090909090000139e+02 4.128636363640000013e+02
4.911315789469999800e+02 4.132894736839999723e+02
4.845000000000000284e+01 4.143999999999999773e+02
3.028846153850000178e+02 4.158846153850000178e+02
5.381842105260000153e+02 4.166578947369999923e+02
7.300000000000000000e+01 4.172142857140000274e+02
3.706499999999999773e+02 4.181999999999999886e+02
2.248809523809999860e+02 4.187857142859999726e+02
4.358999999999999773e+02 4.181000000000000227e+02
1.813000000000000114e+02 4.195000000000000000e+02
5.580454545449999841e+02 4.198636363640000013e+02
3.200000000000000000e+02 4.207857142859999726e+02
3.900000000000000000e+02 4.205000000000000000e+02
4.090000000000000000e+02 4.212777777779999724e+02
4.828157894739999847e+02 4.215526315789999785e+02
1.687500000000000000e+01 4.227500000000000000e+02
9.200000000000000000e+01 4.231111111110000138e+02
1.164500000000000028e+02 4.233999999999999773e+02
1.671666666669999870e+02 4.234166666670000154e+02
4.555000000000000000e+02 4.245000000000000000e+02
1.535000000000000000e+02 4.246999999999999886e+02
3.600000000000000000e+01 4.268999999999999773e+02
2.035000000000000000e+02 4.266999999999999886e+02
3.428571428569999853e+02 4.274285714289999873e+02
4.257222222220000276e+02 4.275555555560000016e+02
1.355999999999999943e+02 4.285500000000000114e+02
5.115000000000000000e+02 4.288333333329999846e+02
2.641000000000000227e+02 4.311000000000000227e+02
2.905000000000000000e+02 4.306999999999999886e+02
1.699999999999999956e+00 4.315000000000000000e+02
2.396071428570000137e+02 4.341071428569999853e+02
5.730333333329999732e+02 4.326333333329999959e+02
1.926250000000000000e+02 4.323750000000000000e+02
6.320000000000000284e+01 4.346000000000000227e+02
3.643181818180000278e+02 4.353181818180000278e+02
3.868846153850000178e+02 4.351153846149999822e+02
4.800000000000000000e+01 4.365000000000000000e+02
2.323750000000000000e+02 4.363750000000000000e+02
2.815909090910000145e+02 4.371363636359999987e+02
3.240000000000000000e+02 4.370000000000000000e+02
4.970000000000000000e+02 4.372142857140000274e+02
3.990000000000000000e+02 4.395000000000000000e+02
5.325000000000000000e+02 4.403666666670000041e+02
5.582000000000000455e+02 4.401999999999999886e+02
8.708823529400000041e+01 4.416176470589999781e+02
1.704473684209999931e+02 4.414473684210000215e+02
3.557500000000000000e+02 4.407500000000000000e+02
4.270000000000000000e+02 4.403000000000000114e+02
4.610555555560000016e+02 4.412777777779999724e+02
2.110000000000000142e+01 4.431000000000000227e+02
1.084000000000000057e+02 4.435500000000000114e+02
1.576333333329999959e+02 4.439666666670000268e+02
3.779545454550000159e+02 4.441363636359999987e+02
2.093499999999999943e+02 4.450500000000000114e+02
5.120000000000000000e+02 4.460000000000000000e+02
3.032894736839999723e+02 4.475000000000000000e+02
2.790000000000000000e+02 4.490000000000000000e+02
5.370000000000000000e+02 4.490000000000000000e+02
1.957380952379999997e+02 4.521190476190000140e+02
3.267799999999999727e+02 4.523799999999999955e+02
4.801086956519999944e+02 4.520217391300000145e+02
5.651521739129999560e+02 4.518913043480000056e+02
3.110000000000000142e+01 4.521000000000000227e+02
2.453333333330000130e+02 4.525000000000000000e+02
4.432142857140000274e+02 4.530000000000000000e+02
4.577105263160000277e+02 4.531315789469999800e+02
4.950000000000000000e+02 4.530000000000000000e+02
5.848999999999999773e+02 4.538999999999999773e+02
2.588571428569999853e+02 4.557142857140000274e+02
1.428571429000000004e+00 4.563571428569999853e+02
1.303888888889999862e+02 4.577777777779999724e+02
1.722142857139999990e+02 4.570000000000000000e+02
9.642857142900000156e+01 4.583571428569999853e+02
3.156999999999999886e+02 4.575000000000000000e+02
4.229117647059999854e+02 4.586176470589999781e+02
6.034210526300000055e+01 4.606578947369999923e+02
1.179166666670000012e+02 4.622500000000000000e+02
2.260000000000000000e+02 4.622142857140000274e+02
3.967500000000000000e+02 4.640000000000000000e+02
1.437500000000000000e+02 4.641666666670000154e+02
2.822142857140000274e+02 4.640000000000000000e+02
3.445000000000000000e+02 4.635000000000000000e+02
5.193888888889999862e+02 4.642222222220000276e+02
3.638333333329999846e+02 4.647500000000000000e+02
4.900000000000000000e+02 4.657222222220000276e+02
5.567500000000000000e+02 4.652500000000000000e+02
8.550000000000000000e+01 4.663000000000000114e+02
4.410000000000000000e+02 4.675000000000000000e+02
5.078846153850000178e+02 4.671153846149999822e+02
5.752333333330000187e+02 4.671666666670000154e+02
2.111538461499999997e+01 4.691153846149999822e+02
2.162222222219999992e+02 4.703888888889999862e+02
2.583235294120000276e+02 4.713235294120000276e+02
3.796111111110000138e+02 4.711666666670000154e+02
4.450000000000000000e+01 4.745000000000000000e+02
2.977352941180000130e+02 4.747352941180000130e+02
3.118999999999999773e+02 4.741000000000000227e+02
3.377500000000000000e+02 4.747500000000000000e+02
1.345000000000000000e+02 4.751666666670000154e+02
1.895000000000000000e+02 4.755000000000000000e+02
4.750000000000000000e+02 4.775000000000000000e+02
5.360000000000000000e+02 4.785000000000000000e+02
1.586333333329999959e+02 4.798999999999999773e+02
4.260000000000000000e+02 4.802142857140000274e+02
4.464090909089999855e+02 4.801363636359999987e+02
6.614285714300000052e+01 4.817142857140000274e+02
7.772727273000000103e+00 4.830000000000000000e+02
1.763823529409999935e+02 4.820882352940000146e+02
3.988333333329999846e+02 4.825000000000000000e+02
3.626250000000000000e+02 4.826250000000000000e+02
5.015000000000000000e+02 4.830000000000000000e+02
1.013421052629999934e+02 4.846578947369999923e+02
2.489615384619999929e+02 4.843461538459999929e+02
4.310000000000000000e+02 4.830000000000000000e+02
5.241666666669999586e+02 4.842500000000000000e+02
2.288846153849999894e+02 4.848846153850000178e+02
3.787307692310000107e+02 4.862692307689999893e+02
5.695000000000000000e+02 4.875000000000000000e+02
8.029999999999999716e+01 4.896999999999999886e+02
2.244285714289999873e+02 4.905714285710000127e+02
5.800882352940000146e+02 4.906176470589999781e+02
2.760000000000000142e+01 4.914499999999999886e+02
2.791000000000000227e+02 4.908999999999999773e+02
2.962142857140000274e+02 4.910000000000000000e+02
1.908333333330000130e+02 4.924166666670000154e+02
2.028636363640000013e+02 4.914090909089999855e+02
4.368750000000000000e+02 4.926250000000000000e+02
4.807941176470000073e+02 4.927352941180000130e+02
1.558636363640000013e+02 4.925909090910000145e+02
1.190999999999999943e+02 4.938999999999999773e+02
3.211315789469999800e+02 4.945526315789999785e+02
3.933125000000000000e+02 4.966875000000000000e+02
3.474090909089999855e+02 4.968636363640000013e+02
5.070000000000000000e+02 4.966999999999999886e+02
5.415000000000000000e+02 4.965000000000000000e+02
4.778571428600000104e+01 4.980000000000000000e+02
6.550000000000000000e+01 4.976999999999999886e+02
1.714090909090000139e+02 4.988636363640000013e+02
4.221250000000000000e+02 5.002500000000000000e+02
5.617857142860000295e+02 5.000000000000000000e+02
1.033823529409999935e+02 5.020882352940000146e+02
2.795000000000000000e+02 5.021250000000000000e+02
3.675000000000000000e+02 5.016999999999999886e+02
4.567500000000000000e+02 5.018333333329999846e+02
4.704285714289999873e+02 5.022142857140000274e+02
2.335000000000000000e+02 5.030000000000000000e+02
2.197368421099999836e+01 5.051315789469999800e+02
8.222222222199999919e+01 5.043888888889999862e+02
2.615000000000000000e+02 5.050000000000000000e+02
1.403666666670000041e+02 5.061666666670000154e+02
5.257500000000000000e+02 5.058333333329999846e+02
2.079000000000000057e+02 5.078999999999999773e+02
3.807500000000000000e+02 5.087500000000000000e+02
3.158846153850000178e+02 5.091153846149999822e+02
2.926250000000000000e+02 5.096250000000000000e+02
1.520000000000000000e+02 5.106250000000000000e+02
4.470000000000000000e+02 5.101666666670000154e+02
3.530000000000000000e+02 5.105000000000000000e+02
