3.850000000000000000e+01 5.000000000000000000e-01
7.650000000000000000e+01 5.000000000000000000e-01
8.650000000000000000e+01 5.000000000000000000e-01
9.050000000000000000e+01 5.000000000000000000e-01
1.030000000000000000e+02 5.000000000000000000e-01
1.265000000000000000e+02 5.000000000000000000e-01
2.917727272729999868e+02 1.227272726999999897e+00
3.820000000000000000e+02 5.000000000000000000e-01
4.099615384620000214e+02 1.653846154000000013e+00
4.545000000000000000e+02 7.500000000000000000e-01
5.088684210530000200e+02 2.289473683999999842e+00
3.260000000000000142e+01 3.049999999999999822e+00
3.695909090910000145e+02 3.409090909000000114e+00
4.732142857140000274e+02 3.000000000000000000e+00
2.755000000000000000e+02 4.500000000000000000e+00
3.467857142859999726e+02 4.000000000000000000e+00
4.907352941180000130e+02 5.264705882000000337e+00
4.907142857099999844e+01 6.500000000000000000e+00
2.303181818179999993e+02 6.318181818000000227e+00
6.549999999999999822e+00 7.599999999999999645e+00
5.223461538459999929e+02 7.038461537999999962e+00
1.541470588239999984e+02 9.029411765000000756e+00
3.351250000000000000e+02 1.025000000000000000e+01
4.393421052630000077e+02 1.034210526300000055e+01
5.815526315790000353e+02 1.034210526300000055e+01
2.536176470590000065e+02 1.108823529400000041e+01
4.213421052630000077e+02 1.134210526300000055e+01
5.423750000000000000e+02 1.156250000000000000e+01
5.581153846150000390e+02 1.111538461499999997e+01
7.588461538500000358e+01 1.288461538500000003e+01
1.112222222219999992e+02 1.338888888900000040e+01
1.775909090909999861e+02 1.313636363600000045e+01
2.012777777780000008e+02 1.355555555599999984e+01
4.551153846149999822e+02 1.288461538500000003e+01
3.880000000000000000e+02 1.400000000000000000e+01
1.417777777780000008e+02 1.661111111099999960e+01
8.762500000000000000e+01 1.781250000000000000e+01
1.500000000000000000e+00 1.850000000000000000e+01
5.163823529410000219e+02 1.791176470599999959e+01
5.590333333329999732e+02 1.836666666700000050e+01
3.561190476190000140e+02 1.978571428600000104e+01
2.185000000000000000e+02 2.000000000000000000e+01
3.016000000000000227e+02 2.055000000000000071e+01
1.212647058820000012e+02 2.291176470599999959e+01
2.330000000000000000e+02 2.250000000000000000e+01
2.200000000000000000e+01 2.300000000000000000e+01
1.657857142860000010e+02 2.300000000000000000e+01
2.725909090910000145e+02 2.413636363599999868e+01
4.770000000000000000e+02 2.427777777800000081e+01
8.140909090899999967e+01 2.640909090899999967e+01
3.813421052630000077e+02 2.634210526300000055e+01
5.360000000000000000e+02 2.700000000000000000e+01
5.745000000000000000e+02 2.785294117600000163e+01
6.200000000000000000e+01 2.900000000000000000e+01
3.291315789469999800e+02 2.976315789499999909e+01
1.077000000000000028e+02 2.950000000000000000e+01
4.339666666670000268e+02 3.036666666700000050e+01
4.937857142859999726e+02 3.000000000000000000e+01
3.950000000000000000e+02 3.200000000000000000e+01
1.450000000000000000e+01 3.350000000000000000e+01
1.489000000000000057e+02 3.310000000000000142e+01
2.568846153850000178e+02 3.288461538499999648e+01
3.658333333329999846e+02 3.325000000000000000e+01
3.829999999999999716e+01 3.350000000000000000e+01
2.902500000000000000e+02 3.391666666700000121e+01
4.140000000000000000e+02 3.421428571399999896e+01
1.865000000000000000e+02 3.514705882399999837e+01
2.417307692310000107e+02 3.488461538499999648e+01
1.969000000000000057e+02 3.610000000000000142e+01
3.332142857140000274e+02 3.600000000000000000e+01
3.070000000000000000e+02 3.678571428600000104e+01
7.000000000000000000e+01 3.821428571399999896e+01
2.164090909090000139e+02 3.813636363599999868e+01
4.560000000000000000e+02 3.900000000000000000e+01
1.216176470590000065e+02 3.908823529400000041e+01
3.800000000000000000e+02 3.921428571399999896e+01
4.774473684210000215e+02 3.934210526300000055e+01
5.605000000000000000e+02 3.923333333299999737e+01
5.067380952380000281e+02 4.111904761899999983e+01
5.189117647059999854e+02 4.061764705899999939e+01
5.905000000000000000e+02 4.400000000000000000e+01
8.540909090899999967e+01 4.540909090899999967e+01
3.526176470589999781e+02 4.608823529400000041e+01
5.792500000000000000e+02 4.643750000000000000e+01
2.737500000000000000e+02 4.687500000000000000e+01
4.061470588239999984e+02 4.697058823500000102e+01
3.138888888900000040e+01 4.922222222199999919e+01
3.335000000000000000e+02 4.850000000000000000e+01
1.640000000000000000e+02 5.072222222199999919e+01
2.349499999999999886e+02 5.039999999999999858e+01
3.003888888889999862e+02 5.055555555600000162e+01
4.182500000000000000e+02 5.025000000000000000e+01
4.650000000000000000e+01 5.200000000000000000e+01
1.854090909090000139e+02 5.259090909100000033e+01
3.171666666670000154e+02 5.275000000000000000e+01
3.889615384620000214e+02 5.319230769199999997e+01
4.990000000000000000e+02 5.350000000000000000e+01
5.387857142860000295e+02 5.300000000000000000e+01
9.911764705999999592e+00 5.561764705899999939e+01
2.080000000000000000e+02 5.500000000000000000e+01
5.175000000000000000e+02 5.500000000000000000e+01
3.660000000000000000e+02 5.600000000000000000e+01
5.891176470599999959e+01 5.738235294100000061e+01
1.403421052630000077e+02 5.765789473699999945e+01
3.785000000000000000e+02 5.728947368400000073e+01
4.398846153850000178e+02 5.688461538499999648e+01
1.105000000000000000e+02 5.850000000000000000e+01
4.616764705879999724e+02 5.955882352900000143e+01
5.295000000000000000e+02 6.014705882399999837e+01
5.630000000000000000e+02 6.100000000000000000e+01
1.203181818179999993e+02 6.168181818200000066e+01
8.509999999999999432e+01 6.389999999999999858e+01
2.625000000000000000e+02 6.400000000000000000e+01
2.898999999999999773e+02 6.389999999999999858e+01
2.366578947369999923e+02 6.565789473700000656e+01
1.485000000000000000e+02 6.600000000000000000e+01
3.438846153850000178e+02 6.611538461499999642e+01
2.140000000000000000e+02 6.750000000000000000e+01
3.963999999999999773e+02 6.745000000000000284e+01
5.533500000000000227e+02 6.729999999999999716e+01
5.840833333330000414e+02 6.725000000000000000e+01
1.614230769229999964e+02 6.819230769199999997e+01
4.821666666670000154e+02 6.825000000000000000e+01
4.350000000000000000e+02 7.000000000000000000e+01
2.800000000000000000e+01 7.200000000000000000e+01
5.061111111099999960e+01 7.233333333299999879e+01
4.463888888889999862e+02 7.216666666700000121e+01
3.211153846149999822e+02 7.288461538500000358e+01
1.795000000000000000e+02 7.400000000000000000e+01
2.735000000000000000e+02 7.400000000000000000e+01
3.443500000000000227e+02 7.434999999999999432e+01
5.011000000000000227e+02 7.409999999999999432e+01
2.955000000000000000e+02 7.550000000000000000e+01
1.165000000000000000e+02 7.800000000000000000e+01
2.014000000000000057e+02 7.870000000000000284e+01
5.380000000000000000e+02 7.800000000000000000e+01
7.421428571399999896e+01 7.900000000000000000e+01
9.345000000000000284e+01 7.925000000000000000e+01
4.718333333329999846e+02 7.923333333300000447e+01
3.292058823529999927e+02 7.991176470599999959e+01
5.775000000000000000e+02 8.050000000000000000e+01
1.372500000000000000e+02 8.116666666700000121e+01
2.227857142860000010e+02 8.250000000000000000e+01
2.390000000000000000e+02 8.250000000000000000e+01
2.775000000000000000e+02 8.364285714300000052e+01
5.130384615379999786e+02 8.434615384600000709e+01
5.543823529410000219e+02 8.391176470599999959e+01
8.500000000000000000e+00 8.500000000000000000e+01
4.080000000000000000e+02 8.500000000000000000e+01
2.516904761899999983e+02 8.664285714300000052e+01
4.812857142859999726e+02 8.571428571399999896e+01
5.850000000000000000e+01 8.750000000000000000e+01
2.077777777780000008e+02 8.738888888900000040e+01
4.537500000000000000e+02 8.716666666700000121e+01
1.516111111110000138e+02 8.877777777800000081e+01
3.694090909089999855e+02 8.859090909100000033e+01
3.837352941180000130e+02 8.997058823499999392e+01
2.806250000000000000e+01 9.075000000000000000e+01
4.720000000000000000e+02 9.200000000000000000e+01
1.100000000000000000e+02 9.300000000000000000e+01
5.277307692309999538e+02 9.288461538500000358e+01
1.343461538459999929e+02 9.626923076900000353e+01
3.120000000000000000e+02 9.600000000000000000e+01
8.000000000000000000e+01 9.700000000000000000e+01
1.903666666670000041e+02 9.696666666699999837e+01
4.105000000000000000e+02 9.700000000000000000e+01
5.050000000000000000e+02 9.750000000000000000e+01
4.116666666700000121e+01 9.776666666699999553e+01
1.722692307689999893e+02 9.834615384600000709e+01
4.267105263160000277e+02 9.886842105300000583e+01
2.272058823529999927e+02 9.926470588200000122e+01
5.896538461540000071e+02 9.950000000000000000e+01
5.511538461500000352e+01 1.001153846149999964e+02
9.296153846199999293e+01 1.003461538460000071e+02
3.311470588239999984e+02 1.010294117650000061e+02
6.437500000000000000e+00 1.025625000000000000e+02
1.481363636359999987e+02 1.014090909089999997e+02
2.965000000000000000e+02 1.025000000000000000e+02
5.713888888889999862e+02 1.027777777780000008e+02
4.917222222220000276e+02 1.030000000000000000e+02
3.656764705879999724e+02 1.045588235289999943e+02
1.669615384619999929e+02 1.056538461539999929e+02
4.505000000000000000e+02 1.060714285709999984e+02
2.518846153849999894e+02 1.068846153850000036e+02
5.429285714290000442e+02 1.084047619050000009e+02
2.757857142859999726e+02 1.090000000000000000e+02
3.090882352940000146e+02 1.093823529409999935e+02
2.022142857139999990e+02 1.100000000000000000e+02
3.468529411760000016e+02 1.099705882349999939e+02
4.202857142859999726e+02 1.105714285709999984e+02
5.181000000000000227e+02 1.109000000000000057e+02
7.420833333299999879e+01 1.130833333329999988e+02
1.219615384619999929e+02 1.116538461539999929e+02
3.937307692310000107e+02 1.121153846149999964e+02
4.770294117650000203e+02 1.153823529409999935e+02
2.426250000000000000e+02 1.156250000000000000e+02
1.852142857139999990e+02 1.170000000000000000e+02
5.615909090909999577e+02 1.173181818179999993e+02
1.073181818179999993e+02 1.183181818179999993e+02
2.682222222220000276e+02 1.196111111109999996e+02
4.993181818180000278e+02 1.202727272730000010e+02
3.050000000000000000e+01 1.211470588239999984e+02
1.433421052630000077e+02 1.213421052629999934e+02
2.292142857139999990e+02 1.210000000000000000e+02
4.477857142859999726e+02 1.205000000000000000e+02
2.867105263160000277e+02 1.225000000000000000e+02
5.297857142860000295e+02 1.220000000000000000e+02
5.900714285709999558e+02 1.222142857139999990e+02
3.370000000000000000e+02 1.245000000000000000e+02
3.540000000000000000e+02 1.255000000000000000e+02
4.060000000000000000e+02 1.265000000000000000e+02
1.135714285699999948e+01 1.274285714290000016e+02
8.731818181799999934e+01 1.283181818179999993e+02
1.725621890550000046e+02 1.486716417910000132e+02
1.098809523810000002e+02 1.297380952379999997e+02
4.215000000000000000e+02 1.298529411760000016e+02
4.658846153850000178e+02 1.291153846150000106e+02
5.481153846150000390e+02 1.288846153849999894e+02
5.758846153849999610e+02 1.288846153849999894e+02
4.989999999999999858e+01 1.300999999999999943e+02
5.197500000000000000e+02 1.302500000000000000e+02
1.630000000000000000e+02 1.316999999999999886e+02
3.160000000000000000e+02 1.310000000000000000e+02
4.433823529410000219e+02 1.309117647060000138e+02
2.758000000000000114e+02 1.318000000000000114e+02
2.967941176470000073e+02 1.335000000000000000e+02
2.178571428600000104e+01 1.340000000000000000e+02
7.388461538500000358e+01 1.341153846150000106e+02
3.362777777779999724e+02 1.350000000000000000e+02
1.744333333330000073e+02 1.359000000000000057e+02
2.400999999999999943e+02 1.360999999999999943e+02
3.780000000000000000e+02 1.360000000000000000e+02
4.798333333329999846e+02 1.360333333330000016e+02
4.137500000000000000e+01 1.378750000000000000e+02
1.246333333329999959e+02 1.369666666669999984e+02
2.066052631580000138e+02 1.369210526319999985e+02
3.958333333329999846e+02 1.386333333329999959e+02
2.598999999999999773e+02 1.410999999999999943e+02
5.100000000000000000e+02 1.412142857139999990e+02
5.357666666669999813e+02 1.418333333330000130e+02
1.500000000000000000e+02 1.430000000000000000e+02
2.382352941000000168e+00 1.449117647060000138e+02
4.627777777800000081e+01 1.450000000000000000e+02
3.125666666669999927e+02 1.465666666669999927e+02
5.810000000000000000e+02 1.467857142860000010e+02
2.135833333330000130e+02 1.481666666669999870e+02
4.094473684210000215e+02 1.494473684209999931e+02
1.171875000000000000e+02 1.503125000000000000e+02
1.996875000000000000e+02 1.503125000000000000e+02
2.657777777779999724e+02 1.503888888889999862e+02
3.608125000000000000e+02 1.513750000000000000e+02
4.738684210530000200e+02 1.510263157889999945e+02
5.594230769230000533e+02 1.521923076920000142e+02
3.500000000000000000e+00 1.532894736840000007e+02
2.253000000000000114e+02 1.538499999999999943e+02
2.453095238100000017e+02 1.532142857139999990e+02
4.283000000000000114e+02 1.525000000000000000e+02
4.602500000000000000e+02 1.531250000000000000e+02
4.966363636359999987e+02 1.551818181820000007e+02
1.409000000000000057e+02 1.550999999999999943e+02
3.880294117650000203e+02 1.561470588239999984e+02
6.185294117600000163e+01 1.569705882350000081e+02
8.550000000000000000e+01 1.585000000000000000e+02
3.771428571430000147e+02 1.584285714289999873e+02
5.264285714290000442e+02 1.582857142860000010e+02
3.347500000000000000e+02 1.592500000000000000e+02
2.875000000000000000e+02 1.611470588239999984e+02
4.455000000000000000e+02 1.610714285710000127e+02
1.034500000000000028e+02 1.634000000000000057e+02
2.753750000000000000e+02 1.626250000000000000e+02
5.006250000000000000e+02 1.626250000000000000e+02
2.634210526300000055e+01 1.646578947369999923e+02
4.478571428600000104e+01 1.650000000000000000e+02
3.023571428569999853e+02 1.655000000000000000e+02
5.417857142860000295e+02 1.650000000000000000e+02
5.722272727270000132e+02 1.653181818179999993e+02
4.033888888889999862e+02 1.668333333330000130e+02
1.861800000000000068e+02 1.692599999999999909e+02
2.153888888889999862e+02 1.681666666669999870e+02
2.910000000000000000e+02 1.675000000000000000e+02
3.192142857140000274e+02 1.680000000000000000e+02
3.541666666670000154e+02 1.677500000000000000e+02
7.128947368400000073e+01 1.698684210529999916e+02
2.477105263159999993e+02 1.701315789470000084e+02
5.589666666670000268e+02 1.706333333329999959e+02
1.222692307690000035e+02 1.716538461540000071e+02
1.391176470599999959e+01 1.726176470590000065e+02
9.600000000000000000e+01 1.720000000000000000e+02
5.145000000000000000e+02 1.730000000000000000e+02
5.807222222220000276e+02 1.735555555560000016e+02
1.563461538459999929e+02 1.740384615380000071e+02
3.762500000000000000e+02 1.741250000000000000e+02
4.244499999999999886e+02 1.745999999999999943e+02
4.568999999999999773e+02 1.749000000000000057e+02
2.076578947369999923e+02 1.766578947369999923e+02
4.749705882349999797e+02 1.761470588239999984e+02
8.636666666700000405e+01 1.770333333330000016e+02
1.771250000000000000e+02 1.777500000000000000e+02
5.441666666669999586e+02 1.775000000000000000e+02
1.457105263159999993e+02 1.801315789470000084e+02
2.241666666700000121e+01 1.808333333330000130e+02
3.342500000000000000e+02 1.811666666669999870e+02
3.910882352940000146e+02 1.829705882350000081e+02
1.899999999999999911e+00 1.830999999999999943e+02
3.534444444439999984e+02 1.837222222219999992e+02
4.504499999999999886e+02 1.835999999999999943e+02
5.055526315789999785e+02 1.836578947369999923e+02
2.290882352939999862e+02 1.843823529409999935e+02
4.642500000000000000e+02 1.838333333330000130e+02
2.870000000000000000e+02 1.855000000000000000e+02
6.000000000000000000e+01 1.866999999999999886e+02
1.193421052629999934e+02 1.874473684209999931e+02
4.156818181819999722e+02 1.866818181820000007e+02
5.679117647059999854e+02 1.896176470590000065e+02
5.159117647059999854e+02 1.913823529409999935e+02
2.845652173899999937e+01 1.931086956519999944e+02
1.100000000000000000e+01 1.923000000000000114e+02
3.015000000000000000e+02 1.938529411760000016e+02
3.227857142859999726e+02 1.930000000000000000e+02
5.500000000000000000e+00 1.947105263159999993e+02
8.700000000000000000e+01 1.940000000000000000e+02
2.492500000000000000e+02 1.944375000000000000e+02
4.795000000000000000e+02 1.948684210529999916e+02
5.525499999999999545e+02 1.944000000000000057e+02
4.685000000000000000e+02 1.960000000000000000e+02
1.306818181820000007e+02 1.963181818179999993e+02
1.871363636359999987e+02 1.965909090909999861e+02
2.738846153850000178e+02 1.968846153849999894e+02
3.816176470589999781e+02 1.980882352939999862e+02
1.048125000000000000e+02 1.996250000000000000e+02
1.483823529409999935e+02 1.989117647060000138e+02
4.501153846149999822e+02 1.991153846150000106e+02
3.305909090910000145e+02 2.004090909090000139e+02
3.589705882349999797e+02 2.007352941180000130e+02
2.077222222219999992e+02 2.010000000000000000e+02
2.930000000000000000e+02 2.010000000000000000e+02
4.227142857140000274e+02 2.008571428570000137e+02
5.390000000000000000e+02 2.015000000000000000e+02
2.442142857139999990e+02 2.020000000000000000e+02
5.872999999999999545e+02 2.033000000000000114e+02
1.737857142860000010e+02 2.045000000000000000e+02
4.953823529410000219e+02 2.039117647060000138e+02
5.945000000000000284e+01 2.064000000000000057e+02
3.963999999999999773e+02 2.059000000000000057e+02
5.200000000000000000e+02 2.082142857139999990e+02
8.250000000000000000e+01 2.090714285710000127e+02
4.062142857140000274e+02 2.108809523809999860e+02
2.230000000000000000e+02 2.103000000000000114e+02
5.778999999999999773e+02 2.114333333330000073e+02
4.271428571399999896e+01 2.122857142860000010e+02
1.200000000000000000e+02 2.137857142860000010e+02
4.307857142859999726e+02 2.140000000000000000e+02
2.497058823500000102e+01 2.151470588239999984e+02
2.586176470589999781e+02 2.149117647060000138e+02
2.965000000000000000e+02 2.155000000000000000e+02
3.820000000000000000e+02 2.145000000000000000e+02
1.370999999999999943e+02 2.159000000000000057e+02
1.627857142860000010e+02 2.160000000000000000e+02
1.925000000000000000e+02 2.158333333330000130e+02
3.625500000000000114e+02 2.164000000000000057e+02
7.150000000000000000e+01 2.175000000000000000e+02
2.772500000000000000e+02 2.179499999999999886e+02
4.731315789469999800e+02 2.187105263159999993e+02
1.409090908999999892e+00 2.201363636359999987e+02
9.388888888900000040e+01 2.212222222219999992e+02
2.346538461540000071e+02 2.200384615380000071e+02
3.190333333329999732e+02 2.203666666670000041e+02
4.983181818180000278e+02 2.196818181820000007e+02
3.043750000000000000e+01 2.218125000000000000e+02
2.857553191490000017e+02 2.263191489360000048e+02
3.432272727270000132e+02 2.230000000000000000e+02
4.517500000000000000e+02 2.221666666669999870e+02
5.575000000000000000e+02 2.235000000000000000e+02
2.097500000000000000e+02 2.238333333330000130e+02
5.675000000000000000e+01 2.260833333330000130e+02
4.030000000000000000e+02 2.260000000000000000e+02
5.897000000000000455e+02 2.261999999999999886e+02
1.771315789470000084e+02 2.272368421049999938e+02
1.418684210529999916e+02 2.282894736840000007e+02
4.667222222220000276e+02 2.280000000000000000e+02
5.373095238099999733e+02 2.290714285710000127e+02
4.209117647059999854e+02 2.296176470590000065e+02
4.480000000000000000e+02 2.290000000000000000e+02
1.273823529409999935e+02 2.299117647060000138e+02
2.524090909090000139e+02 2.305909090909999861e+02
3.896499999999999773e+02 2.302500000000000000e+02
4.860000000000000000e+02 2.302777777780000008e+02
3.634285714289999873e+02 2.328571428570000137e+02
2.658999999999999773e+02 2.340999999999999943e+02
9.342105263000000548e+00 2.356578947369999923e+02
5.191666666669999586e+02 2.347500000000000000e+02
1.929117647060000138e+02 2.363823529409999935e+02
3.057500000000000000e+02 2.358333333330000130e+02
3.314499999999999886e+02 2.364000000000000057e+02
5.722500000000000000e+02 2.367500000000000000e+02
8.555263157900000692e+01 2.376578947369999923e+02
9.842857142900000156e+01 2.370714285710000127e+02
2.306111111110000138e+02 2.370555555560000016e+02
3.516666666700000121e+01 2.385000000000000000e+02
1.668750000000000000e+02 2.407500000000000000e+02
5.496176470589999781e+02 2.399117647060000138e+02
3.492500000000000000e+02 2.421666666669999870e+02
1.825000000000000000e+02 2.427500000000000000e+02
2.873888888889999862e+02 2.437777777780000008e+02
2.285294117600000163e+01 2.439705882350000081e+02
5.850882352940000146e+02 2.443823529409999935e+02
5.377857142860000295e+02 2.450000000000000000e+02
2.681000000000000227e+02 2.469000000000000057e+02
3.270000000000000000e+02 2.470000000000000000e+02
6.011538461500000352e+01 2.481153846150000106e+02
3.835833333329999846e+02 2.481666666669999870e+02
2.459000000000000057e+02 2.497500000000000000e+02
2.096818181820000007e+02 2.496818181820000007e+02
4.065909090910000145e+02 2.506818181820000007e+02
4.910000000000000000e+02 2.502142857139999990e+02
5.153181818179999709e+02 2.503181818179999993e+02
4.342857142859999726e+02 2.508571428570000137e+02
3.621153846149999822e+02 2.521153846150000106e+02
5.676111111110000138e+02 2.527777777780000008e+02
1.485000000000000000e+02 2.529285714289999873e+02
1.145714285709999984e+02 2.543571428570000137e+02
4.711153846149999822e+02 2.538846153849999894e+02
3.004473684210000215e+02 2.564473684210000215e+02
4.517222222220000276e+02 2.560000000000000000e+02
1.354444444439999984e+02 2.573888888889999862e+02
3.847777777779999724e+02 2.576111111110000138e+02
4.642857142900000156e+01 2.581428571430000147e+02
8.940909090899999967e+01 2.585909090910000145e+02
1.930999999999999943e+02 2.595400000000000205e+02
2.840000000000000000e+02 2.592142857140000274e+02
1.646250000000000000e+02 2.608125000000000000e+02
4.282619047619999719e+02 2.618809523809999860e+02
5.053095238099999733e+02 2.616428571430000147e+02
1.800000000000000000e+01 2.620000000000000000e+02
6.673809523799999965e+01 2.631190476190000140e+02
3.497352941180000130e+02 2.637941176470000073e+02
5.442368421050000507e+02 2.641315789469999800e+02
1.437666666670000097e+02 2.655000000000000000e+02
2.220882352939999862e+02 2.666176470589999781e+02
5.831250000000000000e+02 2.677500000000000000e+02
2.539285714289999873e+02 2.696428571430000147e+02
4.789166666670000154e+02 2.687500000000000000e+02
5.606818181820000291e+02 2.686818181819999722e+02
2.795000000000000000e+02 2.705000000000000000e+02
4.113666666670000041e+02 2.699666666670000268e+02
5.281153846150000390e+02 2.701153846149999822e+02
3.198809523809999860e+02 2.713571428569999853e+02
9.925000000000000000e+01 2.727500000000000000e+02
1.177000000000000028e+02 2.715000000000000000e+02
2.992500000000000000e+02 2.719166666670000154e+02
4.961000000000000227e+02 2.718999999999999773e+02
2.044000000000000057e+02 2.734499999999999886e+02
1.300000000000000044e+00 2.740000000000000000e+02
3.250000000000000000e+01 2.745000000000000000e+02
4.571153846149999822e+02 2.741153846149999822e+02
7.785714285699999948e+01 2.757142857140000274e+02
1.854499999999999886e+02 2.756000000000000227e+02
3.378846153850000178e+02 2.749615384620000214e+02
3.765000000000000000e+02 2.755000000000000000e+02
3.997307692310000107e+02 2.761153846149999822e+02
5.023999999999999773e+02 2.764499999999999886e+02
4.421000000000000227e+02 2.768999999999999773e+02
5.383461538459999929e+02 2.769615384620000214e+02
1.574090909090000139e+02 2.788636363640000013e+02
1.725714285710000127e+02 2.801428571430000147e+02
2.436999999999999886e+02 2.795000000000000000e+02
1.309117647060000138e+02 2.823823529410000219e+02
2.315000000000000000e+02 2.840000000000000000e+02
5.321428571399999896e+01 2.850000000000000000e+02
6.400000000000000355e+00 2.864499999999999886e+02
6.916666666700000121e+01 2.867500000000000000e+02
1.120000000000000000e+02 2.870000000000000000e+02
3.523235294120000276e+02 2.877352941180000130e+02
3.124230769229999964e+02 2.881923076919999858e+02
5.736764705880000292e+02 2.883235294120000276e+02
2.428947368400000073e+01 2.896578947369999923e+02
3.645000000000000000e+02 2.885000000000000000e+02
4.105000000000000000e+02 2.908076923080000142e+02
5.535714285709999558e+02 2.899285714289999873e+02
8.718750000000000000e+01 2.916875000000000000e+02
2.930000000000000000e+02 2.907857142859999726e+02
3.920000000000000000e+02 2.910000000000000000e+02
2.706111111110000138e+02 2.931666666670000154e+02
4.366052631580000138e+02 2.935000000000000000e+02
4.966499999999999773e+02 2.941999999999999886e+02
1.570625000000000000e+02 2.947500000000000000e+02
4.710882352940000146e+02 2.948529411760000016e+02
2.555909090909999861e+02 2.954090909089999855e+02
4.207352941180000130e+02 2.952647058819999870e+02
5.231000000000000227e+02 2.948999999999999773e+02
6.500000000000000000e+01 2.955000000000000000e+02
4.606000000000000227e+02 2.964499999999999886e+02
1.316176470590000065e+02 2.970882352940000146e+02
2.090000000000000000e+02 2.970000000000000000e+02
3.350000000000000000e+02 2.970000000000000000e+02
1.863823529409999935e+02 2.987941176470000073e+02
5.884375000000000000e+02 2.997500000000000000e+02
1.715000000000000000e+02 3.000000000000000000e+02
3.591875000000000000e+02 3.005625000000000000e+02
2.219666666669999984e+02 3.013666666670000041e+02
2.368571428570000137e+02 3.017142857140000274e+02
5.092500000000000000e+02 3.011250000000000000e+02
2.973421052630000077e+02 3.025526315789999785e+02
4.687500000000000000e+01 3.042500000000000000e+02
5.627777777779999724e+02 3.053888888889999862e+02
1.428684210529999916e+02 3.067631578950000062e+02
2.770333333329999732e+02 3.066333333329999959e+02
2.030000000000000000e+02 3.075000000000000000e+02
1.390000000000000036e+01 3.078999999999999773e+02
7.911538461499999642e+01 3.078846153850000178e+02
4.072368421049999938e+02 3.088157894739999847e+02
3.802142857140000274e+02 3.090000000000000000e+02
4.455000000000000000e+02 3.095000000000000000e+02
4.770000000000000000e+02 3.107222222220000276e+02
1.768333333330000130e+02 3.107500000000000000e+02
2.581470588239999984e+02 3.125000000000000000e+02
3.148750000000000000e+02 3.127500000000000000e+02
4.672142857140000274e+02 3.130000000000000000e+02
1.008333333329999988e+02 3.142333333330000187e+02
4.999666666670000268e+02 3.146333333329999959e+02
5.770384615379999786e+02 3.143461538459999929e+02
3.481153846149999822e+02 3.148846153850000178e+02
5.506176470589999781e+02 3.149117647059999854e+02
3.613636363640000013e+02 3.175000000000000000e+02
6.878571428600000104e+01 3.180000000000000000e+02
2.915000000000000000e+02 3.186428571430000147e+02
1.595909090909999861e+02 3.194090909089999855e+02
1.145000000000000000e+02 3.205000000000000000e+02
2.686999999999999886e+02 3.213000000000000114e+02
9.335714285699999948e+01 3.223095238099999733e+02
2.411153846150000106e+02 3.218846153850000178e+02
3.920000000000000000e+02 3.225000000000000000e+02
4.190000000000000000e+02 3.220000000000000000e+02
5.312894736839999723e+02 3.231315789469999800e+02
5.611538461500000352e+01 3.251153846149999822e+02
3.338333333329999846e+02 3.247500000000000000e+02
2.000999999999999943e+02 3.258999999999999773e+02
4.664090909089999855e+02 3.268636363640000013e+02
4.300000000000000000e+02 3.285000000000000000e+02
2.184166666669999870e+02 3.291666666670000154e+02
2.575000000000000000e+02 3.300000000000000000e+02
3.130384615379999786e+02 3.296538461540000071e+02
5.223947368420000430e+02 3.309210526319999985e+02
9.349999999999999645e+00 3.327500000000000000e+02
1.284444444439999984e+02 3.323888888889999862e+02
1.872894736840000007e+02 3.321315789469999800e+02
3.510000000000000000e+02 3.330000000000000000e+02
4.821363636359999987e+02 3.315909090910000145e+02
5.691923076919999858e+02 3.335769230770000036e+02
3.132608695700000112e+01 3.345000000000000000e+02
2.375000000000000000e+02 3.350000000000000000e+02
3.739117647059999854e+02 3.356176470589999781e+02
5.028333333329999846e+02 3.357500000000000000e+02
7.711538461499999642e+01 3.371153846149999822e+02
1.504000000000000057e+02 3.398000000000000114e+02
2.786052631580000138e+02 3.409210526319999985e+02
2.977352941180000130e+02 3.402647058819999870e+02
4.486875000000000000e+02 3.403125000000000000e+02
5.417666666669999813e+02 3.418333333329999846e+02
5.530000000000000000e+02 3.410000000000000000e+02
2.178846153849999894e+02 3.418846153850000178e+02
3.294090909089999855e+02 3.424090909089999855e+02
3.996333333329999959e+02 3.419666666670000268e+02
4.110333333329999732e+02 3.423666666670000041e+02
1.711250000000000000e+02 3.432500000000000000e+02
1.107000000000000028e+02 3.443000000000000114e+02
2.576578947369999923e+02 3.446578947369999923e+02
4.665000000000000000e+02 3.435000000000000000e+02
5.725000000000000000e+01 3.448333333329999846e+02
5.268846153849999610e+02 3.448846153850000178e+02
3.788571428569999853e+02 3.467142857140000274e+02
4.832777777779999724e+02 3.460000000000000000e+02
5.715952380950000133e+02 3.471666666670000154e+02
3.010000000000000142e+01 3.490500000000000114e+02
8.831250000000000000e+01 3.488125000000000000e+02
1.973666666670000041e+02 3.490333333329999732e+02
3.562142857140000274e+02 3.490000000000000000e+02
4.331250000000000000e+02 3.492500000000000000e+02
1.011470588239999984e+02 3.545000000000000000e+02
4.998333333329999846e+02 3.544166666670000154e+02
7.100000000000000000e+01 3.557857142859999726e+02
1.480000000000000000e+02 3.560000000000000000e+02
2.623999999999999773e+02 3.565500000000000114e+02
1.583333333300000056e+01 3.578333333329999846e+02
4.427105263160000277e+02 3.578684210530000200e+02
5.131363636360000555e+02 3.565909090910000145e+02
5.893571428569999853e+02 3.577857142859999726e+02
2.921428571399999896e+01 3.580000000000000000e+02
3.325000000000000000e+02 3.581250000000000000e+02
5.365909090909999577e+02 3.578636363640000013e+02
1.311363636359999987e+02 3.605909090910000145e+02
5.527000000000000455e+02 3.598000000000000114e+02
2.344523809519999986e+02 3.616904761900000267e+02
4.087666666669999813e+02 3.611666666670000154e+02
3.209615384620000214e+02 3.616538461540000071e+02
5.717500000000000000e+02 3.623500000000000227e+02
1.742142857139999990e+02 3.638571428569999853e+02
3.014499999999999886e+02 3.643999999999999773e+02
3.780000000000000000e+02 3.640000000000000000e+02
4.257500000000000000e+02 3.638333333329999846e+02
1.930000000000000000e+02 3.646999999999999886e+02
3.943823529410000219e+02 3.650882352940000146e+02
8.020000000000000284e+01 3.666499999999999773e+02
2.102500000000000000e+02 3.658333333329999846e+02
4.883333333299999879e+01 3.675833333329999846e+02
2.842500000000000000e+02 3.678333333329999846e+02
2.250000000000000000e+01 3.695000000000000000e+02
1.130600000000000023e+02 3.711000000000000227e+02
4.631250000000000000e+02 3.705000000000000000e+02
2.500000000000000000e+02 3.717222222220000276e+02
4.891000000000000227e+02 3.718999999999999773e+02
1.568846153849999894e+02 3.731153846149999822e+02
3.833333333329999846e+02 3.736666666670000154e+02
5.093421052630000077e+02 3.746578947369999923e+02
5.268571428569999853e+02 3.742857142859999726e+02
1.330000000000000000e+02 3.757857142859999726e+02
5.800000000000000000e+01 3.765000000000000000e+02
2.885454545449999841e+02 3.777727272729999868e+02
3.465000000000000000e+02 3.781470588239999984e+02
4.210333333329999732e+02 3.796333333329999959e+02
2.040999999999999943e+02 3.798999999999999773e+02
2.305000000000000000e+02 3.800000000000000000e+02
9.419230769199999997e+01 3.815769230770000036e+02
5.555000000000000000e+02 3.830000000000000000e+02
1.829705882350000081e+02 3.868529411760000016e+02
1.226111111109999996e+02 3.877777777779999724e+02
2.676578947369999923e+02 3.873421052630000077e+02
4.490000000000000000e+02 3.872777777779999724e+02
7.461764705900000649e+01 3.880882352940000146e+02
3.906111111110000138e+02 3.889444444439999984e+02
4.103421052630000077e+02 3.883421052630000077e+02
2.500000000000000000e+00 3.898333333329999846e+02
3.081923076919999858e+02 3.894230769229999964e+02
3.850000000000000000e+01 3.907105263160000277e+02
1.428846153849999894e+02 3.908846153850000178e+02
1.665000000000000000e+02 3.910000000000000000e+02
3.678999999999999773e+02 3.908999999999999773e+02
4.630000000000000000e+02 3.922142857140000274e+02
1.100000000000000000e+01 3.930000000000000000e+02
6.050000000000000000e+01 3.931666666670000154e+02
3.261315789469999800e+02 3.945526315789999785e+02
5.160000000000000000e+02 3.942142857140000274e+02
5.785000000000000000e+02 3.945000000000000000e+02
2.793181818180000278e+02 3.953181818180000278e+02
3.420000000000000000e+02 3.955000000000000000e+02
3.037500000000000000e+02 3.965500000000000114e+02
4.806052631580000138e+02 3.959210526319999985e+02
1.981666666669999870e+02 3.977500000000000000e+02
2.185909090909999861e+02 3.978636363640000013e+02
5.020454545449999841e+02 3.981363636359999987e+02
1.660000000000000000e+02 3.992777777779999724e+02
5.421000000000000227e+02 3.991000000000000227e+02
8.970000000000000284e+01 4.000000000000000000e+02
4.337500000000000000e+02 3.998333333329999846e+02
3.111538461499999997e+01 4.021153846149999822e+02
1.770555555560000016e+02 4.017222222220000276e+02
4.575000000000000000e+02 4.020000000000000000e+02
1.025000000000000000e+02 4.030000000000000000e+02
2.320000000000000000e+02 4.045000000000000000e+02
5.731250000000000000e+02 4.042500000000000000e+02
3.989999999999999858e+01 4.051000000000000227e+02
3.854090909089999855e+02 4.051363636359999987e+02
4.243888888889999862e+02 4.067777777779999724e+02
5.583888888889999862e+02 4.072222222220000276e+02
4.045000000000000000e+02 4.085000000000000000e+02
5.185000000000000000e+02 4.083000000000000114e+02
3.655909090910000145e+02 4.105909090910000145e+02
1.486904761899999983e+02 4.116428571430000147e+02
2.444090909090000139e+02 4.111363636359999987e+02
2.692222222220000276e+02 4.113888888889999862e+02
4.793260869569999727e+02 4.115000000000000000e+02
1.201153846149999964e+02 4.131153846149999822e+02
2.031363636359999987e+02 4.135909090910000145e+02
1.409090908999999892e+00 4.151363636359999987e+02
7.950000000000000000e+01 4.150000000000000000e+02
3.278571428569999853e+02 4.146428571430000147e+02
9.421428571399999896e+01 4.160000000000000000e+02
5.333666666670000041e+02 4.169666666670000268e+02
2.920000000000000000e+02 4.182142857140000274e+02
5.423421052630000077e+02 4.183421052630000077e+02
3.476578947369999923e+02 4.194473684210000215e+02
4.976052631580000138e+02 4.190789473680000015e+02
2.538235294100000061e+01 4.212058823529999927e+02
5.939999999999999858e+01 4.215500000000000114e+02
4.465000000000000000e+02 4.210000000000000000e+02
3.208571428569999853e+02 4.222142857140000274e+02
2.285000000000000000e+02 4.236363636359999987e+02
3.108999999999999773e+02 4.231000000000000227e+02
1.135000000000000000e+02 4.247105263160000277e+02
3.945000000000000000e+02 4.237857142859999726e+02
1.881153846150000106e+02 4.248846153850000178e+02
4.135526315789999785e+02 4.258684210530000200e+02
4.588478260869999872e+02 4.258913043480000056e+02
5.888999999999999773e+02 4.251000000000000227e+02
3.786000000000000227e+02 4.265500000000000114e+02
5.715000000000000000e+02 4.263000000000000114e+02
1.698846153849999894e+02 4.271153846149999822e+02
3.497142857140000274e+02 4.278571428569999853e+02
5.207777777779999724e+02 4.296111111110000138e+02
5.099999999999999645e+00 4.313999999999999773e+02
9.626470588200000122e+01 4.315588235289999943e+02
1.480000000000000000e+02 4.308333333329999846e+02
3.770000000000000284e+01 4.315000000000000000e+02
2.933750000000000000e+02 4.316250000000000000e+02
2.474499999999999886e+02 4.333999999999999773e+02
2.645000000000000000e+02 4.362142857140000274e+02
2.840000000000000000e+02 4.356999999999999886e+02
4.850000000000000000e+02 4.360000000000000000e+02
2.063750000000000000e+02 4.363750000000000000e+02
5.400000000000000000e+02 4.367857142859999726e+02
3.237105263160000277e+02 4.385000000000000000e+02
3.660000000000000000e+02 4.380000000000000000e+02
4.249117647059999854e+02 4.386176470589999781e+02
5.038846153850000178e+02 4.381153846149999822e+02
1.689999999999999858e+01 4.388999999999999773e+02
7.340000000000000568e+01 4.395500000000000114e+02
1.346052631580000138e+02 4.390789473680000015e+02
5.782333333330000187e+02 4.405000000000000000e+02
1.762777777780000008e+02 4.410000000000000000e+02
1.910000000000000000e+02 4.403000000000000114e+02
3.865000000000000000e+02 4.423000000000000114e+02
2.305000000000000000e+02 4.430000000000000000e+02
5.521666666669999586e+02 4.427500000000000000e+02
9.044117647100000568e+01 4.457352941180000130e+02
3.043636363640000013e+02 4.460454545449999841e+02
3.596250000000000000e+02 4.443750000000000000e+02
4.002142857140000274e+02 4.450000000000000000e+02
5.152142857139999705e+02 4.450000000000000000e+02
5.191176470599999959e+01 4.463823529410000219e+02
2.645000000000000000e+02 4.467666666669999813e+02
3.793000000000000114e+02 4.465000000000000000e+02
4.368333333329999846e+02 4.482500000000000000e+02
5.696428571430000147e+02 4.493095238099999733e+02
4.648636363640000013e+02 4.495909090910000145e+02
4.973888888889999862e+02 4.506666666670000154e+02
5.000000000000000000e-01 4.505000000000000000e+02
1.550999999999999943e+02 4.511000000000000227e+02
4.827222222220000276e+02 4.510000000000000000e+02
3.331818181819999722e+02 4.525454545449999841e+02
1.127500000000000000e+02 4.532500000000000000e+02
2.115000000000000000e+02 4.533260869569999727e+02
2.837666666669999813e+02 4.531666666670000154e+02
1.964499999999999886e+02 4.546000000000000227e+02
2.458333333330000130e+02 4.547500000000000000e+02
4.485500000000000114e+02 4.556000000000000227e+02
4.210000000000000000e+02 4.565000000000000000e+02
5.467500000000000000e+02 4.575625000000000000e+02
4.613888888889999862e+02 4.592222222220000276e+02
1.004166666670000012e+02 4.601666666670000154e+02
1.317105263159999993e+02 4.601315789469999800e+02
3.145833333329999846e+02 4.601666666670000154e+02
1.712500000000000000e+02 4.608333333329999846e+02
3.678846153850000178e+02 4.608846153850000178e+02
5.900714285709999558e+02 4.622142857140000274e+02
3.583333333299999879e+01 4.632333333330000187e+02
2.621000000000000227e+02 4.631000000000000227e+02
3.545000000000000000e+02 4.630714285710000127e+02
4.008913043480000056e+02 4.632826086960000112e+02
7.500000000000000000e+00 4.650000000000000000e+02
6.191176470599999959e+01 4.643823529410000219e+02
5.257777777779999724e+02 4.643888888889999862e+02
2.313571428570000137e+02 4.655714285710000127e+02
1.560000000000000000e+02 4.660000000000000000e+02
8.750000000000000000e+01 4.670000000000000000e+02
4.417352941180000130e+02 4.675000000000000000e+02
1.210000000000000000e+02 4.680000000000000000e+02
2.848846153850000178e+02 4.691153846149999822e+02
4.856111111110000138e+02 4.697777777779999724e+02
2.131470588239999984e+02 4.699705882349999797e+02
5.784444444440000552e+02 4.707222222220000276e+02
3.748636363640000013e+02 4.714090909089999855e+02
5.588333333330000414e+02 4.725000000000000000e+02
5.034230769229999964e+02 4.731923076919999858e+02
2.540000000000000000e+02 4.740000000000000000e+02
3.172692307689999893e+02 4.751153846149999822e+02
4.468181818200000066e+01 4.766818181819999722e+02
2.980000000000000000e+02 4.767857142859999726e+02
8.119047618999999827e+00 4.792619047619999719e+02
2.710000000000000142e+01 4.805666666669999927e+02
5.420000000000000000e+02 4.800000000000000000e+02
1.078529411760000016e+02 4.815000000000000000e+02
1.914090909090000139e+02 4.811363636359999987e+02
4.773888888889999862e+02 4.812222222220000276e+02
3.486000000000000227e+02 4.825500000000000114e+02
6.934615384600000709e+01 4.840384615379999786e+02
1.315000000000000000e+02 4.850000000000000000e+02
4.086578947369999923e+02 4.843421052630000077e+02
5.011153846149999822e+02 4.841153846149999822e+02
1.610000000000000000e+02 4.855000000000000000e+02
5.216818181820000291e+02 4.846818181819999722e+02
4.237857142859999726e+02 4.860000000000000000e+02
4.528333333329999846e+02 4.857500000000000000e+02
5.716428571430000147e+02 4.863095238099999733e+02
2.520999999999999943e+02 4.871000000000000227e+02
2.794444444439999984e+02 4.872777777779999724e+02
1.754000000000000057e+02 4.881999999999999886e+02
3.673750000000000000e+02 4.876250000000000000e+02
2.336538461540000071e+02 4.899615384620000214e+02
3.866333333329999959e+02 4.900333333329999732e+02
5.795000000000000000e+02 4.908529411760000016e+02
2.965789473699999945e+01 4.953421052630000077e+02
8.936666666700000405e+01 4.950333333329999732e+02
2.048636363640000013e+02 4.945909090910000145e+02
3.250000000000000000e+02 4.957222222220000276e+02
1.256333333329999959e+02 4.959666666670000268e+02
2.280000000000000000e+02 4.970000000000000000e+02
4.851000000000000227e+02 4.981000000000000227e+02
3.038846153850000178e+02 4.991153846149999822e+02
5.078571428600000104e+01 5.000000000000000000e+02
1.534166666669999870e+02 4.998333333329999846e+02
4.448846153850000178e+02 5.001153846149999822e+02
5.638999999999999773e+02 4.998999999999999773e+02
1.055555556000000061e+00 5.015000000000000000e+02
1.682500000000000000e+02 5.018333333329999846e+02
5.103181818180000278e+02 5.016818181819999722e+02
3.498846153850000178e+02 5.031153846149999822e+02
4.068000000000000114e+02 5.035500000000000114e+02
1.861764705899999939e+01 5.040294117650000203e+02
2.562222222220000276e+02 5.043888888889999862e+02
4.590000000000000000e+02 5.037857142859999726e+02
7.350000000000000000e+01 5.045000000000000000e+02
1.116428571430000005e+02 5.056904761900000267e+02
1.950000000000000000e+02 5.050000000000000000e+02
3.728846153850000178e+02 5.048846153850000178e+02
1.853823529409999935e+02 5.057941176470000073e+02
5.441666666669999586e+02 5.060000000000000000e+02
1.376250000000000000e+02 5.075000000000000000e+02
3.793947368419999862e+02 5.080789473680000015e+02
4.236333333329999959e+02 5.080333333329999732e+02
4.811000000000000227e+02 5.088999999999999773e+02
5.284230769230000533e+02 5.088076923080000142e+02
3.121153846149999822e+02 5.102692307689999893e+02
4.750000000000000000e+01 5.105000000000000000e+02
8.400000000000000000e+01 5.125000000000000000e+02
4.947222222220000276e+02 5.121111111110000138e+02
2.991363636359999987e+02 5.124090909090000423e+02
2.115000000000000000e+02 5.140000000000000000e+02
2.413461538459999929e+02 5.140384615379999786e+02
1.623333333330000130e+02 5.170000000000000000e+02
2.803823529410000219e+02 5.157941176470000073e+02
2.263181818179999993e+02 5.170454545449999841e+02
3.588684210530000200e+02 5.172894736839999723e+02
4.092777777779999724e+02 5.174444444440000552e+02
4.328846153850000178e+02 5.171153846150000390e+02
6.734999999999999432e+01 5.189500000000000455e+02
1.745999999999999943e+02 5.186000000000000227e+02
3.311666666670000154e+02 5.184166666669999586e+02
5.808500000000000227e+02 5.191000000000000227e+02
4.556999999999999886e+02 5.205000000000000000e+02
2.710000000000000142e+01 5.221000000000000227e+02
3.866818181819999722e+02 5.223181818179999709e+02
1.970000000000000000e+02 5.230000000000000000e+02
5.363333333330000414e+02 5.235000000000000000e+02
5.098999999999999773e+02 5.241000000000000227e+02
5.612142857139999705e+02 5.241428571430000147e+02
1.027500000000000000e+02 5.256499999999999773e+02
1.337857142860000010e+02 5.280000000000000000e+02
2.453421052630000077e+02 5.285526315790000353e+02
2.771666666670000154e+02 5.291250000000000000e+02
4.686111111110000138e+02 5.297777777779999724e+02
5.208823529400000041e+01 5.306176470589999781e+02
2.661153846149999822e+02 5.308846153849999610e+02
4.863235294120000276e+02 5.314411764709999488e+02
1.275000000000000000e+01 5.322500000000000000e+02
3.210294117650000203e+02 5.321470588240000552e+02
4.218571428569999853e+02 5.335714285709999558e+02
1.740000000000000000e+02 5.340000000000000000e+02
2.118846153849999894e+02 5.341153846150000390e+02
3.710000000000000000e+02 5.340555555559999448e+02
5.633333333330000414e+02 5.355000000000000000e+02
4.465000000000000000e+02 5.360000000000000000e+02
8.750000000000000000e-01 5.385000000000000000e+02
2.378529411760000016e+02 5.385000000000000000e+02
3.532142857140000274e+02 5.390000000000000000e+02
7.359999999999999432e+01 5.405499999999999545e+02
5.828157894739999847e+02 5.406578947369999923e+02
1.176500000000000057e+02 5.418500000000000227e+02
3.901428571430000147e+02 5.412857142860000295e+02
4.060000000000000000e+02 5.407857142860000295e+02
1.522333333329999903e+02 5.428333333330000414e+02
5.328684210530000200e+02 5.422894736839999723e+02
2.883333333299999879e+01 5.435000000000000000e+02
5.181666666669999586e+02 5.430000000000000000e+02
1.340882352939999862e+02 5.456176470589999781e+02
2.968846153850000178e+02 5.448846153849999610e+02
5.032500000000000000e+02 5.461250000000000000e+02
3.165833333329999846e+02 5.481666666669999586e+02
3.275000000000000000e+02 5.498529411759999448e+02
5.537500000000000000e+01 5.496250000000000000e+02
4.517142857140000274e+02 5.501428571430000147e+02
1.053421052629999934e+02 5.521842105260000153e+02
2.695714285710000127e+02 5.517142857139999705e+02
1.588461538500000003e+01 5.531153846150000390e+02
1.905500000000000114e+02 5.533999999999999773e+02
5.301666666669999586e+02 5.527500000000000000e+02
1.612142857139999990e+02 5.560000000000000000e+02
2.103571428570000137e+02 5.565714285709999558e+02
5.676904761900000267e+02 5.566428571430000147e+02
8.088461538500000358e+01 5.571153846150000390e+02
2.467142857139999990e+02 5.578571428569999853e+02
5.555909090909999577e+02 5.574090909090000423e+02
3.091176470599999959e+01 5.586176470589999781e+02
3.611428571430000147e+02 5.582857142860000295e+02
2.275000000000000000e+02 5.592999999999999545e+02
3.810000000000000000e+02 5.595000000000000000e+02
4.296250000000000000e+02 5.593125000000000000e+02
4.746176470589999781e+02 5.590882352940000146e+02
1.394130434779999916e+02 5.607173913039999888e+02
2.782777777779999724e+02 5.610000000000000000e+02
3.061000000000000227e+02 5.631000000000000227e+02
5.000000000000000000e+01 5.645000000000000000e+02
3.200000000000000000e+02 5.645000000000000000e+02
5.140000000000000000e+02 5.645000000000000000e+02
