5.200000000000000000e+01 1.785714285999999928e+00
1.275000000000000000e+02 5.000000000000000000e-01
3.267777777779999724e+02 1.888888888999999960e+00
3.675000000000000000e+02 8.750000000000000000e-01
4.872647058819999870e+02 2.500000000000000000e+00
5.055000000000000000e+02 5.000000000000000000e-01
5.580000000000000000e+02 1.500000000000000000e+00
5.790000000000000000e+02 8.333333330000000094e-01
5.236176470589999781e+02 4.088235294000000408e+00
2.206250000000000000e+01 5.250000000000000000e+00
7.100000000000000000e+01 5.000000000000000000e+00
1.547777777780000008e+02 6.388888889000000404e+00
2.787105263160000277e+02 6.500000000000000000e+00
3.450000000000000000e+02 6.500000000000000000e+00
8.691176470599999959e+01 8.617647058999999388e+00
1.387777777780000008e+02 8.388888889000000404e+00
4.247500000000000000e+02 8.125000000000000000e+00
1.009210526319999985e+02 9.394736842000000365e+00
2.337352941180000130e+02 9.794117647000000204e+00
4.546250000000000000e+02 8.375000000000000000e+00
4.353421052630000077e+02 1.065789473699999945e+01
5.355000000000000000e+02 1.056250000000000000e+01
1.725909090909999861e+02 1.086363636399999955e+01
1.918529411760000016e+02 1.150000000000000000e+01
3.055909090910000145e+02 1.159090909100000033e+01
2.566176470589999781e+02 1.308823529400000041e+01
5.610000000000000000e+02 1.350000000000000000e+01
5.130000000000000000e+02 1.400000000000000000e+01
3.870454545449999841e+02 1.513636363600000045e+01
2.122777777780000008e+02 1.700000000000000000e+01
4.640789473680000015e+02 1.860526315799999963e+01
4.845000000000000000e+02 1.814705882399999837e+01
5.736578947369999923e+02 1.965789473699999945e+01
1.536111111110000138e+02 2.322222222199999919e+01
3.690333333329999732e+02 2.336666666700000050e+01
5.333461538459999929e+02 2.303846153799999996e+01
3.499347826090000240e+02 2.467391304299999888e+01
3.923750000000000000e+02 2.362500000000000000e+01
1.507894736799999968e+01 2.560526315799999963e+01
5.350000000000000000e+01 2.514705882399999837e+01
4.131153846149999822e+02 2.511538461499999997e+01
7.090000000000000568e+01 2.610000000000000142e+01
1.219444444439999984e+02 2.638888888900000040e+01
1.806176470590000065e+02 2.591176470599999959e+01
2.713000000000000114e+02 2.550000000000000000e+01
3.216111111110000138e+02 2.655555555600000162e+01
3.716666666700000121e+01 2.838888888900000040e+01
2.185000000000000000e+02 2.869999999999999929e+01
2.893666666670000041e+02 2.903333333300000163e+01
1.234999999999999964e+01 3.080000000000000071e+01
3.093000000000000114e+02 3.000000000000000000e+01
3.628636363640000013e+02 2.959090909100000033e+01
4.975000000000000000e+02 3.050000000000000000e+01
9.850000000000000000e+01 3.133333333299999879e+01
2.333461538459999929e+02 3.103846153799999996e+01
2.555909090909999861e+02 3.113636363599999868e+01
4.240000000000000000e+02 3.100000000000000000e+01
1.940000000000000000e+02 3.178571428600000104e+01
5.504333333329999505e+02 3.189999999999999858e+01
1.365666666669999927e+02 3.276666666700000263e+01
6.103333333300000163e+01 3.463333333300000305e+01
1.168333333329999988e+02 3.411111111099999960e+01
4.540000000000000000e+02 3.472222222199999919e+01
3.295588235289999943e+02 3.532352941199999918e+01
4.796764705879999724e+02 3.667647058800000082e+01
5.166176470589999781e+02 3.708823529400000041e+01
2.620000000000000000e+02 3.950000000000000000e+01
3.816999999999999886e+02 3.900000000000000000e+01
5.681428571430000147e+02 4.128571428600000104e+01
8.322727272699999901e+01 4.268181818200000066e+01
1.570000000000000000e+02 4.350000000000000000e+01
1.396904761899999983e+02 4.454761904800000138e+01
2.226500000000000057e+02 4.479999999999999716e+01
4.019444444439999984e+02 4.394444444399999838e+01
2.950000000000000000e+02 4.550000000000000000e+01
3.612333333330000187e+02 4.516666666700000121e+01
5.348999999999999773e+02 4.510000000000000142e+01
3.710000000000000142e+01 4.689999999999999858e+01
1.840454545450000126e+02 4.736363636400000132e+01
3.000000000000000000e+00 4.800000000000000000e+01
2.231818181799999934e+01 4.768181818200000066e+01
3.098333333329999846e+02 4.775000000000000000e+01
4.353181818180000278e+02 4.831818181799999934e+01
3.441000000000000227e+02 4.889999999999999858e+01
1.972222222219999992e+02 5.161111111099999960e+01
3.860000000000000000e+02 5.100000000000000000e+01
1.050454545449999983e+02 5.186363636400000132e+01
3.295000000000000000e+02 5.150000000000000000e+01
5.138846153849999610e+02 5.211538461500000352e+01
4.565000000000000000e+02 5.300000000000000000e+01
4.147777777779999724e+02 5.438888888900000040e+01
4.905714285710000127e+02 5.435714285699999948e+01
5.454523809519999986e+02 5.469047618999999827e+01
5.755263157899999982e+01 5.534210526300000055e+01
2.883235294120000276e+02 5.532352941199999918e+01
5.662777777779999724e+02 5.555555555600000162e+01
5.230000000000000000e+02 5.700000000000000000e+01
2.505000000000000000e+02 5.800000000000000000e+01
4.785000000000000000e+02 5.750000000000000000e+01
8.000000000000000000e+01 5.878571428600000104e+01
1.260000000000000000e+02 5.900000000000000000e+01
2.406500000000000057e+02 5.925000000000000000e+01
3.726111111110000138e+02 6.122222222199999919e+01
1.478333333330000130e+02 6.223333333299999737e+01
3.395909090910000145e+02 6.213636363599999868e+01
4.482777777779999724e+02 6.294444444399999838e+01
5.802500000000000000e+02 6.283333333299999879e+01
4.865789473699999945e+01 6.434210526299999344e+01
1.662142857139999990e+02 6.600000000000000000e+01
4.327857142859999726e+02 6.600000000000000000e+01
2.573076923100000002e+01 6.711538461499999642e+01
2.154444444439999984e+02 6.727777777800000081e+01
3.423888888889999862e+02 6.744444444399999838e+01
3.095714285710000127e+02 6.807142857099999844e+01
4.988999999999999773e+02 6.809999999999999432e+01
7.586363636400000132e+01 6.859090909100000033e+01
1.067000000000000028e+02 6.900000000000000000e+01
3.953750000000000000e+02 6.918750000000000000e+01
1.765000000000000000e+02 7.028947368400000073e+01
2.005000000000000000e+02 6.983333333299999879e+01
5.872999999999999545e+02 6.990000000000000568e+01
2.983181818180000278e+02 7.068181818200000066e+01
2.638076923080000142e+02 7.242307692299999644e+01
1.260454545449999983e+02 7.313636363599999868e+01
5.148846153849999610e+02 7.311538461499999642e+01
8.728947368400000073e+01 7.650000000000000000e+01
4.627500000000000000e+02 7.656250000000000000e+01
2.827777777779999724e+02 7.938888888900000040e+01
3.608478260869999872e+02 7.958695652199999415e+01
4.790000000000000000e+02 7.950000000000000000e+01
3.311000000000000227e+02 7.990000000000000568e+01
5.359666666670000268e+02 8.036666666700000405e+01
5.400000000000000355e+00 8.145000000000000284e+01
2.513571428570000137e+02 8.116666666700000121e+01
3.810294117650000203e+02 8.185294117600000163e+01
4.095000000000000000e+02 8.100000000000000000e+01
5.656176470589999781e+02 8.091176470599999959e+01
5.323333333299999737e+01 8.216666666700000121e+01
2.321666666669999870e+02 8.116666666700000121e+01
2.200000000000000000e+02 8.278571428600000104e+01
3.120384615379999786e+02 8.434615384600000709e+01
4.434090909089999855e+02 8.413636363599999868e+01
2.455555555600000162e+01 8.638888888900000040e+01
4.267500000000000000e+02 8.625000000000000000e+01
7.379999999999999716e+01 8.720000000000000284e+01
1.549000000000000057e+02 8.790000000000000568e+01
5.466176470589999781e+02 8.791176470599999959e+01
5.860000000000000000e+02 8.800000000000000000e+01
1.710833333330000130e+02 8.875000000000000000e+01
2.120000000000000000e+02 8.950000000000000000e+01
1.049000000000000057e+02 9.009999999999999432e+01
2.980000000000000000e+02 9.272222222199999919e+01
5.031153846149999822e+02 9.311538461499999642e+01
5.740882352940000146e+02 9.561764705900000649e+01
1.840999999999999943e+02 9.590000000000000568e+01
4.705909090910000145e+02 9.613636363599999868e+01
5.191153846150000390e+02 9.611538461499999642e+01
1.446999999999999886e+02 9.650000000000000000e+01
1.297857142860000010e+02 9.800000000000000000e+01
2.768846153850000178e+02 9.811538461499999642e+01
4.031000000000000227e+02 9.909999999999999432e+01
4.504411764710000057e+02 9.932352941199999918e+01
5.460000000000000000e+02 9.900000000000000000e+01
1.320588235299999980e+01 1.002647058820000012e+02
5.486363636400000132e+01 9.940909090899999967e+01
3.735000000000000000e+02 1.010000000000000000e+02
5.136499999999999773e+02 1.023499999999999943e+02
2.235000000000000000e+02 1.035000000000000000e+02
4.921666666670000154e+02 1.031666666670000012e+02
3.634615384599999999e+01 1.035769230770000036e+02
1.662692307689999893e+02 1.038846153850000036e+02
3.505000000000000000e+02 1.041470588239999984e+02
3.912500000000000000e+02 1.038333333329999988e+02
8.650000000000000000e+01 1.050000000000000000e+02
2.480000000000000000e+02 1.047000000000000028e+02
3.226052631580000138e+02 1.055000000000000000e+02
2.048846153849999894e+02 1.058846153850000036e+02
1.081153846149999964e+02 1.081153846149999964e+02
3.010000000000000000e+02 1.095000000000000000e+02
4.191153846149999822e+02 1.091153846149999964e+02
5.575833333330000414e+02 1.091666666670000012e+02
5.860000000000000000e+02 1.090000000000000000e+02
2.199375000000000000e+02 1.127500000000000000e+02
2.395909090909999861e+02 1.118636363640000013e+02
2.645500000000000114e+02 1.124000000000000057e+02
4.425000000000000000e+02 1.125000000000000000e+02
4.666111111110000138e+02 1.132222222219999992e+02
6.711904761899999983e+01 1.142619047620000003e+02
2.263333333299999950e+01 1.149666666669999984e+02
1.195000000000000000e+02 1.150000000000000000e+02
2.888750000000000000e+02 1.167500000000000000e+02
3.412857142859999726e+02 1.171428571430000005e+02
5.277857142860000295e+02 1.180000000000000000e+02
1.836666666669999870e+02 1.205000000000000000e+02
4.057142857140000274e+02 1.201428571430000005e+02
5.030652173909999760e+02 1.204130434780000058e+02
5.720833333330000414e+02 1.202500000000000000e+02
1.396176470590000065e+02 1.210882352940000004e+02
1.038809523810000002e+02 1.223095238100000017e+02
8.000000000000000000e+00 1.227857142860000010e+02
3.105000000000000000e+02 1.233333333329999988e+02
4.829999999999999716e+01 1.267000000000000028e+02
1.674473684209999931e+02 1.262894736840000007e+02
3.585000000000000000e+02 1.265000000000000000e+02
4.251470588239999984e+02 1.269705882349999939e+02
4.597857142859999726e+02 1.280000000000000000e+02
5.540000000000000000e+02 1.280000000000000000e+02
8.738888888900000040e+01 1.301666666669999870e+02
1.283666666670000041e+02 1.299666666669999984e+02
4.388999999999999773e+02 1.300999999999999943e+02
4.758846153850000178e+02 1.301153846150000106e+02
2.112500000000000000e+02 1.317500000000000000e+02
2.538333333330000130e+02 1.307666666670000097e+02
3.934333333330000073e+02 1.314333333330000073e+02
1.521428571400000074e+01 1.320000000000000000e+02
1.747307692310000107e+02 1.326538461540000071e+02
5.222777777779999724e+02 1.320000000000000000e+02
6.488461538500000358e+01 1.328846153849999894e+02
3.725000000000000000e+02 1.326666666669999870e+02
5.370333333329999732e+02 1.336333333329999959e+02
2.692500000000000000e+02 1.340833333330000130e+02
2.347222222219999992e+02 1.350000000000000000e+02
5.011153846149999822e+02 1.358846153849999894e+02
3.363888888889999862e+02 1.377777777780000008e+02
3.115000000000000000e+02 1.377857142860000010e+02
3.563333333300000305e+01 1.390333333330000016e+02
1.456333333329999959e+02 1.389666666669999984e+02
1.914285714289999873e+02 1.387142857139999990e+02
2.903125000000000000e+02 1.386875000000000000e+02
3.594375000000000000e+02 1.397500000000000000e+02
1.601896551719999877e+02 1.475603448280000123e+02
4.535000000000000000e+02 1.423823529409999935e+02
5.792142857139999705e+02 1.420000000000000000e+02
1.179000000000000057e+02 1.436333333329999959e+02
4.120000000000000000e+02 1.432777777780000008e+02
4.288636363640000013e+02 1.430454545450000126e+02
1.333333332999999898e+00 1.446666666669999870e+02
5.528333333330000414e+02 1.445833333330000130e+02
5.054999999999999716e+01 1.465999999999999943e+02
2.633947368419999862e+02 1.470789473680000015e+02
7.611111111099999960e+01 1.486666666669999870e+02
3.850000000000000000e+02 1.482777777780000008e+02
5.248846153849999610e+02 1.481153846150000106e+02
6.600000000000000000e+01 1.505000000000000000e+02
1.033181818179999993e+02 1.522272727270000132e+02
2.091923076920000142e+02 1.515769230770000036e+02
4.793095238099999733e+02 1.520714285710000127e+02
2.325000000000000000e+02 1.535000000000000000e+02
2.875000000000000000e+02 1.541470588239999984e+02
2.467777777780000008e+02 1.556111111110000138e+02
3.333421052630000077e+02 1.563421052630000077e+02
4.991086956519999944e+02 1.565434782609999900e+02
5.432142857139999705e+02 1.560000000000000000e+02
3.687142857140000274e+02 1.572857142860000010e+02
4.340333333329999732e+02 1.583666666670000041e+02
3.800000000000000000e+01 1.592142857139999990e+02
2.716111111110000138e+02 1.588333333330000130e+02
1.366333333329999959e+02 1.600333333330000016e+02
5.705000000000000000e+02 1.605000000000000000e+02
3.040909090910000145e+02 1.620909090909999861e+02
5.150000000000000000e+02 1.607500000000000000e+02
1.490000000000000000e+02 1.622142857139999990e+02
1.795000000000000000e+02 1.625000000000000000e+02
3.937500000000000000e+00 1.631250000000000000e+02
3.510000000000000000e+02 1.630000000000000000e+02
2.090000000000000000e+02 1.640000000000000000e+02
6.440000000000000568e+01 1.655500000000000114e+02
2.823750000000000000e+02 1.643750000000000000e+02
4.560000000000000000e+02 1.650000000000000000e+02
1.261250000000000000e+02 1.665000000000000000e+02
4.005000000000000000e+02 1.655000000000000000e+02
2.055000000000000071e+01 1.675999999999999943e+02
5.519375000000000000e+02 1.674375000000000000e+02
4.196000000000000227e+02 1.694499999999999886e+02
1.001315789469999942e+02 1.704473684209999931e+02
2.370000000000000000e+02 1.717222222219999992e+02
3.240000000000000000e+02 1.717857142860000010e+02
4.790000000000000000e+02 1.727727272729999868e+02
4.957500000000000000e+02 1.722500000000000000e+02
3.662647058819999870e+02 1.747352941180000130e+02
5.316578947369999923e+02 1.743421052630000077e+02
8.409999999999999432e+01 1.750999999999999943e+02
2.053000000000000114e+02 1.760000000000000000e+02
1.737941176470000073e+02 1.776176470590000065e+02
3.932894736839999723e+02 1.771315789470000084e+02
4.365000000000000000e+02 1.770000000000000000e+02
2.245000000000000000e+02 1.785000000000000000e+02
5.767222222220000276e+02 1.781111111110000138e+02
2.850000000000000000e+02 1.792777777780000008e+02
3.534411764710000057e+02 1.808529411760000016e+02
3.350000000000000000e+02 1.810000000000000000e+02
5.000000000000000000e+00 1.817857142860000010e+02
1.959090909100000033e+01 1.831363636359999987e+02
3.025000000000000000e+02 1.828333333330000130e+02
1.425909090909999861e+02 1.845909090909999861e+02
2.490000000000000000e+02 1.840000000000000000e+02
4.653181818180000278e+02 1.843181818179999993e+02
4.817222222220000276e+02 1.840000000000000000e+02
5.350000000000000000e+01 1.865000000000000000e+02
3.108571428569999853e+02 1.862857142860000010e+02
4.060714285710000127e+02 1.865000000000000000e+02
2.715000000000000000e+02 1.870000000000000000e+02
7.336666666700000405e+01 1.880333333330000016e+02
1.085000000000000000e+02 1.880000000000000000e+02
2.073421052630000077e+02 1.894473684209999931e+02
5.127500000000000000e+02 1.892500000000000000e+02
1.150000000000000000e+01 1.903000000000000114e+02
3.626190476200000035e+01 1.908809523809999860e+02
1.871153846150000106e+02 1.901153846150000106e+02
1.000000000000000000e+00 1.910000000000000000e+02
1.246333333329999959e+02 1.910333333330000016e+02
5.710000000000000000e+02 1.917222222219999992e+02
3.772142857140000274e+02 1.920000000000000000e+02
4.191470588239999984e+02 1.925000000000000000e+02
1.025000000000000000e+02 1.932647058819999870e+02
1.685769230770000036e+02 1.931923076920000142e+02
4.451153846149999822e+02 1.928846153849999894e+02
1.446176470590000065e+02 1.940882352939999862e+02
5.850333333329999732e+02 1.956333333329999959e+02
2.215000000000000000e+02 1.963000000000000114e+02
3.357500000000000000e+02 1.967500000000000000e+02
4.661190476190000140e+02 1.975000000000000000e+02
2.838750000000000000e+02 1.986250000000000000e+02
3.480000000000000000e+02 1.990000000000000000e+02
3.912142857140000274e+02 2.000000000000000000e+02
5.491470588240000552e+02 2.000294117649999919e+02
5.285000000000000000e+02 2.011470588239999984e+02
6.110000000000000142e+01 2.030999999999999943e+02
8.536666666700000405e+01 2.029666666669999984e+02
2.427857142860000010e+02 2.030000000000000000e+02
4.945000000000000000e+02 2.030000000000000000e+02
2.735909090910000145e+02 2.064090909090000139e+02
4.742777777779999724e+02 2.060000000000000000e+02
5.740000000000000000e+02 2.062142857139999990e+02
1.271250000000000000e+02 2.077500000000000000e+02
2.991315789469999800e+02 2.072368421049999938e+02
4.027222222220000276e+02 2.080000000000000000e+02
5.120000000000000000e+02 2.085000000000000000e+02
1.864444444439999984e+02 2.096111111110000138e+02
1.127857142860000010e+02 2.100000000000000000e+02
3.635000000000000000e+02 2.100000000000000000e+02
2.700000000000000000e+01 2.107857142860000010e+02
2.575500000000000114e+02 2.115999999999999943e+02
1.555000000000000071e+01 2.124000000000000057e+02
4.996818181819999722e+02 2.123181818179999993e+02
4.478571428600000104e+01 2.130000000000000000e+02
3.835000000000000000e+02 2.125000000000000000e+02
4.348846153850000178e+02 2.128846153849999894e+02
7.000000000000000000e+01 2.130000000000000000e+02
1.541153846150000106e+02 2.137307692310000107e+02
2.280384615380000071e+02 2.136538461540000071e+02
3.156111111110000138e+02 2.150555555560000016e+02
2.050000000000000000e+02 2.161666666669999870e+02
5.570384615379999786e+02 2.156538461540000071e+02
3.478333333329999846e+02 2.178333333330000130e+02
2.823000000000000114e+02 2.229499999999999886e+02
1.706052631580000138e+02 2.195000000000000000e+02
5.875000000000000000e+02 2.180000000000000000e+02
9.134210526299999344e+01 2.206578947369999923e+02
4.545000000000000000e+02 2.200000000000000000e+02
2.452894736840000007e+02 2.215000000000000000e+02
3.990000000000000000e+02 2.213000000000000114e+02
5.315000000000000000e+02 2.225000000000000000e+02
5.859090909100000033e+01 2.248636363640000013e+02
4.417500000000000000e+02 2.258333333330000130e+02
4.621470588239999984e+02 2.259705882350000081e+02
8.002941176500000608e+01 2.282647058819999870e+02
1.473421052630000077e+02 2.296578947369999923e+02
3.566538461540000071e+02 2.289615384619999929e+02
3.039285714289999873e+02 2.305000000000000000e+02
9.878571428600000104e+01 2.310000000000000000e+02
1.200000000000000000e+02 2.315000000000000000e+02
1.992058823529999927e+02 2.312058823529999927e+02
3.260789473680000015e+02 2.313947368419999862e+02
4.167777777779999724e+02 2.313888888889999862e+02
4.822500000000000000e+02 2.312500000000000000e+02
5.156818181820000291e+02 2.313181818179999993e+02
2.991176470599999959e+01 2.323823529409999935e+02
5.653571428569999853e+02 2.326904761899999983e+02
3.891315789469999800e+02 2.332894736840000007e+02
2.873421052630000077e+02 2.353421052630000077e+02
2.450000000000000178e+00 2.364000000000000057e+02
1.619117647060000138e+02 2.366176470590000065e+02
2.616176470589999781e+02 2.364411764710000057e+02
6.285714285699999948e+01 2.377142857139999990e+02
2.255999999999999943e+02 2.375500000000000114e+02
3.425000000000000000e+02 2.365000000000000000e+02
3.725000000000000000e+02 2.370000000000000000e+02
5.472500000000000000e+02 2.375000000000000000e+02
1.818846153849999894e+02 2.388846153849999894e+02
5.266333333329999959e+02 2.390333333330000016e+02
2.706578947369999923e+02 2.413421052630000077e+02
3.988000000000000114e+02 2.415999999999999943e+02
1.691176470599999959e+01 2.436176470590000065e+02
5.819705882350000365e+02 2.431470588239999984e+02
4.238571428569999853e+02 2.442857142860000010e+02
5.065833333329999846e+02 2.441666666669999870e+02
3.218999999999999773e+02 2.450999999999999943e+02
1.295000000000000000e+02 2.458750000000000000e+02
2.433499999999999943e+02 2.467500000000000000e+02
4.724166666670000154e+02 2.458333333330000130e+02
8.628947368400000073e+01 2.475000000000000000e+02
2.121153846150000106e+02 2.468846153849999894e+02
4.450294117650000203e+02 2.471470588239999984e+02
4.861363636359999987e+02 2.475909090909999861e+02
1.061153846149999964e+02 2.491153846150000106e+02
3.590000000000000000e+02 2.490000000000000000e+02
1.469666666669999984e+02 2.506333333329999959e+02
3.936666666699999695e+01 2.509666666669999984e+02
5.013947368419999862e+02 2.525000000000000000e+02
5.651000000000000227e+02 2.519000000000000057e+02
1.894499999999999886e+02 2.535999999999999943e+02
1.615000000000000000e+02 2.568333333329999846e+02
2.873181818180000278e+02 2.563181818180000278e+02
5.440000000000000000e+02 2.570000000000000000e+02
3.536176470589999781e+02 2.570882352940000146e+02
4.268333333329999846e+02 2.571666666670000154e+02
7.777777777999999920e+00 2.583888888889999862e+02
3.005000000000000000e+02 2.585000000000000000e+02
3.810000000000000000e+02 2.580000000000000000e+02
5.191153846150000390e+02 2.588846153850000178e+02
5.739999999999999858e+01 2.614499999999999886e+02
1.181153846149999964e+02 2.608846153850000178e+02
2.565000000000000000e+02 2.625000000000000000e+02
1.409666666669999984e+02 2.636333333329999959e+02
3.113999999999999773e+02 2.635500000000000114e+02
5.863125000000000000e+02 2.636875000000000000e+02
9.765000000000000568e+01 2.651999999999999886e+02
2.213888888889999862e+02 2.642222222220000276e+02
4.054411764710000057e+02 2.646764705879999724e+02
4.785666666669999927e+02 2.638999999999999773e+02
2.088809523809999860e+02 2.667380952380000281e+02
4.913125000000000000e+02 2.658125000000000000e+02
5.605000000000000000e+02 2.673000000000000114e+02
4.091176470599999959e+01 2.683823529410000219e+02
1.868157894740000131e+02 2.689736842109999770e+02
3.968846153850000178e+02 2.688846153850000178e+02
2.687777777779999724e+02 2.706111111110000138e+02
3.348846153850000178e+02 2.701153846149999822e+02
4.600000000000000000e+02 2.700000000000000000e+02
8.550000000000000000e+01 2.721470588239999984e+02
3.736111111110000138e+02 2.721666666670000154e+02
4.441428571430000147e+02 2.727142857140000274e+02
3.012500000000000000e+02 2.728333333329999846e+02
1.279117647059999996e+02 2.753823529410000219e+02
1.520000000000000000e+02 2.752142857140000274e+02
5.060000000000000000e+02 2.750000000000000000e+02
2.355000000000000000e+02 2.755000000000000000e+02
6.904545454499999835e+01 2.778636363640000013e+02
5.355909090909999577e+02 2.781363636359999987e+02
1.695000000000000000e+02 2.793000000000000114e+02
3.651153846149999822e+02 2.798846153850000178e+02
4.096666666699999837e+01 2.826333333329999959e+02
2.278846153849999894e+02 2.818846153850000178e+02
3.828750000000000000e+02 2.832500000000000000e+02
4.405000000000000000e+02 2.836176470589999781e+02
1.065000000000000000e+02 2.840000000000000000e+02
3.495000000000000000e+02 2.840000000000000000e+02
5.723421052630000077e+02 2.843421052630000077e+02
2.901000000000000227e+02 2.848999999999999773e+02
1.140909090899999967e+01 2.865909090910000145e+02
3.155263157899999982e+01 2.881315789469999800e+02
9.121428571399999896e+01 2.870000000000000000e+02
4.030000000000000000e+02 2.867857142859999726e+02
5.490000000000000000e+02 2.867857142859999726e+02
3.108076923080000142e+02 2.880384615379999786e+02
2.675000000000000000e+02 2.893000000000000114e+02
4.146875000000000000e+02 2.896875000000000000e+02
5.850333333329999732e+02 2.893666666670000041e+02
2.055000000000000000e+02 2.911250000000000000e+02
2.540000000000000000e+02 2.913333333329999846e+02
4.682777777779999724e+02 2.910000000000000000e+02
4.585555555560000016e+02 2.922777777779999724e+02
4.905000000000000000e+02 2.925000000000000000e+02
6.475000000000000000e+01 2.931666666670000154e+02
5.621470588240000552e+02 2.930882352940000146e+02
1.100000000000000089e+00 2.946999999999999886e+02
1.278888888890000004e+02 2.956666666670000154e+02
1.821250000000000000e+02 2.952500000000000000e+02
2.340000000000000000e+02 2.952142857140000274e+02
3.242142857140000274e+02 2.950000000000000000e+02
3.560000000000000000e+02 2.965000000000000000e+02
5.208846153849999610e+02 2.958846153850000178e+02
1.533888888889999862e+02 2.979444444439999984e+02
2.196875000000000000e+02 2.984375000000000000e+02
1.422391304349999928e+02 3.001956521739999744e+02
3.971250000000000000e+02 2.999375000000000000e+02
1.639000000000000057e+02 3.001000000000000227e+02
5.019117647059999854e+02 3.003823529410000219e+02
9.357142857099999844e+01 3.016428571430000147e+02
3.011190476190000140e+02 3.020238095240000007e+02
2.730000000000000000e+02 3.025000000000000000e+02
3.480000000000000000e+02 3.022142857140000274e+02
1.509999999999999964e+01 3.031000000000000227e+02
1.996111111110000138e+02 3.032222222220000276e+02
3.752500000000000000e+02 3.035625000000000000e+02
5.761428571430000147e+02 3.052857142859999726e+02
4.318750000000000000e+01 3.065625000000000000e+02
7.604545454499999835e+01 3.058636363640000013e+02
4.356333333329999959e+02 3.079666666670000268e+02
1.736818181820000007e+02 3.093181818180000278e+02
2.558529411760000016e+02 3.095000000000000000e+02
3.178999999999999773e+02 3.091000000000000227e+02
4.737941176470000073e+02 3.096176470589999781e+02
5.353333333330000414e+02 3.123888888889999862e+02
4.595000000000000000e+02 3.135000000000000000e+02
2.358846153849999894e+02 3.138846153850000178e+02
4.938999999999999773e+02 3.141000000000000227e+02
1.642222222219999992e+02 3.156666666670000154e+02
2.932894736839999723e+02 3.155000000000000000e+02
5.470000000000000000e+02 3.160000000000000000e+02
8.739473684200000037e+01 3.169210526319999985e+02
4.168999999999999773e+02 3.171000000000000227e+02
1.163571428569999995e+02 3.190714285710000127e+02
3.646304347829999983e+02 3.187173913039999888e+02
7.300000000000000000e+01 3.195000000000000000e+02
3.957727272729999868e+02 3.200000000000000000e+02
4.327857142859999726e+02 3.190000000000000000e+02
5.617647059000000276e+00 3.199117647059999854e+02
5.103846153799999996e+01 3.223461538459999929e+02
3.340333333329999732e+02 3.226333333329999959e+02
5.186578947369999923e+02 3.233421052630000077e+02
3.128846153850000178e+02 3.241153846149999822e+02
1.818888888889999862e+02 3.251666666670000154e+02
2.133000000000000114e+02 3.245000000000000000e+02
2.652142857140000274e+02 3.250000000000000000e+02
4.471470588239999984e+02 3.265000000000000000e+02
1.457105263159999993e+02 3.271315789469999800e+02
1.909117647060000138e+02 3.273823529410000219e+02
4.662500000000000000e+02 3.267500000000000000e+02
5.630000000000000000e+02 3.267857142859999726e+02
2.558529411760000016e+02 3.285000000000000000e+02
3.200000000000000000e+01 3.295909090910000145e+02
1.255000000000000000e+02 3.291470588239999984e+02
2.328571428570000137e+02 3.287857142859999726e+02
4.810000000000000000e+02 3.290000000000000000e+02
3.781470588239999984e+02 3.335000000000000000e+02
5.464166666669999586e+02 3.332500000000000000e+02
1.120000000000000000e+02 3.342142857140000274e+02
6.700000000000000000e+01 3.352142857140000274e+02
5.042142857140000274e+02 3.350000000000000000e+02
4.611538461500000352e+01 3.361153846149999822e+02
3.051875000000000000e+02 3.363750000000000000e+02
3.467380952380000281e+02 3.366428571430000147e+02
5.391428571430000147e+02 3.357857142859999726e+02
8.600000000000000000e+01 3.370000000000000000e+02
2.735000000000000000e+02 3.386052631580000138e+02
1.728529411760000016e+02 3.395000000000000000e+02
2.150000000000000000e+02 3.402142857140000274e+02
3.187500000000000000e+02 3.402500000000000000e+02
4.101000000000000227e+02 3.401000000000000227e+02
2.614705882399999837e+01 3.425000000000000000e+02
2.543888888889999862e+02 3.427777777779999724e+02
5.775000000000000000e+02 3.428529411760000016e+02
4.590000000000000000e+02 3.430000000000000000e+02
1.368750000000000000e+01 3.441875000000000000e+02
4.241470588239999984e+02 3.439705882349999797e+02
5.160000000000000000e+02 3.440000000000000000e+02
1.898529411760000016e+02 3.455000000000000000e+02
3.728333333329999846e+02 3.455833333329999846e+02
3.890000000000000000e+02 3.460000000000000000e+02
3.610000000000000000e+02 3.466999999999999886e+02
1.513823529409999935e+02 3.482058823529999927e+02
2.311470588239999984e+02 3.479705882349999797e+02
4.765000000000000000e+02 3.485000000000000000e+02
4.465000000000000000e+02 3.495000000000000000e+02
2.791176470599999959e+01 3.506176470589999781e+02
5.900000000000000000e+01 3.502142857140000274e+02
4.087857142859999726e+02 3.500000000000000000e+02
1.212727272730000010e+02 3.529545454550000159e+02
1.030000000000000000e+02 3.537222222220000276e+02
2.616000000000000227e+02 3.538000000000000114e+02
2.947105263160000277e+02 3.538684210530000200e+02
3.387857142859999726e+02 3.540000000000000000e+02
5.862142857139999705e+02 3.540000000000000000e+02
5.570000000000000000e+02 3.546999999999999886e+02
4.942500000000000000e+02 3.561666666670000154e+02
7.965000000000000568e+01 3.579499999999999886e+02
2.135000000000000000e+02 3.565000000000000000e+02
5.762777777779999724e+02 3.570000000000000000e+02
3.950000000000000000e+01 3.580000000000000000e+02
1.680999999999999943e+02 3.581000000000000227e+02
4.240000000000000000e+02 3.590000000000000000e+02
5.106999999999999886e+02 3.590000000000000000e+02
3.676578947369999923e+02 3.626578947369999923e+02
3.897500000000000000e+02 3.619375000000000000e+02
4.570000000000000000e+02 3.626428571430000147e+02
5.377500000000000000e+02 3.618333333329999846e+02
3.146999999999999886e+02 3.630000000000000000e+02
2.820000000000000000e+02 3.643333333329999846e+02
2.450000000000000000e+02 3.660000000000000000e+02
5.032500000000000000e+02 3.670000000000000000e+02
1.848636363640000013e+02 3.665909090910000145e+02
1.458695652199999948e+01 3.687173913039999888e+02
1.102368421049999938e+02 3.681315789469999800e+02
4.752142857140000274e+02 3.680000000000000000e+02
4.125000000000000000e+02 3.691470588239999984e+02
5.856428571430000147e+02 3.696904761900000267e+02
5.580769230800000003e+01 3.725769230770000036e+02
3.375000000000000000e+02 3.731470588239999984e+02
9.741666666700000121e+01 3.741666666670000154e+02
2.010000000000000000e+02 3.750000000000000000e+02
5.546578947369999923e+02 3.756578947369999923e+02
1.349000000000000057e+02 3.758999999999999773e+02
1.891315789470000084e+02 3.762894736839999723e+02
2.270999999999999943e+02 3.761000000000000227e+02
2.653947368419999862e+02 3.759210526319999985e+02
5.257222222220000276e+02 3.760000000000000000e+02
1.520000000000000000e+02 3.780000000000000000e+02
3.793666666670000041e+02 3.779666666670000268e+02
7.800000000000000000e+01 3.792777777779999724e+02
5.765000000000000000e+02 3.791666666670000154e+02
1.612647058819999870e+02 3.807352941180000130e+02
4.592894736839999723e+02 3.812368421049999938e+02
1.192647058820000012e+02 3.822058823529999927e+02
3.034230769229999964e+02 3.821923076919999858e+02
3.581153846149999822e+02 3.821153846149999822e+02
3.961111111099999960e+01 3.837777777779999724e+02
2.849347826090000240e+02 3.835869565219999799e+02
3.885588235289999943e+02 3.833235294120000276e+02
4.454499999999999886e+02 3.837500000000000000e+02
4.105500000000000114e+02 3.856000000000000227e+02
1.398846153849999894e+02 3.858846153850000178e+02
3.277500000000000000e+02 3.862500000000000000e+02
6.440000000000000568e+01 3.905500000000000114e+02
5.228571428569999853e+02 3.912857142859999726e+02
5.062500000000000000e+00 3.927500000000000000e+02
2.141363636359999987e+02 3.915909090910000145e+02
5.005000000000000000e+02 3.920000000000000000e+02
5.333666666670000041e+02 3.920333333329999732e+02
1.720454545450000126e+02 3.931363636359999987e+02
2.320882352939999862e+02 3.933823529410000219e+02
3.470000000000000000e+02 3.942777777779999724e+02
4.269615384620000214e+02 3.936538461540000071e+02
4.817105263160000277e+02 3.941315789469999800e+02
1.588684210529999916e+02 3.954473684210000215e+02
2.490625000000000000e+02 3.957500000000000000e+02
9.790000000000000568e+01 3.965666666669999927e+02
1.890000000000000000e+02 3.960000000000000000e+02
3.605000000000000000e+02 3.972083333329999846e+02
5.593999999999999773e+02 3.965500000000000114e+02
2.588461538500000003e+01 3.971153846149999822e+02
2.740000000000000000e+02 3.967857142859999726e+02
8.213636363599999868e+01 3.985909090910000145e+02
3.026578947369999923e+02 3.996578947369999923e+02
5.708999999999999773e+02 3.988999999999999773e+02
3.841153846149999822e+02 4.008846153850000178e+02
1.417777777780000008e+02 4.046111111110000138e+02
4.068750000000000000e+01 4.048125000000000000e+02
3.234230769229999964e+02 4.048076923080000142e+02
4.496176470589999781e+02 4.070882352940000146e+02
5.138333333330000414e+02 4.073888888889999862e+02
2.431923076920000142e+02 4.094230769229999964e+02
4.227142857140000274e+02 4.091428571430000147e+02
4.753636363640000013e+02 4.095000000000000000e+02
4.885000000000000000e+02 4.095000000000000000e+02
9.513636363599999868e+01 4.095909090910000145e+02
1.196666666670000012e+02 4.105000000000000000e+02
2.583421052630000077e+02 4.106578947369999923e+02
3.101000000000000227e+02 4.098999999999999773e+02
4.055000000000000000e+02 4.107352941180000130e+02
5.262142857139999705e+02 4.110000000000000000e+02
2.154090909090000139e+02 4.124090909089999855e+02
4.382142857140000274e+02 4.130000000000000000e+02
1.670000000000000000e+02 4.140000000000000000e+02
3.483421052630000077e+02 4.143421052630000077e+02
5.870714285709999558e+02 4.142142857140000274e+02
6.900000000000000000e+01 4.155000000000000000e+02
2.045000000000000000e+02 4.150000000000000000e+02
3.781999999999999886e+02 4.156499999999999773e+02
2.291176470599999959e+01 4.166176470589999781e+02
5.800000000000000000e+01 4.160000000000000000e+02
5.435000000000000000e+02 4.161666666670000154e+02
5.038461537999999962e+00 4.166538461540000071e+02
1.881428571429999863e+02 4.182857142859999726e+02
2.854285714289999873e+02 4.182142857140000274e+02
4.164499999999999886e+02 4.206000000000000227e+02
5.130625000000000000e+02 4.198750000000000000e+02
5.614090909090000423e+02 4.231363636359999987e+02
1.068684210530000058e+02 4.247105263160000277e+02
1.550000000000000000e+02 4.260000000000000000e+02
3.905000000000000000e+02 4.257857142859999726e+02
3.157500000000000000e+02 4.268750000000000000e+02
3.430000000000000000e+02 4.267857142859999726e+02
3.478571428600000104e+01 4.275000000000000000e+02
8.765789473700000656e+01 4.286578947369999923e+02
2.428750000000000000e+02 4.295000000000000000e+02
2.544333333330000073e+02 4.301333333329999959e+02
2.931666666670000154e+02 4.286111111110000138e+02
3.650000000000000000e+02 4.292142857140000274e+02
4.244444444439999984e+02 4.297222222220000276e+02
4.611521739130000128e+02 4.298478260869999872e+02
5.758846153849999610e+02 4.291153846149999822e+02
2.110000000000000000e+02 4.296999999999999886e+02
4.747777777779999724e+02 4.306666666670000154e+02
6.959999999999999432e+01 4.315500000000000114e+02
3.228333333329999846e+02 4.318333333329999846e+02
5.333666666670000041e+02 4.319666666670000268e+02
1.923750000000000000e+02 4.323750000000000000e+02
2.758333333329999846e+02 4.329444444439999984e+02
4.936818181819999722e+02 4.333181818180000278e+02
1.301666666669999870e+02 4.354583333329999846e+02
1.700000000000000000e+02 4.360000000000000000e+02
3.910000000000000000e+02 4.363000000000000114e+02
1.496764705880000008e+02 4.403235294120000276e+02
2.969117647059999854e+02 4.406176470589999781e+02
4.289999999999999858e+01 4.411000000000000227e+02
2.340000000000000000e+02 4.407857142859999726e+02
3.513000000000000114e+02 4.410000000000000000e+02
3.972692307689999893e+02 4.408846153850000178e+02
4.660000000000000000e+02 4.412142857140000274e+02
5.130000000000000000e+02 4.403000000000000114e+02
5.566250000000000000e+02 4.416250000000000000e+02
1.778571428600000104e+01 4.443571428569999853e+02
4.333461538459999929e+02 4.469615384620000214e+02
4.824444444439999984e+02 4.477222222220000276e+02
3.775000000000000000e+02 4.475000000000000000e+02
8.061111111099999960e+01 4.499444444439999984e+02
1.116818181820000007e+02 4.497727272729999868e+02
1.285869565220000084e+02 4.498478260869999872e+02
1.907105263159999993e+02 4.498684210530000200e+02
2.164047619049999867e+02 4.503095238099999733e+02
2.616176470589999781e+02 4.490882352940000146e+02
2.800000000000000000e+02 4.487857142859999726e+02
5.872142857139999705e+02 4.496428571430000147e+02
4.480294117650000203e+02 4.511470588239999984e+02
5.635909090909999577e+02 4.512727272729999868e+02
4.205000000000000000e+02 4.521666666670000154e+02
4.965555555560000016e+02 4.533888888889999862e+02
3.168333333329999846e+02 4.533888888889999862e+02
6.772222222199999919e+01 4.550000000000000000e+02
1.116666666699999944e+01 4.565000000000000000e+02
1.717307692310000107e+02 4.561153846149999822e+02
3.360652173909999760e+02 4.565869565219999799e+02
2.419545454549999874e+02 4.568636363640000013e+02
3.485294117600000163e+01 4.585000000000000000e+02
9.788461538500000358e+01 4.581153846149999822e+02
5.370714285709999558e+02 4.585000000000000000e+02
3.992894736839999723e+02 4.591315789469999800e+02
1.432142857139999990e+02 4.610000000000000000e+02
3.436818181819999722e+02 4.613181818180000278e+02
4.606578947369999923e+02 4.613421052630000077e+02
3.660000000000000000e+02 4.620000000000000000e+02
5.268684210530000200e+02 4.622894736839999723e+02
2.262142857139999990e+02 4.630000000000000000e+02
8.558333333299999879e+01 4.651666666670000154e+02
5.675000000000000000e+02 4.650000000000000000e+02
2.421428571399999896e+01 4.680000000000000000e+02
1.176818181820000007e+02 4.703181818180000278e+02
4.379117647059999854e+02 4.706176470589999781e+02
4.881666666670000154e+02 4.701111111110000138e+02
5.527631578949999493e+02 4.710263157890000230e+02
1.906999999999999886e+02 4.705000000000000000e+02
2.806333333329999959e+02 4.710333333329999732e+02
3.201666666670000154e+02 4.712500000000000000e+02
4.268846153850000178e+02 4.711153846149999822e+02
5.003000000000000114e+02 4.705000000000000000e+02
3.785000000000000000e+02 4.725000000000000000e+02
4.588461538499999648e+01 4.741153846149999822e+02
2.113421052630000077e+02 4.743421052630000077e+02
2.570882352940000146e+02 4.743823529410000219e+02
2.980000000000000000e+02 4.745000000000000000e+02
8.250000000000000000e+00 4.757500000000000000e+02
1.060000000000000000e+02 4.785000000000000000e+02
1.529000000000000057e+02 4.791000000000000227e+02
1.711153846150000106e+02 4.791153846149999822e+02
3.986000000000000227e+02 4.794499999999999886e+02
4.675000000000000000e+02 4.795000000000000000e+02
6.700000000000000000e+01 4.807857142859999726e+02
4.477857142859999726e+02 4.810000000000000000e+02
5.005000000000000000e+02 4.810000000000000000e+02
2.355909090909999861e+02 4.818636363640000013e+02
3.780000000000000000e+02 4.822142857140000274e+02
8.011538461499999642e+01 4.838846153850000178e+02
1.352222222219999992e+02 4.843888888889999862e+02
2.720000000000000000e+02 4.840000000000000000e+02
3.397222222220000276e+02 4.840000000000000000e+02
5.415000000000000000e+02 4.850000000000000000e+02
5.604565217389999816e+02 4.861086956519999944e+02
3.656250000000000000e+02 4.863750000000000000e+02
5.221153846150000390e+02 4.871153846149999822e+02
5.775000000000000000e+02 4.888529411760000016e+02
2.455666666669999927e+02 4.888999999999999773e+02
4.790000000000000000e+02 4.895000000000000000e+02
2.181666666669999870e+02 4.904166666670000154e+02
2.080000000000000000e+02 4.910000000000000000e+02
2.912500000000000000e+01 4.937500000000000000e+02
1.493181818179999993e+02 4.926818181819999722e+02
1.927666666670000097e+02 4.935000000000000000e+02
1.190000000000000000e+02 4.937857142859999726e+02
2.968999999999999773e+02 4.938999999999999773e+02
3.180294117650000203e+02 4.941470588239999984e+02
1.685000000000000000e+02 4.945000000000000000e+02
5.500000000000000000e+01 4.965000000000000000e+02
5.370000000000000000e+02 4.953000000000000114e+02
5.000000000000000000e-01 4.975000000000000000e+02
4.023000000000000114e+02 4.986999999999999886e+02
3.432692307689999893e+02 4.991153846149999822e+02
3.685000000000000000e+02 4.993000000000000114e+02
3.835000000000000000e+02 4.995000000000000000e+02
4.390000000000000000e+02 4.995000000000000000e+02
1.838235294100000061e+01 4.997941176470000073e+02
5.021153846149999822e+02 4.997307692310000107e+02
6.570000000000000284e+01 5.005000000000000000e+02
1.425000000000000000e+02 5.020000000000000000e+02
4.580000000000000000e+02 5.020000000000000000e+02
2.412142857139999990e+02 5.045000000000000000e+02
2.812500000000000000e+02 5.038750000000000000e+02
4.175625000000000000e+02 5.036875000000000000e+02
5.251923076919999858e+02 5.045769230770000036e+02
2.592500000000000000e+02 5.060625000000000000e+02
5.598333333330000414e+02 5.062333333330000187e+02
9.009999999999999432e+01 5.078999999999999773e+02
1.084000000000000057e+02 5.094499999999999886e+02
3.141000000000000227e+02 5.101000000000000227e+02
4.716666666700000121e+01 5.112500000000000000e+02
3.281666666670000154e+02 5.124166666669999586e+02
3.517631578950000062e+02 5.127631578949999493e+02
5.866538461540000071e+02 5.125000000000000000e+02
2.100333333330000016e+02 5.136333333329999959e+02
4.748846153850000178e+02 5.131153846150000390e+02
6.460526315799999963e+01 5.140789473679999446e+02
2.977857142859999726e+02 5.140000000000000000e+02
4.017105263160000277e+02 5.142368421050000507e+02
4.454090909089999855e+02 5.141363636360000555e+02
5.344090909090000423e+02 5.138636363639999445e+02
1.592272727270000132e+02 5.160000000000000000e+02
5.155000000000000000e+02 5.157105263160000277e+02
2.950000000000000000e+01 5.161666666669999586e+02
4.944523809519999986e+02 5.168809523810000428e+02
1.781923076920000142e+02 5.174230769230000533e+02
2.301153846150000106e+02 5.177307692309999538e+02
4.288846153850000178e+02 5.178846153849999610e+02
5.551000000000000227e+02 5.178999999999999773e+02
1.982647058819999870e+02 5.197352941179999561e+02
1.246538461539999929e+02 5.210384615379999786e+02
3.132777777779999724e+02 5.214444444440000552e+02
3.850000000000000000e+02 5.207000000000000455e+02
2.779782608699999855e+02 5.232826086960000112e+02
9.050000000000000000e+01 5.235000000000000000e+02
2.450000000000000000e+02 5.240000000000000000e+02
5.795000000000000000e+02 5.268809523810000428e+02
4.723333333299999737e+01 5.278333333330000414e+02
2.603000000000000114e+02 5.273999999999999773e+02
4.664473684210000215e+02 5.283421052630000077e+02
4.426111111110000138e+02 5.302222222220000276e+02
1.165909090910000003e+02 5.325909090909999577e+02
5.600333333329999732e+02 5.326333333329999959e+02
1.455000000000000000e+02 5.325000000000000000e+02
7.222222222000000080e+00 5.343888888889999862e+02
3.686000000000000227e+02 5.344500000000000455e+02
4.837777777779999724e+02 5.346111111110000138e+02
5.168636363639999445e+02 5.350454545449999841e+02
5.301666666669999586e+02 5.351111111110000138e+02
2.101153846150000106e+02 5.358846153849999610e+02
4.190000000000000000e+02 5.362142857139999705e+02
5.013823529410000219e+02 5.359117647059999854e+02
7.197058823499999392e+01 5.378529411759999448e+02
1.695000000000000000e+02 5.365000000000000000e+02
2.255000000000000000e+02 5.375000000000000000e+02
2.902142857140000274e+02 5.400000000000000000e+02
3.070000000000000000e+02 5.400000000000000000e+02
3.435000000000000000e+02 5.400000000000000000e+02
3.175000000000000000e+01 5.423500000000000227e+02
3.823666666670000041e+02 5.420333333329999732e+02
1.900000000000000000e+02 5.442999999999999545e+02
4.060000000000000000e+02 5.445000000000000000e+02
2.607307692310000107e+02 5.451153846150000390e+02
4.697105263160000277e+02 5.455526315790000353e+02
1.025000000000000000e+02 5.460000000000000000e+02
5.659782608699999855e+02 5.471086956520000513e+02
3.266000000000000227e+02 5.477999999999999545e+02
4.315625000000000000e+02 5.475000000000000000e+02
4.366666666999999613e+00 5.490333333329999732e+02
5.759090909100000033e+01 5.491363636360000555e+02
3.760000000000000000e+02 5.492142857139999705e+02
1.235499999999999972e+02 5.506000000000000227e+02
4.523666666670000041e+02 5.502999999999999545e+02
2.090000000000000000e+02 5.512142857139999705e+02
2.268846153849999894e+02 5.511153846150000390e+02
5.858684210530000200e+02 5.522894736839999723e+02
1.362916666669999870e+02 5.562916666669999586e+02
2.536176470590000065e+02 5.550882352940000146e+02
2.743750000000000000e+02 5.551875000000000000e+02
3.561111111099999960e+01 5.566666666669999586e+02
1.592142857139999990e+02 5.560000000000000000e+02
5.268846153849999610e+02 5.561153846150000390e+02
5.490000000000000000e+02 5.562777777779999724e+02
3.012142857140000274e+02 5.570000000000000000e+02
5.130000000000000000e+02 5.580000000000000000e+02
3.511000000000000227e+02 5.588999999999999773e+02
5.300000000000000000e+01 5.607000000000000455e+02
1.737500000000000000e+02 5.608750000000000000e+02
4.037727272729999868e+02 5.607727272729999868e+02
7.700000000000000000e+01 5.611666666669999586e+02
3.337857142859999726e+02 5.610714285709999558e+02
