1.240000000000000000e+02 5.000000000000000000e-01
2.373571428570000137e+02 7.857142860000000395e-01
2.698636363640000013e+02 1.409090908999999892e+00
3.062142857140000274e+02 1.571428570999999996e+00
3.368999999999999773e+02 3.100000000000000089e+00
4.607857142859999726e+02 4.000000000000000000e+00
1.850000000000000000e+02 5.500000000000000000e+00
5.008500000000000227e+02 6.099999999999999645e+00
4.331818181799999934e+01 6.318181818000000227e+00
6.250000000000000000e+01 5.500000000000000000e+00
4.806176470589999781e+02 6.088235294000000408e+00
1.144444444400000016e+01 7.722222222000000080e+00
1.489000000000000057e+02 7.099999999999999645e+00
2.167222222219999992e+02 6.833333332999999676e+00
3.225000000000000000e+02 7.000000000000000000e+00
4.292222222220000276e+02 7.611111110999999596e+00
5.507857142860000295e+02 7.000000000000000000e+00
9.835714285699999948e+01 8.690476190000000045e+00
3.685000000000000000e+02 9.500000000000000000e+00
5.705909090909999577e+02 9.590909091000000330e+00
2.007777777780000008e+02 1.061111111099999960e+01
3.832777777779999724e+02 9.611111110999999596e+00
5.162857142860000295e+02 1.085714285699999948e+01
2.531666666669999870e+02 1.216666666699999944e+01
4.166578947369999923e+02 1.334210526300000055e+01
4.436250000000000000e+02 1.262500000000000000e+01
1.262222222219999992e+02 1.461111111099999960e+01
2.993999999999999773e+02 1.444999999999999929e+01
1.657222222219999992e+02 1.483333333300000056e+01
2.218529411760000016e+02 1.550000000000000000e+01
5.287500000000000000e+02 1.512500000000000000e+01
8.500000000000000000e+01 1.650000000000000000e+01
4.567777777779999724e+02 1.861111111099999960e+01
4.977777777800000081e+01 1.938888888900000040e+01
4.791666666670000154e+02 1.858333333299999879e+01
5.011666666670000154e+02 1.923333333300000092e+01
6.932608695700000112e+01 2.050000000000000000e+01
3.152647058819999870e+02 2.150000000000000000e+01
1.174000000000000057e+02 2.444999999999999929e+01
1.466250000000000000e+02 2.481250000000000000e+01
5.500000000000000000e+02 2.400000000000000000e+01
2.596818181819999722e+02 2.468181818200000066e+01
3.629117647059999854e+02 2.661764705899999939e+01
1.265789473699999945e+01 2.744736842100000018e+01
9.450000000000000000e+01 2.678571428600000104e+01
3.445000000000000000e+02 2.750000000000000000e+01
5.688684210530000200e+02 2.828947368400000073e+01
1.916538461540000071e+02 2.896153846200000004e+01
2.470000000000000000e+02 2.950000000000000000e+01
2.811666666670000154e+02 3.041666666700000121e+01
5.302142857139999705e+02 3.000000000000000000e+01
4.020000000000000000e+02 3.078571428600000104e+01
4.988809523809999860e+02 3.178571428600000104e+01
1.368846153849999894e+02 3.188461538500000003e+01
2.962500000000000000e+02 3.216666666700000121e+01
3.826250000000000000e+02 3.137500000000000000e+01
5.135000000000000000e+02 3.228947368400000073e+01
5.492142857139999705e+02 3.200000000000000000e+01
3.545000000000000000e+02 3.270000000000000284e+01
3.429999999999999716e+01 3.400000000000000000e+01
1.767222222219999992e+02 3.400000000000000000e+01
3.271000000000000227e+02 3.436666666699999695e+01
2.115000000000000000e+02 3.529999999999999716e+01
8.333333330000000094e-01 3.600000000000000000e+01
4.406000000000000227e+02 3.745000000000000284e+01
2.278846153849999894e+02 3.811538461500000352e+01
4.195000000000000000e+02 3.800000000000000000e+01
8.400000000000000000e+01 3.922727272699999901e+01
2.870333333329999732e+02 3.963333333300000305e+01
2.590333333329999732e+02 4.063333333300000305e+01
5.643333333300000021e+01 4.123333333299999737e+01
3.721363636359999987e+02 4.059090909100000033e+01
5.803333333330000414e+02 4.150000000000000000e+01
5.605000000000000000e+02 4.200000000000000000e+01
1.583421052630000077e+02 4.365789473699999945e+01
4.662222222220000276e+02 4.361111111099999960e+01
2.288461538500000003e+01 4.388461538499999648e+01
1.124500000000000028e+02 4.439999999999999858e+01
3.930000000000000000e+02 4.450000000000000000e+01
5.305000000000000000e+02 4.400000000000000000e+01
1.317105263159999993e+02 4.613157894700000128e+01
3.850000000000000000e+01 4.850000000000000000e+01
4.841428571430000147e+02 4.828571428600000104e+01
4.290000000000000000e+02 4.900000000000000000e+01
2.242272727270000132e+02 5.100000000000000000e+01
4.510000000000000000e+02 5.100000000000000000e+01
5.639999999999999858e+01 5.254999999999999716e+01
1.994000000000000057e+02 5.245000000000000284e+01
1.704090909090000139e+02 5.340909090899999967e+01
3.207500000000000000e+02 5.283333333299999879e+01
3.600000000000000000e+02 5.350000000000000000e+01
3.406875000000000000e+02 5.381250000000000000e+01
3.870000000000000000e+02 5.400000000000000000e+01
4.070294117650000203e+02 5.414705882399999837e+01
7.721428571399999896e+01 5.535714285699999948e+01
5.052692307689999893e+02 5.511538461500000352e+01
3.016818181819999722e+02 5.668181818200000066e+01
5.383999999999999773e+02 5.745000000000000284e+01
2.432142857139999990e+02 5.900000000000000000e+01
3.331153846149999822e+02 5.911538461500000352e+01
5.000000000000000000e-01 5.850000000000000000e+01
3.714499999999999886e+02 6.060000000000000142e+01
5.173666666670000041e+02 6.003333333300000163e+01
9.600000000000000000e+01 6.050000000000000000e+01
1.700000000000000000e+01 6.150000000000000000e+01
1.610714285710000127e+02 6.250000000000000000e+01
2.277500000000000000e+02 6.225000000000000000e+01
2.783235294120000276e+02 6.232352941199999918e+01
4.664090909089999855e+02 6.213636363599999868e+01
5.532500000000000000e+02 6.325000000000000000e+01
1.131666666670000012e+02 6.375000000000000000e+01
5.726666666669999586e+02 6.450000000000000000e+01
3.924473684210000215e+02 6.534210526299999344e+01
4.385000000000000000e+02 6.629999999999999716e+01
3.325000000000000000e+01 6.775000000000000000e+01
3.103461538459999929e+02 6.873076923099999647e+01
2.066176470590000065e+02 7.091176470599999959e+01
1.358750000000000000e+02 7.225000000000000000e+01
2.550000000000000000e+02 7.178571428600000104e+01
3.428333333329999846e+02 7.216666666700000121e+01
4.591666666670000154e+02 7.176666666699999553e+01
2.916999999999999886e+02 7.400000000000000000e+01
4.070000000000000000e+02 7.400000000000000000e+01
4.223823529410000219e+02 7.379411764699999310e+01
5.660000000000000000e+02 7.400000000000000000e+01
5.000000000000000000e-01 7.450000000000000000e+01
8.554999999999999716e+01 7.559999999999999432e+01
1.926176470590000065e+02 7.491176470599999959e+01
4.876999999999999886e+02 7.523333333300000447e+01
5.334210526300000055e+01 7.665789473700000656e+01
5.021000000000000227e+02 7.590000000000000568e+01
5.798333333330000414e+02 7.594444444399999838e+01
6.603333333300000163e+01 7.763333333299999595e+01
1.753260869570000011e+02 7.750000000000000000e+01
2.710625000000000000e+02 7.775000000000000000e+01
3.206666666670000154e+02 7.738888888900000040e+01
1.041363636359999987e+02 7.804545454499999835e+01
5.232142857139999705e+02 7.800000000000000000e+01
2.110000000000000142e+01 8.084999999999999432e+01
2.280000000000000000e+02 7.900000000000000000e+01
1.492142857139999990e+02 8.200000000000000000e+01
1.222142857139999990e+02 8.300000000000000000e+01
4.710882352940000146e+02 8.361764705900000649e+01
3.611956521739999744e+02 8.476086956499999303e+01
3.828529411760000016e+02 8.450000000000000000e+01
2.161666666669999870e+02 8.641666666700000121e+01
1.966764705880000008e+02 8.832352941199999918e+01
2.420294117649999919e+02 8.914705882399999837e+01
2.989666666670000268e+02 8.936666666700000405e+01
4.555769230770000036e+02 9.011538461499999642e+01
1.220384615380000071e+02 9.134615384600000709e+01
4.408846153850000178e+02 9.088461538500000358e+01
5.423823529410000219e+02 9.108823529400000041e+01
1.609615384619999929e+02 9.334615384600000709e+01
2.808684210530000200e+02 9.323684210499999381e+01
4.165000000000000000e+02 9.450000000000000000e+01
4.895000000000000000e+02 9.400000000000000000e+01
9.855882352899999432e+01 9.567647058800000082e+01
4.011875000000000000e+02 9.537500000000000000e+01
6.700000000000000000e+01 9.529999999999999716e+01
2.646875000000000000e+02 9.862500000000000000e+01
1.385000000000000000e+02 9.850000000000000000e+01
5.761000000000000227e+02 9.890000000000000568e+01
5.083333333299999879e+01 9.975000000000000000e+01
1.800000000000000000e+02 1.002142857139999990e+02
5.150000000000000000e+02 9.978571428600000104e+01
5.372000000000000455e+02 1.003499999999999943e+02
5.590000000000000000e+02 1.002777777780000008e+02
3.831666666670000154e+02 1.024166666670000012e+02
8.263333333299999595e+01 1.030333333330000016e+02
3.613888888889999862e+02 1.032222222219999992e+02
4.500000000000000000e+00 1.045000000000000000e+02
2.241666666669999870e+02 1.041666666670000012e+02
2.400833333330000130e+02 1.062500000000000000e+02
3.146666666670000154e+02 1.066111111109999996e+02
5.026578947369999923e+02 1.066578947370000066e+02
3.092857142900000156e+01 1.069285714290000016e+02
4.162142857140000274e+02 1.070000000000000000e+02
3.386111111110000138e+02 1.082222222219999992e+02
4.816764705879999724e+02 1.085588235289999943e+02
5.541153846150000390e+02 1.078846153850000036e+02
1.889999999999999858e+01 1.090999999999999943e+02
9.408333333299999879e+01 1.092500000000000000e+02
4.466333333329999959e+02 1.099666666669999984e+02
5.229666666670000268e+02 1.113666666670000041e+02
1.922142857139999990e+02 1.125000000000000000e+02
4.608750000000000000e+02 1.129375000000000000e+02
2.948999999999999773e+02 1.130999999999999943e+02
1.548636363640000013e+02 1.139545454550000017e+02
1.151153846149999964e+02 1.151153846149999964e+02
2.147777777780000008e+02 1.156111111109999996e+02
5.726333333329999959e+02 1.149666666669999984e+02
4.929782608699999855e+02 1.171086956519999944e+02
6.216666666700000121e+01 1.176250000000000000e+02
3.310000000000000000e+02 1.180000000000000000e+02
2.759117647059999854e+02 1.193823529409999935e+02
2.345000000000000000e+02 1.202999999999999972e+02
3.906111111110000138e+02 1.216111111109999996e+02
4.348750000000000000e+02 1.207500000000000000e+02
2.549000000000000057e+02 1.221500000000000057e+02
3.108636363640000013e+02 1.225909090910000003e+02
5.631153846150000390e+02 1.228846153850000036e+02
5.000000000000000000e-01 1.235000000000000000e+02
1.362500000000000000e+02 1.240625000000000000e+02
1.572777777780000008e+02 1.246111111109999996e+02
1.810000000000000000e+02 1.242142857139999990e+02
5.133947368420000430e+02 1.255000000000000000e+02
5.479615384620000214e+02 1.246538461539999929e+02
4.102500000000000000e+02 1.258750000000000000e+02
4.078571428600000104e+01 1.280000000000000000e+02
3.452894736839999723e+02 1.288684210529999916e+02
3.635000000000000000e+02 1.290000000000000000e+02
7.329999999999999716e+01 1.305000000000000000e+02
1.190333333330000016e+02 1.316333333329999959e+02
2.031315789470000084e+02 1.337105263159999993e+02
2.682142857140000274e+02 1.330000000000000000e+02
9.650000000000000000e+01 1.345000000000000000e+02
4.510384615379999786e+02 1.336538461540000071e+02
7.214285713999999849e+00 1.350000000000000000e+02
3.050000000000000000e+01 1.350000000000000000e+02
1.747857142860000010e+02 1.353571428570000137e+02
2.225000000000000000e+02 1.358529411760000016e+02
3.236111111110000138e+02 1.350555555560000016e+02
4.698333333329999846e+02 1.351666666669999870e+02
5.750000000000000000e+01 1.355000000000000000e+02
2.871428571430000147e+02 1.362857142860000010e+02
2.420000000000000000e+02 1.367857142860000010e+02
4.368999999999999773e+02 1.369000000000000057e+02
3.811153846149999822e+02 1.378846153849999894e+02
4.965000000000000000e+02 1.385000000000000000e+02
1.379000000000000057e+02 1.409000000000000057e+02
3.059615384620000214e+02 1.418076923079999858e+02
4.031666666670000154e+02 1.440000000000000000e+02
5.461153846150000390e+02 1.427307692310000107e+02
1.535000000000000000e+02 1.476764705880000008e+02
5.698636363639999445e+02 1.435909090909999861e+02
3.469117647059999854e+02 1.453823529409999935e+02
4.230952381000000173e+01 1.466428571429999863e+02
1.805625000000000000e+02 1.465000000000000000e+02
2.013000000000000114e+02 1.455000000000000000e+02
3.815000000000000000e+02 1.464375000000000000e+02
5.298571428569999853e+02 1.462142857139999990e+02
4.226999999999999886e+02 1.470000000000000000e+02
5.171000000000000227e+02 1.484333333330000073e+02
6.008823529400000041e+01 1.506176470590000065e+02
6.844736842099999308e+01 1.514473684209999931e+02
3.215833333329999846e+02 1.515833333330000130e+02
4.438999999999999773e+02 1.509000000000000057e+02
4.867400000000000091e+02 1.521800000000000068e+02
2.254090909090000139e+02 1.535909090909999861e+02
5.631086956520000513e+02 1.537173913039999888e+02
2.329705882350000081e+02 1.545000000000000000e+02
4.712894736839999723e+02 1.548684210529999916e+02
1.103666666670000041e+02 1.549666666669999984e+02
1.572307692310000107e+02 1.563846153849999894e+02
2.806250000000000000e+02 1.568125000000000000e+02
9.345000000000000284e+01 1.574000000000000057e+02
2.941666666670000154e+02 1.576428571429999863e+02
3.681000000000000227e+02 1.570999999999999943e+02
1.779347826089999955e+02 1.583260869570000011e+02
2.551315789470000084e+02 1.582894736840000007e+02
2.069166666669999870e+02 1.597500000000000000e+02
2.835714285699999948e+01 1.622142857139999990e+02
1.279285714290000016e+02 1.625000000000000000e+02
3.955833333329999846e+02 1.618333333330000130e+02
5.331923076919999858e+02 1.630384615380000071e+02
1.420000000000000000e+02 1.640000000000000000e+02
2.602500000000000000e+02 1.635000000000000000e+02
3.450000000000000000e+02 1.640000000000000000e+02
4.162894736839999723e+02 1.648684210529999916e+02
4.494411764710000057e+02 1.646764705880000008e+02
4.330000000000000000e+02 1.647857142860000010e+02
2.773750000000000000e+02 1.653750000000000000e+02
9.500000000000000000e+00 1.675000000000000000e+02
5.860000000000000142e+01 1.674499999999999886e+02
2.382352941000000168e+00 1.679117647060000138e+02
3.172857142859999726e+02 1.682857142860000010e+02
8.502941176500000608e+01 1.698529411760000016e+02
2.334047619049999867e+02 1.696904761899999983e+02
5.068529411760000016e+02 1.715000000000000000e+02
3.616176470589999781e+02 1.719117647060000138e+02
5.271499999999999773e+02 1.729499999999999886e+02
5.437857142860000295e+02 1.720000000000000000e+02
1.628750000000000000e+02 1.732500000000000000e+02
4.890000000000000000e+02 1.732777777780000008e+02
1.173461538460000071e+02 1.740384615380000071e+02
4.703636363640000013e+02 1.749545454549999874e+02
5.754444444440000552e+02 1.762777777780000008e+02
1.891315789470000084e+02 1.772894736840000007e+02
2.732647058819999870e+02 1.772647058819999870e+02
3.791315789469999800e+02 1.775526315790000069e+02
7.571428571399999896e+01 1.782857142860000010e+02
4.255000000000000000e+02 1.785000000000000000e+02
1.373888888889999862e+02 1.792222222219999992e+02
3.437105263160000277e+02 1.795000000000000000e+02
1.116666666699999944e+01 1.813888888889999862e+02
2.100882352939999862e+02 1.823823529409999935e+02
3.795000000000000284e+01 1.835999999999999943e+02
2.912058823529999927e+02 1.846176470590000065e+02
3.278846153850000178e+02 1.838846153849999894e+02
5.062894736839999723e+02 1.861315789470000084e+02
4.568333333329999846e+02 1.867500000000000000e+02
5.656666666669999586e+02 1.872222222219999992e+02
4.003000000000000114e+02 1.875000000000000000e+02
4.693823529410000219e+02 1.890882352939999862e+02
3.119615384620000214e+02 1.908076923079999858e+02
1.017857142860000010e+02 1.910000000000000000e+02
4.171000000000000227e+02 1.910999999999999943e+02
5.000000000000000000e+00 1.920000000000000000e+02
1.796428571429999863e+02 1.927857142860000010e+02
2.005000000000000000e+02 1.925000000000000000e+02
1.152142857139999990e+02 1.930000000000000000e+02
4.566000000000000227e+02 1.931999999999999886e+02
2.420000000000000000e+02 1.940000000000000000e+02
2.670454545449999841e+02 1.938636363640000013e+02
2.723076923100000002e+01 1.958461538459999929e+02
6.872222222199999919e+01 1.960000000000000000e+02
3.256363636359999987e+02 1.965000000000000000e+02
4.396333333329999959e+02 1.960333333330000016e+02
1.640999999999999943e+02 1.975666666669999927e+02
2.826578947369999923e+02 1.973421052630000077e+02
2.320000000000000000e+02 1.975000000000000000e+02
5.287500000000000000e+02 1.981250000000000000e+02
3.661470588239999984e+02 1.995000000000000000e+02
4.849117647059999854e+02 1.993823529409999935e+02
9.426470588200000122e+01 2.003235294119999992e+02
5.432272727270000132e+02 2.006818181820000007e+02
1.306111111110000138e+02 2.017777777780000008e+02
3.842692307689999893e+02 2.018846153849999894e+02
3.447352941180000130e+02 2.032647058819999870e+02
4.015476190480000014e+02 2.056904761899999983e+02
5.434210526300000055e+01 2.063421052630000077e+02
2.141363636359999987e+02 2.065909090909999861e+02
1.504166666669999870e+02 2.081666666669999870e+02
4.230000000000000000e+02 2.082142857139999990e+02
1.231250000000000000e+02 2.093750000000000000e+02
1.868333333330000130e+02 2.098333333330000130e+02
7.888461538500000358e+01 2.101153846150000106e+02
3.036176470589999781e+02 2.100882352939999862e+02
3.800000000000000000e+01 2.105000000000000000e+02
4.630000000000000000e+02 2.112777777780000008e+02
2.670000000000000000e+02 2.130000000000000000e+02
2.850714285710000127e+02 2.126904761899999983e+02
5.599615384620000214e+02 2.123461538459999929e+02
5.086538461540000071e+02 2.127307692310000107e+02
3.737500000000000000e+02 2.137500000000000000e+02
2.415526315790000069e+02 2.151842105259999869e+02
3.387500000000000000e+02 2.157500000000000000e+02
4.460833333329999846e+02 2.147500000000000000e+02
7.166666667000000324e+00 2.166250000000000000e+02
1.700000000000000000e+01 2.162142857139999990e+02
6.050000000000000000e+01 2.170000000000000000e+02
1.651250000000000000e+02 2.177500000000000000e+02
1.060000000000000000e+02 2.177857142860000010e+02
5.797000000000000455e+02 2.180000000000000000e+02
3.592500000000000000e+02 2.210000000000000000e+02
5.420000000000000000e+02 2.200000000000000000e+02
8.344444444399999838e+01 2.215000000000000000e+02
2.770294117650000203e+02 2.216176470590000065e+02
2.006999999999999886e+02 2.214000000000000057e+02
2.210000000000000000e+02 2.226428571429999863e+02
3.937727272729999868e+02 2.215000000000000000e+02
4.905000000000000000e+02 2.215000000000000000e+02
5.342000000000000455e+02 2.224000000000000057e+02
3.237500000000000000e+02 2.262500000000000000e+02
5.096538461540000071e+02 2.260384615380000071e+02
2.705909090910000145e+02 2.275909090909999861e+02
4.320000000000000000e+02 2.270000000000000000e+02
2.350999999999999943e+02 2.290600000000000023e+02
3.826999999999999886e+02 2.288000000000000114e+02
4.088333333329999846e+02 2.285000000000000000e+02
4.736904761900000267e+02 2.284523809519999986e+02
2.989666666670000268e+02 2.306333333329999959e+02
4.816666666700000121e+01 2.307500000000000000e+02
3.112500000000000000e+01 2.322500000000000000e+02
1.388684210529999916e+02 2.322894736840000007e+02
1.501250000000000000e+02 2.322500000000000000e+02
1.920333333330000016e+02 2.346333333329999959e+02
2.102222222219999992e+02 2.346666666669999870e+02
9.590000000000000568e+01 2.350999999999999943e+02
4.610000000000000000e+02 2.350000000000000000e+02
1.183888888890000004e+02 2.362222222219999992e+02
2.342105263000000104e+00 2.373421052630000077e+02
2.499117647060000138e+02 2.373823529409999935e+02
3.332500000000000000e+02 2.369166666669999870e+02
3.512142857140000274e+02 2.370000000000000000e+02
5.656904761900000267e+02 2.373571428570000137e+02
7.108823529400000041e+01 2.383823529409999935e+02
5.483823529410000219e+02 2.380882352939999862e+02
3.670000000000000000e+02 2.392142857139999990e+02
5.787500000000000000e+02 2.391250000000000000e+02
1.675000000000000000e+01 2.418750000000000000e+02
2.848684210530000200e+02 2.422894736840000007e+02
2.305500000000000114e+02 2.435999999999999943e+02
5.073666666670000041e+02 2.430333333330000016e+02
2.000000000000000000e+02 2.440000000000000000e+02
5.000000000000000000e+01 2.447857142860000010e+02
2.586578947369999923e+02 2.453421052630000077e+02
4.168999999999999773e+02 2.460999999999999943e+02
1.050000000000000000e+02 2.467857142860000010e+02
3.973571428569999853e+02 2.475000000000000000e+02
5.271153846150000390e+02 2.471153846150000106e+02
1.701363636359999987e+02 2.475909090909999861e+02
5.601000000000000227e+02 2.480999999999999943e+02
3.442307692300000355e+01 2.496538461540000071e+02
1.461428571429999863e+02 2.502857142860000010e+02
3.516818181819999722e+02 2.507727272729999868e+02
4.455000000000000000e+02 2.508333333330000130e+02
8.325000000000000000e+01 2.531250000000000000e+02
1.272142857139999990e+02 2.538571428570000137e+02
3.185000000000000000e+02 2.540000000000000000e+02
2.901666666670000154e+02 2.555000000000000000e+02
4.764166666670000154e+02 2.548333333330000130e+02
1.609000000000000057e+02 2.559000000000000057e+02
1.902826086960000112e+02 2.565869565219999799e+02
4.627857142859999726e+02 2.560000000000000000e+02
4.005000000000000000e+02 2.580000000000000000e+02
4.955000000000000000e+02 2.588500000000000227e+02
2.747857142859999726e+02 2.590000000000000000e+02
3.416176470589999781e+02 2.589117647059999854e+02
2.130000000000000000e+02 2.605000000000000000e+02
5.334600000000000364e+02 2.608999999999999773e+02
1.340000000000000000e+02 2.635000000000000000e+02
3.780294117650000203e+02 2.631470588239999984e+02
5.342105262999999660e+00 2.653421052630000077e+02
2.493636363640000013e+02 2.658181818180000278e+02
3.073500000000000227e+02 2.652500000000000000e+02
5.485000000000000000e+02 2.650000000000000000e+02
5.950000000000000000e+01 2.665000000000000000e+02
1.956363636359999987e+02 2.668181818180000278e+02
4.170000000000000000e+02 2.665000000000000000e+02
4.490000000000000000e+02 2.662142857140000274e+02
5.131666666669999586e+02 2.684166666670000154e+02
1.137307692309999965e+02 2.693461538459999929e+02
2.692500000000000000e+02 2.697500000000000000e+02
4.375714285710000127e+02 2.692857142859999726e+02
3.008823529400000041e+01 2.703823529410000219e+02
3.881666666670000154e+02 2.697500000000000000e+02
4.831000000000000227e+02 2.701000000000000227e+02
5.765000000000000000e+02 2.710000000000000000e+02
1.787727272729999868e+02 2.723181818180000278e+02
2.868636363640000013e+02 2.719545454550000159e+02
9.500000000000000000e+01 2.730000000000000000e+02
3.266764705879999724e+02 2.734411764710000057e+02
4.670000000000000000e+02 2.725000000000000000e+02
5.005000000000000000e+02 2.730000000000000000e+02
3.666250000000000000e+02 2.736250000000000000e+02
6.000000000000000000e+01 2.756999999999999886e+02
5.232999999999999545e+02 2.755000000000000000e+02
7.800000000000000000e+01 2.770000000000000000e+02
1.199000000000000057e+02 2.775666666669999927e+02
1.620000000000000000e+02 2.773333333329999846e+02
2.285000000000000000e+02 2.785000000000000000e+02
3.960000000000000000e+02 2.812142857140000274e+02
1.486818181820000007e+02 2.823181818180000278e+02
5.582222222220000276e+02 2.826111111110000138e+02
3.400000000000000000e+02 2.830000000000000000e+02
5.415000000000000000e+02 2.835000000000000000e+02
4.165384615400000001e+01 2.849615384620000214e+02
9.800000000000000000e+01 2.850000000000000000e+02
3.611153846149999822e+02 2.847307692310000107e+02
2.344999999999999929e+01 2.866000000000000227e+02
2.191666666669999870e+02 2.862333333330000187e+02
4.604499999999999886e+02 2.866000000000000227e+02
1.990999999999999943e+02 2.868999999999999773e+02
2.666250000000000000e+02 2.866250000000000000e+02
2.381999999999999886e+02 2.886000000000000227e+02
4.331666666670000154e+02 2.885000000000000000e+02
1.500000000000000000e+00 2.890000000000000000e+02
1.762500000000000000e+02 2.890625000000000000e+02
4.083235294120000276e+02 2.905588235289999943e+02
2.811000000000000227e+02 2.911000000000000227e+02
3.051000000000000227e+02 2.908999999999999773e+02
3.781000000000000227e+02 2.911000000000000227e+02
5.151000000000000227e+02 2.911000000000000227e+02
7.696666666699999837e+01 2.926333333329999959e+02
1.461315789470000084e+02 2.932894736839999723e+02
3.204473684210000215e+02 2.938684210530000200e+02
4.803181818180000278e+02 2.940000000000000000e+02
5.805000000000000000e+02 2.935000000000000000e+02
3.539666666670000268e+02 2.953666666670000041e+02
4.432647058819999870e+02 2.952647058819999870e+02
5.492222222220000276e+02 2.966111111110000138e+02
1.573461538459999929e+02 2.969615384620000214e+02
2.295714285710000127e+02 2.967142857140000274e+02
2.927500000000000000e+02 2.987500000000000000e+02
5.488461538499999648e+01 2.992692307689999893e+02
1.145000000000000000e+02 3.000000000000000000e+02
3.390000000000000000e+02 3.000000000000000000e+02
2.910000000000000142e+01 3.028999999999999773e+02
3.710333333329999732e+02 3.033666666670000041e+02
2.666538461540000071e+02 3.040384615379999786e+02
4.320333333329999732e+02 3.046333333329999959e+02
1.368499999999999943e+02 3.071000000000000227e+02
4.991000000000000227e+02 3.061000000000000227e+02
3.073999999999999773e+02 3.074499999999999886e+02
3.918333333329999846e+02 3.071111111110000138e+02
4.660000000000000000e+02 3.077500000000000000e+02
6.700000000000000000e+01 3.080000000000000000e+02
2.115000000000000000e+02 3.080000000000000000e+02
2.526250000000000000e+02 3.111875000000000000e+02
7.852941175999999857e+00 3.125000000000000000e+02
2.298846153849999894e+02 3.121153846149999822e+02
8.875000000000000000e+01 3.131666666670000154e+02
5.670000000000000000e+02 3.127857142859999726e+02
1.740000000000000000e+02 3.140000000000000000e+02
2.822391304349999928e+02 3.160652173909999760e+02
1.927222222219999992e+02 3.160000000000000000e+02
5.371111111110000138e+02 3.160555555560000016e+02
5.270000000000000000e+02 3.175000000000000000e+02
3.560000000000000000e+02 3.182272727270000132e+02
4.501923076919999858e+02 3.185769230770000036e+02
7.922222222199999919e+01 3.193888888889999862e+02
1.051818181820000007e+02 3.195454545449999841e+02
4.088846153850000178e+02 3.194230769229999964e+02
4.877666666669999813e+02 3.205000000000000000e+02
1.495869565220000084e+02 3.222826086960000112e+02
5.601000000000000227e+02 3.211000000000000227e+02
4.100000000000000000e+01 3.227857142859999726e+02
2.566333333329999959e+02 3.230333333329999732e+02
3.285769230770000036e+02 3.231923076919999858e+02
3.805500000000000114e+02 3.237500000000000000e+02
3.053461538459999929e+02 3.240384615379999786e+02
4.187941176470000073e+02 3.242058823529999927e+02
5.888461538499999648e+01 3.248846153850000178e+02
2.130833333330000130e+02 3.266666666670000154e+02
4.792857142859999726e+02 3.281428571430000147e+02
1.925000000000000000e+02 3.290000000000000000e+02
4.608636363640000013e+02 3.284090909089999855e+02
5.055526315789999785e+02 3.293421052630000077e+02
5.805000000000000000e+02 3.290000000000000000e+02
2.644999999999999929e+01 3.303999999999999773e+02
3.699375000000000000e+02 3.307500000000000000e+02
1.179705882349999939e+02 3.311470588239999984e+02
1.365000000000000000e+02 3.315000000000000000e+02
2.250000000000000000e+02 3.307857142859999726e+02
2.421666666669999870e+02 3.315000000000000000e+02
4.353000000000000114e+02 3.323000000000000114e+02
1.755000000000000000e+02 3.338529411760000016e+02
1.964285714300000052e+01 3.346904761900000267e+02
2.911000000000000227e+02 3.351000000000000227e+02
3.415000000000000000e+02 3.365000000000000000e+02
5.888461538499999648e+01 3.371153846149999822e+02
3.115555555560000016e+02 3.377222222220000276e+02
5.230333333329999732e+02 3.383666666670000041e+02
5.412500000000000000e+02 3.381666666670000154e+02
7.750000000000000000e+01 3.397105263160000277e+02
3.993235294120000276e+02 3.395588235289999943e+02
4.665384615400000001e+01 3.399615384620000214e+02
1.000000000000000000e+02 3.400000000000000000e+02
1.590294117649999919e+02 3.408529411760000016e+02
4.957857142859999726e+02 3.400000000000000000e+02
2.441470588239999984e+02 3.415000000000000000e+02
2.656052631580000138e+02 3.420789473680000015e+02
3.657894736999999896e+00 3.446578947369999923e+02
2.080000000000000000e+02 3.440000000000000000e+02
4.254473684210000215e+02 3.444473684210000215e+02
5.703095238099999733e+02 3.453571428569999853e+02
1.151666666670000012e+02 3.461666666670000154e+02
4.512692307689999893e+02 3.461153846149999822e+02
3.470000000000000000e+02 3.470000000000000000e+02
3.841000000000000227e+02 3.481000000000000227e+02
4.772222222220000276e+02 3.483333333329999846e+02
5.150000000000000000e+02 3.482142857140000274e+02
2.164285714300000052e+01 3.490000000000000000e+02
1.370882352939999862e+02 3.516176470589999781e+02
5.044166666670000154e+02 3.541666666670000154e+02
2.180500000000000114e+02 3.553500000000000227e+02
6.011538461500000352e+01 3.558846153850000178e+02
1.861470588239999984e+02 3.560294117650000203e+02
3.241000000000000227e+02 3.561000000000000227e+02
5.425000000000000000e+02 3.563000000000000114e+02
3.683333333299999879e+01 3.570000000000000000e+02
8.933333333299999879e+01 3.570555555560000016e+02
5.797000000000000455e+02 3.570000000000000000e+02
2.018846153849999894e+02 3.578846153850000178e+02
3.090000000000000000e+02 3.575000000000000000e+02
3.657500000000000000e+02 3.578333333329999846e+02
3.979666666670000268e+02 3.586333333329999959e+02
4.862500000000000000e+02 3.578333333329999846e+02
4.346052631580000138e+02 3.600789473680000015e+02
5.248846153849999610e+02 3.600384615379999786e+02
1.778636363640000013e+02 3.619545454550000159e+02
2.521315789470000084e+02 3.622894736839999723e+02
2.912500000000000000e+02 3.623500000000000227e+02
4.175000000000000000e+02 3.616999999999999886e+02
5.666578947369999923e+02 3.626578947369999923e+02
4.518571428569999853e+02 3.632857142859999726e+02
3.612368421049999938e+02 3.641315789469999800e+02
3.828999999999999773e+02 3.654333333330000073e+02
7.659090909100000033e+01 3.675909090910000145e+02
1.595625000000000000e+02 3.672500000000000000e+02
2.741153846149999822e+02 3.682692307689999893e+02
6.314814815000000081e+00 3.720925925930000062e+02
1.096250000000000000e+02 3.731666666670000154e+02
1.460000000000000000e+02 3.722142857140000274e+02
4.989999999999999858e+01 3.738999999999999773e+02
2.393000000000000114e+02 3.749499999999999886e+02
3.380882352940000146e+02 3.746176470589999781e+02
4.995500000000000114e+02 3.743999999999999773e+02
1.247307692309999965e+02 3.756538461540000071e+02
3.786176470589999781e+02 3.750882352940000146e+02
5.200000000000000000e+02 3.755000000000000000e+02
1.765500000000000114e+02 3.766000000000000227e+02
4.709705882349999797e+02 3.761470588239999984e+02
2.207500000000000000e+02 3.770833333329999846e+02
5.801250000000000000e+02 3.775000000000000000e+02
2.010000000000000000e+02 3.782777777779999724e+02
8.366666666700000121e+01 3.795000000000000000e+02
2.965000000000000000e+02 3.800714285710000127e+02
4.092500000000000000e+02 3.801250000000000000e+02
5.671470588240000552e+02 3.810294117650000203e+02
6.928947368400000073e+01 3.825000000000000000e+02
4.296578947369999923e+02 3.826578947369999923e+02
5.415000000000000000e+02 3.821666666670000154e+02
2.774130434780000201e+02 3.842826086960000112e+02
2.565000000000000000e+02 3.848529411760000016e+02
1.596176470590000065e+02 3.860882352940000146e+02
2.910000000000000142e+01 3.868999999999999773e+02
3.596250000000000000e+02 3.884375000000000000e+02
4.911999999999999886e+02 3.878000000000000114e+02
5.115000000000000000e+02 3.880000000000000000e+02
1.172333333330000045e+02 3.891666666670000154e+02
4.576176470589999781e+02 3.889117647059999854e+02
4.202692307689999893e+02 3.913461538459999929e+02
1.812500000000000000e+00 3.926875000000000000e+02
1.368846153849999894e+02 3.928846153850000178e+02
2.965000000000000000e+02 3.935000000000000000e+02
3.167222222220000276e+02 3.930000000000000000e+02
4.088809523809999860e+02 3.937380952380000281e+02
4.690000000000000000e+02 3.933000000000000114e+02
2.503750000000000000e+02 3.948125000000000000e+02
3.874411764710000057e+02 3.941470588239999984e+02
2.675909090910000145e+02 3.948636363640000013e+02
2.021999999999999886e+02 3.958000000000000114e+02
2.333421052630000077e+02 3.963421052630000077e+02
5.338750000000000000e+02 3.967500000000000000e+02
9.834210526299999344e+01 3.976578947369999923e+02
3.375526315789999785e+02 3.972894736839999723e+02
1.638333333330000130e+02 3.973888888889999862e+02
5.521499999999999773e+02 4.008500000000000227e+02
2.955555555600000162e+01 4.016111111110000138e+02
5.060526315799999963e+01 4.015000000000000000e+02
7.516666666700000121e+01 4.016111111110000138e+02
3.507173913039999888e+02 4.034130434780000201e+02
3.789545454550000159e+02 4.028636363640000013e+02
1.134090909089999997e+02 4.038636363640000013e+02
1.871153846150000106e+02 4.038846153850000178e+02
1.768181818200000066e+01 4.046818181819999722e+02
1.507105263159999993e+02 4.068684210530000200e+02
3.222142857140000274e+02 4.060000000000000000e+02
3.968157894739999847e+02 4.063421052630000077e+02
4.195000000000000000e+02 4.070000000000000000e+02
4.460000000000000000e+02 4.075000000000000000e+02
5.706538461540000071e+02 4.069615384620000214e+02
2.295000000000000000e+02 4.090000000000000000e+02
5.026818181819999722e+02 4.096818181819999722e+02
5.197857142860000295e+02 4.100000000000000000e+02
4.902500000000000000e+02 4.126499999999999773e+02
2.570882352940000146e+02 4.133823529410000219e+02
4.645000000000000000e+02 4.138684210530000200e+02
1.313421052630000077e+02 4.146578947369999923e+02
1.970000000000000000e+02 4.140000000000000000e+02
2.084130434779999916e+02 4.147173913039999888e+02
6.921428571399999896e+01 4.150000000000000000e+02
2.939666666670000268e+02 4.156333333329999959e+02
8.423333333300000447e+01 4.178333333329999846e+02
1.601153846150000106e+02 4.167307692310000107e+02
1.738333333330000130e+02 4.174166666670000154e+02
2.680625000000000000e+02 4.171250000000000000e+02
3.354090909089999855e+02 4.174090909089999855e+02
3.068999999999999773e+02 4.188999999999999773e+02
3.713571428569999853e+02 4.213095238099999733e+02
1.023499999999999943e+02 4.226499999999999773e+02
5.090000000000000000e+02 4.220000000000000000e+02
5.510000000000000000e+02 4.220000000000000000e+02
3.856250000000000000e+02 4.226250000000000000e+02
1.687500000000000000e+01 4.240625000000000000e+02
4.330384615379999786e+02 4.236538461540000071e+02
2.737500000000000000e+01 4.243750000000000000e+02
4.350000000000000000e+01 4.248333333329999846e+02
1.448636363640000013e+02 4.244090909089999855e+02
5.329736842109999770e+02 4.258157894739999847e+02
2.550999999999999943e+02 4.271000000000000227e+02
8.662500000000000000e+01 4.281875000000000000e+02
4.190000000000000000e+02 4.285000000000000000e+02
4.030263157890000230e+02 4.301315789469999800e+02
4.561086956519999944e+02 4.299782608699999855e+02
1.203571428569999995e+02 4.306904761900000267e+02
2.368125000000000000e+02 4.308125000000000000e+02
2.890000000000000000e+02 4.295000000000000000e+02
3.575000000000000000e+02 4.310000000000000000e+02
2.035000000000000000e+02 4.320000000000000000e+02
3.371923076919999858e+02 4.319615384620000214e+02
4.715000000000000000e+02 4.350000000000000000e+02
4.938076923080000142e+02 4.364230769229999964e+02
6.441304347800000585e+01 4.377173913039999888e+02
1.823750000000000000e+02 4.363750000000000000e+02
3.227105263160000277e+02 4.372368421049999938e+02
1.697631578950000062e+02 4.388684210530000200e+02
2.238043478259999972e+02 4.410652173909999760e+02
2.725000000000000000e+02 4.380000000000000000e+02
5.308999999999999773e+02 4.391000000000000227e+02
5.663666666670000041e+02 4.389666666670000268e+02
5.525000000000000000e+02 4.403000000000000114e+02
1.450000000000000000e+01 4.410714285710000127e+02
3.766250000000000000e+02 4.403750000000000000e+02
3.910000000000000000e+02 4.413333333329999846e+02
2.911315789469999800e+02 4.427105263160000277e+02
1.103421052629999934e+02 4.436578947369999923e+02
3.426111111110000138e+02 4.431666666670000154e+02
3.670000000000000000e+02 4.447857142859999726e+02
4.255000000000000000e+02 4.446999999999999886e+02
4.337777777779999724e+02 4.463888888889999862e+02
4.596250000000000000e+02 4.456250000000000000e+02
3.836666666699999695e+01 4.469666666670000268e+02
4.694545454550000159e+02 4.478181818180000278e+02
5.108999999999999773e+02 4.468999999999999773e+02
1.418846153849999894e+02 4.478846153850000178e+02
4.877352941180000130e+02 4.492647058819999870e+02
2.079090909090000139e+02 4.510909090910000145e+02
2.359444444439999984e+02 4.498333333329999846e+02
2.711153846149999822e+02 4.501153846149999822e+02
7.244736842099999308e+01 4.511842105260000153e+02
3.306250000000000000e+02 4.528333333329999846e+02
2.921428571399999896e+01 4.540000000000000000e+02
2.465000000000000000e+02 4.550000000000000000e+02
5.585000000000000000e+02 4.555000000000000000e+02
6.050000000000000000e+01 4.561666666670000154e+02
1.307777777780000008e+02 4.563888888889999862e+02
5.359666666670000268e+02 4.576333333329999959e+02
3.149999999999999911e+00 4.591000000000000227e+02
3.048636363640000013e+02 4.585909090910000145e+02
4.090000000000000000e+02 4.590000000000000000e+02
1.654166666669999870e+02 4.598333333329999846e+02
5.805000000000000000e+02 4.595000000000000000e+02
1.845000000000000000e+02 4.632894736839999723e+02
4.524523809519999986e+02 4.631190476190000140e+02
8.859090909100000033e+01 4.641363636359999987e+02
3.598076923080000142e+02 4.644230769229999964e+02
4.788529411760000016e+02 4.645000000000000000e+02
3.955000000000000000e+02 4.655000000000000000e+02
4.325000000000000000e+02 4.650000000000000000e+02
4.961153846149999822e+02 4.648846153850000178e+02
5.426111111110000138e+02 4.659444444439999984e+02
2.082222222219999992e+02 4.666111111110000138e+02
2.188846153849999894e+02 4.661153846149999822e+02
2.692142857140000274e+02 4.660000000000000000e+02
7.903846153800000707e+01 4.683461538459999929e+02
1.148846153850000036e+02 4.678846153850000178e+02
1.398571428570000137e+02 4.682857142859999726e+02
2.485000000000000000e+02 4.680000000000000000e+02
3.401153846149999822e+02 4.678846153850000178e+02
5.195000000000000000e+02 4.708529411760000016e+02
1.851666666669999870e+02 4.707500000000000000e+02
3.726111111110000138e+02 4.708333333329999846e+02
4.178846153850000178e+02 4.711153846149999822e+02
5.683750000000000000e+02 4.718125000000000000e+02
3.131000000000000227e+02 4.728999999999999773e+02
1.363333333299999950e+01 4.759666666670000268e+02
2.910000000000000000e+02 4.765000000000000000e+02
3.900000000000000000e+01 4.770000000000000000e+02
1.530000000000000000e+02 4.772142857140000274e+02
1.717222222219999992e+02 4.790000000000000000e+02
4.590000000000000000e+02 4.797222222220000276e+02
2.239000000000000057e+02 4.818999999999999773e+02
4.386818181819999722e+02 4.823181818180000278e+02
6.150000000000000000e+01 4.835000000000000000e+02
5.152500000000000000e+02 4.831666666670000154e+02
3.371521739130000128e+02 4.847608695650000072e+02
1.233421052629999934e+02 4.856578947369999923e+02
2.717777777779999724e+02 4.853333333329999846e+02
4.240000000000000000e+02 4.835000000000000000e+02
5.360294117649999635e+02 4.858529411760000016e+02
5.630789473679999446e+02 4.856052631580000138e+02
4.947857142859999726e+02 4.860000000000000000e+02
9.909999999999999432e+01 4.871000000000000227e+02
3.951999999999999886e+02 4.876499999999999773e+02
3.757142857140000274e+02 4.895714285710000127e+02
1.945000000000000000e+02 4.903000000000000114e+02
2.431153846150000106e+02 4.898846153850000178e+02
2.896176470589999781e+02 4.910294117650000203e+02
3.572777777779999724e+02 4.901666666670000154e+02
5.752142857139999705e+02 4.930000000000000000e+02
2.193750000000000000e+01 4.941250000000000000e+02
1.804333333330000073e+02 4.944333333330000073e+02
3.110000000000000000e+02 4.940000000000000000e+02
3.404333333330000073e+02 4.943666666670000041e+02
4.786333333329999959e+02 4.940333333329999732e+02
7.950000000000000000e+01 4.950000000000000000e+02
3.950000000000000000e+01 4.960000000000000000e+02
1.112333333330000045e+02 4.968333333329999846e+02
2.168846153849999894e+02 4.961153846149999822e+02
5.505714285709999558e+02 4.971428571430000147e+02
5.950000000000000000e+01 4.983000000000000114e+02
1.444166666669999870e+02 4.978333333329999846e+02
4.101000000000000227e+02 4.978999999999999773e+02
3.727500000000000000e+02 5.001000000000000227e+02
4.271153846149999822e+02 5.011153846149999822e+02
5.346111111110000138e+02 5.011666666670000154e+02
5.023181818180000278e+02 5.016818181819999722e+02
1.636250000000000000e+02 5.023750000000000000e+02
2.691153846149999822e+02 5.038846153850000178e+02
3.900000000000000000e+02 5.040000000000000000e+02
2.550000000000000000e+02 5.055000000000000000e+02
3.581363636359999987e+02 5.045909090910000145e+02
4.510384615379999786e+02 5.046538461540000071e+02
5.750000000000000000e+00 5.061250000000000000e+02
5.193571428569999853e+02 5.065714285710000127e+02
3.102500000000000000e+02 5.071666666670000154e+02
1.326333333329999959e+02 5.080333333329999732e+02
2.314166666669999870e+02 5.086666666670000154e+02
1.023947368420000004e+02 5.099210526319999985e+02
5.707777777779999724e+02 5.103888888889999862e+02
8.291176470599999959e+01 5.123823529410000219e+02
4.430000000000000000e+02 5.120000000000000000e+02
1.672692307689999893e+02 5.131153846150000390e+02
1.960714285710000127e+02 5.132857142860000295e+02
3.445000000000000000e+02 5.145000000000000000e+02
4.691000000000000227e+02 5.141000000000000227e+02
4.897105263160000277e+02 5.141315789469999800e+02
2.915000000000000000e+02 5.145000000000000000e+02
4.003421052630000077e+02 5.153421052630000077e+02
5.048684210530000200e+02 5.154473684209999647e+02
3.613636363599999868e+01 5.165909090909999577e+02
1.166818181820000007e+02 5.186818181820000291e+02
1.430000000000000000e+02 5.197500000000000000e+02
3.233000000000000114e+02 5.185000000000000000e+02
5.335769230769999467e+02 5.207307692309999538e+02
2.550000000000000000e+01 5.218529411759999448e+02
5.498846153849999610e+02 5.211153846150000390e+02
2.170000000000000000e+02 5.212999999999999545e+02
3.085555555560000016e+02 5.227777777779999724e+02
4.237666666669999813e+02 5.224333333329999505e+02
5.839999999999999858e+01 5.237999999999999545e+02
2.511153846150000106e+02 5.261153846150000390e+02
4.764444444439999984e+02 5.267222222220000276e+02
3.738846153850000178e+02 5.271153846150000390e+02
8.320000000000000284e+01 5.286000000000000227e+02
1.853823529409999935e+02 5.279117647059999854e+02
5.713571428569999853e+02 5.281666666669999586e+02
3.900000000000000000e+01 5.305000000000000000e+02
2.412777777780000008e+02 5.321111111110000138e+02
3.531190476190000140e+02 5.320238095239999438e+02
2.077857142860000010e+02 5.320000000000000000e+02
2.681190476190000140e+02 5.325476190480000014e+02
4.353823529410000219e+02 5.319117647059999854e+02
5.000000000000000000e-01 5.340000000000000000e+02
5.537666666669999813e+02 5.345000000000000000e+02
4.158999999999999773e+02 5.348999999999999773e+02
5.320294117649999635e+02 5.351470588240000552e+02
1.096904761899999983e+02 5.366428571430000147e+02
4.543421052630000077e+02 5.366578947369999923e+02
4.896111111110000138e+02 5.369444444440000552e+02
7.162500000000000000e+01 5.378125000000000000e+02
1.571999999999999886e+02 5.367999999999999545e+02
2.816818181819999722e+02 5.383181818179999709e+02
3.427857142859999726e+02 5.380000000000000000e+02
2.185000000000000000e+02 5.395000000000000000e+02
5.096818181819999722e+02 5.406818181820000291e+02
3.820000000000000000e+02 5.435000000000000000e+02
3.918846153850000178e+02 5.428846153849999610e+02
9.025000000000000000e+01 5.440625000000000000e+02
1.385000000000000000e+02 5.440000000000000000e+02
1.815000000000000000e+02 5.445000000000000000e+02
1.988095238100000017e+01 5.459285714290000442e+02
2.533666666670000041e+02 5.460333333329999732e+02
3.183636363640000013e+02 5.465000000000000000e+02
4.610263157890000230e+02 5.481315789469999800e+02
3.035909090910000145e+02 5.481363636360000555e+02
5.195000000000000000e+02 5.500000000000000000e+02
4.970000000000000284e+01 5.510000000000000000e+02
5.376904761900000267e+02 5.515476190480000014e+02
1.166578947370000066e+02 5.526578947369999923e+02
2.767105263160000277e+02 5.525000000000000000e+02
4.168846153850000178e+02 5.518846153849999610e+02
2.237500000000000000e+02 5.531666666669999586e+02
2.441470588239999984e+02 5.530294117649999635e+02
3.716176470589999781e+02 5.530882352940000146e+02
4.381666666670000154e+02 5.534166666669999586e+02
2.455555555600000162e+01 5.547222222220000276e+02
1.941153846150000106e+02 5.538846153849999610e+02
5.560000000000000000e+02 5.557000000000000455e+02
7.178571428600000104e+01 5.560000000000000000e+02
3.540000000000000000e+02 5.575000000000000000e+02
1.362619047620000003e+02 5.588809523810000428e+02
5.050000000000000000e+02 5.577857142860000295e+02
1.507500000000000000e+02 5.588750000000000000e+02
2.940000000000000000e+02 5.600000000000000000e+02
3.983888888889999862e+02 5.605555555559999448e+02
1.752142857139999990e+02 5.620714285709999558e+02
2.010000000000000000e+02 5.625000000000000000e+02
3.250000000000000000e+02 5.625000000000000000e+02
