5.185714285699999948e+01 2.428571428999999782e+00
1.570999999999999943e+02 6.999999999999999556e-01
1.780000000000000000e+02 5.000000000000000000e-01
3.138636363640000013e+02 1.409090908999999892e+00
3.520000000000000000e+02 2.500000000000000000e+00
5.855000000000000000e+02 1.346153845999999987e+00
1.920000000000000000e+02 4.000000000000000000e+00
4.808750000000000000e+02 4.750000000000000000e+00
3.239210526319999985e+02 6.605263157999999635e+00
4.052142857140000274e+02 6.000000000000000000e+00
5.027777777779999724e+02 6.388888889000000404e+00
5.571153846150000390e+02 6.269230768999999981e+00
1.376176470590000065e+02 7.088235294000000408e+00
2.776666666670000154e+02 7.388888889000000404e+00
3.655000000000000000e+02 7.500000000000000000e+00
3.050000000000000000e+01 8.868421053000000498e+00
3.023260869569999727e+02 8.500000000000000000e+00
5.211250000000000000e+02 8.750000000000000000e+00
2.093750000000000000e+02 1.018750000000000000e+01
2.348125000000000000e+02 1.037500000000000000e+01
4.441666666670000154e+02 1.050000000000000000e+01
7.100000000000000000e+01 1.069999999999999929e+01
9.188461538500000358e+01 1.111538461499999997e+01
2.593999999999999773e+02 1.144999999999999929e+01
3.856999999999999886e+02 1.300000000000000000e+01
4.175000000000000000e+02 1.300000000000000000e+01
4.508333333329999846e+02 1.361111111099999960e+01
1.022222222219999992e+02 1.588888888900000040e+01
5.375000000000000000e+02 1.600000000000000000e+01
1.722692307689999893e+02 1.688461538500000003e+01
5.288888888900000040e+01 1.916666666700000121e+01
5.051666666670000154e+02 1.916666666700000121e+01
3.193421052630000077e+02 2.034210526300000055e+01
5.630000000000000000e+02 2.100000000000000000e+01
6.950000000000000000e+01 2.267391304299999888e+01
2.717500000000000000e+02 2.183333333299999879e+01
2.842142857140000274e+02 2.200000000000000000e+01
4.967857142859999726e+02 2.200000000000000000e+01
4.643333333329999846e+02 2.338888888900000040e+01
5.786578947369999923e+02 2.334210526300000055e+01
2.000999999999999943e+02 2.510000000000000142e+01
3.517916666670000154e+02 2.550000000000000000e+01
3.706111111110000138e+02 2.544444444399999838e+01
1.385294117599999986e+01 2.597058823500000102e+01
9.896666666699999837e+01 2.636666666700000050e+01
1.213823529409999935e+02 2.608823529400000041e+01
1.556176470590000065e+02 2.608823529400000041e+01
3.918333333329999846e+02 2.594444444399999838e+01
4.137857142859999726e+02 2.600000000000000000e+01
2.511153846150000106e+02 2.711538461499999997e+01
5.025909090910000145e+02 2.740909090899999967e+01
5.536875000000000000e+02 2.918750000000000000e+01
3.513636363599999868e+01 3.104545454499999835e+01
1.359000000000000057e+02 3.089999999999999858e+01
3.599166666670000154e+02 3.125000000000000000e+01
4.455000000000000000e+02 3.150000000000000000e+01
5.223888888889999862e+02 3.177777777800000081e+01
5.319285714290000442e+02 3.128571428600000104e+01
1.741250000000000000e+02 3.275000000000000000e+01
5.875000000000000000e+02 3.150000000000000000e+01
6.196666666699999837e+01 3.336666666699999695e+01
3.068846153850000178e+02 3.311538461500000352e+01
8.590909090899999967e+01 3.513636363599999868e+01
2.192500000000000000e+02 3.391666666700000121e+01
4.253888888889999862e+02 3.422222222199999919e+01
2.328846153849999894e+02 3.488461538499999648e+01
3.367500000000000000e+02 3.487500000000000000e+01
6.868421052999999610e+00 3.623684210500000091e+01
4.054375000000000000e+02 3.637500000000000000e+01
1.582333333329999903e+02 3.783333333299999879e+01
3.774285714289999873e+02 3.785714285699999948e+01
2.938999999999999773e+02 3.889999999999999858e+01
3.810000000000000142e+01 4.010000000000000142e+01
1.978571428600000104e+01 4.200000000000000000e+01
1.130000000000000000e+02 4.300000000000000000e+01
3.665000000000000000e+02 4.300000000000000000e+01
4.776176470589999781e+02 4.391176470599999959e+01
2.611111111000000040e+00 4.577777777800000081e+01
1.347500000000000000e+02 4.525000000000000000e+01
1.980882352939999862e+02 4.538235294100000061e+01
2.615000000000000000e+02 4.600000000000000000e+01
3.275000000000000000e+02 4.550000000000000000e+01
5.427857142860000295e+02 4.600000000000000000e+01
5.691000000000000227e+02 4.689999999999999858e+01
3.100384615379999786e+02 4.765384615400000001e+01
4.872142857140000274e+02 4.800000000000000000e+01
3.450000000000000000e+02 4.900000000000000000e+01
3.852142857140000274e+02 5.000000000000000000e+01
4.445000000000000000e+02 5.000000000000000000e+01
4.656333333329999959e+02 5.103333333300000163e+01
6.600000000000000000e+01 5.227777777800000081e+01
2.285909090909999861e+02 5.240909090899999967e+01
5.078333333329999846e+02 5.175000000000000000e+01
1.063181818179999993e+02 5.268181818200000066e+01
1.877500000000000000e+02 5.375000000000000000e+01
2.801000000000000227e+02 5.410000000000000142e+01
8.900000000000000000e+01 5.550000000000000000e+01
4.202777777779999724e+02 5.500000000000000000e+01
5.437727272729999868e+02 5.700000000000000000e+01
4.795000000000000000e+02 5.729999999999999716e+01
5.851923076919999858e+02 5.742307692300000355e+01
2.506666666669999870e+02 6.038888888900000040e+01
1.670000000000000000e+02 6.100000000000000000e+01
3.411153846149999822e+02 6.111538461500000352e+01
5.665000000000000000e+02 6.100000000000000000e+01
2.430789473680000015e+02 6.239473684200000037e+01
3.746000000000000227e+02 6.254999999999999716e+01
1.198636363640000013e+02 6.295454545500000165e+01
3.113666666670000041e+02 6.450000000000000000e+01
5.251000000000000227e+02 6.409999999999999432e+01
1.841666666700000121e+01 6.533333333299999879e+01
2.109666666669999984e+02 6.583333333299999879e+01
2.658846153850000178e+02 6.488461538500000358e+01
1.920999999999999943e+02 6.809999999999999432e+01
3.495000000000000000e+02 6.850000000000000000e+01
4.238999999999999773e+02 6.790000000000000568e+01
4.085294117600000163e+01 6.950000000000000000e+01
1.095000000000000000e+02 6.850000000000000000e+01
3.934444444439999984e+02 6.927777777800000081e+01
4.898846153850000178e+02 6.911538461499999642e+01
1.435000000000000000e+02 7.078571428600000104e+01
5.966666667000000146e+00 7.236666666700000405e+01
7.750000000000000000e+01 7.200000000000000000e+01
4.461666666670000154e+02 7.138888888900000040e+01
4.602692307689999893e+02 7.173076923099999647e+01
5.141153846150000390e+02 7.311538461499999642e+01
1.270384615380000071e+02 7.365384615399999291e+01
5.870000000000000000e+02 7.450000000000000000e+01
5.438888888900000040e+01 7.566666666700000121e+01
2.933461538459999929e+02 7.496153846199999293e+01
4.146176470589999781e+02 7.508823529400000041e+01
5.659117647059999854e+02 7.638235294099999351e+01
2.835000000000000000e+02 7.739473684200000037e+01
3.144736842100000018e+01 7.944736842099999308e+01
1.762500000000000000e+02 7.975000000000000000e+01
2.346999999999999886e+02 7.890000000000000568e+01
2.583421052630000077e+02 8.065789473700000656e+01
3.886666666670000154e+02 8.061111111099999960e+01
9.632352941199999918e+01 8.285294117600000163e+01
3.310000000000000000e+02 8.250000000000000000e+01
5.310000000000000000e+02 8.178571428600000104e+01
2.247857142860000010e+02 8.400000000000000000e+01
3.130714285710000127e+02 8.450000000000000000e+01
4.837857142859999726e+02 8.400000000000000000e+01
4.430000000000000000e+02 8.500000000000000000e+01
1.570999999999999943e+02 8.609999999999999432e+01
3.615909090910000145e+02 8.659090909100000033e+01
4.274545454550000159e+02 8.622727272699999901e+01
5.866538461540000071e+02 8.650000000000000000e+01
1.710000000000000000e+02 8.800000000000000000e+01
4.960000000000000000e+02 8.821428571399999896e+01
5.508333333330000414e+02 8.823333333300000447e+01
7.483333333299999879e+01 8.861111111099999960e+01
2.100000000000000000e+02 9.227777777800000081e+01
5.653999999999999773e+02 9.254999999999999716e+01
2.877105263160000277e+02 9.386842105300000583e+01
1.183333333300000056e+01 9.461111111099999960e+01
1.083666666670000041e+02 9.503333333300000163e+01
1.239000000000000057e+02 9.490000000000000568e+01
2.478333333330000130e+02 9.538888888900000040e+01
3.438529411760000016e+02 9.602941176500000608e+01
2.751153846149999822e+02 9.711538461499999642e+01
4.644285714289999873e+02 9.685714285699999948e+01
5.436428571430000147e+02 9.769047618999999827e+01
5.248846153849999610e+02 9.811538461499999642e+01
5.788461538499999648e+01 9.888461538500000358e+01
4.013823529410000219e+02 9.908823529400000041e+01
3.871153846149999822e+02 9.988461538500000358e+01
1.880999999999999943e+02 1.009000000000000057e+02
4.128571428600000104e+01 1.028571428569999995e+02
8.503333333300000163e+01 1.033666666670000041e+02
1.395833333330000130e+02 1.031666666670000012e+02
3.731666666670000154e+02 1.035000000000000000e+02
4.560333333329999732e+02 1.036333333329999959e+02
2.257631578950000062e+02 1.041315789469999942e+02
3.275000000000000000e+02 1.050000000000000000e+02
4.844499999999999886e+02 1.055999999999999943e+02
2.534210526300000055e+01 1.073421052629999934e+02
5.066111111110000138e+02 1.072222222219999992e+02
1.070000000000000000e+02 1.087857142860000010e+02
4.261153846149999822e+02 1.091153846149999964e+02
2.077307692310000107e+02 1.098846153850000036e+02
2.881470588239999984e+02 1.109705882349999939e+02
5.660000000000000000e+02 1.110000000000000000e+02
5.830000000000000000e+02 1.107857142860000010e+02
1.632857142860000010e+02 1.118571428569999995e+02
5.348999999999999773e+02 1.119000000000000057e+02
2.383000000000000114e+02 1.130000000000000000e+02
3.060000000000000000e+02 1.140000000000000000e+02
4.012647058819999870e+02 1.142058823530000069e+02
1.189166666670000012e+02 1.152500000000000000e+02
3.401153846149999822e+02 1.151153846149999964e+02
4.431666666670000154e+02 1.156111111109999996e+02
1.414285714300000052e+01 1.177142857139999990e+02
6.683333333299999879e+01 1.176250000000000000e+02
2.561315789469999800e+02 1.182894736840000007e+02
3.600000000000000000e+02 1.182999999999999972e+02
4.683823529410000219e+02 1.180882352940000004e+02
5.172222222199999919e+01 1.194444444439999984e+02
3.168636363640000013e+02 1.194090909089999997e+02
1.669324324320000130e+02 1.457837837840000077e+02
2.188846153849999894e+02 1.208846153850000036e+02
1.463823529409999935e+02 1.230882352940000004e+02
1.672500000000000000e+02 1.235000000000000000e+02
5.638636363639999445e+02 1.228636363640000013e+02
2.085000000000000000e+02 1.245000000000000000e+02
5.015952380950000133e+02 1.250714285709999984e+02
3.748333333329999846e+02 1.247500000000000000e+02
2.328125000000000000e+02 1.263750000000000000e+02
6.900000000000000000e+01 1.270000000000000000e+02
1.156904761899999983e+02 1.276428571430000005e+02
1.280000000000000000e+02 1.272142857139999990e+02
5.531000000000000227e+02 1.270999999999999943e+02
8.429999999999999716e+01 1.280000000000000000e+02
4.265000000000000000e+02 1.290000000000000000e+02
1.763823529409999935e+02 1.299705882350000081e+02
2.518333333330000130e+02 1.312333333329999903e+02
3.849666666670000268e+02 1.316333333329999959e+02
2.695000000000000000e+02 1.325000000000000000e+02
4.387941176470000073e+02 1.326176470590000065e+02
1.410000000000000000e+02 1.335000000000000000e+02
5.223421052630000077e+02 1.336578947369999923e+02
4.619615384620000214e+02 1.336538461540000071e+02
1.311538461499999997e+01 1.351153846150000106e+02
5.617647059000000276e+00 1.360882352939999862e+02
4.768076923080000142e+02 1.360384615380000071e+02
4.056176470589999781e+02 1.369117647060000138e+02
1.951250000000000000e+02 1.385000000000000000e+02
2.911250000000000000e+02 1.382500000000000000e+02
5.840000000000000000e+02 1.377857142860000010e+02
3.261764705899999939e+01 1.389117647060000138e+02
3.330789473680000015e+02 1.393947368419999862e+02
5.581875000000000000e+02 1.393750000000000000e+02
3.590882352940000146e+02 1.403823529409999935e+02
5.422500000000000000e+02 1.415625000000000000e+02
5.002500000000000000e+02 1.428750000000000000e+02
3.141000000000000227e+02 1.450999999999999943e+02
4.511000000000000227e+02 1.449000000000000057e+02
5.140909090899999967e+01 1.465909090909999861e+02
3.343421052630000077e+02 1.463421052630000077e+02
5.216333333329999959e+02 1.460333333330000016e+02
6.550000000000000000e+01 1.468333333330000130e+02
2.343421052630000077e+02 1.476578947369999923e+02
2.053888888889999862e+02 1.478333333330000130e+02
7.600000000000000000e+01 1.497222222219999992e+02
3.928333333329999846e+02 1.495000000000000000e+02
9.700000000000000000e+01 1.507222222219999992e+02
1.223666666670000041e+02 1.499666666669999984e+02
4.272500000000000000e+02 1.498333333330000130e+02
2.860000000000000000e+02 1.507857142860000010e+02
5.645000000000000000e+02 1.535000000000000000e+02
1.835909090909999861e+02 1.545909090909999861e+02
3.055476190480000014e+02 1.546904761899999983e+02
4.376333333329999959e+02 1.539666666669999984e+02
1.315000000000000000e+02 1.550000000000000000e+02
2.424499999999999886e+02 1.555999999999999943e+02
2.607105263160000277e+02 1.561315789470000084e+02
3.525833333329999846e+02 1.558333333330000130e+02
4.701470588239999984e+02 1.559705882350000081e+02
3.500000000000000000e+00 1.577352941180000130e+02
3.687857142859999726e+02 1.570000000000000000e+02
2.101363636359999987e+02 1.574090909090000139e+02
4.964499999999999886e+02 1.604000000000000057e+02
2.692142857140000274e+02 1.605000000000000000e+02
5.291153846150000390e+02 1.611153846150000106e+02
1.661111111099999960e+01 1.620555555560000016e+02
5.161000000000000227e+02 1.619000000000000057e+02
5.410833333330000414e+02 1.617500000000000000e+02
3.678571428600000104e+01 1.650000000000000000e+02
2.880000000000000000e+02 1.645000000000000000e+02
4.005000000000000000e+02 1.645000000000000000e+02
1.766666666999999968e+00 1.661666666669999870e+02
4.281666666670000154e+02 1.675000000000000000e+02
4.773999999999999773e+02 1.675500000000000114e+02
6.059523809499999913e+01 1.690714285710000127e+02
4.611470588239999984e+02 1.685000000000000000e+02
3.239615384620000214e+02 1.706538461540000071e+02
1.230714285709999984e+02 1.725000000000000000e+02
5.513125000000000000e+02 1.723125000000000000e+02
7.600000000000000000e+01 1.747222222219999992e+02
9.538235294099999351e+01 1.760882352939999862e+02
2.434090909090000139e+02 1.764090909090000139e+02
1.966904761899999983e+02 1.775476190480000014e+02
2.856578947369999923e+02 1.773421052630000077e+02
4.943421052630000077e+02 1.776578947369999923e+02
1.497777777780000008e+02 1.783888888889999862e+02
3.394166666670000154e+02 1.778333333330000130e+02
3.713823529410000219e+02 1.780882352939999862e+02
1.136875000000000000e+02 1.791875000000000000e+02
3.931999999999999886e+02 1.795999999999999943e+02
5.785000000000000000e+02 1.790000000000000000e+02
5.346499999999999773e+02 1.802500000000000000e+02
1.900000000000000000e+01 1.810000000000000000e+02
1.700882352939999862e+02 1.813823529409999935e+02
2.177777777780000008e+02 1.813888888889999862e+02
3.024473684210000215e+02 1.816578947369999923e+02
3.580000000000000000e+02 1.810000000000000000e+02
4.373421052630000077e+02 1.816578947369999923e+02
3.155769230770000036e+02 1.826538461540000071e+02
2.884615385000000032e+00 1.828846153849999894e+02
4.661153846149999822e+02 1.828846153849999894e+02
4.722727272699999901e+01 1.850000000000000000e+02
1.860000000000000000e+02 1.840000000000000000e+02
4.808684210530000200e+02 1.842894736840000007e+02
5.223421052630000077e+02 1.846578947369999923e+02
3.541304347799999874e+01 1.862826086960000112e+02
4.068846153850000178e+02 1.861153846150000106e+02
2.529000000000000057e+02 1.870999999999999943e+02
7.590909091000000330e+00 1.878636363640000013e+02
7.509999999999999432e+01 1.894333333330000073e+02
1.996578947369999923e+02 1.896578947369999923e+02
4.260000000000000000e+02 1.902142857139999990e+02
5.716000000000000227e+02 1.905500000000000114e+02
2.763000000000000114e+02 1.905000000000000000e+02
2.828999999999999773e+02 1.940999999999999943e+02
1.207666666669999955e+02 1.955666666669999927e+02
5.005000000000000000e+02 1.950000000000000000e+02
3.960000000000000000e+02 1.960000000000000000e+02
6.150000000000000000e+01 1.970000000000000000e+02
1.625909090909999861e+02 1.968636363640000013e+02
2.238636363640000013e+02 1.979545454549999874e+02
3.365909090910000145e+02 1.985909090909999861e+02
5.559117647059999854e+02 1.983823529409999935e+02
1.029117647059999996e+02 1.996176470590000065e+02
3.473235294120000276e+02 1.996764705880000008e+02
5.281000000000000227e+02 1.989000000000000057e+02
8.333333330000000094e-01 2.000000000000000000e+02
1.377222222219999992e+02 2.000000000000000000e+02
3.713823529410000219e+02 1.999117647060000138e+02
4.412500000000000000e+02 1.998333333330000130e+02
2.928809523809999860e+02 2.019761904759999993e+02
4.638529411760000016e+02 2.020294117649999919e+02
2.532368421049999938e+02 2.031315789470000084e+02
2.050000000000000000e+01 2.045000000000000000e+02
1.863333333330000130e+02 2.056111111110000138e+02
2.381153846150000106e+02 2.058846153849999894e+02
3.162500000000000000e+02 2.070625000000000000e+02
4.128333333329999846e+02 2.078333333330000130e+02
4.762777777779999724e+02 2.070000000000000000e+02
2.648684210530000200e+02 2.087631578950000062e+02
8.528571428600000104e+01 2.091428571429999863e+02
1.516333333329999959e+02 2.090333333330000016e+02
4.668750000000000000e+01 2.113125000000000000e+02
1.120000000000000000e+02 2.110000000000000000e+02
5.128846153849999610e+02 2.108846153849999894e+02
5.668846153849999610e+02 2.108846153849999894e+02
2.270000000000000000e+02 2.125000000000000000e+02
3.793750000000000000e+02 2.126250000000000000e+02
1.255000000000000000e+02 2.140000000000000000e+02
5.530384615379999786e+02 2.143461538459999929e+02
5.500000000000000000e+00 2.150000000000000000e+02
1.766500000000000057e+02 2.158000000000000114e+02
3.484545454550000159e+02 2.173181818179999993e+02
3.684444444439999984e+02 2.167222222219999992e+02
4.325000000000000000e+02 2.160714285710000127e+02
5.037500000000000000e+02 2.158333333330000130e+02
5.865909090909999577e+02 2.158636363640000013e+02
6.825000000000000000e+01 2.180833333330000130e+02
2.095000000000000000e+02 2.180000000000000000e+02
2.827424242420000269e+02 2.227929292929999860e+02
5.263999999999999773e+02 2.185500000000000114e+02
4.540000000000000000e+02 2.190000000000000000e+02
2.185714285699999948e+01 2.207142857139999990e+02
9.934210526299999344e+01 2.203421052630000077e+02
2.462777777780000008e+02 2.200000000000000000e+02
1.480000000000000000e+02 2.242777777780000008e+02
5.636000000000000227e+02 2.258000000000000114e+02
1.962777777780000008e+02 2.260000000000000000e+02
5.180000000000000000e+02 2.260000000000000000e+02
3.218333333329999846e+02 2.285000000000000000e+02
5.170000000000000284e+01 2.285000000000000000e+02
3.550000000000000000e+02 2.290000000000000000e+02
4.010000000000000000e+02 2.290000000000000000e+02
4.246111111110000138e+02 2.302222222219999992e+02
4.388636363640000013e+02 2.295909090909999861e+02
4.923000000000000114e+02 2.310000000000000000e+02
4.108823529400000041e+01 2.316176470590000065e+02
1.578529411760000016e+02 2.315000000000000000e+02
2.575000000000000000e+02 2.321470588239999984e+02
3.903260869569999727e+02 2.329347826089999955e+02
4.653947368419999862e+02 2.335000000000000000e+02
1.240000000000000000e+02 2.345000000000000000e+02
2.188684210529999916e+02 2.347631578950000062e+02
3.097857142859999726e+02 2.360000000000000000e+02
5.270000000000000000e+02 2.362142857139999990e+02
7.700000000000000000e+01 2.370000000000000000e+02
2.399999999999999911e+00 2.384499999999999886e+02
1.010000000000000000e+02 2.382142857139999990e+02
2.906111111110000138e+02 2.392222222219999992e+02
5.077857142859999726e+02 2.390000000000000000e+02
6.500000000000000000e+01 2.397857142860000010e+02
4.015000000000000000e+02 2.398333333330000130e+02
5.558750000000000000e+02 2.402500000000000000e+02
4.246333333329999959e+02 2.411666666669999870e+02
3.388846153850000178e+02 2.428846153849999894e+02
4.463823529410000219e+02 2.430882352939999862e+02
3.709666666670000268e+02 2.446333333329999959e+02
4.828999999999999773e+02 2.439000000000000057e+02
1.081666666670000012e+02 2.457500000000000000e+02
1.754090909090000139e+02 2.461363636359999987e+02
2.359347826089999955e+02 2.466739130429999989e+02
2.642142857140000274e+02 2.460000000000000000e+02
2.500000000000000000e+01 2.470000000000000000e+02
4.665384615400000001e+01 2.474230769229999964e+02
1.329000000000000057e+02 2.470999999999999943e+02
1.893799999999999955e+02 2.482199999999999989e+02
3.205555555560000016e+02 2.477222222219999992e+02
2.110000000000000000e+02 2.475000000000000000e+02
4.735833333329999846e+02 2.481666666669999870e+02
7.786842105300000583e+01 2.497105263159999993e+02
5.746250000000000000e+02 2.498125000000000000e+02
1.498846153849999894e+02 2.511153846150000106e+02
3.050333333329999732e+02 2.513666666670000041e+02
5.401086956520000513e+02 2.515434782609999900e+02
3.652500000000000000e+02 2.518333333330000130e+02
2.256578947369999923e+02 2.543421052630000077e+02
4.942894736839999723e+02 2.561315789469999800e+02
6.000000000000000000e+00 2.577222222220000276e+02
2.493095238100000017e+02 2.573571428569999853e+02
4.090000000000000000e+02 2.575000000000000000e+02
5.520000000000000284e+01 2.586000000000000227e+02
1.691428571429999863e+02 2.582857142859999726e+02
2.851666666670000154e+02 2.591666666670000154e+02
5.211666666669999586e+02 2.587500000000000000e+02
3.547857142859999726e+02 2.600000000000000000e+02
3.850000000000000000e+02 2.600000000000000000e+02
3.506250000000000000e+01 2.622500000000000000e+02
4.316111111110000138e+02 2.620555555560000016e+02
1.843947368419999862e+02 2.640789473680000015e+02
3.086739130430000273e+02 2.649347826090000240e+02
8.326470588200000122e+01 2.660882352940000146e+02
1.040454545449999983e+02 2.670000000000000000e+02
1.217500000000000000e+02 2.661666666670000154e+02
3.293000000000000114e+02 2.666999999999999886e+02
2.670000000000000000e+02 2.677222222220000276e+02
4.872647058819999870e+02 2.672647058819999870e+02
2.105000000000000000e+02 2.685000000000000000e+02
5.591153846150000390e+02 2.678846153850000178e+02
5.848999999999999773e+02 2.678999999999999773e+02
1.430384615380000071e+02 2.686538461540000071e+02
3.905000000000000000e+02 2.685000000000000000e+02
2.411666666669999870e+02 2.710000000000000000e+02
4.597857142859999726e+02 2.710000000000000000e+02
4.719615384620000214e+02 2.713461538459999929e+02
5.063999999999999773e+02 2.724499999999999886e+02
4.442857142859999726e+02 2.728571428569999853e+02
6.613636363599999868e+01 2.739545454550000159e+02
3.771666666670000154e+02 2.736111111110000138e+02
1.528333333330000130e+02 2.743888888889999862e+02
5.676111111110000138e+02 2.757777777779999724e+02
5.292000000000000455e+02 2.758000000000000114e+02
1.122727272700000078e+01 2.780000000000000000e+02
1.340000000000000000e+02 2.770000000000000000e+02
3.460000000000000000e+02 2.770000000000000000e+02
2.970000000000000000e+02 2.776999999999999886e+02
4.110000000000000142e+01 2.788999999999999773e+02
2.218846153849999894e+02 2.787307692310000107e+02
4.028125000000000000e+02 2.805625000000000000e+02
1.694090909090000139e+02 2.808636363640000013e+02
3.838750000000000000e+02 2.816250000000000000e+02
4.337352941180000130e+02 2.813235294120000276e+02
2.519000000000000057e+02 2.827400000000000091e+02
4.702500000000000000e+02 2.824499999999999886e+02
5.502142857139999705e+02 2.820000000000000000e+02
2.825833333329999846e+02 2.833333333329999846e+02
1.832777777780000008e+02 2.855555555560000016e+02
3.677500000000000000e+02 2.861666666670000154e+02
4.857105263160000277e+02 2.868684210530000200e+02
2.977272727300000099e+01 2.880000000000000000e+02
3.158999999999999773e+02 2.868999999999999773e+02
1.033888888890000004e+02 2.884444444439999984e+02
2.073750000000000000e+02 2.886875000000000000e+02
9.220588235300000690e+01 2.907352941180000130e+02
2.721666666670000154e+02 2.893888888889999862e+02
5.295000000000000000e+02 2.921470588239999984e+02
5.595000000000000000e+02 2.925000000000000000e+02
5.875000000000000000e+02 2.910000000000000000e+02
1.480000000000000000e+02 2.950000000000000000e+02
2.391923076920000142e+02 2.955769230770000036e+02
1.629000000000000057e+02 2.964333333330000073e+02
5.711538461500000352e+01 2.971153846149999822e+02
3.240000000000000000e+02 2.970000000000000000e+02
4.201000000000000227e+02 2.971000000000000227e+02
4.542500000000000000e+02 2.970625000000000000e+02
1.366666667000000057e+00 2.988333333329999846e+02
1.215999999999999943e+02 2.984499999999999886e+02
3.644444444439999984e+02 2.985000000000000000e+02
3.972368421049999938e+02 3.001842105260000153e+02
3.012500000000000000e+02 3.010000000000000000e+02
7.103846153800000707e+01 3.006538461540000071e+02
9.783333333299999879e+01 3.007666666669999813e+02
3.185555555560000016e+02 3.013888888889999862e+02
3.450000000000000000e+02 3.022142857140000274e+02
4.367500000000000000e+02 3.038750000000000000e+02
5.031000000000000227e+02 3.038999999999999773e+02
2.535000000000000000e+02 3.060000000000000000e+02
4.831666666670000154e+02 3.065000000000000000e+02
5.770000000000000000e+02 3.065000000000000000e+02
3.850000000000000000e+01 3.070000000000000000e+02
2.167500000000000000e+02 3.068750000000000000e+02
3.851000000000000227e+02 3.071000000000000227e+02
1.700000000000000000e+01 3.087222222220000276e+02
1.436176470590000065e+02 3.079117647059999854e+02
1.799166666669999870e+02 3.082500000000000000e+02
2.780000000000000000e+02 3.077857142859999726e+02
4.569666666670000268e+02 3.086333333329999959e+02
5.306578947369999923e+02 3.096578947369999923e+02
1.952500000000000000e+02 3.112500000000000000e+02
2.410333333330000016e+02 3.113666666670000041e+02
1.187500000000000000e+02 3.122500000000000000e+02
4.099615384620000214e+02 3.126538461540000071e+02
5.011538461500000352e+01 3.151153846149999822e+02
5.534090909090000423e+02 3.155909090910000145e+02
2.963421052630000077e+02 3.166578947369999923e+02
3.373181818180000278e+02 3.176818181819999722e+02
4.948999999999999773e+02 3.181000000000000227e+02
7.450000000000000178e+00 3.203999999999999773e+02
3.635869565219999799e+02 3.212826086960000112e+02
6.629999999999999716e+01 3.213000000000000114e+02
1.636500000000000057e+02 3.212500000000000000e+02
5.695714285709999558e+02 3.208571428569999853e+02
5.850000000000000000e+02 3.217222222220000276e+02
2.195000000000000000e+02 3.223000000000000114e+02
3.160000000000000000e+02 3.222142857140000274e+02
4.330000000000000000e+02 3.232142857140000274e+02
3.450000000000000000e+01 3.245000000000000000e+02
8.277777777800000081e+01 3.243888888889999862e+02
4.616538461540000071e+02 3.240384615379999786e+02
2.718999999999999773e+02 3.248999999999999773e+02
3.936428571430000147e+02 3.253095238099999733e+02
1.448809523809999860e+02 3.267380952380000281e+02
2.464411764710000057e+02 3.268529411760000016e+02
5.130000000000000000e+02 3.262777777779999724e+02
1.900999999999999943e+02 3.278999999999999773e+02
4.477777777779999724e+02 3.283888888889999862e+02
3.780000000000000000e+02 3.290000000000000000e+02
4.840000000000000000e+02 3.295000000000000000e+02
1.319666666669999984e+02 3.313666666670000041e+02
2.278846153849999894e+02 3.312692307689999893e+02
4.111666666670000154e+02 3.307666666669999813e+02
7.200000000000000000e+01 3.317857142859999726e+02
1.040000000000000000e+02 3.322142857140000274e+02
1.756111111110000138e+02 3.322222222220000276e+02
5.150000000000000000e+01 3.346999999999999886e+02
3.100000000000000000e+01 3.365000000000000000e+02
5.541153846150000390e+02 3.361153846149999822e+02
2.087500000000000000e+02 3.370833333329999846e+02
3.455909090910000145e+02 3.374090909089999855e+02
8.461764705900000649e+01 3.379117647059999854e+02
4.246666666670000154e+02 3.387777777779999724e+02
4.958846153850000178e+02 3.381153846149999822e+02
3.028750000000000000e+02 3.397500000000000000e+02
5.746578947369999923e+02 3.393421052630000077e+02
3.187222222220000276e+02 3.400000000000000000e+02
5.312142857139999705e+02 3.410000000000000000e+02
3.740384615379999786e+02 3.416538461540000071e+02
2.767500000000000000e+02 3.437500000000000000e+02
9.944444444000000161e+00 3.442222222220000276e+02
1.740000000000000000e+02 3.440000000000000000e+02
1.896176470590000065e+02 3.439117647059999854e+02
5.158999999999999773e+02 3.441000000000000227e+02
1.269000000000000057e+02 3.467500000000000000e+02
3.930000000000000000e+02 3.457857142859999726e+02
4.621666666670000154e+02 3.455833333329999846e+02
2.492647058819999870e+02 3.472647058819999870e+02
2.315555555560000016e+02 3.492777777779999724e+02
6.000000000000000000e+01 3.502142857140000274e+02
1.522647058819999870e+02 3.502647058819999870e+02
4.776052631580000138e+02 3.500789473680000015e+02
4.945909090910000145e+02 3.501363636359999987e+02
3.584090909089999855e+02 3.508636363640000013e+02
3.715500000000000114e+02 3.530500000000000114e+02
4.121000000000000227e+02 3.518999999999999773e+02
4.492272727270000132e+02 3.550000000000000000e+02
2.988684210530000200e+02 3.555000000000000000e+02
2.778333333329999846e+02 3.562500000000000000e+02
3.370000000000000000e+02 3.560000000000000000e+02
5.558636363639999445e+02 3.559545454550000159e+02
2.138636363640000013e+02 3.565909090910000145e+02
5.071666666670000154e+02 3.572500000000000000e+02
4.711538461500000352e+01 3.577307692310000107e+02
9.843750000000000000e+01 3.587500000000000000e+02
2.838235294100000061e+01 3.593823529410000219e+02
8.588095238100000017e+01 3.610238095240000007e+02
2.600000000000000000e+02 3.607727272729999868e+02
5.321153846150000390e+02 3.597307692310000107e+02
5.782222222220000276e+02 3.603888888889999862e+02
1.164090909089999997e+02 3.615909090910000145e+02
1.832500000000000000e+02 3.618333333329999846e+02
3.106818181819999722e+02 3.615909090910000145e+02
4.660000000000000000e+02 3.625000000000000000e+02
1.639000000000000057e+02 3.641000000000000227e+02
3.425000000000000000e+02 3.658333333329999846e+02
4.280000000000000000e+02 3.661666666670000154e+02
4.771428571430000147e+02 3.667142857140000274e+02
1.380000000000000000e+02 3.682142857140000274e+02
3.923666666670000041e+02 3.680333333329999732e+02
5.875000000000000000e+02 3.670000000000000000e+02
4.179375000000000000e+02 3.697500000000000000e+02
2.557407407399999855e+01 3.709074074069999938e+02
6.178571428600000104e+01 3.700000000000000000e+02
2.241923076920000142e+02 3.705769230770000036e+02
5.473999999999999773e+02 3.714499999999999886e+02
1.855000000000000000e+02 3.745000000000000000e+02
2.396428571429999863e+02 3.746904761900000267e+02
4.393999999999999773e+02 3.754499999999999886e+02
4.992619047619999719e+02 3.761190476190000140e+02
5.275000000000000000e+02 3.752647058819999870e+02
3.561111111099999960e+01 3.767777777779999724e+02
2.702222222220000276e+02 3.766111111110000138e+02
7.461764705900000649e+01 3.769117647059999854e+02
1.496999999999999886e+02 3.773000000000000114e+02
2.097222222219999992e+02 3.780000000000000000e+02
3.620000000000000000e+02 3.785000000000000000e+02
3.753888888889999862e+02 3.782222222220000276e+02
2.912894736839999723e+02 3.798684210530000200e+02
9.900000000000000000e+01 3.810000000000000000e+02
1.660882352939999862e+02 3.816176470589999781e+02
3.212222222220000276e+02 3.813888888889999862e+02
5.704500000000000455e+02 3.813999999999999773e+02
3.105909090910000145e+02 3.818636363640000013e+02
4.823421052630000077e+02 3.846578947369999923e+02
5.000000000000000000e-01 3.845000000000000000e+02
4.640000000000000000e+02 3.847857142859999726e+02
3.462777777779999724e+02 3.860000000000000000e+02
3.965000000000000000e+02 3.878750000000000000e+02
5.323666666670000041e+02 3.889666666670000268e+02
1.240000000000000000e+02 3.900000000000000000e+02
5.221153846150000390e+02 3.901153846149999822e+02
2.135000000000000000e+02 3.905000000000000000e+02
2.744090909089999855e+02 3.923181818180000278e+02
4.360000000000000000e+02 3.922142857140000274e+02
5.016250000000000000e+02 3.913750000000000000e+02
4.137500000000000000e+02 3.932500000000000000e+02
8.468181818200000066e+01 3.943181818180000278e+02
1.392142857139999990e+02 3.950000000000000000e+02
1.902142857139999990e+02 3.950000000000000000e+02
2.366999999999999886e+02 3.956000000000000227e+02
5.550555555559999448e+02 3.953888888889999862e+02
6.145000000000000284e+01 3.963999999999999773e+02
9.599999999999999645e+00 3.975500000000000114e+02
2.440909090899999967e+01 3.968636363640000013e+02
1.050000000000000000e+02 3.975000000000000000e+02
3.592083333329999846e+02 3.975000000000000000e+02
4.600000000000000000e+01 3.980000000000000000e+02
1.771666666669999870e+02 3.973888888889999862e+02
1.652647058819999870e+02 4.017352941180000130e+02
3.015500000000000114e+02 4.016000000000000227e+02
5.081666666670000154e+02 4.033888888889999862e+02
3.292142857140000274e+02 4.050000000000000000e+02
5.781000000000000227e+02 4.051000000000000227e+02
3.429285714289999873e+02 4.065952380950000133e+02
4.913999999999999773e+02 4.064499999999999886e+02
5.321153846150000390e+02 4.061153846149999822e+02
4.506111111110000138e+02 4.072222222220000276e+02
3.850000000000000000e+02 4.082142857140000274e+02
7.285714286000000151e+00 4.091428571430000147e+02
4.260000000000000000e+02 4.090000000000000000e+02
1.227500000000000000e+02 4.101666666670000154e+02
2.583421052630000077e+02 4.106578947369999923e+02
4.687500000000000000e+02 4.102500000000000000e+02
1.971153846150000106e+02 4.112692307689999893e+02
6.709999999999999432e+01 4.125666666669999927e+02
4.043823529410000219e+02 4.130882352940000146e+02
1.404523809519999986e+02 4.149285714289999873e+02
9.673076923099999647e+01 4.148846153850000178e+02
2.419615384619999929e+02 4.153461538459999929e+02
2.790000000000000000e+02 4.150000000000000000e+02
3.696000000000000227e+02 4.155500000000000114e+02
5.651153846150000390e+02 4.152692307689999893e+02
1.631153846150000106e+02 4.158846153850000178e+02
4.691176470599999959e+01 4.173823529410000219e+02
2.145000000000000000e+02 4.175000000000000000e+02
3.079615384620000214e+02 4.173461538459999929e+02
1.883000000000000114e+02 4.175000000000000000e+02
3.875000000000000000e+02 4.177857142859999726e+02
4.360000000000000000e+02 4.190000000000000000e+02
5.444444444440000552e+02 4.217222222220000276e+02
5.075000000000000000e+02 4.226052631580000138e+02
3.117857142859999726e+02 4.230000000000000000e+02
2.025000000000000000e+01 4.248750000000000000e+02
1.305909090909999861e+02 4.254090909089999855e+02
1.535909090909999861e+02 4.248636363640000013e+02
4.175952380950000133e+02 4.256904761900000267e+02
3.550000000000000000e+01 4.273000000000000114e+02
8.728947368400000073e+01 4.275000000000000000e+02
1.151111111109999996e+02 4.271666666670000154e+02
2.627857142859999726e+02 4.270000000000000000e+02
4.615000000000000000e+02 4.275000000000000000e+02
2.370000000000000000e+02 4.287222222220000276e+02
4.730000000000000000e+02 4.290000000000000000e+02
5.781153846150000390e+02 4.288846153850000178e+02
2.912142857140000274e+02 4.295000000000000000e+02
3.422500000000000000e+02 4.298333333329999846e+02
4.925000000000000000e+02 4.310000000000000000e+02
6.350000000000000000e+01 4.335000000000000000e+02
3.305952380950000133e+02 4.343095238099999733e+02
2.049545454549999874e+02 4.341363636359999987e+02
2.794090909089999855e+02 4.348636363640000013e+02
3.661666666670000154e+02 4.357500000000000000e+02
1.885000000000000000e+02 4.362142857140000274e+02
2.567857142859999726e+02 4.368571428569999853e+02
4.290000000000000000e+02 4.370000000000000000e+02
3.565000000000000000e+02 4.380000000000000000e+02
5.576818181820000291e+02 4.386818181819999722e+02
1.501153846150000106e+02 4.398846153850000178e+02
3.915000000000000000e+02 4.395000000000000000e+02
1.085999999999999943e+02 4.411999999999999886e+02
5.328529411759999448e+02 4.410294117650000203e+02
2.271666666669999870e+02 4.417500000000000000e+02
4.136666666699999695e+01 4.429666666670000268e+02
1.766111111110000138e+02 4.437777777779999724e+02
4.293181818180000278e+02 4.432272727270000132e+02
1.700000000000000000e+01 4.442142857140000274e+02
4.013461538459999929e+02 4.454230769229999964e+02
4.400000000000000000e+02 4.455000000000000000e+02
5.170000000000000000e+02 4.447857142859999726e+02
2.156428571429999863e+02 4.466904761900000267e+02
4.639545454550000159e+02 4.458636363640000013e+02
5.003823529410000219e+02 4.469117647059999854e+02
2.010000000000000000e+02 4.485000000000000000e+02
2.740000000000000000e+02 4.487857142859999726e+02
2.965000000000000000e+02 4.488333333329999846e+02
3.750000000000000000e+02 4.490000000000000000e+02
1.373421052630000077e+02 4.505526315789999785e+02
8.500000000000000000e+00 4.515000000000000000e+02
6.354999999999999716e+01 4.513999999999999773e+02
8.400000000000000000e+01 4.510000000000000000e+02
4.833947368419999862e+02 4.520789473680000015e+02
2.618846153850000178e+02 4.538846153850000178e+02
5.686428571430000147e+02 4.548333333329999846e+02
3.534615384599999999e+01 4.549615384620000214e+02
3.357631578950000062e+02 4.558684210530000200e+02
2.371153846150000106e+02 4.561153846149999822e+02
3.166999999999999886e+02 4.570000000000000000e+02
3.645000000000000000e+02 4.570833333329999846e+02
4.655000000000000000e+02 4.575000000000000000e+02
5.382142857139999705e+02 4.570000000000000000e+02
4.209705882349999797e+02 4.588529411760000016e+02
1.955000000000000000e+02 4.590000000000000000e+02
1.680000000000000000e+02 4.620000000000000000e+02
5.706578947369999923e+02 4.626578947369999923e+02
3.438846153850000178e+02 4.631153846149999822e+02
1.009000000000000057e+02 4.638999999999999773e+02
1.446818181820000007e+02 4.636818181819999722e+02
5.066999999999999886e+02 4.645000000000000000e+02
3.997380952380000281e+02 4.662142857140000274e+02
5.470000000000000000e+02 4.667222222220000276e+02
3.004375000000000000e+02 4.672500000000000000e+02
2.275000000000000000e+01 4.681666666670000154e+02
7.850000000000000000e+01 4.685000000000000000e+02
1.151666666670000012e+02 4.692500000000000000e+02
2.287307692310000107e+02 4.688846153850000178e+02
5.220000000000000000e+02 4.697222222220000276e+02
4.958333333299999879e+01 4.701666666670000154e+02
2.745000000000000000e+02 4.705000000000000000e+02
4.373823529410000219e+02 4.699117647059999854e+02
1.911666666669999870e+02 4.717500000000000000e+02
3.221000000000000227e+02 4.721000000000000227e+02
4.867222222220000276e+02 4.720000000000000000e+02
6.280769230800000003e+01 4.734230769229999964e+02
1.545000000000000000e+02 4.740000000000000000e+02
2.105000000000000000e+02 4.751666666670000154e+02
2.581000000000000227e+02 4.755666666669999927e+02
3.756999999999999886e+02 4.750000000000000000e+02
1.372777777780000008e+02 4.780000000000000000e+02
1.788529411760000016e+02 4.785000000000000000e+02
4.546250000000000000e+02 4.783750000000000000e+02
3.791000000000000227e+02 4.801000000000000227e+02
9.500000000000000000e+00 4.815000000000000000e+02
4.232142857140000274e+02 4.810000000000000000e+02
8.314285714300000052e+01 4.827142857140000274e+02
3.973333333329999846e+02 4.823888888889999862e+02
4.405000000000000000e+02 4.805000000000000000e+02
5.437000000000000455e+02 4.828999999999999773e+02
4.940625000000000000e+02 4.837500000000000000e+02
2.357857142860000010e+02 4.838571428569999853e+02
3.392777777779999724e+02 4.840000000000000000e+02
3.606250000000000000e+02 4.836250000000000000e+02
4.698333333329999846e+02 4.848333333329999846e+02
1.027777777780000008e+02 4.853888888889999862e+02
3.001428571430000147e+02 4.869285714289999873e+02
4.836111111110000138e+02 4.867777777779999724e+02
2.465000000000000000e+02 4.885000000000000000e+02
5.630000000000000000e+02 4.885833333329999846e+02
5.210000000000000000e+02 4.886999999999999886e+02
5.840000000000000000e+02 4.890000000000000000e+02
2.797105263160000277e+02 4.918684210530000200e+02
2.190000000000000000e+02 4.917857142859999726e+02
3.475000000000000000e+01 4.931250000000000000e+02
1.890000000000000000e+02 4.927857142859999726e+02
2.065000000000000000e+02 4.926999999999999886e+02
7.104545454499999835e+01 4.938636363640000013e+02
4.330333333329999732e+02 4.943666666670000041e+02
1.548846153849999894e+02 4.951153846149999822e+02
3.192777777779999724e+02 4.954444444439999984e+02
3.411000000000000227e+02 4.965666666669999927e+02
5.011923076919999858e+02 4.965769230770000036e+02
5.417000000000000455e+02 4.960000000000000000e+02
5.421428571399999896e+01 4.971428571430000147e+02
1.190000000000000000e+02 4.977857142859999726e+02
4.155000000000000000e+02 4.978750000000000000e+02
1.715000000000000000e+02 4.993000000000000114e+02
3.630000000000000000e+02 4.990000000000000000e+02
4.628846153850000178e+02 4.988846153850000178e+02
3.847500000000000000e+02 5.002500000000000000e+02
5.198999999999999773e+02 4.998999999999999773e+02
2.400000000000000000e+01 5.020000000000000000e+02
8.650000000000000000e+01 5.021666666670000154e+02
2.358846153849999894e+02 5.021153846149999822e+02
3.967500000000000000e+02 5.021250000000000000e+02
2.785000000000000000e+02 5.030000000000000000e+02
1.735294118000000108e+00 5.054411764710000057e+02
5.589166666669999586e+02 5.052500000000000000e+02
1.395000000000000000e+02 5.061250000000000000e+02
2.590000000000000000e+02 5.075000000000000000e+02
5.776578947369999923e+02 5.075526315789999785e+02
1.089210526319999985e+02 5.086052631580000138e+02
3.165000000000000000e+02 5.080000000000000000e+02
2.923888888889999862e+02 5.091666666670000154e+02
4.504090909089999855e+02 5.101363636359999987e+02
4.011538461500000352e+01 5.117307692310000107e+02
4.737500000000000000e+02 5.139375000000000000e+02
5.132222222220000276e+02 5.143333333330000414e+02
5.412692307690000462e+02 5.148846153849999610e+02
7.200000000000000000e+01 5.170000000000000000e+02
1.322142857139999990e+02 5.160000000000000000e+02
2.030999999999999943e+02 5.158999999999999773e+02
3.480000000000000000e+02 5.160000000000000000e+02
4.950000000000000000e+02 5.160000000000000000e+02
5.600000000000000000e+02 5.160000000000000000e+02
1.524090909090000139e+02 5.184090909090000423e+02
1.786999999999999886e+02 5.192999999999999545e+02
2.229545454549999874e+02 5.191363636360000555e+02
3.313000000000000114e+02 5.185000000000000000e+02
2.621363636359999987e+02 5.194090909090000423e+02
4.318333333329999846e+02 5.202333333330000187e+02
2.930000000000000071e+01 5.227000000000000455e+02
2.805952380950000133e+02 5.233095238099999733e+02
4.066578947369999923e+02 5.226578947369999923e+02
3.800000000000000000e+02 5.250000000000000000e+02
9.240000000000000568e+01 5.265499999999999545e+02
3.100000000000000000e+02 5.267222222220000276e+02
5.772000000000000455e+02 5.276000000000000227e+02
1.942500000000000000e+02 5.281250000000000000e+02
1.088333333329999988e+02 5.296428571430000147e+02
5.536333333329999959e+02 5.289666666670000268e+02
2.483888888889999862e+02 5.302222222220000276e+02
1.446333333329999959e+02 5.320333333329999732e+02
1.650000000000000000e+02 5.320000000000000000e+02
4.363235294120000276e+02 5.326764705880000292e+02
5.356904761900000267e+02 5.324047619049999867e+02
4.921428571399999896e+01 5.330000000000000000e+02
4.591470588239999984e+02 5.335000000000000000e+02
1.555000000000000071e+01 5.343999999999999773e+02
3.340476190500000087e+01 5.350714285709999558e+02
2.116818181820000007e+02 5.353181818179999709e+02
2.970384615379999786e+02 5.346538461540000071e+02
4.785000000000000000e+02 5.352894736839999723e+02
4.961470588239999984e+02 5.355000000000000000e+02
3.617500000000000000e+02 5.372500000000000000e+02
3.413666666670000041e+02 5.380333333329999732e+02
4.188999999999999773e+02 5.378999999999999773e+02
5.168999999999999773e+02 5.382000000000000455e+02
1.901999999999999886e+02 5.403999999999999773e+02
7.785294117600000163e+01 5.415000000000000000e+02
2.655000000000000000e+02 5.410000000000000000e+02
3.078333333329999846e+02 5.412500000000000000e+02
3.316999999999999886e+02 5.420000000000000000e+02
2.300294117649999919e+02 5.428529411759999448e+02
3.797857142859999726e+02 5.420000000000000000e+02
3.987857142859999726e+02 5.420000000000000000e+02
5.697631578949999493e+02 5.448684210530000200e+02
2.012333333329999903e+02 5.452999999999999545e+02
4.489666666670000268e+02 5.463666666670000041e+02
5.200000000000000000e+01 5.467000000000000455e+02
4.671315789469999800e+02 5.472368421050000507e+02
1.280333333330000016e+02 5.493666666670000041e+02
4.310000000000000000e+02 5.487857142860000295e+02
5.452368421050000507e+02 5.507631578949999493e+02
2.832647058819999870e+02 5.517352941179999561e+02
7.115384614999999968e+00 5.531153846150000390e+02
9.702941176500000608e+01 5.531470588240000552e+02
3.710333333329999732e+02 5.543666666670000041e+02
1.667857142860000010e+02 5.550000000000000000e+02
2.523888888889999862e+02 5.559444444440000552e+02
5.087857142859999726e+02 5.550000000000000000e+02
2.321153846150000106e+02 5.558846153849999610e+02
5.231153846150000390e+02 5.568846153849999610e+02
3.520000000000000284e+01 5.586000000000000227e+02
4.873571428569999853e+02 5.586904761900000267e+02
2.953666666670000041e+02 5.589666666670000268e+02
3.414375000000000000e+02 5.603125000000000000e+02
3.515000000000000000e+02 5.600000000000000000e+02
1.451923076920000142e+02 5.605769230769999467e+02
7.500000000000000000e+01 5.610000000000000000e+02
1.820000000000000000e+02 5.615000000000000000e+02
