5.950000000000000000e+01 5.000000000000000000e-01
7.600000000000000000e+01 5.000000000000000000e-01
9.300000000000000000e+01 5.000000000000000000e-01
1.100000000000000000e+02 1.300000000000000044e+00
1.285000000000000000e+02 8.750000000000000000e-01
1.765000000000000000e+02 5.000000000000000000e-01
2.960000000000000000e+02 5.000000000000000000e-01
3.711190476190000140e+02 2.452380951999999947e+00
4.350000000000000000e+02 5.000000000000000000e-01
5.505000000000000000e+02 8.750000000000000000e-01
2.765000000000000000e+02 3.605263158000000079e+00
5.832500000000000000e+02 3.750000000000000000e+00
4.657894737000000340e+00 4.657894737000000340e+00
5.700000000000000000e+01 4.785714286000000151e+00
4.840000000000000000e+02 5.500000000000000000e+00
5.610333333329999732e+02 5.366666666999999613e+00
4.658636363640000013e+02 6.045454545000000124e+00
3.536428571430000147e+02 7.571428571000000218e+00
1.584499999999999886e+02 8.599999999999999645e+00
2.241363636359999987e+02 7.590909091000000330e+00
2.834210526300000055e+01 9.552631578999999817e+00
1.936111111110000138e+02 9.333333333000000565e+00
2.545500000000000114e+02 9.599999999999999645e+00
3.273421052630000077e+02 1.065789473699999945e+01
4.056578947369999923e+02 1.034210526300000055e+01
5.047500000000000000e+02 1.125000000000000000e+01
7.688461538500000358e+01 1.311538461499999997e+01
9.100000000000000000e+01 1.278571428599999926e+01
5.228846153849999610e+02 1.311538461499999997e+01
5.388529411759999448e+02 1.350000000000000000e+01
1.021666666670000012e+02 1.466666666699999944e+01
3.064499999999999886e+02 1.475000000000000000e+01
4.472222222220000276e+02 1.433333333300000056e+01
4.591666666670000154e+02 1.375000000000000000e+01
5.148333333330000414e+02 1.576666666700000086e+01
1.370882352939999862e+02 1.738235294100000061e+01
1.755909090909999861e+02 1.813636363599999868e+01
5.668529411759999448e+02 1.850000000000000000e+01
3.919166666670000154e+02 1.925000000000000000e+01
4.196578947369999923e+02 1.934210526300000055e+01
2.122222222219999992e+02 2.061111111099999960e+01
3.778999999999999773e+02 2.010000000000000142e+01
4.707777777779999724e+02 2.083333333299999879e+01
3.483750000000000000e+02 2.216666666700000121e+01
1.228529411760000016e+02 2.250000000000000000e+01
1.576176470590000065e+02 2.291176470599999959e+01
4.974166666670000154e+02 2.283333333299999879e+01
5.783421052630000077e+02 2.334210526300000055e+01
2.387857142860000010e+02 2.400000000000000000e+01
2.300000000000000000e+01 2.700000000000000000e+01
5.450000000000000000e+01 2.850000000000000000e+01
2.018333333330000130e+02 2.825000000000000000e+01
3.210000000000000000e+02 2.850000000000000000e+01
8.059090909100000033e+01 2.940909090899999967e+01
2.931153846149999822e+02 2.942307692299999999e+01
3.871666666670000154e+02 2.861111111099999960e+01
2.714090909089999855e+02 2.986363636400000132e+01
4.087666666669999813e+02 3.116666666700000121e+01
1.777222222219999992e+02 3.255555555600000162e+01
3.678636363640000013e+02 3.359090909100000033e+01
5.388846153849999610e+02 3.388461538499999648e+01
4.516666666700000121e+01 3.438888888900000040e+01
1.058571428569999995e+02 3.521428571399999896e+01
2.218636363640000013e+02 3.459090909100000033e+01
2.411153846150000106e+02 3.511538461500000352e+01
2.574090909089999855e+02 3.513636363599999868e+01
3.121363636359999987e+02 3.495454545500000165e+01
5.531000000000000227e+02 3.556666666699999979e+01
5.265000000000000000e+02 3.685294117600000163e+01
3.405000000000000000e+02 3.750000000000000000e+01
4.488333333329999846e+02 3.750000000000000000e+01
1.480000000000000000e+02 3.850000000000000000e+01
1.055000000000000071e+01 3.960000000000000142e+01
4.081666666670000154e+02 3.923333333299999737e+01
4.298333333329999846e+02 3.976666666700000263e+01
5.035909090910000145e+02 4.140909090899999967e+01
3.810000000000000000e+02 4.200000000000000000e+01
4.840000000000000000e+02 4.350000000000000000e+01
5.730000000000000000e+02 4.278571428600000104e+01
6.803846153800000707e+01 4.365384615400000001e+01
2.641250000000000000e+02 4.425000000000000000e+01
2.959705882349999797e+02 4.514705882399999837e+01
3.515000000000000000e+02 4.550000000000000000e+01
8.535714285699999948e+01 4.650000000000000000e+01
1.582777777780000008e+02 4.600000000000000000e+01
3.638999999999999773e+02 4.789999999999999858e+01
1.172777777780000008e+02 4.900000000000000000e+01
3.298333333329999846e+02 5.061111111099999960e+01
4.172222222199999919e+01 5.255555555600000162e+01
1.835000000000000000e+02 5.250000000000000000e+01
5.342105262999999660e+00 5.334210526300000055e+01
2.586363636400000132e+01 5.240909090899999967e+01
5.438571428569999853e+02 5.321428571399999896e+01
2.846111111110000138e+02 5.477777777800000081e+01
1.452777777780000008e+02 5.500000000000000000e+01
5.125000000000000000e+02 5.529999999999999716e+01
6.786842105300000583e+01 5.671052631599999927e+01
3.970000000000000000e+02 5.600000000000000000e+01
4.461666666670000154e+02 5.575000000000000000e+01
4.924375000000000000e+02 5.625000000000000000e+01
1.022999999999999972e+02 5.650000000000000000e+01
2.020333333330000016e+02 5.736666666699999695e+01
2.315000000000000000e+02 5.750000000000000000e+01
3.165714285710000127e+02 5.714285714300000052e+01
3.813888888889999862e+02 5.777777777800000081e+01
5.654500000000000455e+02 5.860000000000000142e+01
9.100000000000000000e+01 5.921428571399999896e+01
2.558684210529999916e+02 5.971052631599999927e+01
3.395000000000000000e+02 6.000000000000000000e+01
4.169499999999999886e+02 6.064999999999999858e+01
4.651000000000000227e+02 6.110000000000000142e+01
5.571363636360000555e+02 6.309090909100000033e+01
5.255000000000000000e+02 6.426470588200000122e+01
1.263181818179999993e+02 6.568181818200000066e+01
5.870384615379999786e+02 6.634615384600000709e+01
1.592857142860000010e+02 6.785714285699999948e+01
1.993125000000000000e+02 6.881250000000000000e+01
2.362894736840000007e+02 6.950000000000000000e+01
2.825000000000000000e+01 7.016666666700000121e+01
2.703666666670000041e+02 6.996666666699999837e+01
3.513823529410000219e+02 7.008823529400000041e+01
4.018750000000000000e+02 7.025000000000000000e+01
4.813333333329999846e+02 6.958333333299999879e+01
2.150000000000000000e+02 7.100000000000000000e+01
4.461666666670000154e+02 7.038888888900000040e+01
7.816666666700000121e+01 7.241666666700000121e+01
4.935000000000000000e+02 7.256250000000000000e+01
4.260000000000000000e+02 7.278571428600000104e+01
4.402941176499999898e+01 7.414705882399999837e+01
1.522142857139999990e+02 7.400000000000000000e+01
3.170384615379999786e+02 7.465384615399999291e+01
2.953461538459999929e+02 7.596153846199999293e+01
4.145625000000000000e+02 7.650000000000000000e+01
5.000000000000000000e+00 7.927777777800000081e+01
1.074090909089999997e+02 7.913636363599999868e+01
3.044999999999999929e+01 8.109999999999999432e+01
2.788157894739999847e+02 8.065789473700000656e+01
3.875000000000000000e+02 8.200000000000000000e+01
4.650000000000000000e+02 8.178571428600000104e+01
5.707222222220000276e+02 8.200000000000000000e+01
5.350000000000000000e+01 8.314705882399999837e+01
2.230333333330000016e+02 8.363333333299999595e+01
3.264375000000000000e+02 8.375000000000000000e+01
5.394333333329999505e+02 8.376666666699999553e+01
1.350000000000000000e+02 8.400000000000000000e+01
1.775000000000000000e+02 8.416666666700000121e+01
5.130000000000000000e+02 8.521428571399999896e+01
2.125999999999999943e+02 8.654999999999999716e+01
1.532222222219999992e+02 8.761111111099999960e+01
3.622619047619999719e+02 8.788095238100000017e+01
2.356666666669999870e+02 8.733333333299999879e+01
4.542272727270000132e+02 8.831818181799999934e+01
4.860333333329999732e+02 8.863333333299999595e+01
9.440000000000000568e+01 8.954999999999999716e+01
5.469117647059999854e+02 8.961764705900000649e+01
2.549583333330000130e+02 9.145833333299999879e+01
4.985000000000000000e+02 9.400000000000000000e+01
5.247142857139999705e+02 9.385714285699999948e+01
5.681315789469999800e+02 9.471052631599999927e+01
3.110000000000000000e+02 9.521428571399999896e+01
1.080000000000000000e+02 9.650000000000000000e+01
1.883750000000000000e+02 9.681250000000000000e+01
4.116250000000000000e+02 9.781250000000000000e+01
4.747307692310000107e+02 9.711538461499999642e+01
7.450000000000000000e+01 9.750000000000000000e+01
2.283888888889999862e+02 9.922222222199999919e+01
5.540909090899999967e+01 1.001363636359999987e+02
1.750384615380000071e+02 9.965384615399999291e+01
4.345000000000000000e+02 1.001666666670000012e+02
2.932500000000000000e+02 1.017500000000000000e+02
3.503666666670000041e+02 1.010333333330000016e+02
5.897727272729999868e+02 1.012272727269999990e+02
3.616666666700000121e+01 1.025000000000000000e+02
1.441153846150000106e+02 1.018846153850000036e+02
4.558125000000000000e+02 1.026250000000000000e+02
1.305000000000000000e+02 1.030000000000000000e+02
3.232058823529999927e+02 1.036176470590000065e+02
1.426470588199999945e+01 1.046764705880000008e+02
2.537727272729999868e+02 1.038636363640000013e+02
9.403333333300000163e+01 1.056333333329999959e+02
3.635000000000000000e+02 1.088529411760000016e+02
3.951153846149999822e+02 1.081153846149999964e+02
5.190499999999999545e+02 1.086500000000000057e+02
5.475526315790000353e+02 1.083421052629999934e+02
2.080000000000000000e+02 1.087857142860000010e+02
2.758846153850000178e+02 1.091153846149999964e+02
6.777272727300000099e+01 1.114545454550000017e+02
1.705000000000000000e+02 1.106666666670000012e+02
3.074411764710000057e+02 1.116764705880000008e+02
4.886111111110000138e+02 1.114444444439999984e+02
4.308999999999999773e+02 1.124333333329999931e+02
1.218846153850000036e+02 1.128846153850000036e+02
5.691153846150000390e+02 1.131153846149999964e+02
2.526470588200000122e+01 1.145588235289999943e+02
4.692058823529999927e+02 1.156176470590000065e+02
9.986363636400000132e+01 1.154090909089999997e+02
4.024473684210000215e+02 1.166578947370000066e+02
5.395000000000000000e+02 1.163333333329999988e+02
1.859000000000000057e+02 1.189000000000000057e+02
2.190000000000000000e+02 1.195000000000000000e+02
2.583000000000000114e+02 1.200000000000000000e+02
2.940000000000000000e+02 1.195000000000000000e+02
4.456250000000000000e+02 1.193750000000000000e+02
5.905000000000000000e+02 1.210000000000000000e+02
2.446999999999999886e+02 1.230000000000000000e+02
4.951190476190000140e+02 1.232619047620000003e+02
1.688461538500000003e+01 1.241153846149999964e+02
3.157142857140000274e+02 1.241428571430000005e+02
3.358846153850000178e+02 1.251153846149999964e+02
1.428529411760000016e+02 1.269705882349999939e+02
4.248750000000000000e+02 1.277500000000000000e+02
1.736762208069999929e+02 1.473789808919999871e+02
3.625500000000000114e+02 1.285999999999999943e+02
5.206578947369999923e+02 1.286578947369999923e+02
4.634230769229999964e+02 1.293461538459999929e+02
5.755909090909999577e+02 1.288636363640000013e+02
5.250000000000000000e+01 1.300714285710000127e+02
5.480000000000000000e+02 1.302142857139999990e+02
8.650000000000000000e+01 1.313000000000000114e+02
1.626578947369999923e+02 1.313421052630000077e+02
3.772500000000000000e+02 1.308333333330000130e+02
7.270000000000000284e+01 1.315000000000000000e+02
2.374375000000000000e+02 1.327500000000000000e+02
4.473823529410000219e+02 1.319117647060000138e+02
1.878571428600000104e+01 1.330000000000000000e+02
2.153000000000000114e+02 1.350000000000000000e+02
3.800000000000000000e+01 1.362142857139999990e+02
3.003666666670000041e+02 1.359666666669999984e+02
4.832500000000000000e+02 1.361666666669999870e+02
1.182272727269999990e+02 1.375454545450000126e+02
2.812500000000000000e+02 1.371666666669999870e+02
3.876250000000000000e+02 1.371875000000000000e+02
3.413421052630000077e+02 1.383421052630000077e+02
9.500000000000000000e+00 1.391666666669999870e+02
1.330000000000000000e+02 1.392142857139999990e+02
2.601000000000000227e+02 1.404333333330000073e+02
5.425666666670000495e+02 1.399000000000000057e+02
1.517500000000000000e+02 1.411250000000000000e+02
4.156176470589999781e+02 1.430882352939999862e+02
5.015000000000000000e+02 1.440000000000000000e+02
1.973666666670000041e+02 1.449666666669999984e+02
5.876538461540000071e+02 1.450384615380000071e+02
5.598333333330000414e+02 1.457500000000000000e+02
1.767857142860000010e+02 1.470000000000000000e+02
1.239666666669999984e+02 1.486333333329999959e+02
3.181153846149999822e+02 1.488846153849999894e+02
3.350000000000000000e+02 1.500000000000000000e+02
4.404999999999999716e+01 1.516500000000000057e+02
3.603999999999999773e+02 1.511999999999999886e+02
3.945625000000000000e+02 1.517500000000000000e+02
8.812500000000000000e+01 1.527500000000000000e+02
4.285909090910000145e+02 1.531363636359999987e+02
4.590882352940000146e+02 1.536176470590000065e+02
4.786904761900000267e+02 1.536428571429999863e+02
4.921999999999999886e+02 1.545999999999999943e+02
1.065000000000000000e+02 1.556739130429999989e+02
2.107857142860000010e+02 1.550000000000000000e+02
7.611111110999999596e+00 1.572222222219999992e+02
2.506578947369999923e+02 1.576578947369999923e+02
5.270000000000000000e+02 1.575000000000000000e+02
6.965789473700000656e+01 1.593421052630000077e+02
2.643999999999999773e+02 1.594499999999999886e+02
5.400384615379999786e+02 1.586538461540000071e+02
1.360000000000000000e+02 1.602142857139999990e+02
2.905000000000000000e+02 1.600000000000000000e+02
4.380333333329999732e+02 1.606333333329999959e+02
3.114545454550000159e+02 1.621818181820000007e+02
1.809000000000000057e+02 1.625399999999999920e+02
2.326578947369999923e+02 1.626578947369999923e+02
2.139999999999999858e+01 1.635500000000000114e+02
3.586999999999999886e+02 1.625000000000000000e+02
5.687500000000000000e+02 1.632500000000000000e+02
2.767857142859999726e+02 1.649285714289999873e+02
4.288461538499999648e+01 1.661153846150000106e+02
3.760000000000000000e+02 1.672142857139999990e+02
2.915000000000000000e+02 1.677857142860000010e+02
3.198846153850000178e+02 1.682692307689999893e+02
5.126111111110000138e+02 1.682222222219999992e+02
5.500000000000000000e+00 1.692647058819999870e+02
6.707894736800000146e+01 1.693947368419999862e+02
2.115000000000000000e+02 1.690000000000000000e+02
4.103888888889999862e+02 1.688333333330000130e+02
4.336052631580000138e+02 1.699210526319999985e+02
5.550000000000000000e+02 1.715000000000000000e+02
4.632777777779999724e+02 1.720000000000000000e+02
5.809117647059999854e+02 1.726176470590000065e+02
1.016176470590000065e+02 1.730882352939999862e+02
1.286333333329999959e+02 1.750333333330000016e+02
4.833421052630000077e+02 1.756578947369999923e+02
8.203333333300000163e+01 1.766333333329999959e+02
1.753823529409999935e+02 1.759117647060000138e+02
4.983999999999999773e+02 1.764499999999999886e+02
5.352999999999999545e+02 1.770000000000000000e+02
2.399736842110000055e+02 1.781315789470000084e+02
5.884615385000000032e+00 1.778846153849999894e+02
1.515000000000000000e+02 1.792894736840000007e+02
3.943823529410000219e+02 1.790882352939999862e+02
4.439444444439999984e+02 1.803888888889999862e+02
2.113636363599999868e+01 1.819545454549999874e+02
4.130000000000000000e+02 1.820000000000000000e+02
2.030555555560000016e+02 1.836111111110000138e+02
3.701470588239999984e+02 1.835000000000000000e+02
2.205000000000000000e+02 1.841470588239999984e+02
2.818999999999999773e+02 1.840999999999999943e+02
3.385769230770000036e+02 1.838846153849999894e+02
3.569117647059999854e+02 1.856176470590000065e+02
1.196250000000000000e+02 1.871875000000000000e+02
5.243888888889999862e+02 1.882222222219999992e+02
4.660000000000000000e+02 1.890000000000000000e+02
5.690882352940000146e+02 1.893823529409999935e+02
2.486764705880000008e+02 1.903235294119999992e+02
5.410869565200000153e+01 1.925434782609999900e+02
2.085500000000000114e+02 1.924000000000000057e+02
2.781153846149999822e+02 1.921153846150000106e+02
4.250000000000000000e+02 1.922142857139999990e+02
8.954545454999999876e+00 1.926818181820000007e+02
8.600000000000000000e+01 1.940000000000000000e+02
3.010000000000000000e+02 1.940000000000000000e+02
3.186875000000000000e+02 1.943750000000000000e+02
3.548529411760000016e+02 1.950294117649999919e+02
4.650000000000000000e+02 1.955000000000000000e+02
3.550000000000000000e+01 1.966739130429999989e+02
1.060999999999999943e+02 1.960999999999999943e+02
1.261153846149999964e+02 1.958846153849999894e+02
1.885833333330000130e+02 1.958333333330000130e+02
4.838999999999999773e+02 1.959000000000000057e+02
8.777777778000000808e+00 1.983888888889999862e+02
1.489000000000000057e+02 1.980999999999999943e+02
1.680384615380000071e+02 1.981923076920000142e+02
5.897000000000000455e+02 1.980000000000000000e+02
5.033823529410000219e+02 1.989117647060000138e+02
4.451153846149999822e+02 1.998846153849999894e+02
2.426428571429999863e+02 2.013571428570000137e+02
3.935833333329999846e+02 2.011666666669999870e+02
2.870000000000000000e+02 2.027857142860000010e+02
3.760000000000000000e+02 2.035000000000000000e+02
5.515526315790000353e+02 2.036578947369999923e+02
5.386176470589999781e+02 2.040882352939999862e+02
3.015000000000000000e+02 2.066052631580000138e+02
3.303636363640000013e+02 2.061363636359999987e+02
6.428947368400000073e+01 2.078684210529999916e+02
2.612777777779999724e+02 2.070000000000000000e+02
2.203000000000000114e+02 2.075000000000000000e+02
5.208846153849999610e+02 2.081153846150000106e+02
2.733695652170000017e+02 2.097173913039999888e+02
2.959090909100000033e+01 2.105909090909999861e+02
4.155000000000000000e+02 2.105000000000000000e+02
3.170294117650000203e+02 2.118529411760000016e+02
4.200000000000000000e+01 2.122142857139999990e+02
8.900000000000000000e+01 2.122142857139999990e+02
1.295555555560000016e+02 2.133888888889999862e+02
3.696875000000000000e+02 2.148125000000000000e+02
1.942777777780000008e+02 2.160000000000000000e+02
4.524166666670000154e+02 2.161666666669999870e+02
5.020833333329999846e+02 2.155833333330000130e+02
5.708999999999999773e+02 2.159000000000000057e+02
7.295454545500000165e+01 2.166818181820000007e+02
3.833888888889999862e+02 2.181666666669999870e+02
8.500000000000000000e+00 2.193000000000000114e+02
1.205000000000000000e+02 2.191470588239999984e+02
1.581153846150000106e+02 2.191153846150000106e+02
1.809210526319999985e+02 2.190789473680000015e+02
4.341153846149999822e+02 2.202692307689999893e+02
4.779736842109999770e+02 2.203421052630000077e+02
2.855000000000000000e+02 2.262247706420000100e+02
3.423947368419999862e+02 2.219210526319999985e+02
2.101153846150000106e+02 2.238846153849999894e+02
2.310000000000000000e+02 2.242142857139999990e+02
5.514230769230000533e+02 2.238076923079999858e+02
2.876666666699999908e+01 2.258333333330000130e+02
9.827777777800000081e+01 2.260000000000000000e+02
5.905000000000000000e+02 2.260000000000000000e+02
5.415000000000000000e+02 2.285000000000000000e+02
2.518333333330000130e+02 2.312619047620000003e+02
4.020000000000000000e+02 2.295000000000000000e+02
4.425000000000000000e+02 2.300000000000000000e+02
1.240000000000000000e+02 2.317222222219999992e+02
3.891176470599999959e+01 2.323823529409999935e+02
5.731818181799999934e+01 2.320454545450000126e+02
4.952500000000000000e+02 2.322500000000000000e+02
9.500000000000000000e+00 2.350263157889999945e+02
1.608750000000000000e+02 2.349375000000000000e+02
5.154090909090000423e+02 2.341363636359999987e+02
1.478529411760000016e+02 2.350294117649999919e+02
3.861315789469999800e+02 2.357105263159999993e+02
4.695000000000000000e+02 2.358529411760000016e+02
3.313095238099999733e+02 2.375476190480000014e+02
5.765909090909999577e+02 2.374090909090000139e+02
1.991470588239999984e+02 2.380294117649999919e+02
2.613421052630000077e+02 2.386578947369999923e+02
3.644166666670000154e+02 2.381666666669999870e+02
4.252500000000000000e+02 2.380625000000000000e+02
8.328947368400000073e+01 2.408684210529999916e+02
2.926578947369999923e+02 2.403421052630000077e+02
3.075769230770000036e+02 2.401923076920000142e+02
3.455909090910000145e+02 2.408636363640000013e+02
2.237777777780000008e+02 2.426111111110000138e+02
6.021428571399999896e+01 2.440000000000000000e+02
5.596764705880000292e+02 2.443235294119999992e+02
3.772142857140000274e+02 2.450000000000000000e+02
4.340000000000000000e+02 2.452142857139999990e+02
1.030714285709999984e+02 2.458571428570000137e+02
2.130000000000000000e+02 2.457857142860000010e+02
4.714333333330000073e+02 2.463666666670000041e+02
2.722222222220000276e+02 2.476111111110000138e+02
8.665789473700000656e+01 2.496578947369999923e+02
1.488846153849999894e+02 2.491153846150000106e+02
5.342142857139999705e+02 2.490000000000000000e+02
1.104166666670000012e+02 2.501666666669999870e+02
1.806818181820000007e+02 2.503181818179999993e+02
4.036000000000000227e+02 2.500500000000000114e+02
5.107857142859999726e+02 2.500000000000000000e+02
3.319117647059999854e+02 2.508529411760000016e+02
2.661111111099999960e+01 2.527777777780000008e+02
1.299000000000000057e+02 2.525666666669999927e+02
2.416904761899999983e+02 2.536428571429999863e+02
5.110000000000000142e+01 2.539000000000000057e+02
4.825909090910000145e+02 2.538636363640000013e+02
5.766764705880000292e+02 2.545588235289999943e+02
4.982222222220000276e+02 2.553888888889999862e+02
3.635909090910000145e+02 2.558636363640000013e+02
2.290625000000000000e+02 2.571250000000000000e+02
4.526428571430000147e+02 2.571666666670000154e+02
2.906176470589999781e+02 2.583823529410000219e+02
5.502272727270000132e+02 2.595454545449999841e+02
3.831470588239999984e+02 2.605000000000000000e+02
1.958333333330000130e+02 2.613750000000000000e+02
2.559347826089999955e+02 2.613260869569999727e+02
3.075000000000000000e+02 2.611470588239999984e+02
4.285000000000000000e+02 2.615000000000000000e+02
1.715000000000000000e+02 2.620000000000000000e+02
3.206499999999999773e+02 2.637500000000000000e+02
4.086176470589999781e+02 2.629117647059999854e+02
1.850000000000000000e+01 2.640000000000000000e+02
1.238636363640000013e+02 2.655909090910000145e+02
1.015000000000000000e+02 2.677105263160000277e+02
4.451153846149999822e+02 2.678846153850000178e+02
4.609615384620000214e+02 2.686538461540000071e+02
4.950625000000000000e+02 2.691250000000000000e+02
5.000000000000000000e-01 2.685000000000000000e+02
1.427142857139999990e+02 2.698571428569999853e+02
5.885526315790000353e+02 2.705526315789999785e+02
3.922222222199999919e+01 2.713888888889999862e+02
6.573809523799999965e+01 2.718809523809999860e+02
5.263461538459999929e+02 2.710384615379999786e+02
5.664166666669999586e+02 2.708333333329999846e+02
1.916500000000000057e+02 2.731999999999999886e+02
3.406999999999999886e+02 2.716999999999999886e+02
3.513888888889999862e+02 2.720555555560000016e+02
3.035000000000000000e+02 2.733000000000000114e+02
4.008333333329999846e+02 2.733888888889999862e+02
2.774444444439999984e+02 2.756111111110000138e+02
3.755000000000000000e+02 2.753000000000000114e+02
8.628571428600000104e+01 2.758571428569999853e+02
2.035000000000000000e+02 2.775000000000000000e+02
4.768999999999999773e+02 2.768999999999999773e+02
5.023947368419999862e+02 2.770789473680000015e+02
2.436538461540000071e+02 2.790384615379999786e+02
1.531363636359999987e+02 2.800454545449999841e+02
2.269000000000000057e+02 2.808999999999999773e+02
5.333181818179999709e+02 2.817727272729999868e+02
1.349000000000000057e+02 2.831000000000000227e+02
3.503823529410000219e+02 2.832058823529999927e+02
5.698529411759999448e+02 2.829705882349999797e+02
1.438888888900000040e+01 2.852222222220000276e+02
1.751153846150000106e+02 2.848846153850000178e+02
2.543260869570000011e+02 2.855000000000000000e+02
7.268181818200000066e+01 2.856818181819999722e+02
4.428529411760000016e+02 2.865000000000000000e+02
1.088529411760000016e+02 2.875000000000000000e+02
4.745000000000000000e+02 2.868333333329999846e+02
9.150000000000000000e+01 2.880000000000000000e+02
2.717857142859999726e+02 2.875000000000000000e+02
2.850000000000000000e+02 2.877857142859999726e+02
4.056538461540000071e+02 2.879615384620000214e+02
5.000000000000000000e+01 2.890000000000000000e+02
3.715000000000000000e+02 2.893000000000000114e+02
3.131000000000000227e+02 2.911000000000000227e+02
5.500000000000000000e+02 2.907857142859999726e+02
1.830882352939999862e+02 2.922058823529999927e+02
3.901000000000000227e+02 2.921000000000000227e+02
4.897222222220000276e+02 2.930000000000000000e+02
5.901000000000000227e+02 2.936999999999999886e+02
1.586578947369999923e+02 2.965526315789999785e+02
2.500000000000000000e+01 2.970000000000000000e+02
2.082142857139999990e+02 2.970000000000000000e+02
3.332777777779999724e+02 2.975555555560000016e+02
5.315000000000000000e+02 2.970000000000000000e+02
4.606578947369999923e+02 2.985526315789999785e+02
5.983333333299999879e+01 3.005833333329999846e+02
2.419000000000000057e+02 3.008999999999999773e+02
2.955500000000000114e+02 3.013999999999999773e+02
5.110000000000000000e+02 3.010000000000000000e+02
4.213666666670000041e+02 3.019666666670000268e+02
7.466666666700000121e+01 3.036666666670000154e+02
1.265499999999999972e+02 3.037500000000000000e+02
3.673421052630000077e+02 3.033421052630000077e+02
4.095000000000000000e+02 3.031470588239999984e+02
1.815789474000000014e+00 3.063421052630000077e+02
1.643421052630000077e+02 3.056578947369999923e+02
5.617500000000000000e+02 3.067500000000000000e+02
1.505000000000000000e+02 3.072894736839999723e+02
2.633421052630000077e+02 3.076578947369999923e+02
4.396875000000000000e+02 3.086875000000000000e+02
5.765833333330000414e+02 3.078333333329999846e+02
3.211000000000000227e+02 3.088999999999999773e+02
2.250000000000000000e+01 3.102894736839999723e+02
4.512500000000000000e+01 3.107500000000000000e+02
1.810000000000000000e+02 3.095000000000000000e+02
3.501153846149999822e+02 3.101153846149999822e+02
2.235000000000000000e+02 3.110000000000000000e+02
2.768999999999999773e+02 3.111000000000000227e+02
3.861000000000000227e+02 3.121000000000000227e+02
4.860882352940000146e+02 3.126176470589999781e+02
9.800000000000000000e+01 3.127857142859999726e+02
2.035000000000000000e+02 3.155000000000000000e+02
4.631000000000000227e+02 3.151000000000000227e+02
5.375000000000000000e+02 3.155000000000000000e+02
2.438636363640000013e+02 3.165909090910000145e+02
1.617105263159999993e+02 3.188684210530000200e+02
4.188846153850000178e+02 3.178846153850000178e+02
4.971000000000000227e+02 3.181000000000000227e+02
5.311538461500000352e+01 3.198846153850000178e+02
1.239000000000000057e+02 3.211499999999999773e+02
2.917380952380000281e+02 3.208809523809999860e+02
5.525000000000000000e+02 3.214444444439999984e+02
8.777777777800000081e+01 3.226111111110000138e+02
3.980789473680000015e+02 3.223947368419999862e+02
4.305000000000000000e+02 3.220000000000000000e+02
5.701000000000000227e+02 3.231000000000000227e+02
3.555000000000000000e+02 3.245000000000000000e+02
5.891000000000000227e+02 3.241000000000000227e+02
6.999999999999999556e-01 3.248999999999999773e+02
7.170000000000000284e+01 3.266999999999999886e+02
3.380000000000000000e+02 3.260000000000000000e+02
2.013750000000000000e+02 3.271875000000000000e+02
2.162333333329999903e+02 3.278333333329999846e+02
4.648846153850000178e+02 3.268846153850000178e+02
4.840000000000000000e+02 3.267857142859999726e+02
2.681666666670000154e+02 3.297666666669999813e+02
5.180000000000000000e+02 3.307222222220000276e+02
7.657894737000000340e+00 3.313421052630000077e+02
3.131428571430000147e+02 3.317857142859999726e+02
2.361153846150000106e+02 3.331153846149999822e+02
2.511470588239999984e+02 3.335000000000000000e+02
3.479545454550000159e+02 3.336363636359999987e+02
3.511904761899999983e+01 3.347380952380000281e+02
1.285000000000000000e+02 3.340000000000000000e+02
1.553421052630000077e+02 3.343421052630000077e+02
1.773888888889999862e+02 3.347777777779999724e+02
3.737631578950000062e+02 3.348684210530000200e+02
1.092857142860000010e+02 3.348571428569999853e+02
7.600000000000000000e+01 3.355000000000000000e+02
3.030000000000000000e+02 3.357857142859999726e+02
3.295454545449999841e+02 3.380000000000000000e+02
4.160000000000000000e+02 3.372142857140000274e+02
4.450714285710000127e+02 3.375714285710000127e+02
5.387142857139999705e+02 3.370714285710000127e+02
4.991153846149999822e+02 3.378846153850000178e+02
5.088461538499999648e+01 3.401153846149999822e+02
3.854999999999999716e+01 3.413999999999999773e+02
5.517307692309999538e+02 3.408846153850000178e+02
2.123181818179999993e+02 3.423181818180000278e+02
3.921000000000000227e+02 3.421000000000000227e+02
2.566176470589999781e+02 3.429117647059999854e+02
4.541818181819999722e+02 3.441818181819999722e+02
4.653571428569999853e+02 3.433571428569999853e+02
2.757222222220000276e+02 3.441111111110000138e+02
1.685000000000000000e+02 3.453823529410000219e+02
4.849444444439999984e+02 3.456111111110000138e+02
5.277142857139999705e+02 3.471428571430000147e+02
4.290000000000000000e+02 3.480000000000000000e+02
9.262500000000000000e+01 3.491875000000000000e+02
5.765499999999999545e+02 3.497500000000000000e+02
3.568846153850000178e+02 3.501153846149999822e+02
3.770000000000000000e+02 3.497857142859999726e+02
1.484000000000000057e+02 3.535500000000000114e+02
1.947222222219999992e+02 3.534444444439999984e+02
4.466578947369999923e+02 3.535526315789999785e+02
5.570000000000000000e+02 3.533000000000000114e+02
3.330882352940000146e+02 3.556176470589999781e+02
1.660000000000000142e+01 3.565500000000000114e+02
1.355000000000000000e+02 3.565000000000000000e+02
4.988333333329999846e+02 3.555833333329999846e+02
2.980000000000000000e+02 3.574499999999999886e+02
7.021428571399999896e+01 3.581428571430000147e+02
4.077857142859999726e+02 3.581428571430000147e+02
1.051500000000000057e+02 3.594499999999999886e+02
1.500000000000000000e+00 3.595000000000000000e+02
2.643333333300000021e+01 3.611000000000000227e+02
2.840454545449999841e+02 3.608636363640000013e+02
4.795454545500000165e+01 3.615000000000000000e+02
8.350000000000000000e+01 3.626363636359999987e+02
2.088846153849999894e+02 3.618846153850000178e+02
2.338529411760000016e+02 3.619705882349999797e+02
2.665000000000000000e+02 3.635000000000000000e+02
5.158846153849999610e+02 3.641153846149999822e+02
5.398999999999999773e+02 3.641000000000000227e+02
5.705476190480000014e+02 3.649761904759999993e+02
3.210000000000000000e+02 3.660000000000000000e+02
3.676000000000000227e+02 3.661999999999999886e+02
1.678846153849999894e+02 3.677307692310000107e+02
1.883461538459999929e+02 3.680384615379999786e+02
4.690000000000000000e+02 3.680000000000000000e+02
3.926999999999999886e+02 3.692333333330000187e+02
1.135000000000000000e+02 3.701190476190000140e+02
4.275000000000000000e+02 3.700000000000000000e+02
3.412647058819999870e+02 3.737352941180000130e+02
4.424523809519999986e+02 3.743095238099999733e+02
5.525526315790000353e+02 3.748684210530000200e+02
1.420000000000000000e+02 3.755000000000000000e+02
5.273666666670000041e+02 3.749666666670000268e+02
4.866538461540000071e+02 3.755769230770000036e+02
4.137352941180000130e+02 3.777352941180000130e+02
6.281250000000000000e+01 3.786875000000000000e+02
1.590000000000000000e+02 3.777857142859999726e+02
2.117777777780000008e+02 3.786111111110000138e+02
2.320333333330000016e+02 3.783666666670000041e+02
3.861666666670000154e+02 3.785000000000000000e+02
9.919230769199999997e+01 3.789615384620000214e+02
2.453947368419999862e+02 3.795000000000000000e+02
5.001315789469999800e+02 3.797105263160000277e+02
1.894000000000000128e+01 3.808999999999999773e+02
4.100000000000000000e+01 3.800000000000000000e+02
1.647941176470000073e+02 3.827352941180000130e+02
2.653999999999999773e+02 3.835500000000000114e+02
3.285000000000000000e+02 3.852894736839999723e+02
4.630000000000000000e+02 3.852142857140000274e+02
8.177777777800000081e+01 3.866111111110000138e+02
2.901666666670000154e+02 3.866250000000000000e+02
3.620000000000000000e+02 3.865000000000000000e+02
3.130000000000000000e+02 3.867857142859999726e+02
3.998333333329999846e+02 3.867666666669999813e+02
1.914473684209999931e+02 3.883421052630000077e+02
5.180000000000000000e+02 3.895000000000000000e+02
5.817105263160000277e+02 3.895000000000000000e+02
4.848333333329999846e+02 3.901666666670000154e+02
1.269117647059999996e+02 3.926176470589999781e+02
4.968636363640000013e+02 3.940454545449999841e+02
4.172272727270000132e+02 3.960000000000000000e+02
6.754999999999999716e+01 3.966000000000000227e+02
3.506111111110000138e+02 3.974444444439999984e+02
2.320000000000000000e+02 3.985000000000000000e+02
3.082777777779999724e+02 3.980000000000000000e+02
5.366538461540000071e+02 3.979615384620000214e+02
1.420000000000000000e+02 3.992142857140000274e+02
8.657894736999999452e+00 4.003421052630000077e+02
8.800000000000000000e+01 3.996999999999999886e+02
1.682777777780000008e+02 4.000000000000000000e+02
2.775000000000000000e+02 4.000000000000000000e+02
4.391153846149999822e+02 3.998846153850000178e+02
4.520882352940000146e+02 4.003823529410000219e+02
2.151999999999999886e+02 4.011999999999999886e+02
5.632222222220000276e+02 4.013888888889999862e+02
1.773750000000000000e+02 4.013750000000000000e+02
1.997307692310000107e+02 4.038846153850000178e+02
4.921428571399999896e+01 4.060000000000000000e+02
1.080000000000000000e+02 4.060000000000000000e+02
1.230000000000000000e+02 4.060000000000000000e+02
5.128636363639999445e+02 4.059545454550000159e+02
2.975000000000000000e+01 4.070833333329999846e+02
3.307142857140000274e+02 4.071428571430000147e+02
3.715000000000000000e+02 4.076739130430000273e+02
4.242058823529999927e+02 4.076176470589999781e+02
5.825000000000000000e+02 4.070000000000000000e+02
5.905000000000000000e+02 4.065000000000000000e+02
1.485999999999999943e+02 4.084499999999999886e+02
3.831153846149999822e+02 4.081153846149999822e+02
4.076578947369999923e+02 4.086578947369999923e+02
3.443095238099999733e+02 4.106428571430000147e+02
5.347857142860000295e+02 4.110000000000000000e+02
2.685000000000000000e+02 4.121470588239999984e+02
2.259782608700000139e+02 4.151086956519999944e+02
1.001250000000000000e+02 4.155000000000000000e+02
2.051666666669999870e+02 4.143888888889999862e+02
2.498846153849999894e+02 4.148846153850000178e+02
4.904499999999999886e+02 4.156000000000000227e+02
7.814285714300000052e+01 4.165714285710000127e+02
4.734523809519999986e+02 4.163095238099999733e+02
3.765500000000000114e+02 4.186000000000000227e+02
5.645000000000000000e+02 4.195000000000000000e+02
9.785714285999999262e+00 4.200000000000000000e+02
5.060000000000000142e+01 4.204499999999999886e+02
5.496176470589999781e+02 4.200882352940000146e+02
1.730000000000000000e+02 4.207857142859999726e+02
1.841153846150000106e+02 4.208846153850000178e+02
2.840333333329999732e+02 4.216333333329999959e+02
4.450000000000000000e+02 4.212142857140000274e+02
3.230000000000000000e+02 4.230000000000000000e+02
4.200000000000000000e+02 4.230555555560000016e+02
5.143999999999999773e+02 4.234499999999999886e+02
4.050000000000000000e+01 4.257857142859999726e+02
3.052857142859999726e+02 4.268571428569999853e+02
3.490000000000000000e+02 4.280000000000000000e+02
2.110000000000000142e+01 4.288999999999999773e+02
1.326500000000000057e+02 4.301999999999999886e+02
2.637307692310000107e+02 4.307307692310000107e+02
3.940000000000000000e+02 4.300000000000000000e+02
4.877727272729999868e+02 4.320000000000000000e+02
1.125000000000000000e+02 4.325000000000000000e+02
1.495909090909999861e+02 4.328636363640000013e+02
2.935000000000000000e+02 4.337857142859999726e+02
2.480882352939999862e+02 4.353823529410000219e+02
4.605000000000000000e+02 4.355000000000000000e+02
9.022222222199999919e+01 4.363888888889999862e+02
3.500000000000000000e+00 4.373000000000000114e+02
6.500000000000000000e+01 4.370000000000000000e+02
1.945000000000000000e+02 4.365000000000000000e+02
2.805000000000000000e+02 4.360000000000000000e+02
3.293999999999999773e+02 4.371999999999999886e+02
2.120000000000000000e+02 4.376999999999999886e+02
1.865384615400000001e+01 4.389615384620000214e+02
5.018421052600000110e+01 4.394473684210000215e+02
3.906250000000000000e+02 4.383750000000000000e+02
5.753823529410000219e+02 4.389117647059999854e+02
3.671363636359999987e+02 4.404090909089999855e+02
5.008636363640000013e+02 4.404090909089999855e+02
2.296818181820000007e+02 4.422272727270000132e+02
3.598333333329999846e+02 4.417222222220000276e+02
4.277222222220000276e+02 4.430000000000000000e+02
5.361000000000000227e+02 4.428999999999999773e+02
5.525000000000000000e+02 4.430000000000000000e+02
2.642142857140000274e+02 4.450000000000000000e+02
5.207000000000000455e+02 4.456999999999999886e+02
8.240000000000000568e+01 4.475500000000000114e+02
1.775555555560000016e+02 4.477222222220000276e+02
2.963999999999999773e+02 4.484499999999999886e+02
5.693999999999999773e+02 4.484499999999999886e+02
4.682777777779999724e+02 4.493888888889999862e+02
4.825000000000000000e+02 4.507105263160000277e+02
1.344444444439999984e+02 4.520000000000000000e+02
1.605000000000000000e+02 4.516052631580000138e+02
2.805000000000000000e+02 4.510000000000000000e+02
4.021000000000000227e+02 4.508999999999999773e+02
4.360000000000000000e+02 4.503000000000000114e+02
1.110714285709999984e+02 4.528809523809999860e+02
3.808846153850000178e+02 4.531153846149999822e+02
5.036578947369999923e+02 4.533421052630000077e+02
1.937105263159999993e+02 4.545000000000000000e+02
2.175909090909999861e+02 4.554090909089999855e+02
3.190000000000000000e+02 4.545000000000000000e+02
4.468333333329999846e+02 4.558333333329999846e+02
5.462500000000000000e+02 4.551250000000000000e+02
4.197777777779999724e+02 4.566111111110000138e+02
3.303333333300000163e+01 4.586333333329999959e+02
2.471363636359999987e+02 4.577727272729999868e+02
5.896538461540000071e+02 4.585000000000000000e+02
2.590000000000000000e+02 4.587857142859999726e+02
7.034210526299999344e+01 4.616578947369999923e+02
3.374090909089999855e+02 4.615909090910000145e+02
1.639473684200000037e+01 4.630789473680000015e+02
9.875000000000000000e+01 4.638333333329999846e+02
3.541363636359999987e+02 4.635909090910000145e+02
1.547142857139999990e+02 4.658571428569999853e+02
1.692500000000000000e+02 4.664166666670000154e+02
4.655000000000000000e+02 4.666000000000000227e+02
3.671153846149999822e+02 4.668846153850000178e+02
8.221428571399999896e+01 4.680000000000000000e+02
4.423888888889999862e+02 4.682222222220000276e+02
5.101666666670000154e+02 4.682500000000000000e+02
2.284230769229999964e+02 4.693461538459999929e+02
4.852500000000000000e+02 4.692500000000000000e+02
2.152777777780000008e+02 4.700000000000000000e+02
4.011000000000000227e+02 4.701499999999999773e+02
5.710000000000000000e+02 4.705000000000000000e+02
5.286578947369999923e+02 4.713421052630000077e+02
2.579666666670000268e+02 4.726333333329999959e+02
3.768333333329999846e+02 4.716111111110000138e+02
5.515000000000000000e+02 4.724444444439999984e+02
4.240000000000000000e+02 4.742142857140000274e+02
2.850000000000000000e+02 4.747857142859999726e+02
1.251923076920000000e+02 4.764230769229999964e+02
3.025000000000000000e+02 4.775000000000000000e+02
3.172142857140000274e+02 4.770000000000000000e+02
7.100000000000000000e+01 4.780000000000000000e+02
3.434499999999999886e+02 4.787500000000000000e+02
7.450000000000000178e+00 4.792500000000000000e+02
4.721428571399999896e+01 4.790000000000000000e+02
2.575000000000000000e+01 4.801666666670000154e+02
1.951363636359999987e+02 4.805909090910000145e+02
1.747777777780000008e+02 4.826111111110000138e+02
2.335833333330000130e+02 4.828333333329999846e+02
4.573000000000000114e+02 4.825000000000000000e+02
5.638999999999999773e+02 4.835400000000000205e+02
1.410000000000000000e+02 4.847222222220000276e+02
1.564285714289999873e+02 4.843571428569999853e+02
4.085000000000000000e+02 4.855000000000000000e+02
5.250384615379999786e+02 4.853461538459999929e+02
4.958125000000000000e+02 4.866875000000000000e+02
5.380000000000000000e+02 4.860000000000000000e+02
4.705000000000000000e+02 4.871315789469999800e+02
1.066052631579999996e+02 4.885000000000000000e+02
3.662142857140000274e+02 4.885000000000000000e+02
3.840000000000000000e+02 4.902142857140000274e+02
2.088846153849999894e+02 4.908846153850000178e+02
5.607142857099999844e+01 4.930714285710000127e+02
5.820882352940000146e+02 4.933823529410000219e+02
3.048076923080000142e+02 4.935000000000000000e+02
3.171250000000000000e+02 4.942500000000000000e+02
4.813823529410000219e+02 4.939117647059999854e+02
8.585714285699999948e+01 4.952857142859999726e+02
2.551153846150000106e+02 4.948846153850000178e+02
4.850000000000000000e+01 4.963000000000000114e+02
2.815500000000000114e+02 4.963999999999999773e+02
1.230000000000000000e+02 4.975000000000000000e+02
7.300000000000000000e+01 4.980000000000000000e+02
3.544444444399999838e+01 4.992777777779999724e+02
1.548636363640000013e+02 4.994090909089999855e+02
1.750454545450000126e+02 4.998636363640000013e+02
4.377857142859999726e+02 5.000000000000000000e+02
5.398636363639999445e+02 5.004090909089999855e+02
5.692142857139999705e+02 5.015714285710000127e+02
2.603750000000000000e+02 5.028125000000000000e+02
4.186333333329999959e+02 5.020333333329999732e+02
5.265909090909999577e+02 5.031363636359999987e+02
2.237307692310000107e+02 5.037307692310000107e+02
3.428750000000000000e+02 5.042500000000000000e+02
3.984047619049999867e+02 5.049285714289999873e+02
5.250000000000000000e+00 5.056499999999999773e+02
1.958846153849999894e+02 5.051153846149999822e+02
3.638333333329999846e+02 5.047500000000000000e+02
4.591153846149999822e+02 5.048846153850000178e+02
1.075000000000000000e+02 5.060000000000000000e+02
1.453750000000000000e+02 5.063750000000000000e+02
2.429000000000000057e+02 5.058999999999999773e+02
5.038076923080000142e+02 5.055000000000000000e+02
4.768333333329999846e+02 5.095833333329999846e+02
3.125833333329999846e+02 5.111666666670000154e+02
3.803421052630000077e+02 5.115526315789999785e+02
2.000000000000000000e+01 5.120000000000000000e+02
2.991153846149999822e+02 5.118846153850000178e+02
9.232352941199999918e+01 5.135588235290000512e+02
2.828999999999999773e+02 5.141000000000000227e+02
4.518846153850000178e+02 5.141153846150000390e+02
4.912894736839999723e+02 5.145000000000000000e+02
3.549210526319999985e+02 5.156052631579999570e+02
5.796000000000000227e+02 5.154500000000000455e+02
4.450000000000000000e+01 5.160000000000000000e+02
3.322500000000000000e+02 5.161666666669999586e+02
5.400000000000000000e+02 5.165000000000000000e+02
6.925000000000000000e+01 5.179500000000000455e+02
1.758636363640000013e+02 5.180454545449999841e+02
2.125666666669999927e+02 5.188999999999999773e+02
1.336333333329999959e+02 5.199666666670000268e+02
4.321428571430000147e+02 5.207142857139999705e+02
9.559999999999999432e+01 5.225499999999999545e+02
1.589347826089999955e+02 5.245000000000000000e+02
2.255000000000000000e+02 5.237000000000000455e+02
2.678333333329999846e+02 5.244166666669999586e+02
5.598333333330000414e+02 5.242333333330000187e+02
1.166666667000000102e+00 5.270000000000000000e+02
2.013750000000000000e+02 5.268125000000000000e+02
3.172777777779999724e+02 5.260000000000000000e+02
3.438235294100000061e+01 5.270882352940000146e+02
5.166578947369999923e+02 5.275526315790000353e+02
3.844166666670000154e+02 5.278333333330000414e+02
4.101470588239999984e+02 5.279705882350000365e+02
2.522894736840000007e+02 5.305000000000000000e+02
2.766818181819999722e+02 5.307727272729999868e+02
5.580000000000000000e+02 5.325000000000000000e+02
1.153571428569999995e+02 5.336904761900000267e+02
2.173000000000000114e+02 5.325000000000000000e+02
4.236999999999999886e+02 5.332999999999999545e+02
5.000000000000000000e+01 5.340000000000000000e+02
5.376052631579999570e+02 5.339210526320000554e+02
4.436111111110000138e+02 5.352222222220000276e+02
4.897777777779999724e+02 5.363888888889999862e+02
3.250000000000000000e+01 5.375000000000000000e+02
4.673888888889999862e+02 5.379444444440000552e+02
5.889117647059999854e+02 5.376176470589999781e+02
1.676818181820000007e+02 5.403181818179999709e+02
3.713421052630000077e+02 5.403421052630000077e+02
5.205000000000000000e+02 5.395000000000000000e+02
2.279375000000000000e+02 5.417500000000000000e+02
3.010384615379999786e+02 5.406538461540000071e+02
1.475000000000000000e+01 5.422500000000000000e+02
3.897500000000000000e+02 5.431250000000000000e+02
5.037941176470000073e+02 5.432647058820000439e+02
3.501923076919999858e+02 5.445769230769999467e+02
1.285625000000000000e+02 5.451875000000000000e+02
1.512142857139999990e+02 5.450000000000000000e+02
2.667857142859999726e+02 5.450000000000000000e+02
3.355909090910000145e+02 5.465909090909999577e+02
7.726470588200000122e+01 5.477352941179999561e+02
4.081428571430000147e+02 5.477142857139999705e+02
1.930000000000000000e+02 5.490000000000000000e+02
2.050999999999999943e+02 5.491000000000000227e+02
1.082222222219999992e+02 5.526111111110000138e+02
1.411538461499999997e+01 5.531153846150000390e+02
2.840000000000000000e+02 5.530000000000000000e+02
3.111153846149999822e+02 5.531153846150000390e+02
5.750000000000000000e+01 5.532142857139999705e+02
4.785000000000000000e+02 5.540000000000000000e+02
3.338888888900000040e+01 5.562222222220000276e+02
2.493421052630000077e+02 5.563421052630000077e+02
5.333461538459999929e+02 5.559615384620000214e+02
2.321153846150000106e+02 5.571153846150000390e+02
3.756333333329999959e+02 5.570333333329999732e+02
4.547142857140000274e+02 5.567857142860000295e+02
5.715000000000000000e+02 5.585000000000000000e+02
4.273823529410000219e+02 5.590882352940000146e+02
5.500000000000000000e+02 5.597222222220000276e+02
8.434615384600000709e+01 5.597307692309999538e+02
3.028999999999999773e+02 5.598999999999999773e+02
3.641666666670000154e+02 5.615000000000000000e+02
1.680999999999999943e+02 5.631000000000000227e+02
4.955000000000000000e+02 5.631666666669999586e+02
5.160000000000000000e+02 5.635000000000000000e+02
3.200000000000000000e+02 5.645000000000000000e+02
