8.642857143000000519e+00 1.428571429000000004e+00
4.870000000000000284e+01 2.000000000000000000e+00
1.529000000000000057e+02 1.899999999999999911e+00
1.727857142860000010e+02 9.285714290000000037e-01
2.488636363640000013e+02 1.409090908999999892e+00
2.975000000000000000e+02 5.000000000000000000e-01
3.365000000000000000e+02 5.000000000000000000e-01
4.300000000000000000e+02 8.333333330000000094e-01
5.506428571430000147e+02 7.857142860000000395e-01
5.881666666669999586e+02 4.833333332999999676e+00
3.150000000000000000e+02 5.000000000000000000e+00
1.961470588239999984e+02 5.970588235000000132e+00
2.291363636359999987e+02 7.045454545000000124e+00
4.039705882349999797e+02 7.852941175999999857e+00
4.727857142859999726e+02 7.000000000000000000e+00
5.280000000000000000e+02 7.000000000000000000e+00
3.287500000000000000e+02 7.875000000000000000e+00
2.855263157899999982e+01 9.657894736999999452e+00
2.626578947369999923e+02 9.342105263000000548e+00
2.825000000000000000e+02 9.147058824000000143e+00
3.510000000000000000e+02 9.000000000000000000e+00
3.736428571430000147e+02 9.690476190000000045e+00
5.027500000000000000e+02 9.250000000000000000e+00
5.609545454550000159e+02 8.863636363999999546e+00
7.129999999999999716e+01 9.500000000000000000e+00
4.901000000000000227e+02 1.109999999999999964e+01
1.019500000000000028e+02 1.425000000000000000e+01
2.120000000000000000e+02 1.350000000000000000e+01
4.556818181819999722e+02 1.322727272700000078e+01
3.083571428569999853e+02 1.583333333300000056e+01
4.257777777779999724e+02 1.561111111099999960e+01
9.521428571399999896e+01 1.600000000000000000e+01
1.403823529409999935e+02 1.761764705899999939e+01
1.815000000000000000e+02 1.750000000000000000e+01
3.895909090910000145e+02 1.831818181799999934e+01
4.440000000000000000e+02 1.850000000000000000e+01
4.706578947369999923e+02 1.934210526300000055e+01
5.458750000000000000e+02 1.950000000000000000e+01
3.761250000000000000e+02 2.050000000000000000e+01
1.585000000000000000e+02 2.200000000000000000e+01
3.226111111110000138e+02 2.277777777800000081e+01
3.484599999999999795e+02 2.289999999999999858e+01
2.401428571429999863e+02 2.371428571399999896e+01
5.550000000000000000e+01 2.400000000000000000e+01
5.150000000000000000e+02 2.450000000000000000e+01
5.659117647059999854e+02 2.461764705899999939e+01
4.905714285710000127e+02 2.535714285699999948e+01
5.817777777779999724e+02 2.661111111099999960e+01
7.311904761899999983e+01 2.773809523799999965e+01
1.265499999999999972e+02 2.839999999999999858e+01
3.931666666670000154e+02 2.761111111099999960e+01
1.850000000000000000e+01 3.050000000000000000e+01
1.090333333330000016e+02 3.036666666700000050e+01
1.786111111110000138e+02 3.077777777800000081e+01
2.743888888889999862e+02 2.983333333299999879e+01
2.047666666670000097e+02 3.183333333299999879e+01
2.835000000000000000e+02 3.200000000000000000e+01
4.506000000000000227e+02 3.254999999999999716e+01
5.036904761900000267e+02 3.235714285699999948e+01
2.562500000000000000e+02 3.283333333299999879e+01
3.661153846149999822e+02 3.288461538499999648e+01
2.159166666669999870e+02 3.425000000000000000e+01
5.347500000000000000e+02 3.450000000000000000e+01
4.128846153850000178e+02 3.488461538499999648e+01
3.100833333329999846e+02 3.641666666700000121e+01
7.818181818000000227e+00 3.754545454499999835e+01
1.394375000000000000e+02 3.725000000000000000e+01
4.279117647059999854e+02 3.761764705899999939e+01
4.121428571399999896e+01 3.707142857099999844e+01
7.068750000000000000e+01 4.068750000000000000e+01
5.277352941179999561e+02 4.026470588200000122e+01
1.640000000000000000e+02 4.100000000000000000e+01
2.405909090909999861e+02 4.113636363599999868e+01
3.385000000000000000e+02 4.100000000000000000e+01
3.811000000000000227e+02 4.120000000000000284e+01
5.567222222220000276e+02 4.100000000000000000e+01
2.989117647059999854e+02 4.261764705899999939e+01
2.660000000000000000e+02 4.300000000000000000e+01
5.728999999999999773e+02 4.289999999999999858e+01
4.015625000000000000e+02 4.418750000000000000e+01
3.900000000000000000e+01 4.572222222199999919e+01
1.137777777780000008e+02 4.538888888900000040e+01
3.689666666670000268e+02 4.636666666699999695e+01
5.387500000000000000e+02 4.583333333299999879e+01
2.210000000000000142e+01 4.689999999999999858e+01
4.793823529410000219e+02 4.708823529400000041e+01
8.879166666700000121e+01 4.850000000000000000e+01
1.970588234999999910e+00 4.914705882399999837e+01
2.334090909090000139e+02 4.940909090899999967e+01
3.310454545449999841e+02 4.986363636400000132e+01
4.387500000000000000e+02 5.050000000000000000e+01
1.990999999999999943e+02 5.110000000000000142e+01
4.922142857140000274e+02 5.200000000000000000e+01
1.464000000000000057e+02 5.345000000000000284e+01
3.532500000000000000e+02 5.356250000000000000e+01
4.618529411760000016e+02 5.297058823500000102e+01
3.188846153850000178e+02 5.388461538499999648e+01
1.075000000000000000e+02 5.470000000000000284e+01
1.813750000000000000e+02 5.595833333299999879e+01
2.868999999999999773e+02 5.489999999999999858e+01
3.911153846149999822e+02 5.788461538499999648e+01
4.146904761900000267e+02 5.854761904800000138e+01
2.573888888889999862e+02 5.922222222199999919e+01
6.713157894699999417e+01 6.050000000000000000e+01
1.241363636359999987e+02 5.940909090899999967e+01
5.828636363639999445e+02 5.995454545500000165e+01
1.648846153849999894e+02 6.111538461500000352e+01
3.442857142859999726e+02 6.114285714300000052e+01
5.564523809519999986e+02 6.130952381000000173e+01
4.790000000000000000e+02 6.200000000000000000e+01
5.170384615379999786e+02 6.165384615400000001e+01
9.163333333299999595e+01 6.296666666699999837e+01
5.703888888889999862e+02 6.305555555600000162e+01
3.794411764710000057e+02 6.514705882399999837e+01
5.348571428569999853e+02 6.571428571399999896e+01
2.788461538500000003e+01 6.611538461499999642e+01
3.984499999999999886e+02 6.759999999999999432e+01
4.269117647059999854e+02 6.961764705900000649e+01
4.946333333329999959e+02 6.903333333300000163e+01
5.150000000000000000e+01 7.085294117600000163e+01
2.006176470590000065e+02 7.008823529400000041e+01
2.133666666670000041e+02 7.003333333300000163e+01
3.130000000000000000e+02 7.000000000000000000e+01
2.376176470590000065e+02 7.208823529400000041e+01
3.532222222220000276e+02 7.366666666700000121e+01
4.461666666670000154e+02 7.261111111099999960e+01
1.453666666670000041e+02 7.503333333300000163e+01
4.628750000000000000e+02 7.575000000000000000e+01
9.099999999999999645e+00 7.609999999999999432e+01
7.257692307700000356e+01 7.580769230800000003e+01
2.678999999999999773e+02 7.609999999999999432e+01
5.136250000000000000e+02 7.687500000000000000e+01
2.854499999999999886e+02 7.759999999999999432e+01
2.955000000000000000e+02 7.670000000000000284e+01
5.684375000000000000e+02 7.737500000000000000e+01
5.697058823500000102e+01 7.814705882399999837e+01
1.135000000000000000e+02 8.029999999999999716e+01
1.285000000000000000e+02 8.000000000000000000e+01
1.736428571429999863e+02 8.230952381000000173e+01
2.297142857139999990e+02 8.214285714300000052e+01
4.831875000000000000e+02 8.237500000000000000e+01
4.182222222220000276e+02 8.361111111099999960e+01
3.500000000000000000e+01 8.500000000000000000e+01
3.268750000000000000e+02 8.525000000000000000e+01
3.922777777779999724e+02 8.594444444399999838e+01
5.332647058820000439e+02 8.573529411799999878e+01
2.365000000000000000e+02 8.500000000000000000e+01
1.595000000000000000e+02 8.700000000000000000e+01
3.131000000000000227e+02 8.809999999999999432e+01
3.709399999999999977e+02 8.918000000000000682e+01
9.305555555600000162e+01 8.938888888900000040e+01
5.471470588240000552e+02 8.950000000000000000e+01
5.010000000000000000e+02 9.050000000000000000e+01
2.565909090910000145e+02 9.340909090899999967e+01
4.481153846149999822e+02 9.311538461499999642e+01
5.877222222220000276e+02 9.300000000000000000e+01
2.147352941180000130e+02 9.426470588200000122e+01
5.707222222220000276e+02 9.500000000000000000e+01
1.150000000000000000e+02 9.650000000000000000e+01
7.900000000000000000e+01 9.800000000000000000e+01
1.260999999999999943e+02 9.909999999999999432e+01
4.352500000000000000e+02 9.965000000000000568e+01
5.318846153849999610e+02 9.911538461499999642e+01
6.129999999999999716e+01 9.950000000000000000e+01
1.781153846150000106e+02 9.988461538500000358e+01
1.954375000000000000e+02 1.003750000000000000e+02
4.682857142859999726e+02 1.001428571430000005e+02
2.729285714289999873e+02 1.015000000000000000e+02
3.002272727270000132e+02 1.020000000000000000e+02
3.516176470589999781e+02 1.010882352940000004e+02
3.662500000000000000e+01 1.033125000000000000e+02
3.236176470589999781e+02 1.043823529409999935e+02
4.058999999999999773e+02 1.040999999999999943e+02
1.322222222199999919e+01 1.053888888890000004e+02
2.335555555560000016e+02 1.057222222219999992e+02
2.465000000000000000e+02 1.055000000000000000e+02
4.594230769229999964e+02 1.073461538460000071e+02
4.961666666670000154e+02 1.075000000000000000e+02
8.909999999999999432e+01 1.079000000000000057e+02
1.500000000000000000e+02 1.080000000000000000e+02
3.860000000000000000e+02 1.087857142860000010e+02
5.490000000000000000e+02 1.107727272730000010e+02
3.027777777800000081e+01 1.114444444439999984e+02
3.640882352940000146e+02 1.116176470590000065e+02
5.612142857139999705e+02 1.120000000000000000e+02
6.568181818200000066e+01 1.137727272730000010e+02
3.142777777779999724e+02 1.134444444439999984e+02
2.103461538459999929e+02 1.140384615380000071e+02
1.665000000000000000e+02 1.150000000000000000e+02
4.690000000000000000e+02 1.150000000000000000e+02
2.602894736839999723e+02 1.165000000000000000e+02
4.276333333329999959e+02 1.159666666669999984e+02
4.062647058819999870e+02 1.172647058820000012e+02
5.155000000000000000e+02 1.170000000000000000e+02
1.935000000000000000e+02 1.176666666670000012e+02
2.209000000000000057e+02 1.179000000000000057e+02
3.388333333329999846e+02 1.177500000000000000e+02
4.516111111110000138e+02 1.181666666670000012e+02
1.051153846149999964e+02 1.188846153850000036e+02
1.261153846149999964e+02 1.188846153850000036e+02
9.142857143000000519e+00 1.204285714290000016e+02
5.830000000000000000e+02 1.197857142860000010e+02
2.407857142860000010e+02 1.205000000000000000e+02
2.935000000000000000e+02 1.211470588239999984e+02
5.397857142860000295e+02 1.210000000000000000e+02
1.513421052630000077e+02 1.226578947370000066e+02
4.821428571399999896e+01 1.240000000000000000e+02
1.672894736840000007e+02 1.241315789469999942e+02
3.208999999999999773e+02 1.240999999999999943e+02
4.926904761900000267e+02 1.253571428569999995e+02
5.557857142860000295e+02 1.260000000000000000e+02
1.725598669620000010e+02 1.478481152989999998e+02
3.626999999999999886e+02 1.290000000000000000e+02
4.448571428569999853e+02 1.302857142860000010e+02
8.662500000000000000e+01 1.303750000000000000e+02
7.283333333299999879e+01 1.322500000000000000e+02
4.300000000000000000e+02 1.325000000000000000e+02
2.791153846149999822e+02 1.328846153849999894e+02
3.719285714289999873e+02 1.335000000000000000e+02
3.896176470589999781e+02 1.329117647060000138e+02
3.625000000000000000e+01 1.345625000000000000e+02
2.146999999999999886e+02 1.360000000000000000e+02
5.252222222220000276e+02 1.353888888889999862e+02
5.707500000000000000e+02 1.348333333330000130e+02
4.700000000000000000e+02 1.360000000000000000e+02
1.177500000000000000e+02 1.377500000000000000e+02
4.810000000000000000e+02 1.375000000000000000e+02
1.322857142860000010e+02 1.388571428570000137e+02
2.333421052630000077e+02 1.396578947369999923e+02
2.512857142860000010e+02 1.400714285710000127e+02
2.100000000000000000e+01 1.410000000000000000e+02
3.150384615379999786e+02 1.413461538459999929e+02
5.011875000000000000e+02 1.414375000000000000e+02
5.802142857139999705e+02 1.410000000000000000e+02
2.975000000000000000e+02 1.420000000000000000e+02
1.073529411800000055e+01 1.432647058819999870e+02
1.426111111110000138e+02 1.437777777780000008e+02
3.360000000000000000e+02 1.430000000000000000e+02
3.602222222220000276e+02 1.437777777780000008e+02
4.154473684210000215e+02 1.441315789470000084e+02
1.772142857139999990e+02 1.448571428570000137e+02
5.437857142860000295e+02 1.460000000000000000e+02
2.153000000000000114e+02 1.495000000000000000e+02
4.518750000000000000e+02 1.507500000000000000e+02
5.534285714290000442e+02 1.503571428570000137e+02
8.640476190500000087e+01 1.516904761899999983e+02
1.980384615380000071e+02 1.513461538459999929e+02
2.492500000000000000e+02 1.515000000000000000e+02
3.397631578950000062e+02 1.511315789470000084e+02
4.450000000000000000e+01 1.531315789470000084e+02
1.250999999999999943e+02 1.535666666669999927e+02
4.295000000000000000e+02 1.530000000000000000e+02
5.207500000000000000e+02 1.538125000000000000e+02
1.071956521740000028e+02 1.552826086960000112e+02
3.965555555560000016e+02 1.557222222219999992e+02
2.838999999999999773e+02 1.569000000000000057e+02
4.894523809519999986e+02 1.576904761899999983e+02
6.975000000000000000e+01 1.587500000000000000e+02
2.596111111110000138e+02 1.592222222219999992e+02
1.865000000000000000e+02 1.601190476190000140e+02
4.763421052630000077e+02 1.603421052630000077e+02
1.653846154000000013e+00 1.610384615380000071e+02
2.315000000000000000e+02 1.615000000000000000e+02
3.787142857140000274e+02 1.608571428570000137e+02
3.495000000000000000e+02 1.616999999999999886e+02
2.122272727270000132e+02 1.627727272729999868e+02
3.113636363640000013e+02 1.642272727270000132e+02
5.763571428569999853e+02 1.633095238100000017e+02
2.765000000000000000e+02 1.630000000000000000e+02
1.072222222199999919e+01 1.650000000000000000e+02
4.432142857140000274e+02 1.650000000000000000e+02
5.400384615379999786e+02 1.646538461540000071e+02
5.178999999999999773e+02 1.660999999999999943e+02
1.260000000000000000e+02 1.692142857139999990e+02
4.563888888889999862e+02 1.697777777780000008e+02
2.550000000000000000e+01 1.705000000000000000e+02
3.290000000000000000e+02 1.697857142860000010e+02
4.072500000000000000e+02 1.697500000000000000e+02
4.600000000000000000e+01 1.712142857139999990e+02
1.528846153849999894e+02 1.718846153849999894e+02
2.856250000000000000e+02 1.733750000000000000e+02
4.333421052630000077e+02 1.741842105259999869e+02
7.075000000000000000e+01 1.757500000000000000e+02
1.706578947369999923e+02 1.756578947369999923e+02
5.357105263160000277e+02 1.758684210529999916e+02
2.398684210529999916e+02 1.762894736840000007e+02
4.826578947369999923e+02 1.766578947369999923e+02
3.398846153850000178e+02 1.768846153849999894e+02
5.011470588239999984e+02 1.770294117649999919e+02
5.596333333329999959e+02 1.769666666669999984e+02
1.006578947370000066e+02 1.786578947369999923e+02
3.700000000000000178e+00 1.787666666670000097e+02
1.982500000000000000e+02 1.797500000000000000e+02
3.579117647059999854e+02 1.796176470590000065e+02
3.707352941180000130e+02 1.802647058819999870e+02
4.426111111110000138e+02 1.807777777780000008e+02
5.855000000000000000e+02 1.800000000000000000e+02
1.435000000000000000e+02 1.815000000000000000e+02
2.209499999999999886e+02 1.815999999999999943e+02
3.899210526319999985e+02 1.813947368419999862e+02
4.111153846149999822e+02 1.828846153849999894e+02
8.383333333299999879e+01 1.842333333329999903e+02
2.286363636400000132e+01 1.844090909090000139e+02
2.856578947369999923e+02 1.856578947369999923e+02
3.028529411760000016e+02 1.855000000000000000e+02
1.191250000000000000e+02 1.867500000000000000e+02
4.939999999999999858e+01 1.875500000000000114e+02
3.171428571430000147e+02 1.877857142860000010e+02
2.553888888889999862e+02 1.897777777780000008e+02
4.650000000000000000e+02 1.890000000000000000e+02
1.830000000000000000e+02 1.900000000000000000e+02
1.431818181799999934e+01 1.906818181820000007e+02
5.767105263160000277e+02 1.915000000000000000e+02
5.245499999999999545e+02 1.924000000000000057e+02
2.105000000000000000e+02 1.935000000000000000e+02
2.730000000000000000e+02 1.932142857139999990e+02
3.541470588239999984e+02 1.955000000000000000e+02
4.292142857140000274e+02 1.950000000000000000e+02
4.622619047619999719e+02 1.968809523809999860e+02
3.454545454499999835e+01 1.977727272729999868e+02
1.692142857139999990e+02 1.970000000000000000e+02
4.857500000000000000e+02 1.972500000000000000e+02
7.961111111099999960e+01 1.982222222219999992e+02
2.855000000000000000e+02 1.980000000000000000e+02
1.042647058820000012e+02 1.992647058819999870e+02
3.727777777779999724e+02 2.006111111110000138e+02
8.750000000000000000e-01 2.015000000000000000e+02
2.396999999999999886e+02 2.007666666670000097e+02
2.240833333330000130e+02 2.017500000000000000e+02
1.288846153849999894e+02 2.031153846150000106e+02
1.440000000000000000e+02 2.035000000000000000e+02
5.040294117650000203e+02 2.031470588239999984e+02
5.516666666669999586e+02 2.032222222219999992e+02
5.320000000000000000e+02 2.040000000000000000e+02
8.581250000000000000e+01 2.063750000000000000e+02
3.951363636359999987e+02 2.060454545450000126e+02
4.487500000000000000e+02 2.060833333330000130e+02
2.630454545449999841e+02 2.076818181820000007e+02
3.311315789469999800e+02 2.072894736840000007e+02
6.561764705900000649e+01 2.080882352939999862e+02
3.016000000000000227e+02 2.084499999999999886e+02
4.900000000000000000e+01 2.100000000000000000e+02
2.737173913039999888e+02 2.104130434779999916e+02
5.691000000000000227e+02 2.110999999999999943e+02
1.303823529409999935e+02 2.120882352939999862e+02
3.210000000000000000e+02 2.120000000000000000e+02
4.157173913039999888e+02 2.131086956519999944e+02
1.550000000000000000e+02 2.130000000000000000e+02
1.953421052630000077e+02 2.133421052630000077e+02
1.500000000000000000e+00 2.136999999999999886e+02
2.161764705899999939e+01 2.140882352939999862e+02
1.205625000000000000e+02 2.152500000000000000e+02
5.187000000000000455e+02 2.145000000000000000e+02
4.368846153850000178e+02 2.158846153849999894e+02
9.832352941199999918e+01 2.173235294119999992e+02
7.050000000000000000e+01 2.175000000000000000e+02
3.498684210530000200e+02 2.182894736840000007e+02
3.831666666670000154e+02 2.173888888889999862e+02
4.815000000000000000e+02 2.201666666669999870e+02
5.067500000000000000e+02 2.198333333330000130e+02
3.702894736839999723e+02 2.215000000000000000e+02
2.341153846150000106e+02 2.222692307689999893e+02
2.858904761900000153e+02 2.266142857140000046e+02
4.503461538459999929e+02 2.219615384619999929e+02
5.411190476189999572e+02 2.231190476190000140e+02
5.870000000000000000e+02 2.217857142860000010e+02
1.730294117649999919e+02 2.241470588239999984e+02
2.113181818179999993e+02 2.236818181820000007e+02
5.560000000000000000e+02 2.250000000000000000e+02
2.472222222219999992e+02 2.263888888889999862e+02
6.083333333299999879e+01 2.272500000000000000e+02
2.473529411799999878e+01 2.287941176470000073e+02
4.095000000000000000e+02 2.280000000000000000e+02
3.115769230770000036e+02 2.325000000000000000e+02
3.340000000000000000e+02 2.325000000000000000e+02
1.628125000000000000e+02 2.333750000000000000e+02
5.767000000000000455e+02 2.340000000000000000e+02
8.585294117600000163e+01 2.345000000000000000e+02
5.185909090909999577e+02 2.338636363640000013e+02
1.048333333329999988e+02 2.352333333329999903e+02
1.465999999999999943e+02 2.351999999999999886e+02
3.647142857140000274e+02 2.348571428570000137e+02
4.482500000000000000e+02 2.351666666669999870e+02
1.320000000000000000e+02 2.360000000000000000e+02
2.206111111110000138e+02 2.369444444439999984e+02
3.842619047619999719e+02 2.368809523809999860e+02
4.650000000000000000e+02 2.362777777780000008e+02
4.925000000000000000e+02 2.368529411760000016e+02
4.428947368400000073e+01 2.375526315790000069e+02
1.999117647060000138e+02 2.376176470590000065e+02
2.674444444439999984e+02 2.372777777780000008e+02
4.232894736839999723e+02 2.375000000000000000e+02
2.865526315789999785e+02 2.398684210529999916e+02
7.131578947000000390e+00 2.427105263159999993e+02
5.288529411759999448e+02 2.425000000000000000e+02
6.700000000000000000e+01 2.432142857139999990e+02
3.796538461540000071e+02 2.430384615380000071e+02
4.043999999999999773e+02 2.438000000000000114e+02
5.105000000000000000e+02 2.439285714289999873e+02
2.455000000000000000e+02 2.455000000000000000e+02
4.350333333329999732e+02 2.453666666670000041e+02
2.681470588239999984e+02 2.459705882350000081e+02
5.560000000000000000e+02 2.465000000000000000e+02
2.095000000000000000e+02 2.480000000000000000e+02
3.283823529410000219e+02 2.480882352939999862e+02
8.813157894699999417e+01 2.500263157889999945e+02
3.478636363640000013e+02 2.484090909090000139e+02
1.762500000000000000e+02 2.498333333330000130e+02
3.676818181819999722e+02 2.496818181820000007e+02
4.684090909089999855e+02 2.511363636359999987e+02
1.477857142860000010e+02 2.520000000000000000e+02
5.905000000000000000e+02 2.505000000000000000e+02
2.327777777800000081e+01 2.530000000000000000e+02
4.211538461500000352e+01 2.531153846150000106e+02
4.562894736839999723e+02 2.548684210529999916e+02
4.876538461540000071e+02 2.540384615380000071e+02
2.855000000000000000e+02 2.553333333330000130e+02
4.996000000000000227e+02 2.551999999999999886e+02
1.106333333329999959e+02 2.560333333329999732e+02
5.755000000000000000e+02 2.578529411760000016e+02
1.323888888889999862e+02 2.582222222220000276e+02
1.995000000000000000e+02 2.597916666670000154e+02
5.493333333330000414e+02 2.595416666670000154e+02
2.306578947369999923e+02 2.606578947369999923e+02
2.566363636359999987e+02 2.618181818180000278e+02
3.056578947369999923e+02 2.614473684210000215e+02
3.923125000000000000e+02 2.613125000000000000e+02
4.133823529410000219e+02 2.620882352940000146e+02
1.022222222199999919e+01 2.646111111110000138e+02
3.188333333329999846e+02 2.643571428569999853e+02
5.868750000000000000e+02 2.647500000000000000e+02
5.914999999999999858e+01 2.661499999999999773e+02
4.255909090910000145e+02 2.654090909089999855e+02
5.229615384620000214e+02 2.646538461540000071e+02
1.160000000000000000e+02 2.660000000000000000e+02
1.498846153849999894e+02 2.661153846149999822e+02
1.709000000000000057e+02 2.661000000000000227e+02
5.620000000000000000e+02 2.670000000000000000e+02
3.540333333329999732e+02 2.693666666670000041e+02
1.071086956519999944e+02 2.707173913039999888e+02
4.563571428569999853e+02 2.718571428569999853e+02
1.913421052630000077e+02 2.726578947369999923e+02
4.418750000000000000e+02 2.729375000000000000e+02
5.074444444439999984e+02 2.727222222220000276e+02
3.925000000000000000e+01 2.732500000000000000e+02
2.715000000000000000e+02 2.738529411760000016e+02
3.323666666670000041e+02 2.749666666670000268e+02
3.803888888889999862e+02 2.748333333329999846e+02
4.728571428569999853e+02 2.752142857140000274e+02
8.590000000000000568e+01 2.758999999999999773e+02
4.930000000000000000e+02 2.765000000000000000e+02
1.326333333329999959e+02 2.768333333329999846e+02
1.541999999999999886e+02 2.781999999999999886e+02
3.949545454550000159e+02 2.781363636359999987e+02
2.045000000000000000e+02 2.795000000000000000e+02
2.445000000000000000e+02 2.790000000000000000e+02
3.001363636359999987e+02 2.795909090910000145e+02
5.737777777779999724e+02 2.803888888889999862e+02
6.425000000000000000e+01 2.811666666670000154e+02
1.745000000000000000e+02 2.806666666670000154e+02
5.399615384620000214e+02 2.816538461540000071e+02
3.670000000000000000e+02 2.830000000000000000e+02
4.067307692310000107e+02 2.841923076919999858e+02
4.434615384599999999e+01 2.849615384620000214e+02
2.875000000000000000e+02 2.850000000000000000e+02
3.180000000000000000e+02 2.853333333329999846e+02
1.507142857100000022e+01 2.865952380950000133e+02
2.573750000000000000e+02 2.866666666670000154e+02
2.280000000000000000e+02 2.872142857140000274e+02
3.851000000000000227e+02 2.871000000000000227e+02
3.444473684210000215e+02 2.887105263160000277e+02
4.765000000000000000e+02 2.885000000000000000e+02
1.880333333330000016e+02 2.900333333329999732e+02
4.428529411760000016e+02 2.890294117650000203e+02
4.901818181819999722e+02 2.896363636359999987e+02
5.521000000000000227e+02 2.891000000000000227e+02
2.696250000000000000e+02 2.923750000000000000e+02
4.585526315789999785e+02 2.938157894739999847e+02
9.600000000000000000e+01 2.945000000000000000e+02
1.120000000000000000e+02 2.945000000000000000e+02
2.097666666670000097e+02 2.958333333329999846e+02
5.853750000000000000e+02 2.961875000000000000e+02
2.525000000000000000e+01 2.969375000000000000e+02
2.363461538459999929e+02 2.970384615379999786e+02
4.262500000000000000e+02 2.968750000000000000e+02
5.565476190480000014e+02 2.977380952380000281e+02
3.044090909089999855e+02 2.984090909089999855e+02
1.230000000000000000e+02 2.992777777779999724e+02
1.525000000000000000e+02 2.988333333329999846e+02
5.290000000000000000e+02 3.005000000000000000e+02
6.716666666700000121e+01 3.005833333329999846e+02
4.083888888889999862e+02 3.027777777779999724e+02
3.839375000000000000e+02 3.037500000000000000e+02
3.670000000000000000e+02 3.042142857140000274e+02
9.961764705900000649e+01 3.049117647059999854e+02
2.825000000000000000e+02 3.052333333330000187e+02
3.296052631580000138e+02 3.050789473680000015e+02
1.709117647060000138e+02 3.066176470589999781e+02
1.833333332999999898e+00 3.075000000000000000e+02
1.448333333330000130e+02 3.075000000000000000e+02
5.091000000000000227e+02 3.081000000000000227e+02
3.989999999999999858e+01 3.091000000000000227e+02
2.192222222219999992e+02 3.106111111110000138e+02
2.560882352940000146e+02 3.106176470589999781e+02
3.431666666670000154e+02 3.102500000000000000e+02
7.570000000000000284e+01 3.105000000000000000e+02
3.228333333329999846e+02 3.125000000000000000e+02
5.751153846150000390e+02 3.121153846149999822e+02
1.973421052630000077e+02 3.133421052630000077e+02
4.445000000000000000e+02 3.130000000000000000e+02
2.128947368400000073e+01 3.147631578950000062e+02
1.751153846150000106e+02 3.141153846149999822e+02
4.852222222220000276e+02 3.146111111110000138e+02
5.383947368420000430e+02 3.179210526319999985e+02
2.380000000000000000e+02 3.182142857140000274e+02
7.391666666700000121e+01 3.187500000000000000e+02
3.350000000000000000e+02 3.185000000000000000e+02
4.668999999999999773e+02 3.188999999999999773e+02
5.031250000000000000e+02 3.210625000000000000e+02
5.500000000000000000e+02 3.212777777779999724e+02
1.219782608699999997e+02 3.229782608699999855e+02
1.695952380950000133e+02 3.227380952380000281e+02
2.924090909089999855e+02 3.224090909089999855e+02
3.146333333329999959e+02 3.219666666670000268e+02
5.902999999999999545e+02 3.221000000000000227e+02
3.570454545449999841e+02 3.246363636359999987e+02
4.118846153850000178e+02 3.238846153850000178e+02
9.617647058999999388e+00 3.249117647059999854e+02
5.183333333299999879e+01 3.252500000000000000e+02
5.755000000000000000e+02 3.250000000000000000e+02
3.241304347799999874e+01 3.269347826090000240e+02
3.974565217389999816e+02 3.278913043480000056e+02
4.288846153850000178e+02 3.268846153850000178e+02
2.670333333329999732e+02 3.283666666670000041e+02
3.783823529410000219e+02 3.280882352940000146e+02
4.651666666670000154e+02 3.277500000000000000e+02
9.454999999999999716e+01 3.293999999999999773e+02
1.350000000000000000e+02 3.295000000000000000e+02
2.181153846150000106e+02 3.291153846149999822e+02
2.500999999999999943e+02 3.291000000000000227e+02
5.233421052630000077e+02 3.293421052630000077e+02
4.821153846149999822e+02 3.301153846149999822e+02
1.769705882350000081e+02 3.311470588239999984e+02
4.491250000000000000e+02 3.313750000000000000e+02
1.557380952379999997e+02 3.341190476190000140e+02
1.960882352939999862e+02 3.333823529410000219e+02
7.611538461499999642e+01 3.341153846149999822e+02
3.447857142859999726e+02 3.348809523809999860e+02
5.370000000000000000e+02 3.352142857140000274e+02
1.125000000000000000e+02 3.360000000000000000e+02
3.267222222220000276e+02 3.360000000000000000e+02
4.178999999999999773e+02 3.381000000000000227e+02
2.331428571429999863e+02 3.397857142859999726e+02
2.537352941180000130e+02 3.415000000000000000e+02
4.280625000000000000e+02 3.412500000000000000e+02
5.066428571430000147e+02 3.414285714289999873e+02
3.854999999999999716e+01 3.423999999999999773e+02
3.066333333329999959e+02 3.419666666670000268e+02
3.921000000000000227e+02 3.421000000000000227e+02
5.537857142860000295e+02 3.420000000000000000e+02
2.836578947369999923e+02 3.433421052630000077e+02
5.411538461500000352e+01 3.461153846149999822e+02
3.780000000000000000e+02 3.460000000000000000e+02
9.308823529400000041e+01 3.473823529410000219e+02
2.160000000000000000e+02 3.467857142859999726e+02
1.682857142860000010e+02 3.481428571430000147e+02
1.973666666670000041e+02 3.500333333329999732e+02
4.689375000000000000e+02 3.502500000000000000e+02
5.771086956520000513e+02 3.507173913039999888e+02
5.895909090909999577e+02 3.501363636359999987e+02
1.345909090909999861e+02 3.515909090910000145e+02
5.214166666669999586e+02 3.508333333329999846e+02
1.546578947369999923e+02 3.524473684210000215e+02
8.738095237999999654e+00 3.548809523809999860e+02
2.319117647060000138e+02 3.543823529410000219e+02
4.131666666670000154e+02 3.544166666670000154e+02
4.858529411760000016e+02 3.540294117650000203e+02
4.980000000000000000e+02 3.546999999999999886e+02
3.405000000000000000e+02 3.568529411760000016e+02
3.628846153850000178e+02 3.557307692310000107e+02
4.526428571430000147e+02 3.563095238099999733e+02
6.378571428600000104e+01 3.570000000000000000e+02
5.522777777779999724e+02 3.570555555560000016e+02
5.408846153849999610e+02 3.581153846149999822e+02
3.450000000000000000e+01 3.590000000000000000e+02
2.159545454549999874e+02 3.588636363640000013e+02
5.161363636360000555e+02 3.585909090910000145e+02
3.674090909089999855e+02 3.615909090910000145e+02
4.332500000000000000e+02 3.621666666670000154e+02
1.020000000000000000e+02 3.630000000000000000e+02
8.813636363599999868e+01 3.648181818180000278e+02
2.615869565219999799e+02 3.645434782610000184e+02
2.975000000000000000e+02 3.641190476190000140e+02
1.669000000000000057e+02 3.651000000000000227e+02
4.496153846200000004e+01 3.663461538459999929e+02
3.148333333329999846e+02 3.664166666670000154e+02
4.611000000000000227e+02 3.658999999999999773e+02
2.780000000000000000e+02 3.677857142859999726e+02
4.004444444439999984e+02 3.688333333329999846e+02
1.930000000000000000e+02 3.690000000000000000e+02
3.458999999999999773e+02 3.698999999999999773e+02
5.712777777779999724e+02 3.700000000000000000e+02
5.868181818200000066e+01 3.713181818180000278e+02
4.792647058819999870e+02 3.715000000000000000e+02
2.415000000000000000e+02 3.742894736839999723e+02
4.995476190480000014e+02 3.747380952380000281e+02
5.559285714290000442e+02 3.746904761900000267e+02
1.167173913040000031e+02 3.755869565219999799e+02
4.476000000000000227e+02 3.754499999999999886e+02
1.410000000000000000e+02 3.780000000000000000e+02
5.327352941179999561e+02 3.785588235289999943e+02
2.141666666700000121e+01 3.800000000000000000e+02
2.252142857139999990e+02 3.800000000000000000e+02
2.715526315789999785e+02 3.813421052630000077e+02
3.650882352940000146e+02 3.813823529410000219e+02
3.818529411760000016e+02 3.825000000000000000e+02
4.183888888889999862e+02 3.827777777779999724e+02
4.350000000000000000e+01 3.830000000000000000e+02
1.038333333329999988e+02 3.832500000000000000e+02
1.540000000000000000e+02 3.827857142859999726e+02
2.121250000000000000e+02 3.842500000000000000e+02
3.072142857140000274e+02 3.840000000000000000e+02
1.925000000000000000e+02 3.865000000000000000e+02
2.885909090910000145e+02 3.865909090910000145e+02
3.296428571430000147e+02 3.865000000000000000e+02
5.820000000000000000e+02 3.865000000000000000e+02
8.050000000000000000e+01 3.870000000000000000e+02
1.000000000000000000e+00 3.875000000000000000e+02
1.638529411760000016e+02 3.895000000000000000e+02
4.606875000000000000e+02 3.906875000000000000e+02
5.222857142860000295e+02 3.898571428569999853e+02
4.883999999999999773e+02 3.915500000000000114e+02
5.370000000000000000e+02 3.917857142859999726e+02
3.989117647059999854e+02 3.933823529410000219e+02
4.332500000000000000e+02 3.941666666670000154e+02
1.250999999999999943e+02 3.951000000000000227e+02
3.508157894739999847e+02 3.970263157890000230e+02
1.050882352940000004e+02 3.983823529410000219e+02
1.395000000000000000e+02 3.979285714289999873e+02
2.770000000000000000e+02 3.982142857140000274e+02
4.140000000000000000e+02 3.987727272729999868e+02
5.011666666670000154e+02 3.976111111110000138e+02
7.735294117999999663e+00 3.999117647059999854e+02
8.900000000000000000e+01 3.986999999999999886e+02
1.626111111110000138e+02 3.992222222220000276e+02
2.000000000000000000e+02 3.990000000000000000e+02
2.185000000000000000e+02 3.993000000000000114e+02
2.374000000000000057e+02 4.001999999999999886e+02
6.383333333299999879e+01 4.011666666670000154e+02
1.778000000000000114e+02 4.021000000000000227e+02
4.492222222220000276e+02 4.025555555560000016e+02
5.633999999999999773e+02 4.024499999999999886e+02
3.116666666700000121e+01 4.032500000000000000e+02
3.716200000000000045e+02 4.052200000000000273e+02
3.067500000000000000e+02 4.055500000000000114e+02
3.913888888889999862e+02 4.058333333329999846e+02
1.434499999999999886e+02 4.076000000000000227e+02
4.789999999999999858e+01 4.078999999999999773e+02
1.191153846149999964e+02 4.101153846149999822e+02
3.248333333329999846e+02 4.102500000000000000e+02
4.710000000000000000e+02 4.107222222220000276e+02
4.926428571430000147e+02 4.103095238099999733e+02
3.496578947369999923e+02 4.113421052630000077e+02
4.307857142859999726e+02 4.110000000000000000e+02
5.796333333329999959e+02 4.120333333329999732e+02
2.030000000000000000e+02 4.136999999999999886e+02
2.252272727270000132e+02 4.146818181819999722e+02
5.158846153849999610e+02 4.138846153850000178e+02
5.281153846150000390e+02 4.138846153850000178e+02
4.089666666670000268e+02 4.153666666670000041e+02
2.822142857140000274e+02 4.160000000000000000e+02
5.188095238100000017e+01 4.172142857140000274e+02
7.109999999999999432e+01 4.181000000000000227e+02
2.625000000000000000e+02 4.180000000000000000e+02
3.777222222220000276e+02 4.190000000000000000e+02
8.115384614999999968e+00 4.205769230770000036e+02
1.000000000000000000e+02 4.202142857140000274e+02
2.461363636359999987e+02 4.195909090910000145e+02
5.897000000000000455e+02 4.200000000000000000e+02
1.731428571429999863e+02 4.207857142859999726e+02
3.110000000000000000e+02 4.230000000000000000e+02
5.156176470589999781e+02 4.229117647059999854e+02
1.871153846150000106e+02 4.251153846149999822e+02
5.475499999999999545e+02 4.256000000000000227e+02
1.540000000000000000e+02 4.260000000000000000e+02
3.956250000000000000e+02 4.256250000000000000e+02
1.891176470599999959e+01 4.273823529410000219e+02
5.661153846150000390e+02 4.268846153850000178e+02
4.217500000000000000e+02 4.287500000000000000e+02
4.159090909100000033e+01 4.291363636359999987e+02
3.218333333329999846e+02 4.292333333330000187e+02
4.416333333329999959e+02 4.289666666670000268e+02
4.856052631580000138e+02 4.289210526319999985e+02
1.376363636359999987e+02 4.305000000000000000e+02
1.123260869570000011e+02 4.325000000000000000e+02
2.628999999999999773e+02 4.325666666669999927e+02
5.781000000000000227e+02 4.321000000000000227e+02
5.166666667000000324e+00 4.336111111110000138e+02
6.769047618999999827e+01 4.343571428569999853e+02
9.681250000000000000e+01 4.345625000000000000e+02
2.942142857140000274e+02 4.335000000000000000e+02
4.593095238099999733e+02 4.346428571430000147e+02
3.487500000000000000e+02 4.348750000000000000e+02
4.290000000000000000e+02 4.350000000000000000e+02
2.406578947369999923e+02 4.363421052630000077e+02
4.965909090910000145e+02 4.368636363640000013e+02
5.587500000000000000e+02 4.371666666670000154e+02
2.093000000000000114e+02 4.385000000000000000e+02
2.813750000000000000e+02 4.386250000000000000e+02
3.662142857140000274e+02 4.390000000000000000e+02
4.887500000000000000e+01 4.401875000000000000e+02
3.333421052630000077e+02 4.403421052630000077e+02
5.328999999999999773e+02 4.415666666669999927e+02
1.958333333330000130e+02 4.416111111110000138e+02
3.599545454550000159e+02 4.418636363640000013e+02
2.299000000000000057e+02 4.428999999999999773e+02
3.945000000000000000e+02 4.433000000000000114e+02
4.052142857140000274e+02 4.430000000000000000e+02
2.970294117650000203e+02 4.448529411760000016e+02
2.278571428600000104e+01 4.468571428569999853e+02
8.181250000000000000e+01 4.483750000000000000e+02
1.603888888889999862e+02 4.493333333329999846e+02
1.755000000000000000e+02 4.488333333329999846e+02
2.572142857140000274e+02 4.488571428569999853e+02
4.355000000000000000e+02 4.490000000000000000e+02
4.670454545449999841e+02 4.498636363640000013e+02
5.195666666670000495e+02 4.501000000000000227e+02
4.796578947369999923e+02 4.525526315789999785e+02
4.962333333330000187e+02 4.526999999999999886e+02
1.175909090910000003e+02 4.534090909089999855e+02
3.772142857140000274e+02 4.530000000000000000e+02
4.526578947369999923e+02 4.536578947369999923e+02
5.419117647059999854e+02 4.536176470589999781e+02
5.757272727270000132e+02 4.545909090910000145e+02
1.405000000000000000e+02 4.555000000000000000e+02
2.175000000000000000e+02 4.565000000000000000e+02
3.143000000000000114e+02 4.560000000000000000e+02
1.905000000000000000e+02 4.588529411760000016e+02
2.800000000000000000e+02 4.577857142859999726e+02
4.172222222220000276e+02 4.583888888889999862e+02
1.090000000000000000e+02 4.612142857140000274e+02
2.418333333330000130e+02 4.607500000000000000e+02
3.319166666670000154e+02 4.618333333329999846e+02
7.045000000000000284e+01 4.623999999999999773e+02
2.589615384620000214e+02 4.623461538459999929e+02
3.621428571399999896e+01 4.630000000000000000e+02
1.748846153849999894e+02 4.628846153850000178e+02
3.641153846149999822e+02 4.628846153850000178e+02
1.623684210500000091e+01 4.641315789469999800e+02
4.638181818180000278e+02 4.656818181819999722e+02
5.505499999999999545e+02 4.696000000000000227e+02
1.240384615380000071e+02 4.696538461540000071e+02
2.360000000000000000e+02 4.697857142859999726e+02
2.992058823529999927e+02 4.702058823529999927e+02
3.991666666670000154e+02 4.708809523809999860e+02
4.840909090899999967e+01 4.708636363640000013e+02
1.501666666669999870e+02 4.707500000000000000e+02
3.511363636359999987e+02 4.704090909089999855e+02
5.108846153850000178e+02 4.718846153850000178e+02
2.221428571399999896e+01 4.730000000000000000e+02
8.888461538500000358e+01 4.731153846149999822e+02
4.922222222220000276e+02 4.733888888889999862e+02
5.238529411759999448e+02 4.735000000000000000e+02
5.770882352940000146e+02 4.733823529410000219e+02
4.208846153850000178e+02 4.738846153850000178e+02
4.429117647059999854e+02 4.746176470589999781e+02
2.780000000000000000e+02 4.747857142859999726e+02
2.162894736840000007e+02 4.788684210530000200e+02
2.635000000000000000e+02 4.779285714289999873e+02
3.418000000000000114e+02 4.783999999999999773e+02
3.791153846149999822e+02 4.781153846149999822e+02
1.572857142860000010e+02 4.788571428569999853e+02
3.188999999999999773e+02 4.798999999999999773e+02
1.957500000000000000e+02 4.808333333329999846e+02
3.555555555999999839e+00 4.827222222220000276e+02
1.809375000000000000e+02 4.827500000000000000e+02
4.508846153850000178e+02 4.818846153850000178e+02
5.650000000000000000e+02 4.835000000000000000e+02
6.400000000000000000e+01 4.837857142859999726e+02
4.709705882349999797e+02 4.841470588239999984e+02
3.800000000000000000e+02 4.850000000000000000e+02
1.400555555560000016e+02 4.866111111110000138e+02
5.390000000000000000e+02 4.865000000000000000e+02
5.852222222220000276e+02 4.866111111110000138e+02
8.412500000000000000e+01 4.872500000000000000e+02
2.311923076920000142e+02 4.874230769229999964e+02
1.041470588239999984e+02 4.880294117650000203e+02
2.559615384619999929e+02 4.883461538459999929e+02
3.655000000000000000e+02 4.880000000000000000e+02
5.029666666670000268e+02 4.886333333329999959e+02
4.017222222220000276e+02 4.898888888889999862e+02
4.859666666670000268e+02 4.903666666670000041e+02
3.738235294100000061e+01 4.910882352940000146e+02
5.250000000000000000e+02 4.917857142859999726e+02
2.052142857139999990e+02 4.940000000000000000e+02
3.243823529410000219e+02 4.953823529410000219e+02
5.050000000000000000e+01 4.963333333329999846e+02
2.773421052630000077e+02 4.966578947369999923e+02
2.971875000000000000e+02 4.975625000000000000e+02
4.372142857140000274e+02 4.970000000000000000e+02
1.687500000000000000e+02 4.981666666670000154e+02
4.627307692310000107e+02 4.982692307689999893e+02
3.438571428569999853e+02 4.992857142859999726e+02
1.281428571429999863e+02 5.007142857140000274e+02
1.545000000000000000e+02 5.000000000000000000e+02
2.275000000000000000e+02 5.000000000000000000e+02
1.890000000000000000e+02 5.010000000000000000e+02
4.207857142859999726e+02 5.010000000000000000e+02
3.990000000000000000e+02 5.023333333329999846e+02
6.750000000000000000e+01 5.030000000000000000e+02
5.096818181819999722e+02 5.043181818180000278e+02
1.398846153849999894e+02 5.051153846149999822e+02
5.413750000000000000e+02 5.056250000000000000e+02
1.054000000000000057e+02 5.074499999999999886e+02
2.442857142860000010e+02 5.075714285710000127e+02
1.970588234999999910e+00 5.081470588239999984e+02
2.776333333329999959e+02 5.080333333329999732e+02
4.747352941180000130e+02 5.083235294120000276e+02
1.726470588200000122e+01 5.097352941180000130e+02
2.655000000000000000e+02 5.090000000000000000e+02
3.196666666670000154e+02 5.085833333329999846e+02
3.688846153850000178e+02 5.091153846149999822e+02
5.641923076919999858e+02 5.094230769229999964e+02
5.233461538459999929e+02 5.099615384620000214e+02
2.980000000000000000e+02 5.120000000000000000e+02
9.183333333299999879e+01 5.135000000000000000e+02
3.832777777779999724e+02 5.134444444440000552e+02
5.100000000000000000e+01 5.140000000000000000e+02
4.902894736839999723e+02 5.155000000000000000e+02
2.325769230770000036e+02 5.178846153849999610e+02
3.250000000000000000e+01 5.190000000000000000e+02
2.081153846150000106e+02 5.191153846150000390e+02
3.305000000000000000e+02 5.187000000000000455e+02
4.382142857140000274e+02 5.190000000000000000e+02
5.452999999999999545e+02 5.195666666670000495e+02
1.548181818179999993e+02 5.204545454550000159e+02
1.813181818179999993e+02 5.203181818179999709e+02
5.844473684209999647e+02 5.203421052630000077e+02
9.560526315799999963e+01 5.220789473679999446e+02
4.512272727270000132e+02 5.216818181820000291e+02
6.611904761899999983e+01 5.235000000000000000e+02
3.552368421049999938e+02 5.242894736839999723e+02
5.618999999999999773e+02 5.241000000000000227e+02
1.281153846150000106e+02 5.251153846150000390e+02
1.687500000000000000e+00 5.263125000000000000e+02
3.167105263160000277e+02 5.262368421050000507e+02
3.901000000000000227e+02 5.258999999999999773e+02
4.062500000000000000e+02 5.267500000000000000e+02
5.174500000000000455e+02 5.263999999999999773e+02
2.611153846149999822e+02 5.297307692309999538e+02
5.714705882399999837e+01 5.335000000000000000e+02
1.172500000000000000e+02 5.337500000000000000e+02
1.979375000000000000e+02 5.332500000000000000e+02
2.125000000000000000e+02 5.330000000000000000e+02
5.887727272729999868e+02 5.350000000000000000e+02
2.496111111110000138e+02 5.357777777779999724e+02
2.773095238099999733e+02 5.363571428569999853e+02
4.614499999999999886e+02 5.366000000000000227e+02
5.416052631579999570e+02 5.380789473679999446e+02
3.761111111099999960e+01 5.389444444440000552e+02
1.355000000000000071e+01 5.406000000000000227e+02
1.457857142860000010e+02 5.400000000000000000e+02
1.744090909090000139e+02 5.398636363639999445e+02
3.637105263160000277e+02 5.408684210530000200e+02
4.240333333329999732e+02 5.406333333329999959e+02
4.833823529410000219e+02 5.399117647059999854e+02
5.599666666670000268e+02 5.403666666670000041e+02
2.280882352939999862e+02 5.413823529410000219e+02
2.938846153850000178e+02 5.408846153849999610e+02
3.442857142859999726e+02 5.411428571430000147e+02
4.081153846149999822e+02 5.408846153849999610e+02
4.426176470589999781e+02 5.420882352940000146e+02
5.202999999999999545e+02 5.415000000000000000e+02
4.953421052630000077e+02 5.456578947369999923e+02
1.846578947369999923e+02 5.466578947369999923e+02
3.829666666670000268e+02 5.466333333329999959e+02
1.276176470590000065e+02 5.469117647059999854e+02
7.461111111099999960e+01 5.482222222220000276e+02
1.037352941179999988e+02 5.482647058820000439e+02
3.360789473680000015e+02 5.486052631579999570e+02
2.087857142860000010e+02 5.490000000000000000e+02
3.161363636359999987e+02 5.510454545449999841e+02
4.295666666669999927e+02 5.521000000000000227e+02
4.785526315789999785e+02 5.525526315790000353e+02
5.583333333299999879e+01 5.526111111110000138e+02
2.628999999999999773e+02 5.531000000000000227e+02
2.284090909090000139e+02 5.538636363639999445e+02
4.481428571430000147e+02 5.549285714290000442e+02
5.467500000000000000e+02 5.547500000000000000e+02
3.758999999999999773e+02 5.548999999999999773e+02
2.565500000000000114e+02 5.576000000000000227e+02
5.741190476189999572e+02 5.587380952380000281e+02
1.516666666699999944e+01 5.594166666669999586e+02
2.866538461540000071e+02 5.589615384620000214e+02
3.873529411799999878e+01 5.607352941179999561e+02
3.403823529410000219e+02 5.609117647059999854e+02
5.282142857139999705e+02 5.610000000000000000e+02
1.667500000000000000e+02 5.628750000000000000e+02
5.068999999999999773e+02 5.628999999999999773e+02
1.461923076920000142e+02 5.635769230769999467e+02
1.785909090909999861e+02 5.637727272729999868e+02
5.450000000000000000e+01 5.642500000000000000e+02
4.962777777779999724e+02 5.640555555559999448e+02
8.000000000000000000e+01 5.645000000000000000e+02
3.565000000000000000e+02 5.645000000000000000e+02
