4.050000000000000000e+01 5.000000000000000000e-01
9.621428571399999896e+01 9.285714290000000037e-01
1.426666666669999870e+02 1.333333332999999898e+00
1.695000000000000000e+02 5.000000000000000000e-01
2.200000000000000000e+02 8.333333330000000094e-01
2.854166666670000154e+02 1.250000000000000000e+00
5.481153846150000390e+02 1.884615385000000032e+00
5.747222222220000276e+02 2.000000000000000000e+00
4.725000000000000000e+02 3.500000000000000000e+00
4.916578947369999923e+02 3.342105263000000104e+00
5.148571428569999853e+02 3.928571428999999782e+00
2.449210526319999985e+02 7.026315788999999867e+00
3.606904761900000267e+02 6.642857142999999631e+00
3.985000000000000000e+02 7.000000000000000000e+00
2.050000000000000000e+01 8.500000000000000000e+00
2.676111111110000138e+02 8.777777778000000808e+00
3.428846153850000178e+02 8.115384614999999968e+00
6.100000000000000000e+01 1.069999999999999929e+01
7.876666666699999553e+01 1.183333333300000056e+01
3.150294117650000203e+02 1.114705882400000014e+01
1.326176470590000065e+02 1.250000000000000000e+01
1.879666666669999984e+02 1.263333333299999950e+01
2.910263157890000230e+02 1.250000000000000000e+01
4.496250000000000000e+02 1.337500000000000000e+01
5.375714285709999558e+02 1.428571428599999926e+01
2.075555555560000016e+02 1.572222222199999919e+01
5.542647058820000439e+02 1.526470588199999945e+01
2.319000000000000057e+02 1.610000000000000142e+01
3.443095238099999733e+02 1.735714285699999948e+01
4.320000000000000000e+02 1.727777777800000081e+01
9.894444444399999838e+01 1.844444444399999838e+01
1.725833333330000130e+02 1.783333333299999879e+01
3.805000000000000000e+02 1.750000000000000000e+01
4.116176470589999781e+02 1.808823529400000041e+01
5.090625000000000000e+02 1.825000000000000000e+01
1.561250000000000000e+02 1.975000000000000000e+01
5.667222222220000276e+02 2.100000000000000000e+01
7.617647059000000276e+00 2.191176470599999959e+01
3.708529411760000016e+02 2.250000000000000000e+01
4.656578947369999923e+02 2.234210526300000055e+01
1.095499999999999972e+02 2.360000000000000142e+01
2.750000000000000000e+02 2.378571428600000104e+01
4.685294117600000163e+01 2.650000000000000000e+01
3.866111111110000138e+02 2.561111111099999960e+01
4.816333333329999959e+02 2.603333333300000163e+01
6.418181818200000066e+01 2.763636363599999868e+01
2.625000000000000000e+02 2.830000000000000071e+01
4.082857142859999726e+02 2.828571428600000104e+01
4.236111111110000138e+02 2.922222222199999919e+01
5.221153846150000390e+02 2.911538461499999997e+01
3.150000000000000000e+01 2.950000000000000000e+01
1.672894736840000007e+02 3.050000000000000000e+01
3.150000000000000000e+02 3.000000000000000000e+01
5.868421052999999610e+00 3.171052631599999927e+01
2.060000000000000000e+02 3.100000000000000000e+01
1.265000000000000000e+02 3.200000000000000000e+01
3.031153846149999822e+02 3.211538461500000352e+01
5.802142857139999705e+02 3.264285714300000052e+01
2.330000000000000000e+02 3.300000000000000000e+01
4.471470588239999984e+02 3.302941176499999898e+01
9.373076923099999647e+01 3.388461538499999648e+01
5.588461538499999648e+01 3.511538461500000352e+01
4.687222222220000276e+02 3.500000000000000000e+01
4.897500000000000000e+02 3.525000000000000000e+01
2.430000000000000000e+02 3.550000000000000000e+01
3.772142857140000274e+02 3.778571428600000104e+01
5.418999999999999773e+02 3.710000000000000142e+01
1.047500000000000000e+02 3.793750000000000000e+01
1.925000000000000000e+02 3.800000000000000000e+01
3.551153846149999822e+02 3.773076923099999647e+01
3.995000000000000000e+02 3.985294117600000163e+01
3.256666666670000154e+02 4.133333333299999879e+01
5.128750000000000000e+02 4.125000000000000000e+01
1.480882352939999862e+02 4.261764705899999939e+01
2.950000000000000000e+01 4.485294117600000163e+01
7.600000000000000000e+01 4.466666666700000121e+01
3.435000000000000000e+02 4.500000000000000000e+01
5.681666666669999586e+02 4.570000000000000284e+01
2.910000000000000000e+02 4.672222222199999919e+01
3.540000000000000000e+02 4.650000000000000000e+01
1.450000000000000000e+01 4.707142857099999844e+01
1.920000000000000000e+02 4.750000000000000000e+01
2.605000000000000000e+02 4.985294117600000163e+01
4.146428571430000147e+02 4.930952381000000173e+01
1.100000000000000089e+00 5.029999999999999716e+01
1.785000000000000000e+02 5.136363636400000132e+01
3.253181818180000278e+02 4.968181818200000066e+01
3.818999999999999773e+02 4.989999999999999858e+01
2.143947368419999862e+02 5.207894736800000146e+01
3.057500000000000000e+02 5.083333333299999879e+01
5.307142857139999705e+02 5.214285714300000052e+01
2.741250000000000000e+02 5.475000000000000000e+01
9.686363636400000132e+01 5.440909090899999967e+01
1.342500000000000000e+02 5.525000000000000000e+01
4.345000000000000000e+02 5.500000000000000000e+01
1.165000000000000000e+02 5.629999999999999716e+01
4.569117647059999854e+02 5.661764705899999939e+01
4.858999999999999773e+02 5.610000000000000142e+01
5.603823529410000219e+02 5.791176470599999959e+01
4.988846153850000178e+02 5.888461538499999648e+01
5.778846153849999610e+02 5.888461538499999648e+01
5.138235294100000061e+01 5.991176470599999959e+01
2.519117647060000138e+02 6.038235294100000061e+01
3.271153846149999822e+02 6.011538461500000352e+01
3.637352941180000130e+02 6.126470588200000122e+01
5.463500000000000227e+02 6.275000000000000000e+01
1.390000000000000000e+02 6.321428571399999896e+01
1.521666666669999870e+02 6.323333333299999737e+01
7.685294117600000163e+01 6.450000000000000000e+01
4.225000000000000000e+02 6.400000000000000000e+01
5.241250000000000000e+02 6.475000000000000000e+01
2.096875000000000000e+02 6.518750000000000000e+01
4.740000000000000000e+02 6.450000000000000000e+01
4.271052631599999927e+01 6.613157894699999417e+01
4.861153846149999822e+02 6.688461538500000358e+01
2.360000000000000000e+02 6.800000000000000000e+01
3.017307692310000107e+02 6.965384615399999291e+01
3.870000000000000000e+02 6.950000000000000000e+01
1.741666666700000121e+01 7.016666666700000121e+01
6.811538461499999642e+01 6.988461538500000358e+01
1.010454545449999983e+02 7.013636363599999868e+01
1.852142857139999990e+02 7.000000000000000000e+01
2.630333333329999732e+02 7.036666666700000405e+01
3.346000000000000227e+02 7.179999999999999716e+01
2.848333333329999846e+02 7.225000000000000000e+01
4.441666666670000154e+02 7.205555555600000162e+01
1.207857142860000010e+02 7.385714285699999948e+01
1.649210526319999985e+02 7.639473684200000037e+01
2.157666666670000097e+02 7.816666666700000121e+01
5.098333333329999846e+02 7.916666666700000121e+01
5.575000000000000000e+02 7.950000000000000000e+01
4.571000000000000227e+02 7.990000000000000568e+01
5.418999999999999773e+02 8.163333333299999595e+01
3.676470587999999928e+00 8.232352941199999918e+01
4.401153846149999822e+02 8.188461538500000358e+01
5.290333333329999732e+02 8.263333333299999595e+01
2.633888888889999862e+02 8.305555555600000162e+01
4.861111111099999960e+01 8.477777777800000081e+01
3.731999999999999886e+02 8.465000000000000568e+01
2.267500000000000000e+02 8.450000000000000000e+01
2.533181818179999993e+02 8.595454545500000165e+01
3.203235294120000276e+02 8.555882352899999432e+01
3.526739130430000273e+02 8.593478260899999555e+01
4.087500000000000000e+02 8.512500000000000000e+01
8.461764705900000649e+01 8.591176470599999959e+01
4.776250000000000000e+02 8.612500000000000000e+01
1.433888888889999862e+02 8.777777777800000081e+01
2.125000000000000000e+01 9.054999999999999716e+01
6.870000000000000284e+01 8.950000000000000000e+01
4.960384615379999786e+02 8.965384615399999291e+01
1.051875000000000000e+02 9.131250000000000000e+01
4.270263157890000230e+02 9.118421052600000110e+01
5.170000000000000000e+02 9.050000000000000000e+01
2.907500000000000000e+02 9.275000000000000000e+01
3.068571428569999853e+02 9.221428571399999896e+01
5.593999999999999773e+02 9.254999999999999716e+01
5.805000000000000000e+02 9.200000000000000000e+01
1.840000000000000000e+02 9.300000000000000000e+01
2.050000000000000000e+02 9.372222222199999919e+01
1.685000000000000000e+02 9.492857142900000156e+01
4.565384615400000001e+01 9.603846153800000707e+01
2.969999999999999929e+01 9.729999999999999716e+01
1.176333333329999959e+02 9.803333333300000163e+01
3.392500000000000000e+02 9.787500000000000000e+01
2.170294117649999919e+02 9.914705882399999837e+01
2.403000000000000114e+02 9.850000000000000000e+01
3.204444444439999984e+02 9.927777777800000081e+01
4.616000000000000227e+02 9.870000000000000284e+01
3.938999999999999773e+02 1.000999999999999943e+02
4.823421052630000077e+02 1.006578947370000066e+02
4.433421052630000077e+02 1.015526315790000069e+02
1.568333333330000130e+02 1.045833333329999988e+02
1.354166666669999870e+02 1.058333333329999988e+02
5.988095238100000017e+01 1.077380952379999997e+02
7.585294117600000163e+01 1.075000000000000000e+02
1.992500000000000000e+02 1.071666666670000012e+02
3.761153846149999822e+02 1.071153846149999964e+02
2.662142857140000274e+02 1.080000000000000000e+02
5.378333333330000414e+02 1.081666666670000012e+02
1.090000000000000000e+02 1.090000000000000000e+02
3.025000000000000000e+02 1.108529411760000016e+02
2.559210526319999985e+02 1.126052631579999996e+02
4.696111111110000138e+02 1.132222222219999992e+02
9.850000000000000000e+01 1.140000000000000000e+02
2.346111111110000138e+02 1.138333333329999988e+02
3.636578947369999923e+02 1.141842105260000011e+02
5.056111111110000138e+02 1.140555555560000016e+02
4.181250000000000000e+02 1.155000000000000000e+02
1.407105263159999993e+02 1.168684210530000058e+02
1.787500000000000000e+02 1.158333333329999988e+02
2.839117647059999854e+02 1.163823529409999935e+02
5.553181818179999709e+02 1.163181818179999993e+02
3.991000000000000227e+02 1.169000000000000057e+02
5.805000000000000000e+02 1.165000000000000000e+02
1.655555555600000162e+01 1.183888888890000004e+02
4.396250000000000000e+02 1.183750000000000000e+02
4.078571428600000104e+01 1.200000000000000000e+02
3.486052631580000138e+02 1.200789473680000015e+02
5.267500000000000000e+02 1.211666666670000012e+02
7.000000000000000000e+00 1.227857142860000010e+02
9.563636363599999868e+01 1.235000000000000000e+02
2.129666666669999984e+02 1.243666666670000041e+02
3.284285714289999873e+02 1.258571428569999995e+02
4.901190476190000140e+02 1.272619047620000003e+02
1.955999999999999943e+02 1.284499999999999886e+02
5.401000000000000227e+02 1.279000000000000057e+02
3.052142857140000274e+02 1.290000000000000000e+02
3.824333333330000073e+02 1.296999999999999886e+02
4.348846153850000178e+02 1.291153846150000106e+02
2.285000000000000000e+02 1.300000000000000000e+02
4.588999999999999773e+02 1.300999999999999943e+02
4.742500000000000000e+02 1.301666666669999870e+02
3.702142857140000274e+02 1.310000000000000000e+02
5.654090909090000423e+02 1.311363636359999987e+02
6.368181818200000066e+01 1.323181818179999993e+02
7.879999999999999716e+01 1.318000000000000114e+02
1.109000000000000057e+02 1.320999999999999943e+02
1.536111111110000138e+02 1.322222222219999992e+02
4.155000000000000000e+02 1.320000000000000000e+02
5.097222222220000276e+02 1.335555555560000016e+02
1.670000000000000000e+02 1.340000000000000000e+02
2.613999999999999773e+02 1.336999999999999886e+02
5.296666666669999586e+02 1.357777777780000008e+02
2.786333333329999959e+02 1.369666666669999984e+02
1.294333333330000073e+02 1.379000000000000057e+02
2.300000000000000000e+01 1.392142857139999990e+02
2.506333333329999959e+02 1.390333333330000016e+02
2.991428571430000147e+02 1.392142857139999990e+02
5.758636363639999445e+02 1.385909090909999861e+02
1.209999999999999964e+01 1.410999999999999943e+02
1.864230769229999964e+02 1.423461538459999929e+02
3.257105263160000277e+02 1.428684210529999916e+02
1.542659574470000052e+02 1.452234042549999913e+02
9.000000000000000222e-01 1.460000000000000000e+02
3.551470588239999984e+02 1.449705882350000081e+02
4.654473684210000215e+02 1.453421052630000077e+02
1.068125000000000000e+02 1.465625000000000000e+02
4.920333333329999732e+02 1.466333333329999959e+02
4.510000000000000000e+02 1.470000000000000000e+02
4.168999999999999773e+02 1.478000000000000114e+02
2.513823529409999935e+02 1.489705882350000081e+02
5.530000000000000000e+02 1.487857142860000010e+02
5.150000000000000000e+01 1.501470588239999984e+02
2.135000000000000000e+02 1.505000000000000000e+02
7.600000000000000000e+01 1.512777777780000008e+02
8.600000000000000000e+01 1.515000000000000000e+02
5.106333333329999959e+02 1.516999999999999886e+02
5.805000000000000000e+02 1.495000000000000000e+02
3.464285714300000052e+01 1.526904761899999983e+02
4.008478260869999872e+02 1.524130434779999916e+02
2.010000000000000000e+02 1.530000000000000000e+02
1.311153846150000106e+02 1.538846153849999894e+02
2.740000000000000000e+02 1.540000000000000000e+02
3.805000000000000000e+02 1.548529411760000016e+02
2.405500000000000114e+02 1.552500000000000000e+02
3.296000000000000227e+02 1.564499999999999886e+02
3.413181818180000278e+02 1.563181818179999993e+02
4.149166666670000154e+02 1.562500000000000000e+02
3.031999999999999886e+02 1.575999999999999943e+02
5.340000000000000000e+02 1.565000000000000000e+02
4.372857142859999726e+02 1.601428571429999863e+02
3.609285714289999873e+02 1.615000000000000000e+02
4.855909090910000145e+02 1.614090909090000139e+02
5.615000000000000000e+02 1.630000000000000000e+02
1.614705882399999837e+01 1.645000000000000000e+02
5.111470588239999984e+02 1.640294117649999919e+02
2.663750000000000000e+02 1.653750000000000000e+02
1.161153846149999964e+02 1.668846153849999894e+02
1.745909090909999861e+02 1.675909090909999861e+02
2.038636363640000013e+02 1.664090909090000139e+02
3.916111111110000138e+02 1.663888888889999862e+02
3.183333333299999879e+01 1.682500000000000000e+02
4.645000000000000000e+02 1.695000000000000000e+02
5.250000000000000000e+01 1.715000000000000000e+02
7.306250000000000000e+01 1.708750000000000000e+02
1.471363636359999987e+02 1.705909090909999861e+02
2.745000000000000000e+02 1.702142857139999990e+02
4.460000000000000000e+02 1.720000000000000000e+02
5.519117647059999854e+02 1.723823529409999935e+02
9.244736842099999308e+01 1.731842105259999869e+02
3.091000000000000227e+02 1.729000000000000057e+02
4.161315789469999800e+02 1.732894736840000007e+02
5.664473684209999647e+02 1.736578947369999923e+02
1.981666666669999870e+02 1.741111111110000138e+02
3.694499999999999886e+02 1.764000000000000057e+02
3.298333333329999846e+02 1.765833333330000130e+02
2.405909090909999861e+02 1.784090909090000139e+02
3.846578947369999923e+02 1.796578947369999923e+02
3.512222222220000276e+02 1.803888888889999862e+02
4.948333333329999846e+02 1.808888888889999862e+02
5.336000000000000227e+02 1.805500000000000114e+02
3.962692307689999893e+02 1.808846153849999894e+02
1.634473684209999931e+02 1.826578947369999923e+02
2.192222222219999992e+02 1.826111111110000138e+02
4.345000000000000000e+02 1.825000000000000000e+02
1.075000000000000000e+02 1.832333333329999903e+02
4.600000000000000000e+02 1.830000000000000000e+02
1.086363636399999955e+01 1.840454545450000126e+02
4.750000000000000000e+01 1.845000000000000000e+02
2.731000000000000227e+02 1.839000000000000057e+02
1.761666666669999870e+02 1.852500000000000000e+02
2.400000000000000000e+02 1.860000000000000000e+02
3.050000000000000000e+02 1.865000000000000000e+02
4.653846154000000013e+00 1.870384615380000071e+02
1.991379310299999972e+01 1.877758620689999987e+02
1.424090909090000139e+02 1.875909090909999861e+02
7.175000000000000000e+01 1.879375000000000000e+02
4.791250000000000000e+02 1.890625000000000000e+02
2.620454545449999841e+02 1.901363636359999987e+02
3.660294117650000203e+02 1.908529411760000016e+02
5.147777777779999724e+02 1.903888888889999862e+02
2.943333333329999846e+02 1.927777777780000008e+02
5.472500000000000000e+02 1.922500000000000000e+02
5.590882352940000146e+02 1.926176470590000065e+02
3.437857142859999726e+02 1.930000000000000000e+02
1.352500000000000000e+02 1.949375000000000000e+02
3.902692307689999893e+02 1.968846153849999894e+02
2.748999999999999773e+02 1.979000000000000057e+02
1.015000000000000000e+02 1.990000000000000000e+02
2.160000000000000000e+02 1.985000000000000000e+02
4.136111111110000138e+02 1.995555555560000016e+02
4.938999999999999773e+02 1.990999999999999943e+02
5.753666666670000041e+02 1.989666666669999984e+02
4.877777777800000081e+01 2.006111111110000138e+02
1.165000000000000000e+02 2.010000000000000000e+02
1.945999999999999943e+02 2.014499999999999886e+02
4.347857142859999726e+02 2.020000000000000000e+02
4.535000000000000000e+02 2.031818181820000007e+02
5.220625000000000000e+02 2.021250000000000000e+02
7.363333333299999595e+01 2.035000000000000000e+02
2.883999999999999773e+02 2.045500000000000114e+02
1.589615384619999929e+02 2.053461538459999929e+02
5.091923076919999858e+02 2.049615384619999929e+02
3.255500000000000114e+02 2.065999999999999943e+02
5.659666666670000268e+02 2.063666666670000041e+02
2.310833333330000130e+02 2.075833333330000130e+02
2.455999999999999943e+02 2.084499999999999886e+02
7.222222222000000080e+00 2.096111111110000138e+02
2.061764705899999939e+01 2.090882352939999862e+02
1.780882352939999862e+02 2.096176470590000065e+02
3.771250000000000000e+02 2.097500000000000000e+02
2.569347826090000240e+02 2.126739130429999989e+02
3.543333333329999846e+02 2.122222222219999992e+02
4.741111111110000138e+02 2.127777777780000008e+02
1.105000000000000000e+02 2.130000000000000000e+02
3.130000000000000000e+02 2.132777777780000008e+02
4.932500000000000000e+02 2.138333333330000130e+02
3.288461538499999648e+01 2.151153846150000106e+02
2.018333333330000130e+02 2.152500000000000000e+02
3.986428571430000147e+02 2.155000000000000000e+02
1.470000000000000000e+02 2.157857142860000010e+02
2.239000000000000057e+02 2.159000000000000057e+02
4.228846153850000178e+02 2.171153846150000106e+02
1.215000000000000000e+02 2.186333333329999959e+02
2.770333333329999732e+02 2.205666666669999927e+02
6.462500000000000000e+01 2.206250000000000000e+02
9.200000000000000000e+01 2.215000000000000000e+02
3.325000000000000000e+02 2.220000000000000000e+02
4.460000000000000000e+02 2.226666666669999870e+02
5.229782608699999855e+02 2.228913043480000056e+02
5.495000000000000000e+02 2.220000000000000000e+02
5.000000000000000000e+01 2.230000000000000000e+02
5.761000000000000227e+02 2.240999999999999943e+02
1.675000000000000000e+02 2.257105263159999993e+02
2.422500000000000000e+02 2.257500000000000000e+02
1.175999999999999943e+02 2.264499999999999886e+02
1.311999999999999886e+02 2.264000000000000057e+02
5.027307692310000107e+02 2.286538461540000071e+02
5.590000000000000000e+02 2.285000000000000000e+02
7.114705882399999837e+01 2.295000000000000000e+02
3.951153846149999822e+02 2.288846153849999894e+02
4.166578947369999923e+02 2.306578947369999923e+02
1.837777777780000008e+02 2.313888888889999862e+02
3.152222222220000276e+02 2.316111111110000138e+02
3.530000000000000000e+02 2.312142857139999990e+02
3.750238095240000007e+02 2.321190476190000140e+02
4.530000000000000000e+02 2.325000000000000000e+02
4.835000000000000000e+02 2.325000000000000000e+02
2.565500000000000114e+02 2.344000000000000057e+02
4.297500000000000000e+02 2.338333333330000130e+02
2.202894736840000007e+02 2.354473684209999931e+02
1.571428571429999863e+02 2.367142857139999990e+02
2.787500000000000000e+02 2.377500000000000000e+02
3.007307692310000107e+02 2.378846153849999894e+02
5.220882352940000146e+02 2.383823529409999935e+02
2.461764705899999939e+01 2.390882352939999862e+02
1.722500000000000000e+02 2.389166666669999870e+02
8.957142857099999844e+01 2.411428571429999863e+02
3.931999999999999886e+02 2.413499999999999943e+02
5.789999999999999858e+01 2.420999999999999943e+02
4.398684210530000200e+02 2.437631578950000062e+02
3.360000000000000000e+02 2.450000000000000000e+02
4.251000000000000227e+02 2.450999999999999943e+02
3.195588235289999943e+02 2.457352941180000130e+02
5.431470588240000552e+02 2.465000000000000000e+02
1.401428571429999863e+02 2.472857142860000010e+02
3.711153846149999822e+02 2.471153846150000106e+02
2.639117647059999854e+02 2.486176470590000065e+02
4.651428571430000147e+02 2.482142857139999990e+02
1.199000000000000057e+02 2.490999999999999943e+02
1.835909090909999861e+02 2.505909090909999861e+02
2.035000000000000000e+02 2.505000000000000000e+02
2.355909090909999861e+02 2.504090909090000139e+02
5.800714285709999558e+02 2.502142857139999990e+02
1.561764705899999939e+01 2.510882352939999862e+02
5.048636363640000013e+02 2.505909090909999861e+02
1.000999999999999943e+02 2.519000000000000057e+02
2.975555555560000016e+02 2.527222222219999992e+02
3.586818181819999722e+02 2.526818181820000007e+02
5.298809523810000428e+02 2.535000000000000000e+02
7.314705882399999837e+01 2.545000000000000000e+02
3.793947368419999862e+02 2.545000000000000000e+02
5.033333332999999854e+00 2.563666666670000041e+02
3.896666666699999837e+01 2.563666666670000041e+02
5.550000000000000000e+01 2.575000000000000000e+02
4.781363636359999987e+02 2.565909090910000145e+02
4.868684210530000200e+02 2.572894736839999723e+02
5.635000000000000000e+02 2.570000000000000000e+02
4.216000000000000227e+02 2.595500000000000114e+02
2.410999999999999943e+02 2.608500000000000227e+02
2.822857142859999726e+02 2.598571428569999853e+02
5.174230769230000533e+02 2.601923076919999858e+02
2.291176470599999959e+01 2.636176470589999781e+02
1.563823529409999935e+02 2.630882352940000146e+02
4.696875000000000000e+02 2.633125000000000000e+02
5.777352941179999561e+02 2.632647058819999870e+02
1.077727272730000010e+02 2.636818181819999722e+02
1.762272727270000132e+02 2.650000000000000000e+02
2.206578947369999923e+02 2.656578947369999923e+02
1.401923076920000142e+02 2.664230769229999964e+02
4.018999999999999773e+02 2.658999999999999773e+02
8.933333333299999879e+01 2.682222222220000276e+02
3.433823529410000219e+02 2.680882352940000146e+02
2.602222222220000276e+02 2.706111111110000138e+02
5.508846153849999610e+02 2.701153846149999822e+02
7.067647058800000082e+01 2.716764705879999724e+02
3.108000000000000114e+02 2.726499999999999773e+02
4.314166666670000154e+02 2.726666666670000154e+02
4.525000000000000000e+02 2.725000000000000000e+02
3.713000000000000114e+02 2.730000000000000000e+02
2.341999999999999886e+02 2.738000000000000114e+02
4.938333333329999846e+02 2.745000000000000000e+02
2.015000000000000000e+02 2.757105263160000277e+02
4.861000000000000227e+02 2.751000000000000227e+02
1.475833333330000130e+02 2.768333333329999846e+02
3.467777777779999724e+02 2.773888888889999862e+02
3.855833333329999846e+02 2.768333333329999846e+02
2.222222222000000080e+00 2.793888888889999862e+02
3.488461538499999648e+01 2.791153846149999822e+02
1.269000000000000057e+02 2.791000000000000227e+02
2.935000000000000000e+02 2.785000000000000000e+02
5.292999999999999545e+02 2.790000000000000000e+02
2.158571428570000137e+02 2.802857142859999726e+02
3.257352941180000130e+02 2.807352941180000130e+02
5.411538461500000352e+01 2.821153846149999822e+02
1.619545454549999874e+02 2.835000000000000000e+02
5.670000000000000000e+02 2.832777777779999724e+02
3.787142857140000274e+02 2.841428571430000147e+02
2.477173913039999888e+02 2.861086956519999944e+02
2.759615384620000214e+02 2.846538461540000071e+02
3.101923076919999858e+02 2.853461538459999929e+02
3.540000000000000000e+02 2.851666666670000154e+02
4.847500000000000000e+02 2.862500000000000000e+02
4.251000000000000227e+02 2.871000000000000227e+02
3.977666666669999813e+02 2.885000000000000000e+02
5.368846153849999610e+02 2.878846153850000178e+02
2.596999999999999886e+02 2.890000000000000000e+02
4.161000000000000227e+02 2.891000000000000227e+02
1.937857142860000010e+02 2.910000000000000000e+02
4.675500000000000114e+02 2.913999999999999773e+02
5.311538461500000352e+01 2.918846153850000178e+02
1.000000000000000000e+02 2.922142857140000274e+02
1.192500000000000000e+02 2.924499999999999886e+02
1.775000000000000000e+01 2.930625000000000000e+02
8.509999999999999432e+01 2.928999999999999773e+02
3.295000000000000000e+02 2.938529411760000016e+02
5.751666666669999586e+02 2.933000000000000114e+02
4.502222222220000276e+02 2.946111111110000138e+02
1.760000000000000000e+02 2.970000000000000000e+02
1.387857142860000010e+02 2.980000000000000000e+02
2.095000000000000000e+02 2.983823529410000219e+02
5.203235294119999708e+02 2.983235294120000276e+02
3.976499999999999773e+02 2.993000000000000114e+02
4.964333333330000073e+02 2.993666666670000041e+02
7.042307692299999644e+01 3.011923076919999858e+02
5.565000000000000000e+02 3.025000000000000000e+02
6.750000000000000000e+00 3.037500000000000000e+02
8.922222222199999919e+01 3.033888888889999862e+02
1.606250000000000000e+02 3.031875000000000000e+02
2.307857142860000010e+02 3.040000000000000000e+02
3.492894736839999723e+02 3.041315789469999800e+02
1.295000000000000000e+02 3.052894736839999723e+02
2.877105263160000277e+02 3.051315789469999800e+02
2.465000000000000000e+02 3.065000000000000000e+02
2.735000000000000000e+02 3.068529411760000016e+02
3.164444444439999984e+02 3.062777777779999724e+02
3.710000000000000142e+01 3.068999999999999773e+02
1.896578947369999923e+02 3.076578947369999923e+02
3.335666666669999927e+02 3.068999999999999773e+02
5.703181818179999709e+02 3.073181818180000278e+02
4.756578947369999923e+02 3.093421052630000077e+02
1.073571428569999995e+02 3.113095238099999733e+02
4.315000000000000000e+02 3.110000000000000000e+02
1.665833333330000130e+02 3.121666666670000154e+02
3.725714285710000127e+02 3.126428571430000147e+02
4.500000000000000000e+02 3.120000000000000000e+02
5.446176470589999781e+02 3.150882352940000146e+02
5.174500000000000455e+02 3.167500000000000000e+02
1.587777777780000008e+02 3.178888888889999862e+02
2.330384615380000071e+02 3.173461538459999929e+02
3.240000000000000000e+02 3.170000000000000000e+02
4.946176470589999781e+02 3.170882352940000146e+02
3.002500000000000000e+02 3.181666666670000154e+02
4.000000000000000000e+02 3.180000000000000000e+02
4.700000000000000000e+01 3.187857142859999726e+02
6.511538461499999642e+01 3.191153846149999822e+02
2.116666666669999870e+02 3.184166666670000154e+02
2.660000000000000000e+02 3.202142857140000274e+02
5.805000000000000000e+02 3.200000000000000000e+02
2.565789473699999945e+01 3.226578947369999923e+02
3.893695652170000017e+02 3.226304347829999983e+02
2.388888888999999960e+00 3.230555555560000016e+02
2.858750000000000000e+02 3.239583333329999846e+02
4.260000000000000000e+02 3.225000000000000000e+02
5.103095238099999733e+02 3.233571428569999853e+02
3.485476190480000014e+02 3.256904761900000267e+02
4.550000000000000000e+02 3.247857142859999726e+02
2.492647058819999870e+02 3.267352941180000130e+02
4.727500000000000000e+02 3.260833333329999846e+02
1.675000000000000000e+02 3.284444444439999984e+02
1.842222222219999992e+02 3.286111111110000138e+02
8.071052631599999927e+01 3.291315789469999800e+02
1.259000000000000057e+02 3.288999999999999773e+02
1.010000000000000000e+02 3.302142857140000274e+02
5.631000000000000227e+02 3.301000000000000227e+02
4.435000000000000000e+02 3.310000000000000000e+02
1.452500000000000000e+02 3.357500000000000000e+02
3.320500000000000114e+02 3.356000000000000227e+02
4.071428571430000147e+02 3.352857142859999726e+02
4.882142857140000274e+02 3.350000000000000000e+02
5.482142857139999705e+02 3.360000000000000000e+02
6.511538461499999642e+01 3.371153846149999822e+02
2.258846153849999894e+02 3.371153846149999822e+02
3.658529411760000016e+02 3.375000000000000000e+02
3.911538461500000352e+01 3.381153846149999822e+02
3.206000000000000227e+02 3.385500000000000114e+02
5.318333333330000414e+02 3.383666666670000041e+02
2.030000000000000000e+02 3.397857142859999726e+02
3.860000000000000000e+02 3.400000000000000000e+02
5.111875000000000000e+02 3.413125000000000000e+02
2.971000000000000227e+02 3.421000000000000227e+02
1.900000000000000000e+01 3.430000000000000000e+02
4.589615384620000214e+02 3.433461538459999929e+02
5.616000000000000227e+02 3.435500000000000114e+02
8.437500000000000000e+01 3.443125000000000000e+02
2.720789473680000015e+02 3.443947368419999862e+02
4.162647058819999870e+02 3.442647058819999870e+02
1.664444444439999984e+02 3.457222222220000276e+02
2.405500000000000114e+02 3.496000000000000227e+02
5.388461538499999648e+01 3.501153846149999822e+02
1.894444444439999984e+02 3.507222222220000276e+02
2.264000000000000057e+02 3.504499999999999886e+02
3.548076923080000142e+02 3.505769230770000036e+02
4.699736842109999770e+02 3.518157894739999847e+02
8.333333330000000094e-01 3.520000000000000000e+02
1.235000000000000000e+02 3.531250000000000000e+02
4.039285714289999873e+02 3.527142857140000274e+02
4.410000000000000000e+02 3.530000000000000000e+02
1.442647058819999870e+02 3.547352941180000130e+02
2.539210526319999985e+02 3.543947368419999862e+02
4.911153846149999822e+02 3.541153846149999822e+02
3.715833333329999846e+02 3.551666666670000154e+02
2.036666666700000050e+01 3.560333333329999732e+02
9.750000000000000000e+01 3.562894736839999723e+02
2.866428571430000147e+02 3.563095238099999733e+02
3.325000000000000000e+02 3.590000000000000000e+02
5.495000000000000000e+02 3.593000000000000114e+02
7.184782608700000139e+01 3.608913043480000056e+02
1.569000000000000057e+02 3.598999999999999773e+02
2.705000000000000000e+02 3.616999999999999886e+02
3.522777777779999724e+02 3.620000000000000000e+02
5.041153846149999822e+02 3.618846153850000178e+02
5.310000000000000000e+02 3.630000000000000000e+02
3.300000000000000000e+01 3.633000000000000114e+02
3.901250000000000000e+02 3.657500000000000000e+02
1.436363636399999955e+01 3.661363636359999987e+02
1.025000000000000000e+02 3.668750000000000000e+02
2.058333333330000130e+02 3.655833333329999846e+02
3.070000000000000000e+02 3.655000000000000000e+02
5.802142857139999705e+02 3.673571428569999853e+02
5.400000000000000000e+01 3.677857142859999726e+02
1.295000000000000000e+02 3.680000000000000000e+02
4.736538461540000071e+02 3.675769230770000036e+02
5.577222222220000276e+02 3.678888888889999862e+02
1.785000000000000000e+02 3.693000000000000114e+02
2.310000000000000000e+02 3.692777777779999724e+02
4.564375000000000000e+02 3.695000000000000000e+02
4.220000000000000000e+02 3.693000000000000114e+02
4.061470588239999984e+02 3.719705882349999797e+02
5.133888888889999862e+02 3.723333333329999846e+02
3.290000000000000000e+02 3.735000000000000000e+02
2.142500000000000000e+02 3.741666666670000154e+02
4.905000000000000000e+02 3.745000000000000000e+02
5.426052631579999570e+02 3.739210526319999985e+02
2.593421052630000077e+02 3.766578947369999923e+02
3.161111111099999960e+01 3.777777777779999724e+02
9.241666666700000121e+01 3.798333333329999846e+02
1.420714285710000127e+02 3.805000000000000000e+02
2.846428571430000147e+02 3.803095238099999733e+02
3.717352941180000130e+02 3.807352941180000130e+02
1.920000000000000000e+02 3.810000000000000000e+02
4.403421052630000077e+02 3.816578947369999923e+02
3.525000000000000000e+02 3.821470588239999984e+02
3.146111111110000138e+02 3.837777777779999724e+02
1.530294117649999919e+02 3.858529411760000016e+02
6.200000000000000000e+01 3.860000000000000000e+02
1.091666666670000012e+02 3.862333333330000187e+02
1.782894736840000007e+02 3.868684210530000200e+02
3.002500000000000000e+02 3.859166666670000154e+02
4.012500000000000000e+02 3.862500000000000000e+02
4.512142857140000274e+02 3.860000000000000000e+02
3.343421052630000077e+02 3.883421052630000077e+02
3.796176470589999781e+02 3.889117647059999854e+02
4.773999999999999773e+02 3.895500000000000114e+02
5.272999999999999545e+02 3.906999999999999886e+02
1.278846153850000036e+02 3.908846153850000178e+02
4.282142857140000274e+02 3.910000000000000000e+02
5.628529411759999448e+02 3.909705882349999797e+02
5.327777777800000081e+01 3.930000000000000000e+02
2.400000000000000000e+02 3.935000000000000000e+02
2.244499999999999886e+02 3.956000000000000227e+02
4.895000000000000000e+02 3.945000000000000000e+02
1.865000000000000000e+02 3.970000000000000000e+02
5.101666666670000154e+02 3.967500000000000000e+02
7.900000000000000000e+01 3.973000000000000114e+02
1.518529411760000016e+02 3.979705882349999797e+02
2.080000000000000000e+02 3.980000000000000000e+02
1.696111111110000138e+02 3.991666666670000154e+02
5.435000000000000000e+02 3.995000000000000000e+02
6.617647059000000276e+00 3.999117647059999854e+02
2.228571428600000104e+01 4.001428571430000147e+02
2.693181818180000278e+02 4.003181818180000278e+02
2.915000000000000000e+02 4.005000000000000000e+02
4.395000000000000000e+02 4.000000000000000000e+02
3.975000000000000000e+01 4.008750000000000000e+02
9.102941176500000608e+01 4.012647058819999870e+02
3.622916666670000154e+02 4.027083333329999846e+02
5.070000000000000000e+02 4.030000000000000000e+02
1.354499999999999886e+02 4.056000000000000227e+02
4.115000000000000000e+02 4.058529411760000016e+02
4.640833333329999846e+02 4.060416666670000154e+02
2.531666666669999870e+02 4.061111111110000138e+02
5.605000000000000000e+02 4.070000000000000000e+02
3.385000000000000000e+02 4.085000000000000000e+02
4.815000000000000000e+02 4.087105263160000277e+02
3.770000000000000000e+02 4.100000000000000000e+02
8.796153846199999293e+01 4.116538461540000071e+02
1.115000000000000000e+02 4.123000000000000114e+02
3.165000000000000000e+02 4.123000000000000114e+02
2.365909090909999861e+02 4.131363636359999987e+02
5.262692307690000462e+02 4.132692307689999893e+02
4.439999999999999858e+01 4.144499999999999886e+02
3.966176470589999781e+02 4.149117647059999854e+02
4.342857142859999726e+02 4.148571428569999853e+02
5.988461538499999648e+01 4.158846153850000178e+02
1.909545454549999874e+02 4.158636363640000013e+02
2.782142857140000274e+02 4.160000000000000000e+02
3.033571428569999853e+02 4.175714285710000127e+02
3.634090909089999855e+02 4.181363636359999987e+02
5.367222222220000276e+02 4.185555555560000016e+02
5.787857142860000295e+02 4.190000000000000000e+02
9.000000000000000000e+00 4.205000000000000000e+02
2.181363636359999987e+02 4.212272727270000132e+02
1.789545454549999874e+02 4.218636363640000013e+02
4.088684210530000200e+02 4.230789473680000015e+02
5.583461538459999929e+02 4.229615384620000214e+02
4.730000000000000000e+02 4.245000000000000000e+02
1.592500000000000000e+02 4.249166666670000154e+02
3.105000000000000000e+02 4.256538461540000071e+02
3.415714285710000127e+02 4.252857142859999726e+02
3.807857142859999726e+02 4.245000000000000000e+02
1.095999999999999943e+02 4.264499999999999886e+02
4.475952380950000133e+02 4.283095238099999733e+02
2.516666666700000121e+01 4.289444444439999984e+02
7.900000000000000000e+01 4.296875000000000000e+02
1.970000000000000000e+02 4.290000000000000000e+02
5.016764705879999724e+02 4.293235294120000276e+02
2.840000000000000000e+02 4.296999999999999886e+02
1.411153846150000106e+02 4.311153846149999822e+02
2.290000000000000000e+02 4.310000000000000000e+02
3.161000000000000227e+02 4.328999999999999773e+02
4.858076923080000142e+02 4.335769230770000036e+02
5.725000000000000000e+02 4.335000000000000000e+02
5.708823529400000041e+01 4.346176470589999781e+02
1.286578947369999923e+02 4.356578947369999923e+02
2.518333333330000130e+02 4.345833333329999846e+02
4.213235294120000276e+02 4.355000000000000000e+02
2.757857142859999726e+02 4.365000000000000000e+02
3.588333333329999846e+02 4.374166666670000154e+02
3.867647058800000082e+01 4.382647058819999870e+02
5.440000000000000000e+02 4.387857142859999726e+02
1.619705882350000081e+02 4.402647058819999870e+02
5.231875000000000000e+02 4.404375000000000000e+02
1.863750000000000000e+02 4.403750000000000000e+02
1.495000000000000000e+02 4.421470588239999984e+02
4.565000000000000000e+02 4.415000000000000000e+02
8.026470588200000122e+01 4.437352941180000130e+02
2.257727272729999868e+02 4.440909090910000145e+02
3.486111111110000138e+02 4.431666666670000154e+02
3.844166666670000154e+02 4.428333333329999846e+02
4.182500000000000000e+02 4.430833333329999846e+02
5.884615385000000032e+00 4.438846153850000178e+02
2.030294117649999919e+02 4.448529411760000016e+02
5.046538461540000071e+02 4.449615384620000214e+02
3.935000000000000000e+02 4.489285714289999873e+02
5.636428571430000147e+02 4.493095238099999733e+02
1.042500000000000000e+02 4.512500000000000000e+02
2.950000000000000000e+02 4.512777777779999724e+02
3.688571428569999853e+02 4.517142857140000274e+02
4.750789473680000015e+02 4.516052631580000138e+02
4.418750000000000000e+02 4.525000000000000000e+02
4.953750000000000000e+02 4.521875000000000000e+02
1.210789473680000015e+02 4.536052631580000138e+02
1.813421052630000077e+02 4.533421052630000077e+02
5.283750000000000000e+02 4.531250000000000000e+02
2.538846153849999894e+02 4.538846153850000178e+02
3.212727272729999868e+02 4.552272727270000132e+02
4.509705882349999797e+02 4.548529411760000016e+02
2.650000000000000000e+02 4.547857142859999726e+02
3.096999999999999886e+02 4.545000000000000000e+02
4.157500000000000000e+02 4.552500000000000000e+02
2.187500000000000000e+01 4.569375000000000000e+02
2.331666666669999870e+02 4.575833333329999846e+02
3.410000000000000000e+02 4.590000000000000000e+02
1.428333333330000130e+02 4.602500000000000000e+02
1.594090909090000139e+02 4.611363636359999987e+02
3.895000000000000000e+02 4.625000000000000000e+02
5.152894736839999723e+02 4.625000000000000000e+02
5.339999999999999858e+01 4.635500000000000114e+02
3.555000000000000000e+02 4.630000000000000000e+02
9.878571428600000104e+01 4.640000000000000000e+02
5.616176470589999781e+02 4.670882352940000146e+02
2.260000000000000000e+02 4.685000000000000000e+02
2.873750000000000000e+02 4.688125000000000000e+02
3.731818181799999934e+01 4.686818181819999722e+02
1.070000000000000000e+02 4.700000000000000000e+02
2.005000000000000000e+02 4.715000000000000000e+02
4.286176470589999781e+02 4.709117647059999854e+02
7.100000000000000000e+01 4.720000000000000000e+02
2.762142857140000274e+02 4.720000000000000000e+02
4.787500000000000000e+02 4.718750000000000000e+02
2.111538461499999997e+01 4.728846153850000178e+02
2.409666666669999984e+02 4.733666666670000041e+02
4.983000000000000114e+02 4.725000000000000000e+02
5.466578947369999923e+02 4.736578947369999923e+02
3.048076923080000142e+02 4.755769230770000036e+02
1.833181818179999993e+02 4.763181818180000278e+02
3.657500000000000000e+02 4.752500000000000000e+02
3.310882352940000146e+02 4.776176470589999781e+02
5.411538461500000352e+01 4.778846153850000178e+02
1.286111111110000138e+02 4.787777777779999724e+02
2.586956521999999925e+00 4.802826086960000112e+02
3.965000000000000000e+02 4.791315789469999800e+02
1.461250000000000000e+02 4.806250000000000000e+02
4.676578947369999923e+02 4.803421052630000077e+02
9.422222222199999919e+01 4.813888888889999862e+02
5.279705882350000365e+02 4.818529411760000016e+02
1.647352941180000130e+02 4.825000000000000000e+02
3.731000000000000227e+02 4.821000000000000227e+02
4.193461538459999929e+02 4.820384615379999786e+02
4.456818181819999722e+02 4.833181818180000278e+02
4.887857142859999726e+02 4.830000000000000000e+02
3.560000000000000000e+02 4.845000000000000000e+02
4.330000000000000000e+02 4.845000000000000000e+02
5.765000000000000000e+02 4.850000000000000000e+02
7.696153846199999293e+01 4.856538461540000071e+02
2.380999999999999943e+02 4.861000000000000227e+02
3.153888888889999862e+02 4.877777777779999724e+02
2.243181818179999993e+02 4.889545454550000159e+02
4.721875000000000000e+02 4.896875000000000000e+02
2.125000000000000000e+02 4.900000000000000000e+02
5.106818181819999722e+02 4.903181818180000278e+02
5.564130434779999632e+02 4.905434782610000184e+02
2.020000000000000000e+02 4.925000000000000000e+02
3.063333333299999950e+01 4.939666666670000268e+02
1.487727272729999868e+02 4.935909090910000145e+02
2.697500000000000000e+02 4.947500000000000000e+02
2.968999999999999773e+02 4.941000000000000227e+02
3.882777777779999724e+02 4.960000000000000000e+02
4.337857142859999726e+02 4.960000000000000000e+02
1.585000000000000000e+02 4.967857142859999726e+02
3.572500000000000000e+02 4.979166666670000154e+02
4.540000000000000000e+02 4.982142857140000274e+02
5.280555555559999448e+02 4.971666666670000154e+02
4.789999999999999858e+01 4.998999999999999773e+02
1.177857142860000010e+02 5.000000000000000000e+02
1.343125000000000000e+02 5.006875000000000000e+02
3.371923076919999858e+02 5.005769230770000036e+02
1.414705882400000014e+01 5.019705882349999797e+02
2.268846153849999894e+02 5.021153846149999822e+02
4.949615384620000214e+02 5.028076923080000142e+02
9.579999999999999716e+01 5.033999999999999773e+02
1.835000000000000000e+02 5.030000000000000000e+02
2.454444444439999984e+02 5.047222222220000276e+02
7.700000000000000000e+01 5.055000000000000000e+02
4.119117647059999854e+02 5.056176470589999781e+02
6.316666666700000121e+01 5.053888888889999862e+02
4.635000000000000000e+02 5.060000000000000000e+02
5.116538461540000071e+02 5.060384615379999786e+02
5.490000000000000000e+02 5.070000000000000000e+02
3.022500000000000000e+02 5.077500000000000000e+02
3.760000000000000000e+02 5.095000000000000000e+02
3.759090909100000033e+01 5.096818181819999722e+02
2.700000000000000000e+02 5.110000000000000000e+02
5.797500000000000000e+02 5.114166666670000154e+02
2.040999999999999943e+02 5.121000000000000227e+02
2.854090909089999855e+02 5.131363636360000555e+02
3.280000000000000000e+02 5.130000000000000000e+02
6.065789473699999945e+01 5.146578947369999923e+02
1.499761904759999993e+02 5.149761904760000562e+02
5.509615384620000214e+02 5.143461538459999929e+02
4.277857142859999726e+02 5.160000000000000000e+02
5.262142857139999705e+02 5.161428571430000147e+02
2.231923076920000142e+02 5.174230769230000533e+02
4.809705882349999797e+02 5.178529411759999448e+02
1.895625000000000000e+02 5.187500000000000000e+02
3.749545454550000159e+02 5.188636363639999445e+02
4.411153846149999822e+02 5.197307692309999538e+02
1.669615384619999929e+02 5.206538461540000071e+02
1.685714285699999948e+01 5.227142857139999705e+02
3.486578947369999923e+02 5.226578947369999923e+02
3.956000000000000227e+02 5.232999999999999545e+02
5.026875000000000000e+02 5.243125000000000000e+02
9.188095238100000017e+01 5.255000000000000000e+02
2.587500000000000000e+02 5.250833333330000414e+02
1.220000000000000000e+02 5.257857142860000295e+02
2.755500000000000114e+02 5.262500000000000000e+02
4.575500000000000114e+02 5.276000000000000227e+02
2.339000000000000057e+02 5.278999999999999773e+02
6.970588235000000132e+00 5.301470588240000552e+02
5.460000000000000000e+02 5.305000000000000000e+02
3.075500000000000114e+02 5.316000000000000227e+02
4.403333333300000163e+01 5.343666666670000041e+02
1.005000000000000000e+02 5.345000000000000000e+02
3.624444444439999984e+02 5.342777777779999724e+02
4.083571428569999853e+02 5.347857142860000295e+02
2.000000000000000000e+02 5.342999999999999545e+02
1.775000000000000000e+01 5.365000000000000000e+02
1.420999999999999943e+02 5.361000000000000227e+02
1.645000000000000000e+02 5.357000000000000455e+02
1.775999999999999943e+02 5.364500000000000455e+02
3.348571428569999853e+02 5.367142857139999705e+02
4.749117647059999854e+02 5.362647058820000439e+02
5.074090909089999855e+02 5.358636363639999445e+02
3.768999999999999773e+02 5.374333333329999505e+02
5.760625000000000000e+02 5.372500000000000000e+02
6.271052631599999927e+01 5.395000000000000000e+02
4.320000000000000000e+02 5.392777777779999724e+02
5.237222222220000276e+02 5.390000000000000000e+02
2.284000000000000057e+02 5.405499999999999545e+02
3.242222222220000276e+02 5.406111111110000138e+02
2.888846153850000178e+02 5.411153846150000390e+02
1.192222222219999992e+02 5.426666666669999586e+02
3.005000000000000000e+02 5.422999999999999545e+02
3.990000000000000000e+02 5.440000000000000000e+02
4.910000000000000000e+02 5.455000000000000000e+02
4.762500000000000000e+01 5.456250000000000000e+02
2.015000000000000000e+02 5.490000000000000000e+02
2.601153846149999822e+02 5.488846153849999610e+02
9.623684210499999381e+01 5.507631578949999493e+02
5.648684210530000200e+02 5.507105263160000277e+02
4.253666666670000041e+02 5.510333333329999732e+02
5.785000000000000000e+02 5.525000000000000000e+02
4.670000000000000000e+02 5.555000000000000000e+02
3.445000000000000000e+02 5.560000000000000000e+02
3.640333333329999732e+02 5.566333333329999959e+02
1.599000000000000057e+02 5.575666666670000495e+02
1.785714285999999928e+00 5.580000000000000000e+02
1.670000000000000000e+02 5.580000000000000000e+02
3.320333333329999732e+02 5.583666666670000041e+02
5.177142857139999705e+02 5.581428571430000147e+02
5.419705882350000365e+02 5.581470588240000552e+02
4.428076923080000142e+02 5.585000000000000000e+02
4.419230769199999997e+01 5.604230769230000533e+02
2.421666666669999870e+02 5.603666666670000041e+02
2.701250000000000000e+02 5.602500000000000000e+02
3.108636363640000013e+02 5.595909090909999577e+02
2.201363636359999987e+02 5.604090909090000423e+02
2.705555555600000162e+01 5.618333333330000414e+02
1.093333333329999988e+02 5.616666666669999586e+02
4.878636363640000013e+02 5.615909090909999577e+02
6.800000000000000000e+01 5.621666666669999586e+02
4.990000000000000000e+02 5.625000000000000000e+02
