3.000000000000000000e+00 1.785714285999999928e+00
2.275000000000000000e+02 2.299999999999999822e+00
2.780000000000000000e+02 5.000000000000000000e-01
3.260625000000000000e+02 1.875000000000000000e+00
4.010000000000000000e+02 1.000000000000000000e+00
5.557857142860000295e+02 9.285714290000000037e-01
3.727500000000000000e+02 3.750000000000000000e+00
2.197368421099999836e+01 4.868421052999999610e+00
4.821428571399999896e+01 4.000000000000000000e+00
2.583823529410000219e+02 5.088235294000000408e+00
5.766428571430000147e+02 5.690476190000000045e+00
4.813999999999999773e+02 6.549999999999999822e+00
3.478999999999999773e+02 7.099999999999999645e+00
1.960999999999999943e+02 7.900000000000000355e+00
5.210333333329999732e+02 8.633333332999999499e+00
6.770000000000000284e+01 8.500000000000000000e+00
9.905555555600000162e+01 1.100000000000000000e+01
2.370000000000000000e+02 1.021428571400000074e+01
4.575000000000000000e+02 9.500000000000000000e+00
3.053571428569999853e+02 1.130952380999999995e+01
1.390999999999999943e+02 1.209999999999999964e+01
4.379117647059999854e+02 1.338235294100000061e+01
8.436666666700000405e+01 1.396666666700000015e+01
2.169000000000000057e+02 1.390000000000000036e+01
4.223823529410000219e+02 1.408823529400000041e+01
5.430625000000000000e+02 1.575000000000000000e+01
5.545000000000000000e+02 1.538235294100000061e+01
3.911666666670000154e+02 1.625000000000000000e+01
1.773000000000000114e+02 1.650000000000000000e+01
5.080000000000000000e+02 1.850000000000000000e+01
1.220000000000000000e+02 1.900000000000000000e+01
4.640000000000000000e+02 1.900000000000000000e+01
2.061111111099999960e+01 2.177777777800000081e+01
3.686764705879999724e+02 2.173529411799999878e+01
1.540000000000000000e+02 2.272222222199999919e+01
3.273421052630000077e+02 2.265789473699999945e+01
3.889545454550000159e+02 2.186363636400000132e+01
3.485909090910000145e+02 2.359090909100000033e+01
4.860000000000000000e+02 2.350000000000000000e+01
5.900000000000000000e+01 2.400000000000000000e+01
7.740909090899999967e+01 2.440909090899999967e+01
1.014166666670000012e+02 2.416666666700000121e+01
2.673000000000000114e+02 2.350000000000000000e+01
2.812142857140000274e+02 2.400000000000000000e+01
5.304166666669999586e+02 2.383333333299999879e+01
5.710555555559999448e+02 2.438888888900000040e+01
1.765000000000000000e+02 2.528947368400000073e+01
3.088636363640000013e+02 2.604545454499999835e+01
8.400000000000000355e+00 2.844999999999999929e+01
3.640000000000000000e+02 3.000000000000000000e+01
4.543888888889999862e+02 3.077777777800000081e+01
5.569666666670000268e+02 3.063333333299999950e+01
4.121153846149999822e+02 3.088461538500000003e+01
3.639999999999999858e+01 3.229999999999999716e+01
1.450000000000000000e+02 3.221428571399999896e+01
4.300000000000000000e+02 3.250000000000000000e+01
1.131470588239999984e+02 3.350000000000000000e+01
1.990384615380000071e+02 3.334615384599999999e+01
6.516666666700000121e+01 3.425000000000000000e+01
4.735588235289999943e+02 3.467647058800000082e+01
4.973999999999999773e+02 3.454999999999999716e+01
2.390000000000000000e+02 3.521428571399999896e+01
2.541363636359999987e+02 3.459090909100000033e+01
4.030333333329999732e+02 3.536666666699999695e+01
2.173000000000000114e+02 3.550000000000000000e+01
8.158695652199999415e+01 3.828260869599999694e+01
3.307352941180000130e+02 3.750000000000000000e+01
3.830000000000000000e+02 3.750000000000000000e+01
5.196764705880000292e+02 3.932352941199999918e+01
2.620882352940000146e+02 4.038235294100000061e+01
5.680000000000000000e+02 4.178571428600000104e+01
2.996875000000000000e+02 4.362500000000000000e+01
1.391315789470000084e+02 4.471052631599999927e+01
2.313000000000000114e+02 4.600000000000000000e+01
2.850000000000000000e+01 4.600000000000000000e+01
1.637857142860000010e+02 4.600000000000000000e+01
5.427857142860000295e+02 4.600000000000000000e+01
3.527777777779999724e+02 4.761111111099999960e+01
4.400000000000000000e+01 4.800000000000000000e+01
3.149166666670000154e+02 4.841666666700000121e+01
4.440000000000000000e+02 4.850000000000000000e+01
4.641428571430000147e+02 4.878571428600000104e+01
1.025000000000000000e+02 4.970000000000000284e+01
3.616764705879999724e+02 5.132352941199999918e+01
1.876904761899999983e+02 5.235714285699999948e+01
2.052368421049999938e+02 5.286842105299999872e+01
3.293000000000000114e+02 5.150000000000000000e+01
4.947307692310000107e+02 5.188461538499999648e+01
2.881666666670000154e+02 5.283333333299999879e+01
3.886333333329999959e+02 5.403333333300000163e+01
3.088235293999999964e+00 5.538235294100000061e+01
4.145000000000000000e+02 5.550000000000000000e+01
5.071153846149999822e+02 5.511538461500000352e+01
5.820000000000000000e+02 5.500000000000000000e+01
2.510000000000000000e+02 5.650000000000000000e+01
3.786176470589999781e+02 5.608823529400000041e+01
5.461000000000000227e+02 5.614999999999999858e+01
5.601470588240000552e+02 5.650000000000000000e+01
5.940909090899999967e+01 5.840909090899999967e+01
1.623181818179999993e+02 5.822727272699999901e+01
3.423461538459999929e+02 5.896153846200000004e+01
2.430000000000000000e+02 6.072222222199999919e+01
1.200000000000000000e+02 6.200000000000000000e+01
1.430999999999999943e+02 6.210000000000000142e+01
4.740000000000000000e+02 6.170000000000000284e+01
8.309999999999999432e+01 6.289999999999999858e+01
4.308999999999999773e+02 6.289999999999999858e+01
4.481000000000000227e+02 6.300000000000000000e+01
5.289117647059999854e+02 6.361764705899999939e+01
3.935555555560000016e+02 6.472222222199999919e+01
2.170000000000000000e+02 6.521428571399999896e+01
2.637142857140000274e+02 6.514285714300000052e+01
4.968846153850000178e+02 6.511538461499999642e+01
1.998750000000000000e+02 6.668750000000000000e+01
2.100000000000000000e+01 6.878571428600000104e+01
4.572222222199999919e+01 7.000000000000000000e+01
1.125000000000000000e+02 7.050000000000000000e+01
2.986000000000000227e+02 7.070000000000000284e+01
3.157142857140000274e+02 7.128571428600000104e+01
1.723499999999999943e+02 7.234999999999999432e+01
3.427777777779999724e+02 7.244444444399999838e+01
7.532352941199999918e+01 7.444117647100000568e+01
4.690000000000000000e+02 7.464285714300000052e+01
5.348750000000000000e+02 7.475000000000000000e+01
2.736578947369999923e+02 7.665789473700000656e+01
5.081428571430000147e+02 7.671428571399999896e+01
5.737666666669999813e+02 7.783333333299999879e+01
2.260000000000000000e+02 7.821428571399999896e+01
9.000000000000000000e+00 7.950000000000000000e+01
1.290000000000000000e+02 8.000000000000000000e+01
1.529000000000000057e+02 7.990000000000000568e+01
2.578000000000000114e+02 8.034999999999999432e+01
8.800000000000000000e+01 8.100000000000000000e+01
3.683636363640000013e+02 8.150000000000000000e+01
4.847777777779999724e+02 8.166666666700000121e+01
2.072777777780000008e+02 8.300000000000000000e+01
2.350000000000000000e+02 8.200000000000000000e+01
3.305588235289999943e+02 8.344117647100000568e+01
5.885294117600000163e+01 8.450000000000000000e+01
4.118999999999999773e+02 8.390000000000000568e+01
4.293999999999999773e+02 8.554999999999999716e+01
5.463750000000000000e+02 8.725000000000000000e+01
3.025000000000000000e+01 8.806250000000000000e+01
1.728846153849999894e+02 8.811538461499999642e+01
3.062692307689999893e+02 8.834615384600000709e+01
3.838529411760000016e+02 8.850000000000000000e+01
4.498636363640000013e+02 8.859090909100000033e+01
4.695000000000000000e+02 8.929999999999999716e+01
5.031153846149999822e+02 8.911538461499999642e+01
7.670000000000000284e+01 8.950000000000000000e+01
1.318846153849999894e+02 9.088461538500000358e+01
5.735000000000000000e+02 9.150000000000000000e+01
5.688461538499999648e+01 9.311538461499999642e+01
5.846578947369999923e+02 9.365789473700000656e+01
1.113750000000000000e+02 9.531250000000000000e+01
4.090000000000000000e+02 9.550000000000000000e+01
5.296818181820000291e+02 9.468181818200000066e+01
8.962500000000000000e+01 9.781250000000000000e+01
1.930000000000000000e+02 9.750000000000000000e+01
2.301315789470000084e+02 9.728947368400000073e+01
2.446999999999999886e+02 9.750000000000000000e+01
2.917500000000000000e+02 9.825000000000000000e+01
1.276666666700000086e+01 1.001666666670000012e+02
2.685000000000000000e+02 1.000714285709999984e+02
5.466176470589999781e+02 1.000882352940000004e+02
3.510000000000000000e+02 1.015000000000000000e+02
3.830000000000000000e+02 1.015000000000000000e+02
3.668750000000000000e+01 1.031875000000000000e+02
1.611153846150000106e+02 1.031153846149999964e+02
3.744499999999999886e+02 1.035999999999999943e+02
1.423461538459999929e+02 1.040384615380000071e+02
4.477857142859999726e+02 1.040000000000000000e+02
1.991666666669999870e+02 1.054166666670000012e+02
3.245555555560000016e+02 1.052777777780000008e+02
4.848529411760000016e+02 1.069705882349999939e+02
5.661153846150000390e+02 1.081153846149999964e+02
1.237500000000000000e+02 1.091666666670000012e+02
5.120625000000000000e+02 1.092500000000000000e+02
2.604499999999999886e+02 1.104000000000000057e+02
3.097666666669999813e+02 1.111666666670000012e+02
4.199666666670000268e+02 1.126333333329999959e+02
1.056538461539999929e+02 1.129615384619999929e+02
4.660882352940000146e+02 1.136176470590000065e+02
6.636363636400000132e+01 1.151818181820000007e+02
2.186999999999999886e+02 1.142999999999999972e+02
2.907777777779999724e+02 1.146111111109999996e+02
3.341428571430000147e+02 1.147142857139999990e+02
2.850000000000000000e+01 1.155000000000000000e+02
1.200000000000000000e+01 1.157857142860000010e+02
1.908846153849999894e+02 1.158846153850000036e+02
2.377500000000000000e+02 1.162500000000000000e+02
4.406111111110000138e+02 1.161666666670000012e+02
5.809666666670000268e+02 1.166333333329999959e+02
4.075000000000000000e+02 1.170000000000000000e+02
4.750000000000000000e+01 1.180000000000000000e+02
1.484000000000000057e+02 1.195499999999999972e+02
5.320000000000000000e+02 1.202142857139999990e+02
5.514375000000000000e+02 1.201875000000000000e+02
1.610789473680000015e+02 1.223947368420000004e+02
5.026578947369999923e+02 1.236578947370000066e+02
3.594499999999999886e+02 1.245999999999999943e+02
4.200000000000000000e+02 1.242142857139999990e+02
3.748333333329999846e+02 1.247500000000000000e+02
5.210000000000000000e+02 1.257222222219999992e+02
2.301250000000000000e+02 1.277500000000000000e+02
3.142142857140000274e+02 1.270000000000000000e+02
4.420000000000000000e+02 1.267857142860000010e+02
3.912142857140000274e+02 1.283571428570000137e+02
9.050000000000000000e+01 1.286999999999999886e+02
1.050000000000000000e+02 1.295000000000000000e+02
4.780000000000000000e+02 1.292142857139999990e+02
5.672999999999999545e+02 1.285000000000000000e+02
1.801153846150000106e+02 1.298846153849999894e+02
2.705000000000000000e+02 1.295000000000000000e+02
1.290000000000000000e+02 1.307857142860000010e+02
2.114090909090000139e+02 1.314090909090000139e+02
3.327352941180000130e+02 1.312647058819999870e+02
4.670000000000000000e+02 1.323571428570000137e+02
6.500000000000000000e+01 1.330000000000000000e+02
2.957857142859999726e+02 1.330000000000000000e+02
5.810000000000000000e+02 1.345000000000000000e+02
4.990333333329999732e+02 1.366333333329999959e+02
1.373666666670000041e+02 1.369666666669999984e+02
1.821428571399999896e+01 1.380000000000000000e+02
2.490384615380000071e+02 1.376538461540000071e+02
5.571153846150000390e+02 1.378846153849999894e+02
3.261764705899999939e+01 1.387941176470000073e+02
4.121470588239999984e+02 1.395000000000000000e+02
5.318846153849999610e+02 1.388846153849999894e+02
1.603640000000000043e+02 1.471080000000000041e+02
1.887666666670000097e+02 1.426999999999999886e+02
4.291153846149999822e+02 1.431153846150000106e+02
2.071153846150000106e+02 1.438846153849999894e+02
4.500000000000000000e+00 1.455000000000000000e+02
2.582222222220000276e+02 1.453888888889999862e+02
3.112142857140000274e+02 1.451428571429999863e+02
3.550000000000000000e+02 1.450000000000000000e+02
5.050000000000000000e+01 1.485000000000000000e+02
7.672222222199999919e+01 1.484444444439999984e+02
1.131153846149999964e+02 1.478846153849999894e+02
5.177000000000000455e+02 1.486999999999999886e+02
6.644736842099999308e+01 1.496578947369999923e+02
1.346875000000000000e+02 1.506250000000000000e+02
1.025499999999999972e+02 1.512500000000000000e+02
2.805555555560000016e+02 1.517222222219999992e+02
4.525000000000000000e+02 1.508333333330000130e+02
4.785909090910000145e+02 1.514090909090000139e+02
2.410000000000000000e+02 1.525000000000000000e+02
2.326578947369999923e+02 1.536578947369999923e+02
3.370000000000000000e+02 1.532500000000000000e+02
3.721923076919999858e+02 1.530384615380000071e+02
3.851666666670000154e+02 1.545000000000000000e+02
4.400000000000000000e+02 1.547857142860000010e+02
3.488846153850000178e+02 1.561153846150000106e+02
5.649347826089999671e+02 1.588913043480000056e+02
4.980000000000000000e+02 1.597727272729999868e+02
2.735000000000000000e+02 1.597857142860000010e+02
3.078000000000000114e+02 1.614000000000000057e+02
5.403461538459999929e+02 1.612692307689999893e+02
1.635714285699999948e+01 1.626904761899999983e+02
2.133888888889999862e+02 1.631666666669999870e+02
3.202857142859999726e+02 1.637142857139999990e+02
2.500000000000000000e+00 1.638333333330000130e+02
1.858809523809999860e+02 1.642619047620000003e+02
4.000000000000000000e+01 1.665000000000000000e+02
9.461111111099999960e+01 1.672222222219999992e+02
1.562142857139999990e+02 1.670000000000000000e+02
4.035000000000000000e+02 1.665000000000000000e+02
4.621666666670000154e+02 1.675000000000000000e+02
5.109117647059999854e+02 1.673823529409999935e+02
2.876111111110000138e+02 1.691666666669999870e+02
5.807941176470000073e+02 1.692647058819999870e+02
2.036111111110000138e+02 1.709444444439999984e+02
6.154999999999999716e+01 1.724000000000000057e+02
4.243888888889999862e+02 1.722222222219999992e+02
4.795000000000000000e+02 1.723947368419999862e+02
4.945000000000000000e+02 1.720000000000000000e+02
1.225000000000000000e+02 1.730000000000000000e+02
2.375000000000000000e+02 1.745000000000000000e+02
5.552142857139999705e+02 1.740000000000000000e+02
7.718750000000000000e+01 1.753750000000000000e+02
1.446052631580000138e+02 1.749210526319999985e+02
2.215000000000000000e+02 1.750000000000000000e+02
3.380000000000000000e+02 1.745000000000000000e+02
5.313888888889999862e+02 1.755555555560000016e+02
3.663421052630000077e+02 1.766578947369999923e+02
3.595500000000000114e+02 1.787500000000000000e+02
4.362894736839999723e+02 1.784473684209999931e+02
3.896578947369999923e+02 1.793421052630000077e+02
5.439999999999999858e+01 1.805500000000000114e+02
1.705588235289999943e+02 1.808529411760000016e+02
9.285714290000000037e-01 1.822142857139999990e+02
1.950000000000000000e+01 1.823000000000000114e+02
2.816176470589999781e+02 1.819117647060000138e+02
1.822142857139999990e+02 1.840000000000000000e+02
4.652500000000000000e+02 1.841666666669999870e+02
5.693823529410000219e+02 1.840882352939999862e+02
2.953421052630000077e+02 1.853421052630000077e+02
4.051153846149999822e+02 1.851153846150000106e+02
4.841470588239999984e+02 1.850294117649999919e+02
8.590909091000000330e+00 1.861363636359999987e+02
1.063484848479999982e+02 1.898939393940000002e+02
2.448333333330000130e+02 1.885000000000000000e+02
2.063421052630000077e+02 1.893421052630000077e+02
3.650000000000000000e+01 1.915000000000000000e+02
2.761000000000000227e+02 1.910999999999999943e+02
3.177857142859999726e+02 1.910000000000000000e+02
3.744444444439999984e+02 1.912777777780000008e+02
5.168529411759999448e+02 1.910294117649999919e+02
1.410000000000000000e+02 1.920000000000000000e+02
1.667142857139999990e+02 1.931428571429999863e+02
3.962272727270000132e+02 1.945909090909999861e+02
7.861764705900000649e+01 1.949117647060000138e+02
2.895000000000000000e+02 1.970000000000000000e+02
4.228750000000000000e+02 1.972500000000000000e+02
3.370500000000000114e+02 1.985999999999999943e+02
3.453999999999999773e+02 1.985500000000000114e+02
1.238846153850000036e+02 1.991153846150000106e+02
5.496052631579999570e+02 1.995000000000000000e+02
4.631999999999999886e+02 2.013499999999999943e+02
5.352777777779999724e+02 2.010000000000000000e+02
6.244736842100000018e+01 2.026578947369999923e+02
4.435000000000000000e+02 2.019285714289999873e+02
4.978333333329999846e+02 2.022333333329999903e+02
5.849666666670000268e+02 2.026333333329999959e+02
2.181153846150000106e+02 2.031153846150000106e+02
1.744999999999999929e+01 2.045999999999999943e+02
2.980000000000000000e+02 2.042777777780000008e+02
5.712857142860000295e+02 2.038571428570000137e+02
4.229999999999999716e+01 2.054333333330000073e+02
1.856176470590000065e+02 2.059117647060000138e+02
2.401153846150000106e+02 2.058846153849999894e+02
2.715476190480000014e+02 2.063095238100000017e+02
4.777500000000000000e+02 2.061250000000000000e+02
4.320000000000000000e+02 2.067857142860000010e+02
1.269666666669999984e+02 2.083666666670000041e+02
2.581470588239999984e+02 2.080294117649999919e+02
5.180000000000000000e+02 2.090000000000000000e+02
8.309999999999999432e+01 2.100999999999999943e+02
1.171428571430000005e+02 2.107142857139999990e+02
4.040000000000000000e+02 2.112272727270000132e+02
4.590909091000000330e+00 2.118636363640000013e+02
1.590000000000000000e+02 2.117857142860000010e+02
3.841250000000000000e+02 2.117500000000000000e+02
7.200000000000000000e+01 2.126999999999999886e+02
3.190000000000000000e+02 2.135000000000000000e+02
3.587777777779999724e+02 2.136111111110000138e+02
2.045999999999999943e+02 2.136999999999999886e+02
3.411499999999999773e+02 2.140999999999999943e+02
1.775999999999999943e+02 2.154499999999999886e+02
9.988888888900000040e+01 2.167222222219999992e+02
2.310999999999999943e+02 2.159000000000000057e+02
2.818908045979999883e+02 2.221781609200000105e+02
4.961363636359999987e+02 2.169545454549999874e+02
5.274090909090000423e+02 2.195909090909999861e+02
5.820000000000000000e+02 2.192142857139999990e+02
2.721428571399999896e+01 2.200000000000000000e+02
5.550000000000000000e+02 2.200000000000000000e+02
4.496818181819999722e+02 2.206818181820000007e+02
2.445476190480000014e+02 2.266904761899999983e+02
4.600555555560000016e+02 2.270000000000000000e+02
5.644130434779999632e+02 2.272826086960000112e+02
5.179999999999999716e+01 2.271999999999999886e+02
4.040454545449999841e+02 2.275000000000000000e+02
1.474000000000000057e+02 2.295500000000000114e+02
1.995000000000000000e+02 2.298529411760000016e+02
3.221111111110000138e+02 2.298333333330000130e+02
3.618333333329999846e+02 2.292333333329999903e+02
1.297777777780000008e+02 2.306111111110000138e+02
5.131153846150000390e+02 2.301153846150000106e+02
2.580000000000000000e+02 2.310000000000000000e+02
2.270294117649999919e+02 2.321470588239999984e+02
4.192647058819999870e+02 2.327352941180000130e+02
3.106999999999999886e+02 2.333000000000000114e+02
3.885000000000000000e+02 2.335000000000000000e+02
4.410000000000000000e+02 2.330000000000000000e+02
4.855000000000000000e+02 2.335000000000000000e+02
8.283333333299999879e+01 2.341666666669999870e+02
1.643461538459999929e+02 2.339615384619999929e+02
1.000000000000000000e+01 2.372777777780000008e+02
3.161111111099999960e+01 2.372222222219999992e+02
1.773181818179999993e+02 2.373181818179999993e+02
1.030000000000000000e+02 2.385000000000000000e+02
3.718846153850000178e+02 2.381153846150000106e+02
2.728684210530000200e+02 2.405000000000000000e+02
2.889117647059999854e+02 2.409117647060000138e+02
4.255000000000000000e+02 2.410000000000000000e+02
5.469117647059999854e+02 2.413823529409999935e+02
5.678571428600000104e+01 2.420000000000000000e+02
4.457500000000000000e+02 2.437500000000000000e+02
5.320000000000000000e+02 2.435000000000000000e+02
3.242777777779999724e+02 2.440000000000000000e+02
3.425909090910000145e+02 2.451363636359999987e+02
1.762500000000000000e+01 2.468125000000000000e+02
8.465789473700000656e+01 2.463421052630000077e+02
1.111153846149999964e+02 2.461153846150000106e+02
4.025000000000000000e+02 2.465000000000000000e+02
5.832222222220000276e+02 2.466111111110000138e+02
2.071153846150000106e+02 2.468846153849999894e+02
5.108333333329999846e+02 2.467500000000000000e+02
4.616666666700000121e+01 2.482333333329999903e+02
1.452142857139999990e+02 2.480000000000000000e+02
2.395909090909999861e+02 2.485909090909999861e+02
4.867500000000000000e+02 2.479166666669999870e+02
1.892826086960000112e+02 2.494130434779999916e+02
1.342142857139999990e+02 2.500000000000000000e+02
3.673000000000000114e+02 2.495000000000000000e+02
4.720000000000000000e+02 2.512142857139999990e+02
4.997777777779999724e+02 2.513888888889999862e+02
5.456739130429999705e+02 2.539347826089999955e+02
5.660000000000000000e+02 2.545000000000000000e+02
3.895555555560000016e+02 2.552777777780000008e+02
3.033421052630000077e+02 2.573421052630000077e+02
2.565500000000000114e+02 2.593999999999999773e+02
2.838846153850000178e+02 2.591153846149999822e+02
4.305000000000000000e+02 2.592894736839999723e+02
3.539117647059999854e+02 2.606176470589999781e+02
1.627857142860000010e+02 2.610000000000000000e+02
3.110714285710000127e+02 2.625952380950000133e+02
1.355000000000000071e+01 2.636000000000000227e+02
4.741363636359999987e+02 2.624090909089999855e+02
6.426190476200000035e+01 2.651190476190000140e+02
2.246111111110000138e+02 2.645555555560000016e+02
4.110000000000000000e+02 2.650000000000000000e+02
1.480000000000000000e+02 2.665000000000000000e+02
1.202272727269999990e+02 2.666818181819999722e+02
1.875500000000000114e+02 2.673999999999999773e+02
5.195000000000000000e+02 2.665000000000000000e+02
5.567307692309999538e+02 2.671153846149999822e+02
3.850000000000000000e+01 2.683947368419999862e+02
2.741666666670000154e+02 2.688888888889999862e+02
5.035500000000000114e+02 2.683999999999999773e+02
5.830000000000000000e+02 2.687222222220000276e+02
9.671052631599999927e+01 2.698684210530000200e+02
2.105000000000000000e+02 2.695000000000000000e+02
2.965000000000000000e+02 2.685000000000000000e+02
4.550454545449999841e+02 2.701363636359999987e+02
8.709999999999999432e+01 2.711000000000000227e+02
3.776999999999999886e+02 2.710000000000000000e+02
3.275000000000000000e+02 2.720000000000000000e+02
4.890333333329999732e+02 2.723666666670000041e+02
3.894166666670000154e+02 2.728333333329999846e+02
4.394285714289999873e+02 2.727142857140000274e+02
1.340000000000000000e+02 2.745000000000000000e+02
5.305000000000000000e+02 2.750000000000000000e+02
1.678333333330000130e+02 2.757500000000000000e+02
2.348636363640000013e+02 2.755909090910000145e+02
6.129999999999999716e+01 2.765000000000000000e+02
1.496999999999999886e+02 2.770000000000000000e+02
3.448529411760000016e+02 2.769705882349999797e+02
2.210000000000000000e+02 2.800000000000000000e+02
5.745000000000000000e+02 2.810000000000000000e+02
1.269047619000000005e+01 2.834523809519999986e+02
4.883333333299999879e+01 2.832333333330000187e+02
2.895000000000000000e+02 2.830000000000000000e+02
3.160000000000000000e+02 2.830000000000000000e+02
4.393823529410000219e+02 2.829117647059999854e+02
3.690000000000000000e+02 2.852142857140000274e+02
4.077857142859999726e+02 2.850000000000000000e+02
4.928684210530000200e+02 2.867105263160000277e+02
8.475000000000000000e+01 2.868750000000000000e+02
2.665000000000000000e+02 2.880000000000000000e+02
5.468846153849999610e+02 2.881153846149999822e+02
3.192105263199999854e+01 2.893947368419999862e+02
1.520000000000000000e+02 2.892142857140000274e+02
2.565000000000000000e+02 2.896363636359999987e+02
3.871000000000000227e+02 2.891000000000000227e+02
4.721315789469999800e+02 2.897105263160000277e+02
1.073125000000000000e+02 2.913125000000000000e+02
1.255000000000000000e+02 2.910000000000000000e+02
4.230000000000000000e+02 2.915000000000000000e+02
1.862647058819999870e+02 2.927352941180000130e+02
2.022692307689999893e+02 2.918846153850000178e+02
1.641153846150000106e+02 2.938846153850000178e+02
5.875000000000000000e+02 2.925000000000000000e+02
2.409000000000000057e+02 2.948999999999999773e+02
2.970000000000000000e+02 2.950555555560000016e+02
4.569736842109999770e+02 2.965000000000000000e+02
2.170000000000000000e+02 2.970000000000000000e+02
3.989210526319999985e+02 2.973947368419999862e+02
5.543999999999999773e+02 2.975500000000000114e+02
5.850000000000000000e+01 2.975909090910000145e+02
3.336250000000000000e+02 2.986875000000000000e+02
5.241000000000000227e+02 2.978999999999999773e+02
4.300000000000000000e+01 3.002142857140000274e+02
3.577777777779999724e+02 3.003888888889999862e+02
1.945500000000000114e+02 3.016000000000000227e+02
2.598529411760000016e+02 3.009705882349999797e+02
3.421000000000000227e+02 3.025666666669999927e+02
5.080000000000000000e+02 3.020000000000000000e+02
7.016666666700000121e+01 3.032500000000000000e+02
4.378999999999999773e+02 3.031000000000000227e+02
2.800000000000000000e+02 3.045000000000000000e+02
3.847857142859999726e+02 3.050000000000000000e+02
1.090000000000000036e+01 3.061000000000000227e+02
1.428684210529999916e+02 3.077105263160000277e+02
1.768636363640000013e+02 3.064090909089999855e+02
3.202222222220000276e+02 3.083888888889999862e+02
9.325000000000000000e+01 3.098333333329999846e+02
2.403461538459999929e+02 3.102692307689999893e+02
4.540000000000000000e+02 3.102142857140000274e+02
4.773095238099999733e+02 3.114047619049999867e+02
5.772500000000000000e+02 3.108333333329999846e+02
5.345526315790000353e+02 3.123421052630000077e+02
1.578809523809999860e+02 3.137380952380000281e+02
3.335000000000000000e+02 3.145000000000000000e+02
4.073571428569999853e+02 3.155714285710000127e+02
4.788461538499999648e+01 3.161153846149999822e+02
2.965909090910000145e+02 3.165909090910000145e+02
5.489705882350000365e+02 3.161470588239999984e+02
1.180714285709999984e+02 3.178809523809999860e+02
3.111666666670000154e+02 3.172333333330000187e+02
3.895000000000000000e+02 3.180714285710000127e+02
5.005000000000000000e+02 3.196176470589999781e+02
3.125000000000000000e+01 3.212500000000000000e+02
6.634615384600000709e+01 3.219615384620000214e+02
2.130454545450000126e+02 3.218636363640000013e+02
3.626818181819999722e+02 3.227727272729999868e+02
1.782894736840000007e+02 3.241315789469999800e+02
2.537222222219999992e+02 3.240000000000000000e+02
4.305769230770000036e+02 3.241923076919999858e+02
3.250000000000000000e+00 3.262500000000000000e+02
8.622222222199999919e+01 3.263888888889999862e+02
1.323888888889999862e+02 3.262222222220000276e+02
1.470000000000000000e+02 3.263000000000000114e+02
3.735000000000000000e+02 3.268529411760000016e+02
4.787857142859999726e+02 3.260000000000000000e+02
2.650000000000000000e+02 3.267857142859999726e+02
4.657307692310000107e+02 3.268846153850000178e+02
1.976111111110000138e+02 3.287777777779999724e+02
5.166111111110000138e+02 3.287777777779999724e+02
5.681428571430000147e+02 3.297142857140000274e+02
5.473181818179999709e+02 3.323181818180000278e+02
2.970882352940000146e+02 3.333823529410000219e+02
4.428999999999999773e+02 3.328999999999999773e+02
1.113666666670000041e+02 3.339666666670000268e+02
2.307857142860000010e+02 3.350000000000000000e+02
6.778571428600000104e+01 3.360000000000000000e+02
8.634210526299999344e+01 3.363421052630000077e+02
5.383333333299999879e+01 3.367500000000000000e+02
3.447380952380000281e+02 3.378809523809999860e+02
4.137500000000000000e+02 3.381250000000000000e+02
4.970384615379999786e+02 3.383461538459999929e+02
3.180000000000000000e+02 3.395000000000000000e+02
2.088846153849999894e+02 3.398846153850000178e+02
2.802222222220000276e+02 3.416111111110000138e+02
5.361428571430000147e+02 3.412857142859999726e+02
1.733750000000000000e+02 3.421875000000000000e+02
3.556818181819999722e+02 3.423181818180000278e+02
3.008823529400000041e+01 3.433823529410000219e+02
5.774545454550000159e+02 3.441818181819999722e+02
1.260000000000000000e+02 3.441363636359999987e+02
1.936538461540000071e+02 3.444230769229999964e+02
3.708846153850000178e+02 3.441153846149999822e+02
3.886875000000000000e+02 3.443750000000000000e+02
4.675833333329999846e+02 3.441666666670000154e+02
5.236818181820000291e+02 3.453181818180000278e+02
5.222222222000000080e+00 3.466111111110000138e+02
2.532500000000000000e+02 3.466499999999999773e+02
4.293235294120000276e+02 3.463823529410000219e+02
4.830000000000000000e+02 3.460000000000000000e+02
1.450882352939999862e+02 3.483823529410000219e+02
9.818750000000000000e+01 3.503750000000000000e+02
3.320000000000000000e+02 3.505000000000000000e+02
4.406000000000000227e+02 3.519499999999999886e+02
2.264473684209999931e+02 3.524473684210000215e+02
2.583999999999999773e+02 3.538000000000000114e+02
3.666363636359999987e+02 3.535000000000000000e+02
6.514285714300000052e+01 3.547142857140000274e+02
5.081153846149999822e+02 3.538846153850000178e+02
4.048571428569999853e+02 3.552857142859999726e+02
3.303333333300000163e+01 3.563666666670000041e+02
4.678571428600000104e+01 3.561428571430000147e+02
4.948846153850000178e+02 3.562692307689999893e+02
1.660000000000000000e+02 3.580000000000000000e+02
2.066818181820000007e+02 3.583181818180000278e+02
2.997222222220000276e+02 3.580000000000000000e+02
3.180384615379999786e+02 3.583461538459999929e+02
5.317500000000000000e+02 3.581666666670000154e+02
5.527000000000000455e+02 3.575000000000000000e+02
5.777631578949999493e+02 3.598684210530000200e+02
1.845000000000000000e+02 3.603000000000000114e+02
2.750000000000000000e+02 3.593000000000000114e+02
4.651000000000000227e+02 3.614333333330000073e+02
7.745454545500000165e+01 3.628181818180000278e+02
1.125000000000000000e+02 3.620000000000000000e+02
4.305909090910000145e+02 3.638636363640000013e+02
2.419375000000000000e+02 3.657500000000000000e+02
3.971000000000000227e+02 3.661000000000000227e+02
5.871250000000000000e+02 3.665000000000000000e+02
6.011538461500000352e+01 3.671153846149999822e+02
5.003421052630000077e+02 3.673421052630000077e+02
5.276764705880000292e+02 3.695588235289999943e+02
1.828260869600000049e+01 3.704130434780000201e+02
3.814473684210000215e+02 3.704473684210000215e+02
1.550000000000000000e+02 3.722142857140000274e+02
2.211153846150000106e+02 3.721153846149999822e+02
4.196250000000000000e+02 3.721875000000000000e+02
4.820000000000000000e+02 3.722142857140000274e+02
5.550000000000000000e+02 3.720000000000000000e+02
9.126923076900000353e+01 3.747307692310000107e+02
1.377666666670000097e+02 3.741666666670000154e+02
3.445000000000000000e+02 3.740000000000000000e+02
4.480000000000000000e+02 3.770000000000000000e+02
5.736578947369999923e+02 3.776578947369999923e+02
1.892222222219999992e+02 3.783888888889999862e+02
7.877777777800000081e+01 3.793888888889999862e+02
2.011250000000000000e+02 3.797500000000000000e+02
2.620000000000000000e+02 3.795000000000000000e+02
4.100000000000000000e+01 3.805000000000000000e+02
3.099166666670000154e+02 3.797500000000000000e+02
2.865000000000000000e+02 3.825000000000000000e+02
1.663333333330000130e+02 3.833888888889999862e+02
3.272222222220000276e+02 3.838888888889999862e+02
1.160000000000000000e+02 3.868750000000000000e+02
4.638999999999999773e+02 3.858999999999999773e+02
5.158333333330000414e+02 3.857666666669999813e+02
1.357500000000000000e+02 3.871666666670000154e+02
3.626250000000000000e+02 3.878125000000000000e+02
3.868999999999999773e+02 3.881000000000000227e+02
5.765789473699999945e+01 3.896578947369999923e+02
4.050000000000000000e+02 3.897222222220000276e+02
4.341153846149999822e+02 3.888846153850000178e+02
2.580882352940000146e+02 3.926176470589999781e+02
3.025500000000000114e+02 3.923999999999999773e+02
3.471999999999999886e+02 3.926499999999999773e+02
4.840000000000000000e+02 3.923000000000000114e+02
1.726250000000000000e+02 3.926250000000000000e+02
4.960454545449999841e+02 3.928636363640000013e+02
5.406333333329999959e+02 3.929666666670000268e+02
1.949615384619999929e+02 3.943461538459999929e+02
3.616739130430000273e+02 3.950652173909999760e+02
4.500000000000000000e+00 3.958529411760000016e+02
1.050333333330000016e+02 3.956333333329999959e+02
2.155000000000000000e+02 3.945000000000000000e+02
5.605000000000000000e+02 3.955000000000000000e+02
2.983333333299999879e+01 3.982500000000000000e+02
1.643421052630000077e+02 3.983421052630000077e+02
2.335500000000000114e+02 3.986000000000000227e+02
2.761363636359999987e+02 3.974090909089999855e+02
8.362500000000000000e+01 4.003750000000000000e+02
4.260000000000000000e+02 4.022142857140000274e+02
4.022647058819999870e+02 4.042647058819999870e+02
4.743500000000000227e+02 4.043500000000000227e+02
5.070000000000000000e+02 4.040000000000000000e+02
5.688846153849999610e+02 4.038846153850000178e+02
4.203333333300000163e+01 4.053666666670000041e+02
5.305000000000000000e+02 4.055000000000000000e+02
1.463095238100000017e+02 4.064523809519999986e+02
2.417500000000000000e+02 4.059166666670000154e+02
3.312142857140000274e+02 4.060000000000000000e+02
4.476176470589999781e+02 4.069117647059999854e+02
3.883999999999999773e+02 4.076999999999999886e+02
1.171153846149999964e+02 4.108846153850000178e+02
2.161086956519999944e+02 4.114565217389999816e+02
3.494499999999999886e+02 4.113999999999999773e+02
9.109999999999999432e+01 4.121000000000000227e+02
2.665000000000000000e+02 4.121470588239999984e+02
5.413157894700000128e+01 4.137105263160000277e+02
3.763888888889999862e+02 4.139444444439999984e+02
7.688461538500000358e+01 4.141153846149999822e+02
2.868999999999999773e+02 4.138999999999999773e+02
1.656818181820000007e+02 4.146818181819999722e+02
4.936052631580000138e+02 4.150789473680000015e+02
5.392500000000000000e+02 4.155000000000000000e+02
7.099999999999999645e+00 4.161000000000000227e+02
2.029545454549999874e+02 4.158636363640000013e+02
1.900000000000000000e+01 4.175000000000000000e+02
3.117142857140000274e+02 4.177142857140000274e+02
5.628846153849999610e+02 4.167307692310000107e+02
5.110882352940000146e+02 4.193823529410000219e+02
3.205769230770000036e+02 4.211923076919999858e+02
4.103421052630000077e+02 4.214473684210000215e+02
4.380000000000000000e+02 4.212142857140000274e+02
1.485000000000000000e+02 4.216999999999999886e+02
1.843333333330000130e+02 4.215833333329999846e+02
9.229999999999999716e+01 4.256999999999999886e+02
3.883750000000000000e+02 4.243750000000000000e+02
1.300000000000000044e+00 4.270000000000000000e+02
3.850000000000000000e+01 4.265000000000000000e+02
1.080000000000000000e+02 4.270000000000000000e+02
2.928333333329999846e+02 4.263333333329999846e+02
4.739705882349999797e+02 4.281470588239999984e+02
2.112500000000000000e+02 4.291666666670000154e+02
3.647142857140000274e+02 4.288571428569999853e+02
4.605434782610000184e+02 4.295869565219999799e+02
6.873809523799999965e+01 4.305476190480000014e+02
3.482142857140000274e+02 4.300000000000000000e+02
2.375000000000000000e+02 4.312894736839999723e+02
2.780714285710000127e+02 4.312142857140000274e+02
1.355454545450000126e+02 4.327727272729999868e+02
2.601363636359999987e+02 4.324090909089999855e+02
5.540384615379999786e+02 4.333461538459999929e+02
4.300000000000000000e+02 4.345000000000000000e+02
5.307500000000000000e+02 4.339375000000000000e+02
1.896153846200000004e+01 4.353461538459999929e+02
5.000714285710000127e+02 4.354285714289999873e+02
5.729615384620000214e+02 4.353461538459999929e+02
1.885000000000000000e+02 4.357857142859999726e+02
3.219705882349999797e+02 4.378529411760000016e+02
4.187500000000000000e+01 4.392500000000000000e+02
1.520000000000000000e+02 4.395000000000000000e+02
1.682333333329999903e+02 4.393000000000000114e+02
3.843750000000000000e+02 4.383750000000000000e+02
2.337500000000000000e+02 4.398333333329999846e+02
4.650454545449999841e+02 4.398636363640000013e+02
2.577857142859999726e+02 4.410000000000000000e+02
2.948529411760000016e+02 4.415588235289999943e+02
3.513750000000000000e+02 4.416250000000000000e+02
5.112692307689999893e+02 4.423461538459999929e+02
3.760000000000000000e+02 4.427857142859999726e+02
1.074000000000000057e+02 4.455500000000000114e+02
4.040000000000000000e+02 4.452142857140000274e+02
4.953000000000000114e+02 4.463000000000000114e+02
2.168913043480000056e+02 4.495434782610000184e+02
4.317500000000000000e+02 4.488333333329999846e+02
5.724130434779999632e+02 4.502826086960000112e+02
8.050000000000000000e+01 4.500000000000000000e+02
4.833999999999999773e+02 4.508000000000000114e+02
2.449285714289999873e+02 4.514285714289999873e+02
2.737857142859999726e+02 4.510000000000000000e+02
4.425000000000000000e+02 4.520000000000000000e+02
6.834999999999999432e+01 4.542500000000000000e+02
1.969117647060000138e+02 4.543823529410000219e+02
1.250000000000000000e+01 4.565000000000000000e+02
1.303421052630000077e+02 4.566578947369999923e+02
2.621153846149999822e+02 4.558846153850000178e+02
4.216111111110000138e+02 4.562222222220000276e+02
2.978571428600000104e+01 4.570000000000000000e+02
5.368999999999999773e+02 4.568999999999999773e+02
5.860000000000000000e+02 4.572142857140000274e+02
3.142142857140000274e+02 4.580000000000000000e+02
3.343636363640000013e+02 4.585000000000000000e+02
3.618846153850000178e+02 4.581153846149999822e+02
4.616111111110000138e+02 4.607777777779999724e+02
1.066538461539999929e+02 4.610384615379999786e+02
3.950000000000000000e+02 4.615000000000000000e+02
5.210000000000000000e+02 4.610000000000000000e+02
1.693571428570000137e+02 4.624285714289999873e+02
4.864499999999999886e+02 4.636000000000000227e+02
2.811153846149999822e+02 4.641153846149999822e+02
3.505000000000000000e+02 4.643000000000000114e+02
4.393666666670000041e+02 4.639666666670000268e+02
4.600000000000000000e+01 4.650000000000000000e+02
5.568684210530000200e+02 4.657105263160000277e+02
5.736875000000000000e+02 4.648125000000000000e+02
1.150000000000000000e+02 4.662142857140000274e+02
2.330333333330000016e+02 4.666333333329999959e+02
2.952142857140000274e+02 4.660000000000000000e+02
3.745000000000000000e+02 4.662500000000000000e+02
1.491923076920000142e+02 4.675769230770000036e+02
2.139444444439999984e+02 4.676111111110000138e+02
2.550000000000000000e+02 4.667857142859999726e+02
4.268999999999999773e+02 4.714333333330000073e+02
8.031818181799999934e+01 4.716818181819999722e+02
1.911999999999999886e+02 4.718000000000000114e+02
5.041666666670000154e+02 4.722500000000000000e+02
3.217857142859999726e+02 4.740000000000000000e+02
2.073076923100000002e+01 4.748846153850000178e+02
5.970000000000000284e+01 4.765000000000000000e+02
4.541153846149999822e+02 4.771153846149999822e+02
4.680294117650000203e+02 4.781470588239999984e+02
9.500000000000000000e+00 4.795000000000000000e+02
1.016176470590000065e+02 4.789117647059999854e+02
5.203181818179999709e+02 4.803181818180000278e+02
1.586538461540000071e+02 4.810384615379999786e+02
1.737941176470000073e+02 4.830882352940000146e+02
3.380000000000000000e+02 4.832777777779999724e+02
1.352500000000000000e+02 4.841250000000000000e+02
2.461153846150000106e+02 4.838846153850000178e+02
4.946428571430000147e+02 4.845714285710000127e+02
5.843823529410000219e+02 4.839117647059999854e+02
4.035000000000000000e+02 4.855000000000000000e+02
5.424444444440000552e+02 4.853888888889999862e+02
2.323461538459999929e+02 4.859615384620000214e+02
2.993461538459999929e+02 4.864230769229999964e+02
3.663750000000000000e+02 4.856250000000000000e+02
5.612826086960000112e+02 4.871086956519999944e+02
2.709117647059999854e+02 4.873823529410000219e+02
3.199705882349999797e+02 4.871470588239999984e+02
3.823333333329999846e+02 4.870833333329999846e+02
3.765789473699999945e+01 4.893421052630000077e+02
2.236333333329999959e+02 4.899666666670000268e+02
8.178571428600000104e+01 4.920000000000000000e+02
1.495000000000000000e+02 4.920000000000000000e+02
2.018846153849999894e+02 4.921153846149999822e+02
7.020000000000000284e+01 4.941999999999999886e+02
4.400000000000000000e+02 4.940000000000000000e+02
4.820000000000000000e+02 4.940000000000000000e+02
4.600833333329999846e+02 4.947500000000000000e+02
5.045000000000000000e+02 4.953333333329999846e+02
2.568125000000000000e+02 4.963750000000000000e+02
4.004411764710000057e+02 4.962647058819999870e+02
4.900000000000000000e+01 4.982142857140000274e+02
1.230000000000000000e+02 4.977857142859999726e+02
1.849000000000000057e+02 4.981000000000000227e+02
3.481153846149999822e+02 4.988846153850000178e+02
5.421666666669999586e+02 4.989444444439999984e+02
5.617857142860000295e+02 4.990000000000000000e+02
1.713000000000000114e+02 5.000000000000000000e+02
3.846904761900000267e+02 5.006428571430000147e+02
2.218750000000000000e+01 5.015625000000000000e+02
3.611999999999999886e+02 5.008000000000000114e+02
3.141666666670000154e+02 5.024166666670000154e+02
4.218999999999999773e+02 5.018999999999999773e+02
2.412692307689999893e+02 5.037307692310000107e+02
5.191666666669999586e+02 5.035833333329999846e+02
9.065789473700000656e+01 5.063421052630000077e+02
1.380000000000000000e+02 5.062142857140000274e+02
2.736176470589999781e+02 5.057941176470000073e+02
2.080000000000000000e+02 5.090000000000000000e+02
1.055000000000000000e+02 5.100000000000000000e+02
1.575000000000000000e+02 5.115000000000000000e+02
4.518636363640000013e+02 5.105909090910000145e+02
1.739000000000000057e+02 5.118999999999999773e+02
4.079999999999999716e+01 5.131000000000000227e+02
3.298333333329999846e+02 5.126111111110000138e+02
7.028947368400000073e+01 5.142368421050000507e+02
2.971153846149999822e+02 5.142692307690000462e+02
4.728333333329999846e+02 5.137666666669999813e+02
5.788684210530000200e+02 5.148684210530000200e+02
1.290999999999999943e+02 5.158999999999999773e+02
4.017222222220000276e+02 5.160000000000000000e+02
4.358999999999999773e+02 5.161000000000000227e+02
5.162500000000000000e+02 5.165499999999999545e+02
2.231153846150000106e+02 5.171153846150000390e+02
1.933823529409999935e+02 5.177941176470000073e+02
4.921470588239999984e+02 5.179705882350000365e+02
5.536333333329999959e+02 5.180333333329999732e+02
2.605000000000000000e+02 5.192999999999999545e+02
5.330000000000000000e+02 5.200000000000000000e+02
3.120789473680000015e+02 5.216052631579999570e+02
3.517222222220000276e+02 5.214444444440000552e+02
9.000000000000000000e+01 5.227222222220000276e+02
3.008823529400000041e+01 5.243823529410000219e+02
2.805000000000000000e+02 5.245000000000000000e+02
3.801428571430000147e+02 5.242857142860000295e+02
4.625000000000000000e+02 5.245000000000000000e+02
5.813999999999999773e+02 5.267000000000000455e+02
2.410000000000000000e+02 5.270000000000000000e+02
4.850000000000000000e+02 5.275000000000000000e+02
1.158809523810000002e+02 5.287857142860000295e+02
3.673421052630000077e+02 5.286578947369999923e+02
1.656818181820000007e+02 5.302272727270000132e+02
2.085833333330000130e+02 5.310833333330000414e+02
4.233125000000000000e+02 5.316250000000000000e+02
5.513750000000000000e+02 5.311875000000000000e+02
5.181250000000000000e+01 5.326875000000000000e+02
2.942857142859999726e+02 5.329285714290000442e+02
5.155000000000000000e+02 5.335000000000000000e+02
1.847500000000000000e+02 5.357500000000000000e+02
9.000000000000000000e+00 5.360000000000000000e+02
3.491153846149999822e+02 5.361153846150000390e+02
4.387500000000000000e+02 5.371250000000000000e+02
1.444375000000000000e+02 5.392500000000000000e+02
2.253421052630000077e+02 5.393421052630000077e+02
3.885769230770000036e+02 5.396538461540000071e+02
3.430952381000000173e+01 5.406428571430000147e+02
4.929375000000000000e+02 5.402500000000000000e+02
5.316578947369999923e+02 5.403421052630000077e+02
2.660000000000000000e+02 5.412142857139999705e+02
3.107500000000000000e+02 5.411666666669999586e+02
3.986538461540000071e+02 5.410384615379999786e+02
7.114705882399999837e+01 5.420294117649999635e+02
5.696000000000000227e+02 5.447999999999999545e+02
4.700000000000000000e+02 5.452777777779999724e+02
3.288999999999999773e+02 5.467999999999999545e+02
5.850000000000000000e+01 5.480000000000000000e+02
1.243888888890000004e+02 5.487777777779999724e+02
2.092142857139999990e+02 5.480000000000000000e+02
5.875000000000000000e+02 5.480000000000000000e+02
3.758529411760000016e+02 5.495000000000000000e+02
4.242142857140000274e+02 5.490000000000000000e+02
4.461153846149999822e+02 5.488846153849999610e+02
1.012777777780000008e+02 5.500000000000000000e+02
5.290000000000000000e+02 5.497857142860000295e+02
2.961111111099999960e+01 5.527777777779999724e+02
2.479000000000000057e+02 5.518999999999999773e+02
5.516428571430000147e+02 5.526904761900000267e+02
9.000000000000000000e+00 5.552142857139999705e+02
3.388529411760000016e+02 5.555000000000000000e+02
8.103846153800000707e+01 5.556538461540000071e+02
2.318333333330000130e+02 5.557500000000000000e+02
3.601000000000000227e+02 5.564333333329999505e+02
1.590333333330000016e+02 5.586333333329999959e+02
5.047857142859999726e+02 5.590000000000000000e+02
1.813823529409999935e+02 5.599117647059999854e+02
2.771000000000000227e+02 5.598999999999999773e+02
1.190000000000000000e+02 5.607000000000000455e+02
1.362272727270000132e+02 5.607727272729999868e+02
3.206666666670000154e+02 5.608333333330000414e+02
4.941923076919999858e+02 5.605769230769999467e+02
