3.471052631599999927e+01 2.763157894999999975e+00
7.650000000000000000e+01 5.000000000000000000e-01
8.750000000000000000e+01 5.000000000000000000e-01
1.040000000000000000e+02 1.500000000000000000e+00
1.270000000000000000e+02 1.500000000000000000e+00
2.298636363640000013e+02 1.590909091000000108e+00
2.900000000000000000e+02 5.000000000000000000e-01
3.355000000000000000e+02 5.000000000000000000e-01
4.112777777779999724e+02 2.444444444000000161e+00
4.545000000000000000e+02 5.000000000000000000e-01
4.716250000000000000e+02 1.375000000000000000e+00
5.096578947369999923e+02 2.342105263000000104e+00
5.650000000000000000e+02 5.000000000000000000e-01
3.475000000000000000e+02 2.875000000000000000e+00
3.685909090910000145e+02 3.727272726999999897e+00
4.890882352940000146e+02 3.617647058999999832e+00
2.746428571430000147e+02 5.309523809999999955e+00
6.599999999999999645e+00 8.050000000000000711e+00
5.200000000000000000e+01 7.785714286000000151e+00
5.211000000000000227e+02 8.566666666999999791e+00
5.615909090909999577e+02 7.863636364000000434e+00
7.250000000000000000e+01 8.500000000000000000e+00
1.564499999999999886e+02 9.400000000000000355e+00
4.395000000000000000e+02 9.500000000000000000e+00
5.815000000000000000e+02 1.050000000000000000e+01
3.350000000000000000e+02 1.150000000000000000e+01
5.412333333330000187e+02 1.169999999999999929e+01
2.532647058819999870e+02 1.232352941199999918e+01
4.196666666670000154e+02 1.277777777800000081e+01
1.415000000000000000e+02 1.300000000000000000e+01
2.006111111110000138e+02 1.377777777800000081e+01
1.119210526319999985e+02 1.439473684200000037e+01
1.761153846150000106e+02 1.388461538500000003e+01
5.135000000000000000e+02 1.600000000000000000e+01
1.277777777999999920e+00 1.716666666700000121e+01
8.750000000000000000e+01 1.726470588200000122e+01
4.530454545449999841e+02 1.686363636400000132e+01
5.590000000000000000e+02 1.800000000000000000e+01
2.186333333329999959e+02 1.903333333300000163e+01
2.320000000000000000e+02 1.921428571399999896e+01
3.010000000000000000e+02 1.972222222199999919e+01
3.923000000000000114e+02 1.950000000000000000e+01
3.583571428569999853e+02 2.183333333299999879e+01
1.216578947370000066e+02 2.265789473699999945e+01
2.150000000000000000e+01 2.350000000000000000e+01
8.136363636400000132e+01 2.550000000000000000e+01
1.666333333329999959e+02 2.503333333300000163e+01
3.913999999999999773e+02 2.669999999999999929e+01
4.760000000000000000e+02 2.700000000000000000e+01
5.367500000000000000e+02 2.716666666700000121e+01
5.742222222220000276e+02 2.761111111099999960e+01
3.799705882349999797e+02 2.838235294100000061e+01
6.165789473699999945e+01 2.934210526300000055e+01
3.281470588239999984e+02 2.950000000000000000e+01
1.032500000000000000e+02 2.983333333299999879e+01
4.962142857140000274e+02 3.000000000000000000e+01
2.713000000000000114e+02 3.050000000000000000e+01
4.172142857140000274e+02 3.150000000000000000e+01
4.341470588239999984e+02 3.150000000000000000e+01
1.490000000000000000e+02 3.250000000000000000e+01
2.530000000000000000e+02 3.200000000000000000e+01
2.918333333329999846e+02 3.175000000000000000e+01
1.565000000000000036e+01 3.420000000000000284e+01
2.405909090909999861e+02 3.413636363599999868e+01
3.122500000000000000e+02 3.408333333299999879e+01
3.632142857140000274e+02 3.400000000000000000e+01
1.961428571429999863e+02 3.528571428600000104e+01
1.861875000000000000e+02 3.662500000000000000e+01
3.336250000000000000e+02 3.618750000000000000e+01
5.612142857139999705e+02 3.600000000000000000e+01
4.183333333299999879e+01 3.661111111099999960e+01
6.757142857099999844e+01 3.685714285699999948e+01
4.564499999999999886e+02 3.839999999999999858e+01
1.225000000000000000e+02 3.985294117600000163e+01
4.775500000000000114e+02 3.960000000000000142e+01
5.186176470589999781e+02 3.908823529400000041e+01
8.654347826100000418e+01 4.110869565200000153e+01
2.190000000000000000e+02 4.000000000000000000e+01
5.062500000000000000e+02 4.125000000000000000e+01
3.822692307689999893e+02 4.288461538499999648e+01
4.089666666670000268e+02 4.436666666699999695e+01
5.895909090909999577e+02 4.386363636400000132e+01
3.518333333329999846e+02 4.623333333299999737e+01
3.116666666700000121e+01 4.876666666700000263e+01
2.725000000000000000e+02 4.912500000000000000e+01
4.198809523809999860e+02 4.978571428600000104e+01
5.787857142860000295e+02 4.900000000000000000e+01
1.636111111110000138e+02 5.077777777800000081e+01
4.654999999999999716e+01 5.160000000000000142e+01
2.996176470589999781e+02 5.091176470599999959e+01
3.148571428569999853e+02 5.078571428600000104e+01
3.296999999999999886e+02 5.100000000000000000e+01
1.885909090909999861e+02 5.359090909100000033e+01
9.735294118000000552e+00 5.408823529400000041e+01
2.079117647060000138e+02 5.461764705899999939e+01
4.992647058819999870e+02 5.426470588200000122e+01
5.164166666669999586e+02 5.391666666700000121e+01
5.412692307690000462e+02 5.373076923099999647e+01
1.061153846149999964e+02 5.488461538499999648e+01
2.343636363640000013e+02 5.618181818200000066e+01
5.826190476200000035e+01 5.711904761899999983e+01
1.382222222219999992e+02 5.661111111099999960e+01
3.657941176470000073e+02 5.579411764700000020e+01
3.783823529410000219e+02 5.708823529400000041e+01
4.418846153850000178e+02 5.788461538499999648e+01
3.932857142859999726e+02 5.885714285699999948e+01
4.634444444439999984e+02 6.077777777800000081e+01
3.436666666670000154e+02 6.058333333299999879e+01
5.280882352940000146e+02 6.138235294100000061e+01
5.625000000000000000e+02 6.150000000000000000e+01
8.364285714300000052e+01 6.321428571399999896e+01
2.397105263159999993e+02 6.313157894700000128e+01
2.880000000000000000e+02 6.350000000000000000e+01
1.195000000000000000e+02 6.429999999999999716e+01
1.497857142860000010e+02 6.635714285699999948e+01
2.610000000000000000e+02 6.600000000000000000e+01
5.505499999999999545e+02 6.725000000000000000e+01
5.852500000000000000e+02 6.716666666700000121e+01
4.831153846149999822e+02 6.811538461499999642e+01
1.620000000000000000e+02 6.978571428600000104e+01
3.946578947369999923e+02 7.134210526299999344e+01
4.350333333329999732e+02 7.136666666700000405e+01
2.152142857139999990e+02 7.200000000000000000e+01
2.737500000000000000e+02 7.183333333299999879e+01
3.210000000000000000e+02 7.221428571399999896e+01
2.511538461499999997e+01 7.342307692299999644e+01
3.446052631580000138e+02 7.407894736800000146e+01
1.155000000000000000e+02 7.350000000000000000e+01
1.805000000000000000e+02 7.450000000000000000e+01
4.650000000000000000e+01 7.514705882399999837e+01
5.001250000000000000e+02 7.575000000000000000e+01
4.496999999999999886e+02 7.579999999999999716e+01
4.711250000000000000e+02 7.893750000000000000e+01
5.380000000000000000e+02 7.800000000000000000e+01
7.787500000000000000e+01 7.925000000000000000e+01
9.434210526299999344e+01 7.955263157900000692e+01
1.994499999999999886e+02 7.940000000000000568e+01
5.779117647059999854e+02 7.938235294099999351e+01
2.981000000000000227e+02 7.990000000000000568e+01
3.316333333329999959e+02 7.956666666700000690e+01
1.375000000000000000e+02 8.100000000000000000e+01
2.224230769229999964e+02 8.334615384600000709e+01
4.076764705879999724e+02 8.367647058800000082e+01
2.542500000000000000e+02 8.425000000000000000e+01
2.800882352940000146e+02 8.461764705900000649e+01
8.382352941000000612e+00 8.508823529400000041e+01
5.139666666670000268e+02 8.536666666700000405e+01
5.561875000000000000e+02 8.537500000000000000e+01
4.533181818180000278e+02 8.631818181799999934e+01
2.076111111110000138e+02 8.777777777800000081e+01
2.365000000000000000e+02 8.650000000000000000e+01
5.838235294100000061e+01 8.808823529400000041e+01
4.816875000000000000e+02 8.768750000000000000e+01
3.828529411760000016e+02 8.950000000000000000e+01
2.710000000000000142e+01 8.990000000000000568e+01
1.520000000000000000e+02 9.050000000000000000e+01
3.655909090910000145e+02 9.140909090899999967e+01
4.719615384620000214e+02 9.134615384600000709e+01
5.261428571430000147e+02 9.328571428600000104e+01
8.038888888900000040e+01 9.383333333299999879e+01
1.085000000000000000e+02 9.400000000000000000e+01
4.262500000000000000e+02 9.575000000000000000e+01
1.343333333330000130e+02 9.650000000000000000e+01
1.709666666669999984e+02 9.636666666700000405e+01
3.129615384620000214e+02 9.634615384600000709e+01
4.100000000000000000e+02 9.700000000000000000e+01
4.400000000000000000e+01 9.850000000000000000e+01
1.885000000000000000e+02 9.787500000000000000e+01
5.037857142859999726e+02 9.800000000000000000e+01
5.875000000000000000e+00 1.010000000000000000e+02
9.290000000000000568e+01 1.000999999999999943e+02
2.256578947369999923e+02 1.003421052629999934e+02
2.921315789469999800e+02 1.007105263159999993e+02
5.901666666669999586e+02 1.000000000000000000e+02
1.465000000000000000e+02 1.010714285709999984e+02
5.488461538499999648e+01 1.018846153850000036e+02
3.681666666670000154e+02 1.028333333329999988e+02
3.325555555560000016e+02 1.032777777780000008e+02
5.705000000000000000e+02 1.035000000000000000e+02
4.887222222220000276e+02 1.040000000000000000e+02
5.434090909090000423e+02 1.061363636359999987e+02
1.660000000000000000e+02 1.060000000000000000e+02
2.540000000000000000e+02 1.055000000000000000e+02
4.502142857140000274e+02 1.060000000000000000e+02
2.768846153850000178e+02 1.091153846149999964e+02
3.077777777779999724e+02 1.096666666670000012e+02
3.453421052630000077e+02 1.093421052629999934e+02
5.166111111110000138e+02 1.097777777780000008e+02
2.025769230770000036e+02 1.101923076920000000e+02
4.210000000000000000e+02 1.097857142860000010e+02
3.950000000000000000e+02 1.107857142860000010e+02
1.208846153850000036e+02 1.131153846149999964e+02
7.532608695700000112e+01 1.145000000000000000e+02
1.096818181820000007e+02 1.143181818179999993e+02
4.773333333329999846e+02 1.173888888890000004e+02
1.848571428570000137e+02 1.182857142860000010e+02
4.515000000000000000e+02 1.175000000000000000e+02
5.641666666669999586e+02 1.187500000000000000e+02
2.682894736839999723e+02 1.208684210530000058e+02
2.853421052630000077e+02 1.206578947370000066e+02
5.008333333329999846e+02 1.208333333329999988e+02
5.297000000000000455e+02 1.207000000000000028e+02
3.065789473699999945e+01 1.213421052629999934e+02
2.289666666669999984e+02 1.213666666670000041e+02
2.419444444439999984e+02 1.211666666670000012e+02
5.905000000000000000e+02 1.215000000000000000e+02
1.430882352939999862e+02 1.233823529409999935e+02
3.540882352940000146e+02 1.246176470590000065e+02
3.375909090910000145e+02 1.251363636359999987e+02
4.041666666670000154e+02 1.261111111109999996e+02
1.316666666699999944e+01 1.272500000000000000e+02
5.745000000000000000e+02 1.272999999999999972e+02
1.107173913040000031e+02 1.288913043480000056e+02
1.731651162789999887e+02 1.479674418600000081e+02
4.220294117650000203e+02 1.308529411760000016e+02
4.648999999999999773e+02 1.299000000000000057e+02
5.191470588240000552e+02 1.305000000000000000e+02
5.477857142860000295e+02 1.300000000000000000e+02
5.110000000000000142e+01 1.309000000000000057e+02
7.000000000000000000e+01 1.310000000000000000e+02
3.155769230770000036e+02 1.311153846150000106e+02
1.633571428570000137e+02 1.323095238100000017e+02
2.014285714300000052e+01 1.332857142860000010e+02
2.959666666670000268e+02 1.333666666670000041e+02
8.770000000000000284e+01 1.335000000000000000e+02
2.073421052630000077e+02 1.346578947369999923e+02
2.403235294119999992e+02 1.345588235289999943e+02
2.740000000000000000e+02 1.337857142860000010e+02
3.359705882349999797e+02 1.341470588239999984e+02
4.410882352940000146e+02 1.346176470590000065e+02
1.250000000000000000e+02 1.355000000000000000e+02
3.794090909089999855e+02 1.348636363640000013e+02
3.957307692310000107e+02 1.388846153849999894e+02
4.068750000000000000e+01 1.403750000000000000e+02
2.610000000000000000e+02 1.397857142860000010e+02
1.510000000000000000e+02 1.415000000000000000e+02
4.790384615379999786e+02 1.406538461540000071e+02
5.358999999999999773e+02 1.410999999999999943e+02
5.101250000000000000e+02 1.427500000000000000e+02
1.911764706000000036e+00 1.433823529409999935e+02
1.758571428570000137e+02 1.442857142860000010e+02
4.927777777800000081e+01 1.450000000000000000e+02
2.003461538459999929e+02 1.469615384619999929e+02
2.101923076920000142e+02 1.475769230770000036e+02
5.840000000000000000e+02 1.475000000000000000e+02
3.135000000000000000e+02 1.488750000000000000e+02
4.085000000000000000e+02 1.488333333330000130e+02
4.723500000000000227e+02 1.506999999999999886e+02
1.170000000000000000e+02 1.510000000000000000e+02
2.266052631580000138e+02 1.509210526319999985e+02
2.662777777779999724e+02 1.510000000000000000e+02
3.623947368419999862e+02 1.510789473680000015e+02
5.618999999999999773e+02 1.509000000000000057e+02
4.321000000000000227e+02 1.521999999999999886e+02
4.606250000000000000e+02 1.521875000000000000e+02
4.382352940999999724e+00 1.530882352939999862e+02
6.160000000000000142e+01 1.545500000000000114e+02
1.379000000000000057e+02 1.549000000000000057e+02
2.439210526319999985e+02 1.553947368419999862e+02
3.881000000000000227e+02 1.560999999999999943e+02
4.985909090910000145e+02 1.565909090909999861e+02
5.278571428569999853e+02 1.572857142860000010e+02
3.341315789469999800e+02 1.587105263159999993e+02
4.454230769229999964e+02 1.581923076920000142e+02
8.272222222199999919e+01 1.590000000000000000e+02
3.731153846149999822e+02 1.588846153849999894e+02
2.890000000000000000e+02 1.605000000000000000e+02
1.022368421049999938e+02 1.628684210529999916e+02
5.688461538459999929e+02 1.628461538459999929e+02
2.455000000000000071e+01 1.635999999999999943e+02
2.722142857140000274e+02 1.635000000000000000e+02
3.025000000000000000e+02 1.645000000000000000e+02
4.760000000000000000e+02 1.625000000000000000e+02
5.447500000000000000e+02 1.641666666669999870e+02
4.300000000000000000e+01 1.647857142860000010e+02
3.561153846149999822e+02 1.668846153849999894e+02
7.030952381000000173e+01 1.684523809519999986e+02
1.854090909090000139e+02 1.694090909090000139e+02
2.158636363640000013e+02 1.689545454549999874e+02
3.190714285710000127e+02 1.695000000000000000e+02
4.085000000000000000e+02 1.696999999999999886e+02
5.575000000000000000e+02 1.700000000000000000e+02
9.597058823499999392e+01 1.718529411760000016e+02
2.490217391299999861e+02 1.718913043480000056e+02
1.588846153849999894e+02 1.718846153849999894e+02
2.853750000000000000e+02 1.716250000000000000e+02
1.200000000000000000e+01 1.735000000000000000e+02
4.251250000000000000e+02 1.737500000000000000e+02
5.146578947369999923e+02 1.733421052630000077e+02
5.797777777779999724e+02 1.732222222219999992e+02
4.750000000000000000e+02 1.742777777780000008e+02
1.223461538460000071e+02 1.745769230770000036e+02
3.774444444439999984e+02 1.756111111110000138e+02
8.444444444399999838e+01 1.767222222219999992e+02
2.072894736840000007e+02 1.771315789470000084e+02
4.590000000000000000e+02 1.770000000000000000e+02
1.505999999999999943e+02 1.794499999999999886e+02
5.450789473679999446e+02 1.793947368419999862e+02
1.775000000000000000e+02 1.811470588239999984e+02
2.891000000000000227e+02 1.819000000000000057e+02
1.911538461499999997e+01 1.831153846150000106e+02
1.157500000000000000e+02 1.831250000000000000e+02
3.348846153850000178e+02 1.828846153849999894e+02
4.657500000000000000e+02 1.830833333330000130e+02
2.000000000000000000e+00 1.845000000000000000e+02
3.936000000000000227e+02 1.845500000000000114e+02
2.286578947369999923e+02 1.856578947369999923e+02
5.048809523809999860e+02 1.852619047620000003e+02
5.983333333299999879e+01 1.865476190480000014e+02
3.536176470589999781e+02 1.860882352939999862e+02
4.493421052630000077e+02 1.873421052630000077e+02
2.953999999999999915e+01 1.900999999999999943e+02
4.150000000000000000e+02 1.890000000000000000e+02
5.160000000000000000e+02 1.897500000000000000e+02
1.511538461499999997e+01 1.911153846150000106e+02
5.679444444440000552e+02 1.913888888889999862e+02
8.626470588200000122e+01 1.927352941180000130e+02
4.795000000000000000e+02 1.920000000000000000e+02
3.228999999999999773e+02 1.929000000000000057e+02
2.490000000000000000e+02 1.945000000000000000e+02
3.023888888889999862e+02 1.942222222219999992e+02
5.555000000000000000e+02 1.941190476190000140e+02
6.382352940999999724e+00 1.950882352939999862e+02
1.290000000000000000e+02 1.952142857139999990e+02
1.890384615380000071e+02 1.953461538459999929e+02
2.768846153850000178e+02 1.971153846150000106e+02
1.480000000000000000e+02 1.985000000000000000e+02
3.331818181819999722e+02 1.985454545450000126e+02
3.810333333329999732e+02 1.983666666670000041e+02
4.480000000000000000e+02 1.987857142860000010e+02
4.710789473680000015e+02 1.993947368419999862e+02
5.385000000000000000e+02 1.990000000000000000e+02
2.930000000000000000e+02 2.005000000000000000e+02
4.226250000000000000e+02 2.008125000000000000e+02
2.055000000000000000e+02 2.015000000000000000e+02
4.948999999999999773e+02 2.029000000000000057e+02
5.873823529410000219e+02 2.030882352939999862e+02
1.059000000000000057e+02 2.039000000000000057e+02
3.578333333329999846e+02 2.041666666669999870e+02
3.997857142859999726e+02 2.040000000000000000e+02
5.888888888900000040e+01 2.051666666669999870e+02
1.728750000000000000e+02 2.052500000000000000e+02
2.457857142860000010e+02 2.060000000000000000e+02
5.192142857139999705e+02 2.080000000000000000e+02
4.066428571430000147e+02 2.096904761899999983e+02
2.230000000000000000e+02 2.100000000000000000e+02
8.290000000000000568e+01 2.120999999999999943e+02
5.771000000000000227e+02 2.119000000000000057e+02
2.739999999999999858e+01 2.134499999999999886e+02
4.285714285699999948e+01 2.135714285710000127e+02
1.889000000000000057e+02 2.140999999999999943e+02
2.575000000000000000e+02 2.141666666669999870e+02
4.302142857140000274e+02 2.141428571429999863e+02
4.728333333329999846e+02 2.145000000000000000e+02
1.161153846149999964e+02 2.151153846150000106e+02
2.953421052630000077e+02 2.153421052630000077e+02
1.626538461540000071e+02 2.159615384619999929e+02
3.625000000000000000e+02 2.160000000000000000e+02
1.372647058819999870e+02 2.177352941180000130e+02
2.330000000000000000e+02 2.170000000000000000e+02
3.843181818180000278e+02 2.183181818179999993e+02
5.575769230769999467e+02 2.191923076920000142e+02
7.029999999999999716e+01 2.205999999999999943e+02
2.761315789469999800e+02 2.200263157889999945e+02
3.186111111110000138e+02 2.207777777780000008e+02
2.967647058800000082e+01 2.215588235289999943e+02
4.981363636359999987e+02 2.205909090909999861e+02
3.115384614999999968e+00 2.217307692310000107e+02
2.134090909090000139e+02 2.221363636359999987e+02
2.853365384620000214e+02 2.269134615380000071e+02
4.556111111110000138e+02 2.223888888889999862e+02
3.426000000000000227e+02 2.234499999999999886e+02
9.461764705900000649e+01 2.237941176470000073e+02
1.435000000000000000e+02 2.260000000000000000e+02
1.793947368419999862e+02 2.260789473680000015e+02
5.905000000000000000e+02 2.255000000000000000e+02
5.500000000000000000e+01 2.270000000000000000e+02
4.018999999999999773e+02 2.279000000000000057e+02
4.460000000000000000e+02 2.281666666669999870e+02
4.672777777779999724e+02 2.280000000000000000e+02
4.866904761900000267e+02 2.286428571429999863e+02
4.218750000000000000e+02 2.290625000000000000e+02
5.336428571430000147e+02 2.296904761899999983e+02
1.253888888890000004e+02 2.302222222219999992e+02
2.525909090909999861e+02 2.304090909090000139e+02
3.903260869569999727e+02 2.305000000000000000e+02
5.216428571430000147e+02 2.302142857139999990e+02
3.599166666670000154e+02 2.322500000000000000e+02
2.636176470589999781e+02 2.336764705880000008e+02
7.657894737000000340e+00 2.346578947369999923e+02
1.927105263159999993e+02 2.341315789470000084e+02
5.685000000000000000e+02 2.362894736840000007e+02
2.311666666669999870e+02 2.375000000000000000e+02
3.052142857140000274e+02 2.370000000000000000e+02
3.272500000000000000e+02 2.372500000000000000e+02
3.622222222199999919e+01 2.383888888889999862e+02
5.503125000000000000e+02 2.386875000000000000e+02
8.254999999999999716e+01 2.404000000000000057e+02
9.821428571399999896e+01 2.400000000000000000e+02
1.671428571429999863e+02 2.407142857139999990e+02
3.478846153850000178e+02 2.408846153849999894e+02
1.825000000000000000e+02 2.430000000000000000e+02
5.855000000000000000e+02 2.430000000000000000e+02
2.439473684200000037e+01 2.439210526319999985e+02
5.376250000000000000e+02 2.448125000000000000e+02
2.892777777779999724e+02 2.460000000000000000e+02
4.870000000000000000e+02 2.472142857139999990e+02
6.036666666699999695e+01 2.489666666669999984e+02
2.657222222220000276e+02 2.500000000000000000e+02
3.825833333329999846e+02 2.503333333330000130e+02
4.072727272729999868e+02 2.506363636359999987e+02
5.160000000000000000e+02 2.502142857139999990e+02
1.143666666670000041e+02 2.510333333330000016e+02
3.243823529410000219e+02 2.510882352939999862e+02
5.678529411759999448e+02 2.515000000000000000e+02
2.120000000000000000e+02 2.515000000000000000e+02
2.434090909090000139e+02 2.523181818179999993e+02
4.333125000000000000e+02 2.518125000000000000e+02
4.489444444439999984e+02 2.536111111110000138e+02
1.377352941180000130e+02 2.542058823529999927e+02
3.618846153850000178e+02 2.538846153849999894e+02
1.520000000000000000e+02 2.547857142860000010e+02
3.016000000000000227e+02 2.554499999999999886e+02
4.741153846149999822e+02 2.548846153849999894e+02
1.920200000000000102e+02 2.566999999999999886e+02
4.856666666699999979e+01 2.581000000000000227e+02
8.755263157900000692e+01 2.602894736839999723e+02
1.650000000000000000e+02 2.605000000000000000e+02
3.533750000000000000e+02 2.608125000000000000e+02
3.840294117650000203e+02 2.601470588239999984e+02
1.865789473699999945e+01 2.613421052630000077e+02
2.849615384620000214e+02 2.613461538459999929e+02
4.317105263160000277e+02 2.618684210530000200e+02
6.750000000000000000e+01 2.628529411760000016e+02
5.043421052630000077e+02 2.623421052630000077e+02
2.213888888889999862e+02 2.640555555560000016e+02
5.427400000000000091e+02 2.643000000000000114e+02
1.427857142860000010e+02 2.670000000000000000e+02
2.522368421049999938e+02 2.697105263160000277e+02
4.793823529410000219e+02 2.689117647059999854e+02
5.290333333329999732e+02 2.696333333329999959e+02
2.066904761899999983e+02 2.703571428569999853e+02
2.801470588239999984e+02 2.700294117650000203e+02
4.106538461540000071e+02 2.697307692310000107e+02
4.960294117650000203e+02 2.701470588239999984e+02
5.831315789469999800e+02 2.707631578950000062e+02
2.990000000000000000e+02 2.710000000000000000e+02
5.610000000000000000e+02 2.710000000000000000e+02
1.884615385000000032e+00 2.718846153850000178e+02
3.116666666700000121e+01 2.728888888889999862e+02
3.185000000000000000e+02 2.725000000000000000e+02
7.777777777800000081e+01 2.733888888889999862e+02
9.950000000000000000e+01 2.735000000000000000e+02
1.202999999999999972e+02 2.725000000000000000e+02
3.390000000000000000e+02 2.732142857140000274e+02
1.843571428570000137e+02 2.748333333329999846e+02
2.441153846150000106e+02 2.751153846149999822e+02
4.000000000000000000e+02 2.745000000000000000e+02
4.600000000000000000e+02 2.760000000000000000e+02
5.366111111110000138e+02 2.758333333329999846e+02
3.760000000000000000e+02 2.763000000000000114e+02
5.028333333329999846e+02 2.771666666670000154e+02
4.454333333330000073e+02 2.778999999999999773e+02
1.525909090909999861e+02 2.791363636359999987e+02
6.342105262999999660e+00 2.834473684210000215e+02
1.320000000000000000e+02 2.830000000000000000e+02
2.300000000000000000e+02 2.827857142859999726e+02
5.357142857099999844e+01 2.843571428569999853e+02
1.707857142860000010e+02 2.840000000000000000e+02
3.529117647059999854e+02 2.853823529410000219e+02
7.075000000000000000e+01 2.858333333329999846e+02
5.541000000000000227e+02 2.858999999999999773e+02
1.105000000000000000e+02 2.868333333329999846e+02
2.585294117600000163e+01 2.890294117650000203e+02
5.733823529410000219e+02 2.889117647059999854e+02
3.130000000000000000e+02 2.900000000000000000e+02
3.660000000000000000e+02 2.897857142859999726e+02
8.750000000000000000e+01 2.918529411760000016e+02
3.920000000000000000e+02 2.910000000000000000e+02
4.110000000000000000e+02 2.907857142859999726e+02
2.918846153850000178e+02 2.921153846149999822e+02
2.102142857139999990e+02 2.930000000000000000e+02
4.356176470589999781e+02 2.929117647059999854e+02
5.240882352940000146e+02 2.933823529410000219e+02
4.705526315789999785e+02 2.943421052630000077e+02
4.968684210530000200e+02 2.946578947369999923e+02
1.570000000000000000e+02 2.950000000000000000e+02
2.545000000000000000e+02 2.953260869569999727e+02
2.741666666670000154e+02 2.943888888889999862e+02
6.216666666700000121e+01 2.957500000000000000e+02
3.338999999999999773e+02 2.961000000000000227e+02
1.315000000000000000e+02 2.980000000000000000e+02
4.197777777779999724e+02 2.976111111110000138e+02
1.853333333330000130e+02 2.986111111110000138e+02
1.689000000000000057e+02 2.991000000000000227e+02
3.606578947369999923e+02 2.996578947369999923e+02
4.603333333329999846e+02 2.993333333329999846e+02
5.901666666669999586e+02 2.993333333329999846e+02
5.087500000000000000e+02 3.008750000000000000e+02
2.232500000000000000e+02 3.021250000000000000e+02
2.382142857139999990e+02 3.031428571430000147e+02
2.976578947369999923e+02 3.033421052630000077e+02
4.700000000000000000e+01 3.045000000000000000e+02
5.637500000000000000e+02 3.052500000000000000e+02
7.900000000000000000e+01 3.060000000000000000e+02
2.558750000000000000e+02 3.072500000000000000e+02
4.443666666670000041e+02 3.070333333329999732e+02
1.400000000000000000e+01 3.080000000000000000e+02
2.049705882350000081e+02 3.081470588239999984e+02
2.766999999999999886e+02 3.086999999999999886e+02
4.790000000000000000e+02 3.087222222220000276e+02
4.033421052630000077e+02 3.096578947369999923e+02
1.442647058819999870e+02 3.102058823529999927e+02
1.795000000000000000e+02 3.100000000000000000e+02
3.820000000000000000e+02 3.107857142859999726e+02
3.136250000000000000e+02 3.121250000000000000e+02
4.667307692310000107e+02 3.118846153850000178e+02
5.800000000000000000e+02 3.125000000000000000e+02
3.495000000000000000e+02 3.135000000000000000e+02
1.008529411760000016e+02 3.145000000000000000e+02
5.526176470589999781e+02 3.140882352940000146e+02
2.945000000000000000e+02 3.160000000000000000e+02
4.981000000000000227e+02 3.151000000000000227e+02
3.635909090910000145e+02 3.175909090910000145e+02
1.140000000000000000e+02 3.185000000000000000e+02
1.596500000000000057e+02 3.211999999999999886e+02
2.710000000000000000e+02 3.205000000000000000e+02
6.700000000000000000e+01 3.207857142859999726e+02
9.090000000000000568e+01 3.218500000000000227e+02
3.922894736839999723e+02 3.218684210530000200e+02
4.197500000000000000e+02 3.208333333329999846e+02
2.429615384619999929e+02 3.216538461540000071e+02
5.298809523810000428e+02 3.224523809519999986e+02
5.750000000000000000e+01 3.230000000000000000e+02
1.993421052630000077e+02 3.251315789469999800e+02
2.224090909090000139e+02 3.261363636359999987e+02
3.356818181819999722e+02 3.256818181819999722e+02
4.330000000000000000e+02 3.282142857140000274e+02
3.142857142859999726e+02 3.301428571430000147e+02
2.580000000000000000e+02 3.310000000000000000e+02
4.648333333329999846e+02 3.307500000000000000e+02
5.183999999999999773e+02 3.315500000000000114e+02
1.016666666699999944e+01 3.328333333329999846e+02
1.875000000000000000e+02 3.323947368419999862e+02
5.690000000000000000e+02 3.325000000000000000e+02
4.858846153850000178e+02 3.331153846149999822e+02
7.342307692299999644e+01 3.341153846149999822e+02
1.282647058819999870e+02 3.342647058819999870e+02
2.362142857139999990e+02 3.340000000000000000e+02
3.386842105299999872e+01 3.350263157890000230e+02
3.527500000000000000e+02 3.356499999999999773e+02
3.742222222220000276e+02 3.353888888889999862e+02
5.001428571430000147e+02 3.362142857140000274e+02
1.474090909090000139e+02 3.384090909089999855e+02
5.574166666669999586e+02 3.396666666670000154e+02
2.161923076920000142e+02 3.405769230770000036e+02
2.980000000000000000e+02 3.405000000000000000e+02
4.490000000000000000e+02 3.400000000000000000e+02
5.721428571399999896e+01 3.410000000000000000e+02
2.776578947369999923e+02 3.416578947369999923e+02
4.105000000000000000e+02 3.420000000000000000e+02
1.749000000000000057e+02 3.431000000000000227e+02
5.390000000000000000e+02 3.435000000000000000e+02
1.091250000000000000e+02 3.445000000000000000e+02
3.281999999999999886e+02 3.446499999999999773e+02
3.753666666670000041e+02 3.440333333329999732e+02
4.001000000000000227e+02 3.446333333329999959e+02
4.651000000000000227e+02 3.438999999999999773e+02
5.261000000000000227e+02 3.441000000000000227e+02
5.712826086960000112e+02 3.448913043480000056e+02
4.835000000000000000e+02 3.461666666670000154e+02
3.145238095199999862e+01 3.473095238099999733e+02
8.622222222199999919e+01 3.476111111110000138e+02
2.573888888889999862e+02 3.477777777779999724e+02
1.945000000000000000e+02 3.480000000000000000e+02
3.563181818180000278e+02 3.496818181819999722e+02
4.336176470589999781e+02 3.499117647059999854e+02
4.958846153850000178e+02 3.541153846149999822e+02
7.078571428600000104e+01 3.550000000000000000e+02
1.014444444439999984e+02 3.552777777779999724e+02
1.481470588239999984e+02 3.565000000000000000e+02
2.625000000000000000e+02 3.573636363640000013e+02
1.628947368400000073e+01 3.575000000000000000e+02
3.328571428569999853e+02 3.587142857140000274e+02
4.432500000000000000e+02 3.583500000000000227e+02
5.109166666670000154e+02 3.584166666670000154e+02
5.905000000000000000e+02 3.580000000000000000e+02
2.788461538500000003e+01 3.601153846149999822e+02
1.285909090909999861e+02 3.604090909089999855e+02
3.032142857140000274e+02 3.614523809519999986e+02
5.348846153849999610e+02 3.598846153850000178e+02
2.356578947369999923e+02 3.613421052630000077e+02
5.758913043479999487e+02 3.612826086960000112e+02
9.000000000000000222e-01 3.613000000000000114e+02
3.210454545449999841e+02 3.615000000000000000e+02
4.091000000000000227e+02 3.618999999999999773e+02
5.560000000000000000e+02 3.615000000000000000e+02
1.909545454549999874e+02 3.628636363640000013e+02
1.749000000000000057e+02 3.641000000000000227e+02
3.773947368419999862e+02 3.639210526319999985e+02
2.102692307689999893e+02 3.651153846149999822e+02
5.078571428600000104e+01 3.660000000000000000e+02
7.989130434800000558e+01 3.664565217389999816e+02
1.144200000000000017e+02 3.669399999999999977e+02
2.847500000000000000e+02 3.658333333329999846e+02
4.261363636359999987e+02 3.661363636359999987e+02
3.936333333329999959e+02 3.669666666670000268e+02
2.405999999999999872e+01 3.695799999999999841e+02
4.654411764710000057e+02 3.713235294120000276e+02
4.890000000000000000e+02 3.715000000000000000e+02
2.508529411760000016e+02 3.720294117650000203e+02
1.339285714289999873e+02 3.732857142859999726e+02
1.560000000000000000e+02 3.737857142859999726e+02
3.831470588239999984e+02 3.739705882349999797e+02
5.092894736839999723e+02 3.755000000000000000e+02
5.265000000000000000e+02 3.751470588239999984e+02
4.232647058819999870e+02 3.763235294120000276e+02
5.896538461540000071e+02 3.765000000000000000e+02
2.899347826090000240e+02 3.773260869569999727e+02
5.900000000000000000e+01 3.777857142859999726e+02
3.470294117650000203e+02 3.781470588239999984e+02
2.318846153849999894e+02 3.791153846149999822e+02
2.040000000000000000e+02 3.800000000000000000e+02
9.450000000000000000e+01 3.823333333329999846e+02
5.545499999999999545e+02 3.836000000000000227e+02
1.826578947369999923e+02 3.853421052630000077e+02
4.470000000000000000e+02 3.870000000000000000e+02
7.361764705900000649e+01 3.870882352940000146e+02
1.233421052629999934e+02 3.876578947369999923e+02
2.666176470589999781e+02 3.870882352940000146e+02
5.000000000000000000e-01 3.875000000000000000e+02
1.695555555560000016e+02 3.886111111110000138e+02
3.906052631580000138e+02 3.885000000000000000e+02
4.106428571430000147e+02 3.883095238099999733e+02
3.700000000000000000e+01 3.905000000000000000e+02
1.431153846150000106e+02 3.901153846149999822e+02
3.107500000000000000e+02 3.901250000000000000e+02
3.680882352940000146e+02 3.903823529410000219e+02
4.661666666670000154e+02 3.912333333330000187e+02
5.745499999999999545e+02 3.926000000000000227e+02
1.268750000000000000e+01 3.931875000000000000e+02
6.050000000000000000e+01 3.930000000000000000e+02
3.416111111110000138e+02 3.935555555560000016e+02
3.247222222220000276e+02 3.940000000000000000e+02
4.792500000000000000e+02 3.947500000000000000e+02
2.170384615380000071e+02 3.956538461540000071e+02
5.050000000000000000e+02 3.960000000000000000e+02
5.170384615379999786e+02 3.963461538459999929e+02
3.034499999999999886e+02 3.973999999999999773e+02
1.938846153849999894e+02 3.981153846149999822e+02
8.627777777800000081e+01 3.988333333329999846e+02
2.777500000000000000e+02 4.001666666670000154e+02
4.360714285710000127e+02 4.005000000000000000e+02
5.420000000000000000e+02 4.000000000000000000e+02
2.800000000000000000e+01 4.010000000000000000e+02
1.805000000000000000e+02 4.005000000000000000e+02
1.687500000000000000e+02 4.027500000000000000e+02
3.936666666699999695e+01 4.040333333329999732e+02
1.047222222219999992e+02 4.044444444439999984e+02
2.309210526319999985e+02 4.046052631580000138e+02
5.740000000000000000e+02 4.035000000000000000e+02
4.588999999999999773e+02 4.051000000000000227e+02
5.170000000000000000e+02 4.060000000000000000e+02
5.560000000000000000e+02 4.062777777779999724e+02
3.837857142859999726e+02 4.070000000000000000e+02
4.231000000000000227e+02 4.071000000000000227e+02
3.621666666670000154e+02 4.091250000000000000e+02
4.033888888889999862e+02 4.092222222220000276e+02
2.447857142860000010e+02 4.110000000000000000e+02
2.679117647059999854e+02 4.113823529410000219e+02
4.792619047619999719e+02 4.118809523809999860e+02
1.642857143000000075e+00 4.132857142859999726e+02
7.903333333300000163e+01 4.143666666670000041e+02
1.495000000000000000e+02 4.146428571430000147e+02
3.308999999999999773e+02 4.138999999999999773e+02
9.500000000000000000e+01 4.150000000000000000e+02
1.240000000000000000e+02 4.152142857140000274e+02
1.996666666669999870e+02 4.155833333329999846e+02
5.348846153849999610e+02 4.161153846149999822e+02
2.921470588239999984e+02 4.185000000000000000e+02
3.097500000000000000e+02 4.179166666670000154e+02
4.980000000000000000e+02 4.187222222220000276e+02
5.426176470589999781e+02 4.179117647059999854e+02
3.468999999999999773e+02 4.191499999999999773e+02
4.450000000000000000e+02 4.202142857140000274e+02
2.507142857099999844e+01 4.215000000000000000e+02
3.205000000000000000e+02 4.216764705879999724e+02
3.926250000000000000e+02 4.226250000000000000e+02
5.710000000000000000e+02 4.230000000000000000e+02
5.938235294100000061e+01 4.239117647059999854e+02
1.150000000000000000e+02 4.243999999999999773e+02
1.910833333330000130e+02 4.237500000000000000e+02
2.265000000000000000e+02 4.251190476190000140e+02
4.136000000000000227e+02 4.260000000000000000e+02
4.608809523809999860e+02 4.265000000000000000e+02
1.680999999999999943e+02 4.271000000000000227e+02
3.765000000000000000e+02 4.271666666670000154e+02
5.898750000000000000e+02 4.267500000000000000e+02
3.488333333329999846e+02 4.277500000000000000e+02
4.161111111099999960e+01 4.286111111110000138e+02
9.350000000000000000e+01 4.300000000000000000e+02
1.500000000000000000e+00 4.306999999999999886e+02
2.666333333329999959e+02 4.310333333329999732e+02
5.197105263160000277e+02 4.315000000000000000e+02
2.471470588239999984e+02 4.325000000000000000e+02
1.493181818179999993e+02 4.326818181819999722e+02
2.960714285710000127e+02 4.352142857140000274e+02
2.793750000000000000e+02 4.366250000000000000e+02
5.043181818180000278e+02 4.373181818180000278e+02
5.398999999999999773e+02 4.371000000000000227e+02
2.115000000000000000e+02 4.380000000000000000e+02
4.821999999999999886e+02 4.383500000000000227e+02
1.610000000000000142e+01 4.395666666669999927e+02
1.336052631580000138e+02 4.389210526319999985e+02
3.236578947369999923e+02 4.393421052630000077e+02
3.701428571430000147e+02 4.397142857140000274e+02
7.335714285699999948e+01 4.406904761900000267e+02
4.252222222220000276e+02 4.406111111110000138e+02
5.789166666669999586e+02 4.402500000000000000e+02
1.770000000000000000e+02 4.410000000000000000e+02
3.576999999999999886e+02 4.410000000000000000e+02
1.960000000000000000e+02 4.420000000000000000e+02
3.868000000000000114e+02 4.418000000000000114e+02
2.645000000000000000e+02 4.447666666669999813e+02
5.525000000000000000e+02 4.435000000000000000e+02
5.158846153849999610e+02 4.447307692310000107e+02
9.165789473700000656e+01 4.476578947369999923e+02
2.298846153849999894e+02 4.468846153850000178e+02
3.051666666670000154e+02 4.475000000000000000e+02
3.801000000000000227e+02 4.468999999999999773e+02
4.000000000000000000e+02 4.470000000000000000e+02
5.110000000000000142e+01 4.481000000000000227e+02
1.100789473680000015e+02 4.493947368419999862e+02
4.321363636359999987e+02 4.484090909089999855e+02
4.690000000000000000e+02 4.483000000000000114e+02
5.018750000000000000e+02 4.507500000000000000e+02
5.676739130429999705e+02 4.505000000000000000e+02
1.520000000000000000e+02 4.510000000000000000e+02
2.131315789470000084e+02 4.512368421049999938e+02
2.830000000000000000e+02 4.512142857140000274e+02
4.850000000000000000e+02 4.510000000000000000e+02
3.355000000000000000e+02 4.531190476190000140e+02
4.445000000000000000e+02 4.538529411760000016e+02
2.452500000000000000e+02 4.541666666670000154e+02
1.988529411760000016e+02 4.565000000000000000e+02
4.240882352940000146e+02 4.576176470589999781e+02
4.635000000000000000e+02 4.580000000000000000e+02
1.310000000000000000e+02 4.592777777779999724e+02
4.003333333300000163e+01 4.606333333329999959e+02
6.055555555600000162e+01 4.617222222220000276e+02
9.966666666700000121e+01 4.615000000000000000e+02
2.648999999999999773e+02 4.611000000000000227e+02
3.169166666670000154e+02 4.612500000000000000e+02
5.450000000000000000e+02 4.615000000000000000e+02
5.777777777999999920e+00 4.623333333329999846e+02
1.698846153849999894e+02 4.618846153850000178e+02
3.538846153850000178e+02 4.628846153850000178e+02
3.644090909089999855e+02 4.631363636359999987e+02
4.015952380950000133e+02 4.639285714289999873e+02
5.902999999999999545e+02 4.631000000000000227e+02
1.545000000000000000e+02 4.645000000000000000e+02
5.266578947369999923e+02 4.645526315789999785e+02
8.483333333299999879e+01 4.667500000000000000e+02
2.294166666669999870e+02 4.668333333329999846e+02
5.772500000000000000e+02 4.669375000000000000e+02
4.415000000000000000e+02 4.680000000000000000e+02
2.842142857140000274e+02 4.690000000000000000e+02
2.126578947369999923e+02 4.706578947369999923e+02
1.183181818179999993e+02 4.706818181819999722e+02
4.848529411760000016e+02 4.709705882349999797e+02
3.744090909089999855e+02 4.718636363640000013e+02
5.024166666670000154e+02 4.723333333329999846e+02
5.585499999999999545e+02 4.726000000000000227e+02
3.201153846149999822e+02 4.727307692310000107e+02
2.541250000000000000e+02 4.745000000000000000e+02
4.172142857140000274e+02 4.760000000000000000e+02
4.588461538499999648e+01 4.781153846149999822e+02
2.998999999999999773e+02 4.778999999999999773e+02
1.912272727270000132e+02 4.793181818180000278e+02
2.775000000000000000e+01 4.798333333329999846e+02
5.443823529410000219e+02 4.799117647059999854e+02
1.150000000000000000e+01 4.815000000000000000e+02
7.103333333300000163e+01 4.816333333329999959e+02
1.085000000000000000e+02 4.818529411760000016e+02
4.783421052630000077e+02 4.826578947369999923e+02
1.320000000000000000e+02 4.837222222220000276e+02
4.079444444439999984e+02 4.836111111110000138e+02
4.990000000000000000e+02 4.837857142859999726e+02
1.609166666669999870e+02 4.852500000000000000e+02
3.485000000000000000e+02 4.855000000000000000e+02
5.211363636360000555e+02 4.845909090910000145e+02
4.553333333329999846e+02 4.855833333329999846e+02
1.750000000000000000e+02 4.880000000000000000e+02
2.802777777779999724e+02 4.880000000000000000e+02
5.715800000000000409e+02 4.889399999999999977e+02
2.500000000000000000e+02 4.890000000000000000e+02
3.636250000000000000e+02 4.886250000000000000e+02
2.371153846150000106e+02 4.898846153850000178e+02
3.872857142859999726e+02 4.898571428569999853e+02
5.797352941179999561e+02 4.919117647059999854e+02
9.021428571399999896e+01 4.950000000000000000e+02
1.240999999999999943e+02 4.961000000000000227e+02
2.251153846150000106e+02 4.958846153850000178e+02
3.057666666669999813e+02 4.968333333329999846e+02
3.038235294100000061e+01 4.969117647059999854e+02
2.084166666669999870e+02 4.971666666670000154e+02
1.576818181820000007e+02 4.983181818180000278e+02
3.211000000000000227e+02 4.981000000000000227e+02
4.851000000000000227e+02 4.981000000000000227e+02
5.639615384620000214e+02 4.993461538459999929e+02
1.346153845999999987e+00 5.005000000000000000e+02
4.450000000000000000e+02 5.002142857140000274e+02
5.081153846149999822e+02 4.998846153850000178e+02
5.400000000000000000e+01 5.012142857140000274e+02
2.150000000000000000e+01 5.028529411760000016e+02
7.500000000000000000e+01 5.030000000000000000e+02
3.500000000000000000e+02 5.035000000000000000e+02
3.710454545449999841e+02 5.031363636359999987e+02
5.455000000000000000e+02 5.025000000000000000e+02
3.806904761900000267e+02 5.050714285710000127e+02
4.062500000000000000e+02 5.042500000000000000e+02
4.591153846149999822e+02 5.041153846149999822e+02
1.705000000000000000e+02 5.045000000000000000e+02
1.965000000000000000e+02 5.050000000000000000e+02
2.557857142860000010e+02 5.050000000000000000e+02
1.142500000000000000e+02 5.073500000000000227e+02
5.290000000000000000e+02 5.070000000000000000e+02
4.231000000000000227e+02 5.081000000000000227e+02
1.399000000000000057e+02 5.105666666669999927e+02
4.500000000000000000e+01 5.110000000000000000e+02
8.403333333300000163e+01 5.111666666670000154e+02
3.121363636359999987e+02 5.114090909089999855e+02
4.827857142859999726e+02 5.120000000000000000e+02
2.128125000000000000e+02 5.136875000000000000e+02
2.946999999999999886e+02 5.130000000000000000e+02
4.978529411760000016e+02 5.135000000000000000e+02
2.399000000000000057e+02 5.141000000000000227e+02
5.781875000000000000e+02 5.146875000000000000e+02
2.820000000000000000e+02 5.157857142860000295e+02
3.573947368419999862e+02 5.160789473679999446e+02
7.050000000000000000e+01 5.175000000000000000e+02
1.635909090909999861e+02 5.175909090909999577e+02
4.101470588239999984e+02 5.180294117649999635e+02
4.318846153850000178e+02 5.182692307690000462e+02
4.563461538459999929e+02 5.179615384620000214e+02
2.247500000000000000e+02 5.188333333330000414e+02
1.734166666669999870e+02 5.198333333330000414e+02
5.110294117650000203e+02 5.218529411759999448e+02
5.625000000000000000e+02 5.207857142860000295e+02
3.334090909089999855e+02 5.218636363639999445e+02
1.970000000000000000e+02 5.235000000000000000e+02
3.848000000000000114e+02 5.227999999999999545e+02
5.365000000000000000e+02 5.235000000000000000e+02
2.819230769199999997e+01 5.250384615379999786e+02
1.369000000000000057e+02 5.258999999999999773e+02
2.798809523809999860e+02 5.263095238099999733e+02
2.466176470590000065e+02 5.273823529410000219e+02
1.020000000000000000e+02 5.282777777779999724e+02
2.677307692310000107e+02 5.286538461540000071e+02
4.687941176470000073e+02 5.292647058820000439e+02
1.461111111099999960e+01 5.317777777779999724e+02
5.055555555600000162e+01 5.317222222220000276e+02
4.870000000000000000e+02 5.312142857139999705e+02
3.207631578950000062e+02 5.332894736839999723e+02
3.703999999999999773e+02 5.334500000000000455e+02
1.710000000000000000e+02 5.335000000000000000e+02
4.213666666670000041e+02 5.340333333329999732e+02
4.452894736839999723e+02 5.345000000000000000e+02
5.620000000000000000e+02 5.337857142860000295e+02
6.999999999999999556e-01 5.371000000000000227e+02
7.450000000000000000e+01 5.390000000000000000e+02
2.126999999999999886e+02 5.385000000000000000e+02
3.532333333330000187e+02 5.394333333329999505e+02
5.206111111110000138e+02 5.391666666669999586e+02
5.800000000000000000e+02 5.390000000000000000e+02
2.834210526300000055e+01 5.408157894739999847e+02
1.634090909090000139e+02 5.405909090909999577e+02
2.379117647060000138e+02 5.403823529410000219e+02
3.889666666670000268e+02 5.403666666670000041e+02
1.162826086959999969e+02 5.425869565220000368e+02
4.024285714289999873e+02 5.420714285709999558e+02
5.327999999999999545e+02 5.423500000000000227e+02
1.533666666670000041e+02 5.429666666670000268e+02
2.990000000000000000e+02 5.442142857139999705e+02
5.039117647059999854e+02 5.443823529410000219e+02
3.146818181819999722e+02 5.456818181820000291e+02
1.363888888889999862e+02 5.477777777779999724e+02
3.270000000000000000e+02 5.485000000000000000e+02
2.700000000000000000e+02 5.495000000000000000e+02
1.917105263159999993e+02 5.521315789469999800e+02
1.500000000000000000e+01 5.530000000000000000e+02
5.668181818200000066e+01 5.533181818179999709e+02
5.293461538459999929e+02 5.528076923080000142e+02
5.672826086960000112e+02 5.535869565220000368e+02
1.044523809519999986e+02 5.556904761900000267e+02
1.620999999999999943e+02 5.555666666670000495e+02
4.500000000000000000e+02 5.557857142860000295e+02
5.903333333330000414e+02 5.565000000000000000e+02
8.003333333300000163e+01 5.576333333329999959e+02
2.092142857139999990e+02 5.570000000000000000e+02
3.604473684210000215e+02 5.574473684209999647e+02
5.547727272729999868e+02 5.574545454550000159e+02
3.100000000000000000e+01 5.587222222220000276e+02
2.477352941180000130e+02 5.582058823529999927e+02
4.305625000000000000e+02 5.593750000000000000e+02
4.717222222220000276e+02 5.590000000000000000e+02
1.395909090909999861e+02 5.605909090909999577e+02
2.770882352940000146e+02 5.606176470589999781e+02
2.296818181820000007e+02 5.606818181820000291e+02
3.056333333329999959e+02 5.610333333329999732e+02
3.806538461540000071e+02 5.609615384620000214e+02
5.150000000000000000e+02 5.641666666669999586e+02
4.015000000000000000e+02 5.645000000000000000e+02
