8.777777778000000808e+00 1.888888888999999960e+00
2.960000000000000142e+01 2.049999999999999822e+00
5.950000000000000000e+01 5.000000000000000000e-01
7.650000000000000000e+01 5.000000000000000000e-01
8.750000000000000000e+01 5.000000000000000000e-01
1.030000000000000000e+02 5.000000000000000000e-01
1.081363636359999987e+02 1.590909091000000108e+00
2.498636363640000013e+02 1.409090908999999892e+00
3.355000000000000000e+02 5.000000000000000000e-01
4.056764705879999724e+02 2.558823529000000097e+00
4.301923076919999858e+02 1.500000000000000000e+00
4.865500000000000114e+02 3.399999999999999911e+00
5.018809523809999860e+02 3.500000000000000000e+00
3.149666666670000268e+02 4.366666666999999613e+00
1.796538461540000071e+02 5.884615385000000032e+00
1.980000000000000000e+02 4.785714286000000151e+00
2.807222222220000276e+02 5.000000000000000000e+00
3.473750000000000000e+02 5.812500000000000000e+00
3.755909090910000145e+02 5.590909091000000330e+00
5.576818181820000291e+02 4.681818181999999773e+00
5.776666666700000263e+01 6.166666667000000324e+00
4.655000000000000000e+02 6.192307691999999975e+00
5.887500000000000000e+02 6.750000000000000000e+00
3.345555555560000016e+02 7.611111110999999596e+00
2.266111111110000138e+02 7.833333332999999676e+00
2.601470588239999984e+02 8.029411765000000756e+00
1.560882352939999862e+02 9.382352941000000612e+00
7.077272727300000099e+01 1.031818181799999934e+01
1.115909090910000003e+02 1.159090909100000033e+01
4.802142857140000274e+02 1.092857142899999978e+01
5.220000000000000000e+02 1.200000000000000000e+01
5.419285714290000442e+02 1.250000000000000000e+01
4.588636363640000013e+02 1.259090909100000033e+01
9.543333333299999310e+01 1.509999999999999964e+01
2.118529411760000016e+02 1.497058823499999924e+01
1.770384615380000071e+02 1.634615384599999999e+01
4.207500000000000000e+02 1.700000000000000000e+01
2.323666666670000041e+02 1.696666666699999837e+01
3.971363636359999987e+02 1.695454545500000165e+01
4.421470588239999984e+02 1.750000000000000000e+01
5.188529411759999448e+02 1.750000000000000000e+01
1.386176470590000065e+02 1.808823529400000041e+01
3.577727272729999868e+02 2.100000000000000000e+01
3.027500000000000000e+02 2.175000000000000000e+01
3.251000000000000227e+02 2.210000000000000142e+01
5.791176470599999959e+01 2.338235294100000061e+01
1.660000000000000000e+02 2.450000000000000000e+01
4.972142857140000274e+02 2.400000000000000000e+01
1.276578947370000066e+02 2.534210526300000055e+01
2.740000000000000000e+02 2.500000000000000000e+01
5.655000000000000000e+02 2.500000000000000000e+01
4.750000000000000000e+02 2.750000000000000000e+01
5.816578947369999923e+02 2.765789473699999945e+01
3.758529411760000016e+02 2.902941176499999898e+01
1.785294117600000163e+01 2.997058823500000102e+01
7.650000000000000000e+01 3.050000000000000000e+01
3.109615384620000214e+02 3.034615384599999999e+01
3.962500000000000000e+01 3.162500000000000000e+01
1.863421052630000077e+02 3.234210526300000055e+01
4.087857142859999726e+02 3.200000000000000000e+01
7.690476190000000045e+00 3.364285714300000052e+01
2.563333333329999846e+02 3.266666666700000121e+01
2.923461538459999929e+02 3.303846153799999996e+01
3.660000000000000000e+02 3.300000000000000000e+01
4.300882352940000146e+02 3.338235294100000061e+01
4.542500000000000000e+02 3.325000000000000000e+01
5.328846153849999610e+02 3.311538461500000352e+01
1.058846153850000036e+02 3.511538461500000352e+01
2.040000000000000000e+02 3.521428571399999896e+01
3.908333333329999846e+02 3.427777777800000081e+01
5.013571428569999853e+02 3.530952381000000173e+01
5.540000000000000000e+02 3.521428571399999896e+01
2.223000000000000114e+02 3.550000000000000000e+01
1.412857142860000010e+02 3.814285714300000052e+01
2.438846153849999894e+02 3.888461538499999648e+01
9.293478260899999555e+01 4.167391304299999888e+01
1.151470588239999984e+02 4.097058823500000102e+01
1.620000000000000000e+02 4.200000000000000000e+01
3.356176470589999781e+02 4.191176470599999959e+01
4.091000000000000227e+02 4.189999999999999858e+01
5.238529411759999448e+02 4.250000000000000000e+01
3.011000000000000227e+02 4.289999999999999858e+01
3.840000000000000000e+02 4.278571428600000104e+01
6.871428571399999896e+01 4.414285714300000052e+01
3.702500000000000000e+02 4.587500000000000000e+01
4.785526315789999785e+02 4.665789473699999945e+01
3.750000000000000000e+01 4.760526315799999963e+01
2.730000000000000000e+02 4.750000000000000000e+01
3.555000000000000000e+02 4.700000000000000000e+01
2.188461538500000003e+01 4.788461538499999648e+01
2.275909090909999861e+02 4.859090909100000033e+01
5.789117647059999854e+02 4.838235294100000061e+01
4.921000000000000227e+02 5.010000000000000142e+01
2.000882352939999862e+02 5.161764705899999939e+01
3.947500000000000000e+02 5.083333333299999879e+01
1.300000000000000044e+00 5.200000000000000000e+01
1.361500000000000057e+02 5.250000000000000000e+01
4.145000000000000000e+02 5.250000000000000000e+01
3.304090909089999855e+02 5.413636363599999868e+01
5.143181818179999709e+02 5.431818181799999934e+01
5.421000000000000227e+02 5.389999999999999858e+01
3.173333333329999846e+02 5.600000000000000000e+01
4.453461538459999929e+02 5.703846153799999996e+01
2.919666666670000268e+02 5.936666666699999695e+01
4.617352941180000130e+02 6.126470588200000122e+01
1.045769230770000036e+02 6.180769230800000003e+01
1.596999999999999886e+02 6.229999999999999716e+01
1.862894736840000007e+02 6.213157894700000128e+01
3.822058823529999927e+02 6.238235294100000061e+01
5.280000000000000000e+02 6.200000000000000000e+01
6.354999999999999716e+01 6.339999999999999858e+01
5.707500000000000000e+02 6.287500000000000000e+01
2.446363636359999987e+02 6.454545454499999835e+01
4.813157894700000128e+01 6.571052631599999927e+01
2.611666666670000154e+02 6.550000000000000000e+01
3.390000000000000000e+02 6.500000000000000000e+01
5.479210526320000554e+02 6.539473684200000037e+01
1.251153846149999964e+02 6.611538461499999642e+01
1.989999999999999858e+01 6.690000000000000568e+01
9.021428571399999896e+01 6.700000000000000000e+01
4.280000000000000000e+02 6.678571428600000104e+01
5.848571428569999853e+02 6.728571428600000104e+01
4.788333333329999846e+02 6.800000000000000000e+01
2.711666666670000154e+02 6.923333333300000447e+01
3.130000000000000000e+02 7.021428571399999896e+01
4.018750000000000000e+02 7.150000000000000000e+01
5.018846153850000178e+02 7.088461538500000358e+01
2.188333333330000130e+02 7.223333333300000447e+01
7.921428571399999896e+01 7.300000000000000000e+01
1.440999999999999943e+02 7.390000000000000568e+01
4.466250000000000000e+02 7.337500000000000000e+01
3.526578947369999923e+02 7.565789473700000656e+01
4.633666666670000041e+02 7.543333333299999310e+01
1.061764705899999939e+01 7.620588235300000690e+01
1.738157894740000131e+02 7.634210526299999344e+01
2.016666666669999870e+02 7.644444444399999838e+01
5.713666666670000041e+02 7.596666666699999837e+01
5.900000000000000000e+01 7.950000000000000000e+01
2.250000000000000000e+02 7.950000000000000000e+01
2.833823529410000219e+02 7.908823529400000041e+01
2.973999999999999773e+02 7.929999999999999716e+01
1.075909090910000003e+02 7.986363636400000132e+01
8.961764705900000649e+01 8.191176470599999959e+01
3.350000000000000000e+02 8.200000000000000000e+01
5.111153846149999822e+02 8.211538461499999642e+01
1.297857142860000010e+02 8.300000000000000000e+01
2.604499999999999886e+02 8.340000000000000568e+01
4.186333333329999959e+02 8.303333333300000163e+01
1.565000000000000000e+02 8.400000000000000000e+01
5.340000000000000000e+02 8.421428571399999896e+01
5.547222222220000276e+02 8.400000000000000000e+01
3.714130434780000201e+02 8.671739130400000306e+01
3.416666666700000121e+01 8.873809523799999965e+01
3.912777777779999724e+02 8.800000000000000000e+01
4.286578947369999923e+02 8.965789473700000656e+01
4.840000000000000000e+02 8.950000000000000000e+01
3.090000000000000000e+02 9.021428571399999896e+01
2.158333333330000130e+02 9.183333333299999879e+01
2.380000000000000000e+02 9.000000000000000000e+01
5.040000000000000000e+02 9.078571428600000104e+01
1.732142857139999990e+02 9.200000000000000000e+01
4.543000000000000114e+02 9.200000000000000000e+01
1.096578947370000066e+02 9.365789473700000656e+01
5.293461538459999929e+02 9.357692307700000356e+01
1.920000000000000000e+02 9.500000000000000000e+01
1.258571428569999995e+02 9.771428571399999896e+01
3.007500000000000000e+02 9.725000000000000000e+01
5.816666666700000121e+01 9.775000000000000000e+01
7.586363636400000132e+01 9.795454545500000165e+01
5.744500000000000455e+02 9.859999999999999432e+01
5.863999999999999773e+02 9.845000000000000284e+01
4.500000000000000000e+01 9.921428571399999896e+01
2.325000000000000000e+02 9.950000000000000000e+01
1.468636363640000013e+02 1.004090909089999997e+02
4.698571428569999853e+02 1.017142857139999990e+02
6.911764705999999592e+00 1.033823529409999935e+02
4.095000000000000000e+02 1.032333333330000045e+02
3.329117647059999854e+02 1.046176470590000065e+02
3.749117647059999854e+02 1.043823529409999935e+02
2.523181818179999993e+02 1.063181818179999993e+02
2.717857142859999726e+02 1.061428571430000005e+02
5.405000000000000000e+02 1.068684210530000058e+02
4.598846153850000178e+02 1.078846153850000036e+02
8.965789473700000656e+01 1.093421052629999934e+02
3.102647058819999870e+02 1.092647058820000012e+02
5.200000000000000000e+02 1.097222222219999992e+02
3.488529411760000016e+02 1.100294117650000061e+02
4.878333333329999846e+02 1.101111111109999996e+02
3.260000000000000142e+01 1.115499999999999972e+02
3.932500000000000000e+02 1.111666666670000012e+02
1.271153846149999964e+02 1.131153846149999964e+02
2.110714285710000127e+02 1.135000000000000000e+02
7.750000000000000000e+01 1.150000000000000000e+02
1.000000000000000000e+02 1.152142857139999990e+02
1.640384615380000071e+02 1.146538461539999929e+02
4.781000000000000227e+02 1.150999999999999943e+02
5.691363636360000555e+02 1.144090909089999997e+02
1.880000000000000000e+02 1.157857142860000010e+02
4.241000000000000227e+02 1.159000000000000057e+02
2.663888888889999862e+02 1.172222222219999992e+02
2.283000000000000114e+02 1.182999999999999972e+02
2.478333333330000130e+02 1.192500000000000000e+02
3.341153846149999822e+02 1.211153846149999964e+02
4.089666666670000268e+02 1.216333333329999959e+02
1.423095238100000017e+02 1.226428571430000005e+02
2.865000000000000000e+02 1.225000000000000000e+02
4.495000000000000000e+02 1.235000000000000000e+02
5.892142857139999705e+02 1.240000000000000000e+02
3.215769230770000036e+02 1.251923076920000000e+02
5.362692307690000462e+02 1.248846153850000036e+02
5.481666666669999586e+02 1.252500000000000000e+02
1.488461538500000003e+01 1.261153846149999964e+02
5.046499999999999773e+02 1.277999999999999972e+02
1.625999999999999943e+02 1.285500000000000114e+02
1.745262626260000047e+02 1.468030303030000141e+02
4.289117647059999854e+02 1.283823529409999935e+02
3.548684210530000200e+02 1.297105263159999993e+02
4.680000000000000000e+02 1.292142857139999990e+02
4.996666666699999837e+01 1.306333333329999959e+02
4.453823529410000219e+02 1.300882352939999862e+02
6.940909090899999967e+01 1.311363636359999987e+02
3.765909090910000145e+02 1.318636363640000013e+02
5.261666666669999586e+02 1.328333333330000130e+02
2.111538461499999997e+01 1.328846153849999894e+02
2.373750000000000000e+02 1.338125000000000000e+02
3.928846153850000178e+02 1.328846153849999894e+02
5.759615384620000214e+02 1.336538461540000071e+02
8.950000000000000000e+01 1.345000000000000000e+02
2.073947368419999862e+02 1.359210526319999985e+02
1.079166666670000012e+02 1.370000000000000000e+02
4.812058823529999927e+02 1.359117647060000138e+02
1.257857142860000010e+02 1.370000000000000000e+02
2.818636363640000013e+02 1.364090909090000139e+02
5.081666666670000154e+02 1.392333333329999903e+02
3.006250000000000000e+02 1.408125000000000000e+02
2.564473684210000215e+02 1.432894736840000007e+02
3.368529411760000016e+02 1.430294117649999919e+02
3.275000000000000000e+01 1.438750000000000000e+02
6.342105262999999660e+00 1.454473684209999931e+02
1.512857142860000010e+02 1.447142857139999990e+02
1.990000000000000000e+02 1.452142857139999990e+02
5.442142857139999705e+02 1.460000000000000000e+02
5.618846153849999610e+02 1.461153846150000106e+02
5.150000000000000000e+01 1.470000000000000000e+02
3.583421052630000077e+02 1.474473684209999931e+02
5.861363636360000555e+02 1.464090909090000139e+02
4.098529411760000016e+02 1.490294117649999919e+02
3.173571428569999853e+02 1.504285714289999873e+02
4.303888888889999862e+02 1.521666666669999870e+02
2.244090909090000139e+02 1.535909090909999861e+02
3.412894736839999723e+02 1.535000000000000000e+02
4.556176470589999781e+02 1.540882352939999862e+02
6.211904761899999983e+01 1.560238095240000007e+02
1.253571428569999995e+02 1.552142857139999990e+02
2.106428571429999863e+02 1.552142857139999990e+02
5.764545454550000159e+02 1.563636363640000013e+02
2.580000000000000000e+02 1.572777777780000008e+02
5.250000000000000000e+02 1.575000000000000000e+02
8.286842105300000583e+01 1.584473684209999931e+02
2.501315789470000084e+02 1.585000000000000000e+02
4.375000000000000000e+02 1.580000000000000000e+02
5.405769230769999467e+02 1.581153846150000106e+02
1.372857142860000010e+02 1.592857142860000010e+02
3.935000000000000000e+02 1.590000000000000000e+02
1.887500000000000000e+02 1.607500000000000000e+02
4.745000000000000000e+02 1.605000000000000000e+02
1.899999999999999911e+00 1.610999999999999943e+02
2.880000000000000000e+02 1.612142857139999990e+02
4.993571428569999853e+02 1.613095238100000017e+02
2.345238095199999862e+01 1.628333333330000130e+02
1.029782608699999997e+02 1.638913043480000056e+02
1.561153846150000106e+02 1.631153846150000106e+02
2.763888888889999862e+02 1.631666666669999870e+02
2.123000000000000114e+02 1.635000000000000000e+02
1.065789473699999945e+01 1.656578947369999923e+02
4.588461538499999648e+01 1.651153846150000106e+02
4.105000000000000000e+02 1.645000000000000000e+02
5.178999999999999773e+02 1.650999999999999943e+02
3.230384615379999786e+02 1.656538461540000071e+02
3.572142857140000274e+02 1.660000000000000000e+02
3.769117647059999854e+02 1.676176470590000065e+02
6.913157894699999417e+01 1.697105263159999993e+02
3.078913043480000056e+02 1.697173913039999888e+02
2.475909090909999861e+02 1.705909090909999861e+02
5.583666666670000041e+02 1.705666666669999927e+02
2.851666666670000154e+02 1.716111111110000138e+02
4.626111111110000138e+02 1.732222222219999992e+02
5.862500000000000000e+02 1.729375000000000000e+02
1.287857142860000010e+02 1.760000000000000000e+02
4.341315789469999800e+02 1.767105263159999993e+02
4.766499999999999773e+02 1.767500000000000000e+02
8.509999999999999432e+01 1.769000000000000057e+02
3.750625000000000000e+02 1.771250000000000000e+02
5.450217391300000145e+02 1.781086956519999944e+02
5.000000000000000000e+00 1.777857142860000010e+02
2.134615384599999999e+01 1.777307692310000107e+02
1.019705882349999939e+02 1.781470588239999984e+02
1.983095238100000017e+02 1.795476190480000014e+02
3.956176470589999781e+02 1.790882352939999862e+02
2.234499999999999886e+02 1.804000000000000057e+02
5.053095238099999733e+02 1.826428571429999863e+02
1.174375000000000000e+02 1.833750000000000000e+02
1.415000000000000000e+02 1.835000000000000000e+02
3.365833333329999846e+02 1.831666666669999870e+02
1.715000000000000000e+02 1.848529411760000016e+02
3.542894736839999723e+02 1.851315789470000084e+02
4.642500000000000000e+02 1.848333333330000130e+02
5.000000000000000000e+01 1.862500000000000000e+02
2.830000000000000000e+02 1.860000000000000000e+02
4.522222222220000276e+02 1.876111111110000138e+02
4.848333333329999846e+02 1.871111111110000138e+02
5.732222222220000276e+02 1.876111111110000138e+02
2.996153846200000004e+01 1.889615384619999929e+02
2.545500000000000114e+02 1.888000000000000114e+02
1.250000000000000000e+01 1.893000000000000114e+02
2.993750000000000000e+02 1.891875000000000000e+02
3.167857142859999726e+02 1.890000000000000000e+02
4.120833333329999846e+02 1.892500000000000000e+02
2.785909090910000145e+02 1.931363636359999987e+02
5.205000000000000000e+02 1.940000000000000000e+02
5.556000000000000227e+02 1.941999999999999886e+02
6.617647059000000276e+00 1.950882352939999862e+02
1.299615384619999929e+02 1.953461538459999929e+02
4.320000000000000000e+02 1.955000000000000000e+02
1.861153846150000106e+02 1.958846153849999894e+02
1.046052631579999996e+02 1.975000000000000000e+02
3.359545454550000159e+02 1.980000000000000000e+02
3.728529411760000016e+02 1.975000000000000000e+02
2.843666666670000041e+02 1.980333333330000016e+02
8.283333333299999879e+01 1.991666666669999870e+02
4.481153846149999822e+02 1.998846153849999894e+02
2.098333333330000130e+02 2.011666666669999870e+02
3.925833333329999846e+02 2.016666666669999870e+02
1.486111111110000138e+02 2.026666666669999870e+02
1.750999999999999943e+02 2.020999999999999943e+02
5.765789473699999945e+01 2.043421052630000077e+02
2.208636363640000013e+02 2.034090909090000139e+02
3.550294117650000203e+02 2.048529411760000016e+02
5.040000000000000000e+02 2.052142857139999990e+02
5.341250000000000000e+02 2.055000000000000000e+02
4.683571428569999853e+02 2.060238095240000007e+02
4.256250000000000000e+01 2.092500000000000000e+02
1.893888888889999862e+02 2.092222222219999992e+02
4.783823529410000219e+02 2.097941176470000073e+02
5.707000000000000455e+02 2.103000000000000114e+02
2.390000000000000000e+02 2.107857142860000010e+02
5.226538461540000071e+02 2.119615384619999929e+02
8.843333333299999310e+01 2.129000000000000057e+02
3.126190476200000035e+01 2.145000000000000000e+02
2.637631578950000062e+02 2.148157894740000131e+02
3.242777777779999724e+02 2.145555555560000016e+02
1.373750000000000000e+02 2.151875000000000000e+02
2.987500000000000000e+02 2.152500000000000000e+02
1.540999999999999943e+02 2.159000000000000057e+02
4.117380952380000281e+02 2.168809523809999860e+02
3.445000000000000000e+02 2.177105263159999993e+02
4.510000000000000000e+02 2.170000000000000000e+02
7.086363636400000132e+01 2.179545454549999874e+02
1.212142857139999990e+02 2.180000000000000000e+02
2.845149253729999828e+02 2.252910447760000068e+02
3.866999999999999886e+02 2.181999999999999886e+02
5.064166666670000154e+02 2.191666666669999870e+02
5.346153845999999987e+00 2.200384615380000071e+02
1.813823529409999935e+02 2.202058823529999927e+02
4.320000000000000000e+02 2.202142857139999990e+02
3.690882352940000146e+02 2.213823529409999935e+02
2.131153846150000106e+02 2.238846153849999894e+02
2.316538461540000071e+02 2.243461538459999929e+02
5.318529411759999448e+02 2.239705882350000081e+02
5.536538461540000071e+02 2.239615384619999929e+02
9.620588235300000690e+01 2.252058823529999927e+02
4.026000000000000227e+02 2.263000000000000114e+02
3.285526315789999785e+02 2.273421052630000077e+02
5.888846153849999610e+02 2.268846153849999894e+02
3.934565217389999816e+02 2.292391304349999928e+02
4.450000000000000000e+02 2.276666666669999870e+02
2.450000000000000000e+01 2.290000000000000000e+02
1.278888888890000004e+02 2.292777777780000008e+02
1.421999999999999886e+02 2.295999999999999943e+02
2.475909090909999861e+02 2.304090909090000139e+02
5.691315789469999800e+02 2.302894736840000007e+02
5.583333333299999879e+01 2.316111111110000138e+02
7.965789473700000656e+01 2.326578947369999923e+02
1.666250000000000000e+02 2.325625000000000000e+02
1.922222222219999992e+02 2.323888888889999862e+02
4.200882352940000146e+02 2.326176470590000065e+02
4.622777777779999724e+02 2.325555555560000016e+02
5.167500000000000000e+02 2.338333333330000130e+02
2.210294117649999919e+02 2.358529411760000016e+02
4.865000000000000000e+02 2.355000000000000000e+02
4.238888888900000040e+01 2.362222222219999992e+02
2.609117647059999854e+02 2.383823529409999935e+02
3.055769230770000036e+02 2.378846153849999894e+02
3.651153846149999822e+02 2.378846153849999894e+02
9.690476190000000045e+00 2.396428571429999863e+02
2.926052631580000138e+02 2.409210526319999985e+02
6.488461538500000358e+01 2.421153846150000106e+02
3.478846153850000178e+02 2.428846153849999894e+02
5.121153846150000390e+02 2.438846153849999894e+02
1.002142857139999990e+02 2.450000000000000000e+02
2.120000000000000000e+02 2.452142857139999990e+02
2.380789473680000015e+02 2.456052631580000138e+02
2.705500000000000114e+02 2.454000000000000057e+02
4.030000000000000000e+02 2.457500000000000000e+02
5.508529411759999448e+02 2.455000000000000000e+02
4.707857142859999726e+02 2.460000000000000000e+02
5.295000000000000000e+02 2.460000000000000000e+02
2.034210526300000055e+01 2.473421052630000077e+02
4.512777777779999724e+02 2.470000000000000000e+02
1.120999999999999943e+02 2.480999999999999943e+02
1.750000000000000000e+02 2.480000000000000000e+02
3.842692307689999893e+02 2.478846153849999894e+02
3.297222222220000276e+02 2.490000000000000000e+02
1.480000000000000000e+02 2.502142857139999990e+02
5.869666666670000268e+02 2.506333333329999959e+02
1.303750000000000000e+02 2.515625000000000000e+02
1.936363636359999987e+02 2.528181818179999993e+02
4.812142857140000274e+02 2.520000000000000000e+02
3.618333333329999846e+02 2.542500000000000000e+02
4.335000000000000000e+02 2.540000000000000000e+02
5.078571428600000104e+01 2.560000000000000000e+02
5.059090909089999855e+02 2.580909090910000145e+02
3.860294117650000203e+02 2.581470588239999984e+02
8.938235294099999351e+01 2.590882352940000146e+02
2.908846153850000178e+02 2.588846153850000178e+02
3.009117647059999854e+02 2.593823529410000219e+02
5.700000000000000000e+02 2.592142857140000274e+02
4.153666666670000041e+02 2.639666666670000268e+02
3.578333333329999846e+02 2.647666666669999813e+02
1.328947368400000073e+01 2.665000000000000000e+02
1.668125000000000000e+02 2.666250000000000000e+02
5.447400000000000091e+02 2.663000000000000114e+02
1.248333333329999988e+02 2.667500000000000000e+02
1.422142857139999990e+02 2.670000000000000000e+02
2.285909090909999861e+02 2.674090909089999855e+02
4.445000000000000000e+02 2.670000000000000000e+02
2.555869565220000084e+02 2.697173913039999888e+02
4.319761904759999993e+02 2.696904761900000267e+02
4.610000000000000000e+02 2.692142857140000274e+02
5.220000000000000000e+02 2.687857142859999726e+02
1.166666667000000102e+00 2.699444444439999984e+02
4.958529411760000016e+02 2.699705882349999797e+02
5.666428571430000147e+02 2.702142857140000274e+02
1.052391304350000070e+02 2.715434782610000184e+02
3.203000000000000114e+02 2.716000000000000227e+02
5.880882352940000146e+02 2.713823529410000219e+02
2.131190476190000140e+02 2.727380952380000281e+02
4.711000000000000227e+02 2.718999999999999773e+02
3.027777777800000081e+01 2.730000000000000000e+02
6.228947368400000073e+01 2.738684210530000200e+02
7.825000000000000000e+01 2.731250000000000000e+02
3.401428571430000147e+02 2.737142857140000274e+02
5.010000000000000000e+02 2.737222222220000276e+02
3.775000000000000000e+02 2.735000000000000000e+02
4.008000000000000114e+02 2.751999999999999886e+02
2.455000000000000000e+02 2.755000000000000000e+02
2.717222222220000276e+02 2.770000000000000000e+02
1.867500000000000000e+02 2.782500000000000000e+02
3.026538461540000071e+02 2.790384615379999786e+02
4.116842105260000153e+02 2.817368421049999938e+02
5.330000000000000000e+02 2.800000000000000000e+02
2.290999999999999943e+02 2.811000000000000227e+02
5.775000000000000000e+02 2.828529411760000016e+02
1.328125000000000000e+02 2.836250000000000000e+02
1.566538461540000071e+02 2.849615384620000214e+02
1.747857142860000010e+02 2.850000000000000000e+02
3.517777777779999724e+02 2.853888888889999862e+02
2.910454545449999841e+02 2.858636363640000013e+02
7.309523809999999955e+00 2.874523809519999986e+02
6.811538461499999642e+01 2.868846153850000178e+02
1.123823529409999935e+02 2.869117647059999854e+02
4.962142857140000274e+02 2.878809523809999860e+02
2.713750000000000000e+02 2.873750000000000000e+02
2.825000000000000000e+01 2.888999999999999773e+02
4.450000000000000000e+01 2.887500000000000000e+02
3.116538461540000071e+02 2.890384615379999786e+02
1.896111111110000138e+02 2.907777777779999724e+02
3.856333333329999959e+02 2.899666666670000268e+02
3.706333333329999959e+02 2.910333333329999732e+02
4.376176470589999781e+02 2.912058823529999927e+02
5.510000000000000000e+02 2.907857142859999726e+02
2.595000000000000000e+02 2.926739130430000273e+02
2.098571428570000137e+02 2.937142857140000274e+02
4.773695652170000017e+02 2.938913043480000056e+02
9.481250000000000000e+01 2.943125000000000000e+02
5.905000000000000000e+02 2.935000000000000000e+02
4.540000000000000000e+02 2.950000000000000000e+02
1.245000000000000000e+02 2.975000000000000000e+02
1.507105263159999993e+02 2.987631578950000062e+02
2.985000000000000000e+02 2.985000000000000000e+02
6.000000000000000000e+01 2.990000000000000000e+02
5.252222222220000276e+02 3.001666666670000154e+02
3.340882352940000146e+02 3.013823529410000219e+02
4.211000000000000227e+02 3.008999999999999773e+02
2.410999999999999943e+02 3.025666666669999927e+02
7.613636363599999868e+01 3.035909090910000145e+02
1.646875000000000000e+02 3.046250000000000000e+02
2.170000000000000000e+02 3.050000000000000000e+02
2.564090909089999855e+02 3.055909090910000145e+02
3.600882352940000146e+02 3.056176470589999781e+02
5.121250000000000000e+02 3.052500000000000000e+02
5.581666666669999586e+02 3.051111111110000138e+02
9.609999999999999432e+01 3.071000000000000227e+02
4.400000000000000000e+02 3.075000000000000000e+02
3.985714285699999948e+01 3.087142857140000274e+02
1.515000000000000000e+02 3.088684210530000200e+02
2.762142857140000274e+02 3.080000000000000000e+02
4.014499999999999886e+02 3.086000000000000227e+02
5.768846153849999610e+02 3.078846153850000178e+02
4.774473684210000215e+02 3.106578947369999923e+02
1.970000000000000000e+02 3.112777777779999724e+02
3.840000000000000000e+02 3.125000000000000000e+02
3.490000000000000000e+02 3.135000000000000000e+02
1.938888888900000040e+01 3.157777777779999724e+02
4.628846153850000178e+02 3.151153846149999822e+02
3.170882352940000146e+02 3.163823529410000219e+02
5.001000000000000227e+02 3.161000000000000227e+02
5.480000000000000000e+02 3.167222222220000276e+02
1.791363636359999987e+02 3.165909090910000145e+02
2.438333333330000130e+02 3.174166666670000154e+02
3.636363636359999987e+02 3.179545454550000159e+02
1.663421052630000077e+02 3.196578947369999923e+02
2.994090909089999855e+02 3.194090909089999855e+02
5.388461538499999648e+01 3.198846153850000178e+02
2.673823529410000219e+02 3.200882352940000146e+02
9.100000000000000000e+01 3.210000000000000000e+02
4.191666666670000154e+02 3.212500000000000000e+02
1.161818181820000007e+02 3.227727272729999868e+02
5.327105263160000277e+02 3.228684210530000200e+02
4.310000000000000000e+02 3.227857142859999726e+02
5.218684210530000200e+02 3.232894736839999723e+02
5.761000000000000227e+02 3.251000000000000227e+02
7.222222222000000080e+00 3.263333333329999846e+02
3.348846153850000178e+02 3.258846153850000178e+02
7.116666666700000121e+01 3.267500000000000000e+02
2.517352941180000130e+02 3.275000000000000000e+02
3.966666666670000154e+02 3.278750000000000000e+02
4.826818181819999722e+02 3.276818181819999722e+02
1.843421052630000077e+02 3.293421052630000077e+02
3.111000000000000227e+02 3.291000000000000227e+02
2.188846153849999894e+02 3.301153846149999822e+02
3.735500000000000114e+02 3.306000000000000227e+02
4.650000000000000000e+02 3.300000000000000000e+02
1.283823529409999935e+02 3.309117647059999854e+02
1.996176470590000065e+02 3.319117647059999854e+02
4.458333333329999846e+02 3.328333333329999846e+02
7.303846153800000707e+01 3.336538461540000071e+02
2.380000000000000000e+02 3.352142857140000274e+02
3.211904761899999983e+01 3.360714285710000127e+02
5.012142857140000274e+02 3.360000000000000000e+02
1.478684210529999916e+02 3.377105263160000277e+02
5.216666666700000121e+01 3.392500000000000000e+02
1.141666666670000012e+02 3.407500000000000000e+02
2.131666666669999870e+02 3.412500000000000000e+02
3.068529411760000016e+02 3.415000000000000000e+02
5.550000000000000000e+02 3.405000000000000000e+02
2.756499999999999773e+02 3.430500000000000114e+02
3.515000000000000000e+02 3.430000000000000000e+02
4.300000000000000000e+02 3.420000000000000000e+02
3.230294117650000203e+02 3.441470588239999984e+02
4.153823529410000219e+02 3.446176470589999781e+02
5.327857142860000295e+02 3.440000000000000000e+02
5.708684210530000200e+02 3.445526315789999785e+02
8.662500000000000000e+01 3.458125000000000000e+02
4.000000000000000000e+02 3.457857142859999726e+02
4.697142857140000274e+02 3.458571428569999853e+02
1.771250000000000000e+02 3.477500000000000000e+02
4.161764705899999939e+01 3.482058823529999927e+02
3.765909090910000145e+02 3.478636363640000013e+02
2.507941176470000073e+02 3.489117647059999854e+02
4.875000000000000000e+02 3.498750000000000000e+02
1.527222222219999992e+02 3.514444444439999984e+02
3.570000000000000000e+02 3.506999999999999886e+02
5.265714285709999558e+02 3.509285714289999873e+02
1.950882352939999862e+02 3.536176470589999781e+02
5.560000000000000000e+02 3.530000000000000000e+02
1.247500000000000000e+02 3.542500000000000000e+02
3.386875000000000000e+02 3.551875000000000000e+02
3.665000000000000000e+02 3.566363636359999987e+02
4.107500000000000000e+02 3.558333333329999846e+02
4.521999999999999886e+02 3.566499999999999773e+02
4.961153846149999822e+02 3.558846153850000178e+02
2.983095238099999733e+02 3.575476190480000014e+02
1.300000000000000000e+01 3.580000000000000000e+02
6.526923076900000353e+01 3.591153846149999822e+02
2.118636363640000013e+02 3.584090909089999855e+02
2.578571428600000104e+01 3.598571428569999853e+02
2.299705882350000081e+02 3.608529411760000016e+02
5.901000000000000227e+02 3.593000000000000114e+02
4.888461538499999648e+01 3.621153846149999822e+02
1.705000000000000000e+02 3.620000000000000000e+02
2.596428571430000147e+02 3.636904761900000267e+02
2.860000000000000000e+02 3.630000000000000000e+02
5.000000000000000000e-01 3.625000000000000000e+02
1.017222222219999992e+02 3.640000000000000000e+02
5.160000000000000000e+02 3.643333333329999846e+02
5.388846153849999610e+02 3.642692307689999893e+02
8.858695652199999415e+01 3.665434782610000184e+02
3.933000000000000114e+02 3.666999999999999886e+02
4.260000000000000000e+02 3.670000000000000000e+02
1.882500000000000000e+02 3.678333333329999846e+02
3.153461538459999929e+02 3.679615384620000214e+02
5.798333333330000414e+02 3.695000000000000000e+02
1.989999999999999858e+01 3.709399999999999977e+02
3.456176470589999781e+02 3.699117647059999854e+02
4.670000000000000000e+02 3.700000000000000000e+02
5.905000000000000000e+02 3.695000000000000000e+02
1.225000000000000000e+02 3.723260869569999727e+02
2.437222222219999992e+02 3.720000000000000000e+02
4.813750000000000000e+02 3.725625000000000000e+02
5.034499999999999886e+02 3.723999999999999773e+02
5.315000000000000000e+02 3.750000000000000000e+02
1.340000000000000000e+02 3.760000000000000000e+02
4.141428571430000147e+02 3.772857142859999726e+02
4.507105263160000277e+02 3.784473684210000215e+02
5.992857142900000156e+01 3.792857142859999726e+02
5.575499999999999545e+02 3.796000000000000227e+02
1.830000000000000000e+02 3.802777777779999724e+02
2.714499999999999886e+02 3.803999999999999773e+02
2.871190476190000140e+02 3.805000000000000000e+02
2.313333333330000130e+02 3.815000000000000000e+02
3.661000000000000227e+02 3.811000000000000227e+02
1.043666666670000041e+02 3.820333333329999732e+02
1.551153846150000106e+02 3.818846153850000178e+02
1.655000000000000000e+02 3.821470588239999984e+02
3.829375000000000000e+02 3.829375000000000000e+02
2.120000000000000000e+02 3.850000000000000000e+02
4.632058823529999927e+02 3.859117647059999854e+02
4.297058823500000102e+01 3.878529411760000016e+02
7.508823529400000041e+01 3.876176470589999781e+02
3.120000000000000000e+02 3.880000000000000000e+02
5.368999999999999773e+02 3.904333333330000073e+02
5.732777777779999724e+02 3.900000000000000000e+02
1.016666666699999944e+01 3.921111111110000138e+02
1.200000000000000000e+02 3.920000000000000000e+02
1.380000000000000000e+02 3.917857142859999726e+02
3.274523809519999986e+02 3.936904761900000267e+02
3.972222222220000276e+02 3.933888888889999862e+02
3.420000000000000000e+02 3.947222222220000276e+02
4.975000000000000000e+02 3.953000000000000114e+02
5.164230769230000533e+02 3.948076923080000142e+02
4.088181818180000278e+02 3.975454545449999841e+02
4.871190476190000140e+02 3.972619047619999719e+02
6.128947368400000073e+01 4.011315789469999800e+02
8.550000000000000000e+01 4.006999999999999886e+02
1.796111111110000138e+02 4.011666666670000154e+02
2.160454545450000126e+02 4.011363636359999987e+02
2.816818181819999722e+02 4.013181818180000278e+02
3.103636363640000013e+02 4.021818181819999722e+02
4.381428571430000147e+02 4.017142857140000274e+02
2.360000000000000000e+02 4.022777777779999724e+02
2.001153846150000106e+02 4.031153846149999822e+02
1.046578947370000066e+02 4.053421052630000077e+02
1.608684210529999916e+02 4.057631578950000062e+02
3.604599999999999795e+02 4.061000000000000227e+02
5.905000000000000000e+02 4.040000000000000000e+02
1.231153846149999964e+02 4.061153846149999822e+02
3.825909090910000145e+02 4.058636363640000013e+02
5.147999999999999545e+02 4.058000000000000114e+02
5.563947368420000430e+02 4.060789473680000015e+02
3.050000000000000000e+01 4.070000000000000000e+02
4.285000000000000000e+02 4.070000000000000000e+02
3.303461538459999929e+02 4.079615384620000214e+02
4.061764705899999939e+01 4.090882352940000146e+02
4.570625000000000000e+02 4.092500000000000000e+02
4.717380952380000281e+02 4.101190476190000140e+02
4.933888888889999862e+02 4.102222222220000276e+02
5.763125000000000000e+02 4.116875000000000000e+02
2.024230769229999964e+02 4.128076923080000142e+02
3.512619047619999719e+02 4.141190476190000140e+02
5.365000000000000000e+02 4.130000000000000000e+02
2.812142857140000274e+02 4.140000000000000000e+02
4.097777777779999724e+02 4.143888888889999862e+02
2.668999999999999773e+02 4.155500000000000114e+02
1.420000000000000000e+02 4.162500000000000000e+02
1.409090908999999892e+00 4.178636363640000013e+02
6.034210526300000055e+01 4.188157894739999847e+02
7.327777777800000081e+01 4.200000000000000000e+02
2.482692307689999893e+02 4.202692307689999893e+02
5.668333333330000414e+02 4.200000000000000000e+02
9.900000000000000000e+01 4.210000000000000000e+02
1.845909090909999861e+02 4.211363636359999987e+02
1.989999999999999858e+01 4.228999999999999773e+02
1.138684210530000058e+02 4.249736842109999770e+02
2.265909090909999861e+02 4.254090909089999855e+02
5.240000000000000000e+02 4.249444444439999984e+02
5.482894736839999723e+02 4.255000000000000000e+02
1.673461538459999929e+02 4.261923076919999858e+02
3.791666666670000154e+02 4.268333333329999846e+02
4.450000000000000000e+02 4.262142857140000274e+02
4.605909090910000145e+02 4.264090909089999855e+02
3.650000000000000000e+01 4.273000000000000114e+02
3.071000000000000227e+02 4.268999999999999773e+02
1.498846153849999894e+02 4.288846153850000178e+02
3.223666666670000041e+02 4.291666666670000154e+02
4.226000000000000227e+02 4.293999999999999773e+02
3.953750000000000000e+02 4.293750000000000000e+02
3.507857142859999726e+02 4.311428571430000147e+02
7.040000000000000568e+01 4.335500000000000114e+02
5.760333333329999732e+02 4.336333333329999959e+02
1.398913043480000056e+02 4.345434782610000184e+02
8.966666666700000121e+01 4.353333333329999846e+02
2.141363636359999987e+02 4.344090909089999855e+02
2.648846153850000178e+02 4.351153846149999822e+02
4.770000000000000000e+02 4.350000000000000000e+02
2.855000000000000000e+02 4.355000000000000000e+02
2.925000000000000000e+02 4.360000000000000000e+02
5.342142857139999705e+02 4.360000000000000000e+02
5.000000000000000000e+00 4.363000000000000114e+02
2.436176470590000065e+02 4.370882352940000146e+02
4.961363636359999987e+02 4.372272727270000132e+02
5.517500000000000000e+02 4.391666666670000154e+02
2.321428571399999896e+01 4.410000000000000000e+02
3.321363636359999987e+02 4.420909090910000145e+02
3.575000000000000000e+02 4.405000000000000000e+02
3.715000000000000000e+02 4.410000000000000000e+02
3.951666666670000154e+02 4.410555555560000016e+02
1.915000000000000000e+02 4.425000000000000000e+02
4.250882352940000146e+02 4.433823529410000219e+02
1.719117647060000138e+02 4.443823529410000219e+02
4.492058823529999927e+02 4.447352941180000130e+02
1.185499999999999972e+02 4.453999999999999773e+02
3.033947368419999862e+02 4.450789473680000015e+02
2.290000000000000000e+02 4.456999999999999886e+02
4.698636363640000013e+02 4.460454545449999841e+02
1.519000000000000057e+02 4.471000000000000227e+02
4.681578947399999890e+01 4.483421052630000077e+02
9.200000000000000000e+01 4.487222222220000276e+02
5.735000000000000000e+02 4.485000000000000000e+02
2.630000000000000000e+02 4.492142857140000274e+02
4.011153846149999822e+02 4.491153846149999822e+02
4.328333333329999846e+02 4.502500000000000000e+02
5.188999999999999773e+02 4.511000000000000227e+02
2.114090909090000139e+02 4.525909090910000145e+02
2.841428571430000147e+02 4.522857142859999726e+02
3.755000000000000000e+02 4.520000000000000000e+02
3.192692307689999893e+02 4.551153846149999822e+02
4.859444444439999984e+02 4.563888888889999862e+02
1.385999999999999943e+02 4.575500000000000114e+02
3.315000000000000000e+02 4.573260869569999727e+02
4.956578947369999923e+02 4.573421052630000077e+02
4.635000000000000000e+02 4.598684210530000200e+02
9.973076923099999647e+01 4.601153846149999822e+02
2.595000000000000000e+02 4.596999999999999886e+02
3.310000000000000142e+01 4.608999999999999773e+02
6.092105263199999854e+01 4.613947368419999862e+02
2.423000000000000114e+02 4.605000000000000000e+02
5.410333333329999732e+02 4.626333333329999959e+02
3.690000000000000000e+02 4.630000000000000000e+02
1.690000000000000000e+02 4.642142857140000274e+02
1.977777777780000008e+02 4.643888888889999862e+02
5.657894737000000340e+00 4.654473684210000215e+02
4.201666666670000154e+02 4.651666666670000154e+02
5.537105263160000277e+02 4.655000000000000000e+02
8.468181818200000066e+01 4.666818181819999722e+02
2.291153846150000106e+02 4.671153846149999822e+02
3.955500000000000114e+02 4.678000000000000114e+02
3.552500000000000000e+02 4.678333333329999846e+02
1.535000000000000000e+02 4.700000000000000000e+02
5.708999999999999773e+02 4.698999999999999773e+02
4.446176470589999781e+02 4.710882352940000146e+02
4.891000000000000227e+02 4.708999999999999773e+02
5.224500000000000455e+02 4.736000000000000227e+02
2.639117647059999854e+02 4.743823529410000219e+02
3.260000000000000000e+02 4.742142857140000274e+02
5.082500000000000000e+02 4.741666666670000154e+02
2.792142857140000274e+02 4.750000000000000000e+02
3.790000000000000000e+02 4.750000000000000000e+02
4.211153846149999822e+02 4.748846153850000178e+02
1.249615384619999929e+02 4.756538461540000071e+02
2.185000000000000000e+02 4.765000000000000000e+02
2.221428571399999896e+01 4.770000000000000000e+02
4.431818181799999934e+01 4.766818181819999722e+02
2.990882352940000146e+02 4.773823529410000219e+02
1.567500000000000000e+02 4.785000000000000000e+02
1.908846153849999894e+02 4.782692307689999893e+02
7.178571428600000104e+01 4.790000000000000000e+02
4.730000000000000000e+02 4.800000000000000000e+02
5.440000000000000000e+02 4.800000000000000000e+02
1.811470588239999984e+02 4.829705882349999797e+02
2.331153846150000106e+02 4.828846153850000178e+02
1.031428571430000005e+02 4.852857142859999726e+02
4.575000000000000000e+02 4.846999999999999886e+02
4.972142857140000274e+02 4.860000000000000000e+02
1.342647058819999870e+02 4.882647058819999870e+02
3.456052631580000138e+02 4.880789473680000015e+02
3.802142857140000274e+02 4.880000000000000000e+02
5.692500000000000000e+02 4.883500000000000227e+02
9.500000000000000000e+00 4.895000000000000000e+02
3.635000000000000000e+02 4.885000000000000000e+02
8.321428571399999896e+01 4.900000000000000000e+02
4.053888888889999862e+02 4.902222222220000276e+02
2.088846153849999894e+02 4.911153846149999822e+02
2.760000000000000000e+02 4.910000000000000000e+02
5.252999999999999545e+02 4.905000000000000000e+02
5.800000000000000000e+02 4.915000000000000000e+02
5.665384615400000001e+01 4.924230769229999964e+02
4.854285714289999873e+02 4.918571428569999853e+02
4.405000000000000000e+02 4.940000000000000000e+02
2.540384615380000071e+02 4.953461538459999929e+02
1.256764705880000008e+02 4.966764705879999724e+02
3.058999999999999773e+02 4.958999999999999773e+02
3.240000000000000000e+02 4.965000000000000000e+02
1.577857142860000010e+02 4.980000000000000000e+02
3.440000000000000000e+02 4.985000000000000000e+02
3.432352941199999918e+01 4.992647058819999870e+02
4.015000000000000000e+02 4.995000000000000000e+02
7.383333333299999879e+01 4.993888888889999862e+02
4.253823529410000219e+02 5.002058823529999927e+02
5.408333333330000414e+02 4.999444444439999984e+02
1.754166666669999870e+02 5.008333333329999846e+02
3.842727272729999868e+02 5.027727272729999868e+02
4.578846153850000178e+02 5.028846153850000178e+02
2.241666666669999870e+02 5.035833333329999846e+02
2.658999999999999773e+02 5.038999999999999773e+02
5.280000000000000000e+02 5.040000000000000000e+02
1.490000000000000036e+01 5.061000000000000227e+02
3.635000000000000000e+02 5.055000000000000000e+02
5.041153846149999822e+02 5.057307692310000107e+02
5.685769230769999467e+02 5.061923076919999858e+02
5.000000000000000000e-01 5.060000000000000000e+02
1.452142857139999990e+02 5.070000000000000000e+02
1.924333333330000073e+02 5.072333333330000187e+02
3.141363636359999987e+02 5.080454545449999841e+02
1.151315789469999942e+02 5.097105263160000277e+02
2.965000000000000000e+02 5.122999999999999545e+02
5.700000000000000000e+01 5.130000000000000000e+02
2.435769230770000036e+02 5.131153846150000390e+02
8.500000000000000000e+01 5.142777777779999724e+02
2.780000000000000000e+02 5.145000000000000000e+02
4.526999999999999886e+02 5.135000000000000000e+02
3.587500000000000000e+02 5.176499999999999773e+02
4.998684210530000200e+02 5.177105263160000277e+02
1.807857142860000010e+02 5.180000000000000000e+02
3.306999999999999886e+02 5.175000000000000000e+02
4.323461538459999929e+02 5.179615384620000214e+02
4.796764705879999724e+02 5.184411764709999488e+02
5.889117647059999854e+02 5.183823529410000219e+02
1.544545454549999874e+02 5.197727272729999868e+02
2.256666666669999870e+02 5.195000000000000000e+02
2.079000000000000057e+02 5.198999999999999773e+02
5.125499999999999545e+02 5.202500000000000000e+02
5.441000000000000227e+02 5.201000000000000227e+02
1.347666666670000097e+02 5.208999999999999773e+02
4.048684210530000200e+02 5.212894736839999723e+02
5.628571428569999853e+02 5.232857142860000295e+02
7.475000000000000000e+01 5.255499999999999545e+02
2.685000000000000000e+02 5.260000000000000000e+02
3.156250000000000000e+01 5.272500000000000000e+02
3.846250000000000000e+02 5.273750000000000000e+02
1.009736842110000055e+02 5.298684210530000200e+02
5.110000000000000142e+01 5.321000000000000227e+02
2.172142857139999990e+02 5.320000000000000000e+02
5.609285714290000442e+02 5.325000000000000000e+02
1.434210526300000055e+01 5.333421052630000077e+02
1.975999999999999943e+02 5.335499999999999545e+02
2.874130434780000201e+02 5.341521739129999560e+02
3.207777777779999724e+02 5.341666666669999586e+02
2.491315789470000084e+02 5.357105263160000277e+02
4.605526315789999785e+02 5.356578947369999923e+02
5.786000000000000227e+02 5.354500000000000455e+02
4.261000000000000227e+02 5.358999999999999773e+02
4.460882352940000146e+02 5.366176470589999781e+02
5.180454545449999841e+02 5.368636363639999445e+02
5.000000000000000000e-01 5.370000000000000000e+02
1.680000000000000000e+02 5.390000000000000000e+02
7.400000000000000000e+01 5.405000000000000000e+02
1.204000000000000057e+02 5.404500000000000455e+02
2.376578947369999923e+02 5.406578947369999923e+02
4.855000000000000000e+02 5.400000000000000000e+02
3.655000000000000000e+02 5.415000000000000000e+02
5.400000000000000000e+02 5.417222222220000276e+02
3.816666666700000121e+01 5.438703703700000460e+02
3.015000000000000000e+02 5.419285714290000442e+02
1.453666666670000041e+02 5.429666666670000268e+02
3.432142857140000274e+02 5.438571428569999853e+02
2.690333333329999732e+02 5.453666666670000041e+02
5.038571428569999853e+02 5.462857142860000295e+02
3.858999999999999773e+02 5.471000000000000227e+02
4.080000000000000000e+02 5.482142857139999705e+02
5.715000000000000000e+02 5.485000000000000000e+02
4.548333333329999846e+02 5.504166666669999586e+02
2.119375000000000000e+02 5.512500000000000000e+02
3.302619047619999719e+02 5.515476190480000014e+02
1.356111111110000138e+02 5.522222222220000276e+02
1.904499999999999886e+02 5.523999999999999773e+02
9.878571428600000104e+01 5.530000000000000000e+02
3.120000000000000000e+02 5.530000000000000000e+02
6.116666666700000121e+01 5.536111111110000138e+02
1.700000000000000000e+01 5.547857142860000295e+02
2.300000000000000000e+02 5.550000000000000000e+02
2.531470588239999984e+02 5.555000000000000000e+02
4.271000000000000227e+02 5.548999999999999773e+02
5.485000000000000000e+02 5.555000000000000000e+02
3.820000000000000000e+02 5.562142857139999705e+02
1.600999999999999943e+02 5.571000000000000227e+02
4.693500000000000227e+02 5.572500000000000000e+02
3.900000000000000000e+01 5.585000000000000000e+02
2.870294117650000203e+02 5.608529411759999448e+02
3.050000000000000000e+02 5.605000000000000000e+02
5.303666666670000041e+02 5.610333333329999732e+02
3.985000000000000000e+02 5.631666666669999586e+02
8.305555555600000162e+01 5.638333333330000414e+02
1.185833333329999988e+02 5.637500000000000000e+02
1.385000000000000000e+02 5.636538461540000071e+02
3.227857142859999726e+02 5.640714285709999558e+02
3.610000000000000000e+02 5.645000000000000000e+02
4.455000000000000000e+02 5.645000000000000000e+02
