3.350000000000000000e+01 1.833333332999999898e+00
5.950000000000000000e+01 5.000000000000000000e-01
1.035000000000000000e+02 5.000000000000000000e-01
1.362500000000000000e+02 1.125000000000000000e+00
1.536428571429999863e+02 1.428571429000000004e+00
2.291363636359999987e+02 1.590909091000000108e+00
2.434473684209999931e+02 2.500000000000000000e+00
3.089285714289999873e+02 2.500000000000000000e+00
3.335000000000000000e+02 5.000000000000000000e-01
4.100000000000000000e+02 2.500000000000000000e+00
5.058333333329999846e+02 1.766666666999999968e+00
3.471000000000000227e+02 2.899999999999999911e+00
4.724090909089999855e+02 3.136363636000000010e+00
4.821428571399999896e+01 4.000000000000000000e+00
1.140000000000000036e+01 6.549999999999999822e+00
1.795000000000000000e+02 6.673913042999999767e+00
5.280333333329999732e+02 7.366666666999999613e+00
5.554090909090000423e+02 6.863636364000000434e+00
2.016176470590000065e+02 8.088235294000000408e+00
7.400000000000000000e+01 9.000000000000000000e+00
3.360000000000000000e+02 1.000000000000000000e+01
3.707500000000000000e+02 1.075000000000000000e+01
4.386578947369999923e+02 1.065789473699999945e+01
2.800555555560000016e+02 1.161111111099999960e+01
5.874500000000000455e+02 1.140000000000000036e+01
1.413823529409999935e+02 1.208823529400000041e+01
3.973000000000000114e+02 1.250000000000000000e+01
4.880000000000000000e+02 1.278571428599999926e+01
1.127380952379999997e+02 1.488095238100000017e+01
2.175000000000000000e+02 1.400000000000000000e+01
2.628750000000000000e+02 1.475000000000000000e+01
2.346176470590000065e+02 1.491176470599999959e+01
4.261666666670000154e+02 1.716666666700000121e+01
4.543750000000000000e+02 1.762500000000000000e+01
1.830000000000000000e+02 2.016666666700000121e+01
5.457307692309999538e+02 1.988461538500000003e+01
9.190000000000000568e+01 2.089999999999999858e+01
3.005909090910000145e+02 2.159090909100000033e+01
7.558695652199999415e+01 2.289130434799999847e+01
3.583999999999999773e+02 2.344999999999999929e+01
5.587777777779999724e+02 2.361111111099999960e+01
1.586842105300000050e+01 2.471052631599999927e+01
6.139999999999999858e+01 2.455000000000000071e+01
3.295000000000000000e+02 2.450000000000000000e+01
5.140000000000000000e+02 2.400000000000000000e+01
1.671666666669999870e+02 2.650000000000000000e+01
4.901153846149999822e+02 2.588461538500000003e+01
1.050000000000000000e+02 2.821428571399999896e+01
5.330000000000000000e+02 2.850000000000000000e+01
3.070714285710000127e+02 2.950000000000000000e+01
3.756111111110000138e+02 2.922222222199999919e+01
4.744499999999999886e+02 2.939999999999999858e+01
1.228684210530000058e+02 3.071052631599999927e+01
5.763888888889999862e+02 3.077777777800000081e+01
1.412142857139999990e+02 3.100000000000000000e+01
2.755000000000000000e+02 3.050000000000000000e+01
2.838846153850000178e+02 3.088461538500000003e+01
4.336578947369999923e+02 3.165789473699999945e+01
1.200000000000000000e+01 3.194444444399999838e+01
4.162142857140000274e+02 3.200000000000000000e+01
5.087380952380000281e+02 3.254761904800000138e+01
3.950000000000000000e+01 3.250000000000000000e+01
2.510000000000000000e+02 3.300000000000000000e+01
3.915000000000000000e+02 3.350000000000000000e+01
3.628333333329999846e+02 3.541666666700000121e+01
4.566578947369999923e+02 3.565789473699999945e+01
1.869117647060000138e+02 3.661764705899999939e+01
1.999000000000000057e+02 3.710000000000000142e+01
6.950000000000000000e+01 3.800000000000000000e+01
2.165000000000000000e+02 3.800000000000000000e+01
3.330882352940000146e+02 3.861764705899999939e+01
1.193823529409999935e+02 3.891176470599999959e+01
3.865000000000000000e+02 3.950000000000000000e+01
5.187352941179999561e+02 4.073529411799999878e+01
5.600000000000000000e+02 4.000000000000000000e+01
9.300000000000000000e+01 4.122727272699999901e+01
2.362142857139999990e+02 4.100000000000000000e+01
4.755000000000000000e+02 4.285294117600000163e+01
2.692857142900000156e+01 4.350000000000000000e+01
4.361764705899999939e+01 4.308823529400000041e+01
4.020000000000000000e+02 4.400000000000000000e+01
5.900714285709999558e+02 4.421428571399999896e+01
4.000000000000000000e+00 4.550000000000000000e+01
5.400000000000000000e+02 4.550000000000000000e+01
1.679000000000000057e+02 4.656666666699999979e+01
3.030882352940000146e+02 4.661764705899999939e+01
2.065500000000000114e+02 4.960000000000000142e+01
2.247500000000000000e+02 5.075000000000000000e+01
2.717105263160000277e+02 5.050000000000000000e+01
3.160000000000000000e+02 5.000000000000000000e+01
4.988999999999999773e+02 4.989999999999999858e+01
5.781000000000000227e+02 5.010000000000000142e+01
1.365500000000000114e+02 5.139999999999999858e+01
3.927500000000000000e+02 5.083333333299999879e+01
4.174499999999999886e+02 5.139999999999999858e+01
3.715000000000000000e+02 5.285294117600000163e+01
4.385000000000000000e+02 5.166666666700000121e+01
4.623823529410000219e+02 5.291176470599999959e+01
3.531000000000000227e+02 5.410000000000000142e+01
3.336111111110000138e+02 5.483333333299999879e+01
1.216818181820000007e+02 5.931818181799999934e+01
1.883181818179999993e+02 6.077272727300000099e+01
5.837000000000000455e+02 5.950000000000000000e+01
5.891176470599999959e+01 6.138235294100000061e+01
1.054090909089999997e+02 6.186363636400000132e+01
4.823888888889999862e+02 6.216666666700000121e+01
5.167857142860000295e+02 6.200000000000000000e+01
2.883750000000000000e+02 6.318750000000000000e+01
5.475454545449999841e+02 6.381818181799999934e+01
3.759117647059999854e+02 6.438235294099999351e+01
4.550000000000000000e+01 6.500000000000000000e+01
1.687857142860000010e+02 6.500000000000000000e+01
2.456904761899999983e+02 6.554761904800000138e+01
8.550000000000000000e+01 6.600000000000000000e+01
2.597352941180000130e+02 6.726470588200000122e+01
3.170384615379999786e+02 6.665384615399999291e+01
3.398846153850000178e+02 6.688461538500000358e+01
4.335000000000000000e+02 6.700000000000000000e+01
5.336666666669999586e+02 6.761111111099999960e+01
5.666176470589999781e+02 6.691176470599999959e+01
2.003333333300000163e+01 6.836666666700000405e+01
1.450000000000000000e+02 6.778571428600000104e+01
3.957352941180000130e+02 6.873529411799999878e+01
2.215000000000000000e+02 6.992857142900000156e+01
1.775000000000000000e+02 7.388095238100000017e+01
4.688999999999999773e+02 7.390000000000000568e+01
5.767500000000000000e+02 7.412500000000000000e+01
4.528636363640000013e+02 7.459090909100000033e+01
5.016764705879999724e+02 7.526470588200000122e+01
1.154000000000000057e+02 7.629999999999999716e+01
1.315000000000000000e+02 7.600000000000000000e+01
7.300000000000000000e+01 7.778571428600000104e+01
1.997105263159999993e+02 7.850000000000000000e+01
2.693461538459999929e+02 7.757692307700000356e+01
3.020000000000000000e+02 7.800000000000000000e+01
3.477500000000000000e+02 7.825000000000000000e+01
5.162142857139999705e+02 7.800000000000000000e+01
9.350000000000000000e+01 7.950000000000000000e+01
5.331250000000000000e+02 7.950000000000000000e+01
3.694130434780000201e+02 8.206521739100000445e+01
1.290000000000000036e+01 8.190000000000000568e+01
2.613421052630000077e+02 8.265789473700000656e+01
3.350882352940000146e+02 8.261764705900000649e+01
4.830000000000000000e+02 8.250000000000000000e+01
6.208823529400000041e+01 8.420588235300000690e+01
2.307142857139999990e+02 8.385714285699999948e+01
2.889736842109999770e+02 8.486842105300000583e+01
5.561470588240000552e+02 8.602941176500000608e+01
4.116875000000000000e+02 8.718750000000000000e+01
3.166333333329999959e+02 8.903333333300000163e+01
2.405000000000000000e+02 8.900000000000000000e+01
4.303095238099999733e+02 9.054761904800000138e+01
2.935714285699999948e+01 9.130952381000000173e+01
1.606333333329999959e+02 9.096666666699999837e+01
3.867500000000000000e+02 9.150000000000000000e+01
4.461153846149999822e+02 9.111538461499999642e+01
1.743125000000000000e+02 9.200000000000000000e+01
2.992222222220000276e+02 9.366666666700000121e+01
5.062857142859999726e+02 9.457142857099999844e+01
1.301153846150000106e+02 9.488461538500000358e+01
2.080882352939999862e+02 9.538235294099999351e+01
8.083333333299999879e+01 9.538888888900000040e+01
4.647307692310000107e+02 9.611538461499999642e+01
1.152142857139999990e+02 9.800000000000000000e+01
6.441176471000000348e+00 1.007352941179999988e+02
2.770384615379999786e+02 1.003461538460000071e+02
4.031000000000000227e+02 1.004333333329999931e+02
4.629999999999999716e+01 1.012999999999999972e+02
5.730882352940000146e+02 1.013823529409999935e+02
6.229999999999999716e+01 1.020000000000000000e+02
1.940999999999999943e+02 1.020999999999999943e+02
5.290000000000000000e+02 1.022142857139999990e+02
8.600000000000000000e+01 1.035000000000000000e+02
2.458000000000000114e+02 1.037999999999999972e+02
3.730000000000000000e+02 1.040000000000000000e+02
5.416904761900000267e+02 1.044523809519999986e+02
4.953947368419999862e+02 1.059210526319999985e+02
3.323888888889999862e+02 1.062222222219999992e+02
2.310000000000000000e+02 1.077000000000000028e+02
3.859615384620000214e+02 1.073461538460000071e+02
1.490000000000000000e+02 1.082142857139999990e+02
1.613666666670000041e+02 1.090333333330000016e+02
3.455000000000000000e+02 1.093571428569999995e+02
4.550000000000000000e+02 1.115000000000000000e+02
4.213666666670000041e+02 1.120333333330000016e+02
5.607500000000000000e+02 1.131666666670000012e+02
5.138999999999999773e+02 1.149000000000000057e+02
7.754000000000000625e+01 1.170999999999999943e+02
1.078846153850000036e+02 1.158846153850000036e+02
3.148999999999999773e+02 1.160999999999999943e+02
3.525000000000000000e+01 1.171250000000000000e+02
2.058636363640000013e+02 1.164090909089999997e+02
2.466250000000000000e+02 1.166250000000000000e+02
4.786111111110000138e+02 1.176666666670000012e+02
5.826333333329999959e+02 1.179666666669999984e+02
1.003333333299999985e+01 1.193666666670000041e+02
3.411153846149999822e+02 1.191153846149999964e+02
1.940833333330000130e+02 1.202500000000000000e+02
2.682222222220000276e+02 1.206111111109999996e+02
2.856111111110000138e+02 1.202222222219999992e+02
1.232500000000000000e+02 1.211666666670000012e+02
2.281428571429999863e+02 1.212857142860000010e+02
4.956666666699999979e+01 1.220999999999999943e+02
4.496250000000000000e+02 1.223750000000000000e+02
5.320000000000000000e+02 1.232142857139999990e+02
1.506176470590000065e+02 1.240882352940000004e+02
4.064499999999999886e+02 1.245999999999999943e+02
1.690555555560000016e+02 1.260000000000000000e+02
3.533947368419999862e+02 1.260789473680000015e+02
1.741100628929999914e+02 1.471142557649999958e+02
5.031999999999999886e+02 1.285999999999999943e+02
5.561153846150000390e+02 1.281153846150000106e+02
1.103095238100000017e+02 1.314523809519999986e+02
3.207307692310000107e+02 1.311153846150000106e+02
2.071500000000000057e+02 1.329000000000000057e+02
5.665909090909999577e+02 1.318636363640000013e+02
9.272222222199999919e+01 1.331666666669999870e+02
3.700000000000000000e+02 1.330000000000000000e+02
2.751999999999999886e+02 1.341999999999999886e+02
6.683333333299999879e+01 1.350000000000000000e+02
1.260000000000000000e+02 1.352142857139999990e+02
4.281000000000000227e+02 1.350999999999999943e+02
4.410000000000000000e+02 1.355000000000000000e+02
3.960000000000000000e+02 1.360000000000000000e+02
2.515666666669999927e+02 1.373000000000000114e+02
4.672142857140000274e+02 1.370000000000000000e+02
5.203999999999999773e+02 1.371999999999999886e+02
3.321190476190000140e+02 1.387380952379999997e+02
2.337352941180000130e+02 1.396764705880000008e+02
1.896666666699999837e+01 1.403666666670000041e+02
2.930000000000000000e+02 1.397857142860000010e+02
4.801666666670000154e+02 1.412500000000000000e+02
5.806538461540000071e+02 1.409615384619999929e+02
1.422142857139999990e+02 1.420000000000000000e+02
3.130294117650000203e+02 1.428529411760000016e+02
5.098846153850000178e+02 1.418846153849999894e+02
3.429999999999999716e+01 1.432333333329999903e+02
2.611111111000000040e+00 1.442222222219999992e+02
3.642777777779999724e+02 1.444444444439999984e+02
4.540000000000000000e+02 1.465000000000000000e+02
4.080000000000000000e+02 1.470000000000000000e+02
5.379285714290000442e+02 1.475000000000000000e+02
5.359090909100000033e+01 1.485909090909999861e+02
2.140000000000000000e+02 1.487857142860000010e+02
4.313888888889999862e+02 1.483888888889999862e+02
2.620000000000000000e+02 1.505000000000000000e+02
2.271315789470000084e+02 1.510263157889999945e+02
2.463421052630000077e+02 1.513421052630000077e+02
5.223666666670000041e+02 1.509666666669999984e+02
1.972333333329999903e+02 1.521666666669999870e+02
5.540384615379999786e+02 1.526538461540000071e+02
6.245000000000000284e+01 1.545999999999999943e+02
2.850555555560000016e+02 1.550000000000000000e+02
5.735909090909999577e+02 1.545909090909999861e+02
1.200999999999999943e+02 1.569000000000000057e+02
4.696000000000000227e+02 1.574499999999999886e+02
5.000000000000000000e-01 1.580000000000000000e+02
8.128947368400000073e+01 1.581315789470000084e+02
3.897352941180000130e+02 1.587352941180000130e+02
1.446999999999999886e+02 1.596999999999999886e+02
3.385000000000000000e+02 1.595000000000000000e+02
3.748571428569999853e+02 1.602857142860000010e+02
3.501153846149999822e+02 1.608846153849999894e+02
4.981086956519999944e+02 1.620217391299999861e+02
1.005000000000000000e+02 1.628684210529999916e+02
2.172272727270000132e+02 1.641363636359999987e+02
2.716111111110000138e+02 1.641666666669999870e+02
4.076250000000000000e+02 1.636250000000000000e+02
4.450000000000000000e+02 1.647857142860000010e+02
5.421000000000000227e+02 1.649000000000000057e+02
1.898076923079999858e+02 1.670000000000000000e+02
3.041666666670000154e+02 1.666428571429999863e+02
1.240714285709999984e+02 1.695000000000000000e+02
4.555000000000000000e+02 1.698529411760000016e+02
2.539999999999999858e+01 1.705500000000000114e+02
2.845000000000000000e+02 1.695000000000000000e+02
5.202333333330000187e+02 1.701666666669999870e+02
1.385294117599999986e+01 1.715000000000000000e+02
3.281000000000000227e+02 1.715666666669999927e+02
4.600000000000000000e+01 1.722142857139999990e+02
1.547500000000000000e+02 1.720833333330000130e+02
2.495909090909999861e+02 1.725909090909999861e+02
2.031315789470000084e+02 1.742368421049999938e+02
4.755500000000000114e+02 1.744000000000000057e+02
7.086842105300000583e+01 1.757105263159999993e+02
9.497058823499999392e+01 1.778529411760000016e+02
3.418846153850000178e+02 1.771153846150000106e+02
4.283823529410000219e+02 1.769117647060000138e+02
3.587500000000000000e+02 1.781250000000000000e+02
3.774444444439999984e+02 1.783888888889999862e+02
5.587500000000000000e+02 1.781250000000000000e+02
5.444130434779999632e+02 1.807173913039999888e+02
5.828125000000000000e+02 1.813750000000000000e+02
5.540909090899999967e+01 1.825909090909999861e+02
2.887777777779999724e+02 1.823333333330000130e+02
3.903500000000000227e+02 1.832500000000000000e+02
4.000000000000000000e+00 1.842142857139999990e+02
2.388461538500000003e+01 1.841153846150000106e+02
8.283333333299999879e+01 1.842333333329999903e+02
1.101875000000000000e+02 1.846250000000000000e+02
2.293421052630000077e+02 1.843421052630000077e+02
4.658076923080000142e+02 1.839615384619999929e+02
5.032272727270000132e+02 1.850000000000000000e+02
1.712368421049999938e+02 1.852894736840000007e+02
3.146153846200000004e+01 1.871923076920000142e+02
4.858000000000000114e+02 1.864000000000000057e+02
1.453571428570000137e+02 1.873095238100000017e+02
3.066176470589999781e+02 1.872058823529999927e+02
3.230000000000000000e+02 1.872142857139999990e+02
1.845000000000000000e+02 1.883000000000000114e+02
4.493095238099999733e+02 1.885476190480000014e+02
4.117500000000000000e+02 1.898333333330000130e+02
5.156111111110000138e+02 1.922222222219999992e+02
1.350000000000000000e+01 1.935000000000000000e+02
5.760000000000000000e+02 1.937222222219999992e+02
7.790000000000000568e+01 1.940999999999999943e+02
2.724090909089999855e+02 1.941363636359999987e+02
5.564500000000000455e+02 1.945999999999999943e+02
2.555588235289999943e+02 1.953235294119999992e+02
2.900000000000000000e+02 1.952142857139999990e+02
3.775000000000000000e+02 1.950000000000000000e+02
3.362826086960000112e+02 1.984130434779999916e+02
9.285714290000000037e-01 1.992142857139999990e+02
5.325555555559999448e+02 1.997222222219999992e+02
1.416764705880000008e+02 2.003235294119999992e+02
4.280294117650000203e+02 2.008529411760000016e+02
2.065000000000000000e+02 2.015000000000000000e+02
5.816666666700000121e+01 2.028888888889999862e+02
1.288846153849999894e+02 2.031153846150000106e+02
1.055000000000000000e+02 2.040000000000000000e+02
2.276999999999999886e+02 2.045000000000000000e+02
3.535000000000000000e+02 2.050000000000000000e+02
3.985909090910000145e+02 2.051363636359999987e+02
4.674090909089999855e+02 2.055909090909999861e+02
8.350000000000000000e+01 2.068529411760000016e+02
1.730000000000000000e+02 2.060000000000000000e+02
4.473181818180000278e+02 2.063181818179999993e+02
4.976176470589999781e+02 2.057941176470000073e+02
5.901666666669999586e+02 2.070000000000000000e+02
5.752647058820000439e+02 2.082647058819999870e+02
1.890999999999999943e+02 2.090999999999999943e+02
4.781470588239999984e+02 2.095000000000000000e+02
2.401666666669999870e+02 2.104166666669999870e+02
4.885714285699999948e+01 2.117142857139999990e+02
1.580384615380000071e+02 2.113461538459999929e+02
2.166666666999999880e+00 2.127500000000000000e+02
2.265789473699999945e+01 2.133421052630000077e+02
2.966000000000000227e+02 2.134499999999999886e+02
4.340000000000000000e+02 2.130000000000000000e+02
4.062500000000000000e+02 2.142500000000000000e+02
5.160000000000000000e+02 2.140000000000000000e+02
1.153461538460000071e+02 2.147307692310000107e+02
2.595000000000000000e+02 2.151315789470000084e+02
3.880000000000000000e+02 2.146999999999999886e+02
9.943333333299999310e+01 2.169000000000000057e+02
1.369117647060000138e+02 2.183823529409999935e+02
2.335909090909999861e+02 2.178636363640000013e+02
3.224473684210000215e+02 2.191315789470000084e+02
5.570000000000000000e+02 2.190000000000000000e+02
2.149166666669999870e+02 2.195833333330000130e+02
2.755476190480000014e+02 2.203095238100000017e+02
5.878999999999999773e+02 2.205666666669999927e+02
3.620555555560000016e+02 2.213888888889999862e+02
7.108333333299999879e+01 2.222500000000000000e+02
2.862454545449999728e+02 2.260000000000000000e+02
3.508181818180000278e+02 2.224545454549999874e+02
2.501111111110000138e+02 2.237222222219999992e+02
5.312894736839999723e+02 2.238684210529999916e+02
2.134615384599999999e+01 2.239615384619999929e+02
1.747222222219999992e+02 2.238888888889999862e+02
4.551153846149999822e+02 2.238846153849999894e+02
5.031666666670000154e+02 2.244166666669999870e+02
5.961111111099999960e+01 2.256111111110000138e+02
1.448157894740000131e+02 2.264473684209999931e+02
4.650294117650000203e+02 2.278529411760000016e+02
3.266904761900000267e+02 2.286428571429999863e+02
5.685000000000000000e+02 2.302083333330000130e+02
1.935000000000000000e+02 2.303571428570000137e+02
3.933260869569999727e+02 2.313695652170000017e+02
4.096538461540000071e+02 2.300384615380000071e+02
4.215000000000000000e+02 2.305000000000000000e+02
4.847380952380000281e+02 2.308809523809999860e+02
5.210000000000000000e+02 2.298333333330000130e+02
2.262894736840000007e+02 2.328684210529999916e+02
3.622500000000000000e+02 2.319166666669999870e+02
3.130000000000000000e+02 2.337857142860000010e+02
7.772222222199999919e+01 2.350000000000000000e+02
2.670882352940000146e+02 2.356176470590000065e+02
4.485909090910000145e+02 2.348636363640000013e+02
1.036875000000000000e+02 2.366250000000000000e+02
1.689000000000000057e+02 2.360999999999999943e+02
1.306578947369999923e+02 2.376578947369999923e+02
5.329666666670000268e+02 2.393666666670000041e+02
5.499210526320000554e+02 2.406052631580000138e+02
3.388888888999999960e+00 2.412222222219999992e+02
2.853421052630000077e+02 2.416578947369999923e+02
3.785294117600000163e+01 2.419705882350000081e+02
1.782500000000000000e+02 2.428333333330000130e+02
2.307894736800000146e+01 2.446052631580000138e+02
4.093095238099999733e+02 2.454523809519999986e+02
5.847105263160000277e+02 2.455000000000000000e+02
5.172142857139999705e+02 2.460000000000000000e+02
2.369761904759999993e+02 2.471190476190000140e+02
4.506428571430000147e+02 2.473095238100000017e+02
6.721428571399999896e+01 2.490000000000000000e+02
3.451153846149999822e+02 2.491153846150000106e+02
3.683000000000000114e+02 2.495000000000000000e+02
2.655000000000000000e+02 2.511470588239999984e+02
4.895000000000000000e+02 2.510000000000000000e+02
1.951666666669999870e+02 2.526250000000000000e+02
2.100000000000000000e+02 2.517857142860000010e+02
3.832857142859999726e+02 2.518571428570000137e+02
3.247857142859999726e+02 2.530000000000000000e+02
4.316176470589999781e+02 2.530882352939999862e+02
4.250000000000000000e+01 2.540714285710000127e+02
4.707857142859999726e+02 2.540000000000000000e+02
1.517857142860000010e+02 2.550000000000000000e+02
3.015555555560000016e+02 2.557222222219999992e+02
5.662058823529999927e+02 2.552058823529999927e+02
1.130000000000000000e+02 2.562142857140000274e+02
2.836333333329999959e+02 2.570333333329999732e+02
1.352222222219999992e+02 2.583888888889999862e+02
1.050000000000000000e+01 2.600000000000000000e+02
8.764285714300000052e+01 2.603095238099999733e+02
5.043888888889999862e+02 2.612222222220000276e+02
3.913888888889999862e+02 2.627777777779999724e+02
5.262857142860000295e+02 2.628571428569999853e+02
1.637857142860000010e+02 2.640000000000000000e+02
3.576111111110000138e+02 2.647777777779999724e+02
5.429400000000000546e+02 2.645799999999999841e+02
5.835000000000000000e+02 2.648529411760000016e+02
5.876315789499999909e+01 2.651315789469999800e+02
2.225000000000000000e+02 2.655000000000000000e+02
1.501153846150000106e+02 2.671153846149999822e+02
4.150000000000000000e+02 2.683125000000000000e+02
4.336578947369999923e+02 2.686578947369999923e+02
4.741000000000000227e+02 2.681000000000000227e+02
2.916666666700000121e+01 2.696428571430000147e+02
1.163181818179999993e+02 2.693181818180000278e+02
2.703421052630000077e+02 2.696578947369999923e+02
5.611666666669999586e+02 2.687500000000000000e+02
7.837500000000000000e+01 2.701875000000000000e+02
2.520789473680000015e+02 2.703947368419999862e+02
3.168500000000000227e+02 2.717500000000000000e+02
2.128684210529999916e+02 2.737105263160000277e+02
3.340000000000000000e+02 2.732142857140000274e+02
5.082647058819999870e+02 2.737352941180000130e+02
2.401363636359999987e+02 2.734090909089999855e+02
4.905000000000000000e+02 2.747105263160000277e+02
1.023421052629999934e+02 2.756578947369999923e+02
1.844499999999999886e+02 2.756000000000000227e+02
4.468999999999999773e+02 2.751000000000000227e+02
4.581153846149999822e+02 2.751153846149999822e+02
1.320000000000000000e+02 2.767857142859999726e+02
3.800000000000000000e+02 2.770000000000000000e+02
3.946999999999999886e+02 2.770000000000000000e+02
6.625000000000000000e+01 2.791666666670000154e+02
2.951363636359999987e+02 2.784090909089999855e+02
4.603333333300000163e+01 2.806333333329999959e+02
5.402692307690000462e+02 2.798846153850000178e+02
1.708846153849999894e+02 2.816538461540000071e+02
5.200000000000000178e+00 2.838999999999999773e+02
1.575000000000000000e+02 2.830000000000000000e+02
3.185714285710000127e+02 2.852857142859999726e+02
3.661153846149999822e+02 2.847307692310000107e+02
3.886333333329999959e+02 2.848333333329999846e+02
5.538999999999999773e+02 2.851000000000000227e+02
2.279000000000000057e+02 2.868999999999999773e+02
4.125714285710000127e+02 2.872857142859999726e+02
3.435500000000000114e+02 2.886000000000000227e+02
5.767999999999999545e+02 2.883999999999999773e+02
2.950000000000000000e+01 2.890000000000000000e+02
2.930000000000000000e+02 2.895000000000000000e+02
2.055000000000000000e+02 2.908750000000000000e+02
4.356052631580000138e+02 2.909210526319999985e+02
4.983999999999999773e+02 2.915500000000000114e+02
1.509117647060000138e+02 2.926176470589999781e+02
2.564565217389999816e+02 2.948913043480000056e+02
1.116176470590000065e+02 2.949117647059999854e+02
2.736250000000000000e+02 2.943750000000000000e+02
4.735555555560000016e+02 2.957222222220000276e+02
5.230000000000000000e+02 2.950000000000000000e+02
1.311666666669999870e+02 2.968333333329999846e+02
1.903750000000000000e+02 2.961250000000000000e+02
9.008823529400000041e+01 2.973823529410000219e+02
2.360000000000000000e+02 2.972142857140000274e+02
4.276764705879999724e+02 2.977352941180000130e+02
4.533999999999999773e+02 2.971999999999999886e+02
5.605000000000000000e+02 2.971666666670000154e+02
5.860000000000000000e+02 2.980000000000000000e+02
3.036904761900000267e+02 3.005476190480000014e+02
5.000000000000000000e-01 2.995000000000000000e+02
6.750000000000000000e+01 3.010000000000000000e+02
2.214375000000000000e+02 3.017500000000000000e+02
3.585000000000000000e+02 3.010714285710000127e+02
4.077777777800000081e+01 3.033888888889999862e+02
3.828125000000000000e+02 3.036875000000000000e+02
1.709117647060000138e+02 3.043823529410000219e+02
2.007380952379999997e+02 3.058809523809999860e+02
3.269705882349999797e+02 3.051470588239999984e+02
1.039000000000000057e+02 3.061000000000000227e+02
2.830000000000000000e+02 3.062142857140000274e+02
4.002058823529999927e+02 3.063823529410000219e+02
3.422692307689999893e+02 3.071153846149999822e+02
5.057857142859999726e+02 3.070000000000000000e+02
4.784444444439999984e+02 3.083888888889999862e+02
7.650000000000000000e+01 3.103000000000000114e+02
4.450000000000000000e+02 3.115000000000000000e+02
1.457500000000000000e+02 3.126499999999999773e+02
2.573666666670000041e+02 3.120333333329999732e+02
1.450000000000000000e+01 3.135000000000000000e+02
5.506578947369999923e+02 3.135526315789999785e+02
5.785769230769999467e+02 3.136538461540000071e+02
3.140000000000000000e+02 3.145000000000000000e+02
1.812142857139999990e+02 3.170000000000000000e+02
7.273076923099999647e+01 3.177307692310000107e+02
1.145000000000000000e+02 3.193636363640000013e+02
3.001999999999999886e+02 3.183999999999999773e+02
3.647727272729999868e+02 3.186818181819999722e+02
3.360000000000000000e+02 3.187857142859999726e+02
2.382500000000000000e+02 3.198333333329999846e+02
2.710333333329999732e+02 3.206333333329999959e+02
4.108571428569999853e+02 3.217142857140000274e+02
4.660000000000000000e+02 3.210000000000000000e+02
5.303421052630000077e+02 3.215526315789999785e+02
5.197500000000000000e+02 3.227500000000000000e+02
3.164333333330000073e+02 3.241000000000000227e+02
5.015000000000000000e+02 3.240000000000000000e+02
2.231153846150000106e+02 3.248846153850000178e+02
3.221428571399999896e+01 3.272142857140000274e+02
1.438235294100000061e+01 3.269117647059999854e+02
5.111538461500000352e+01 3.268846153850000178e+02
1.666904761899999983e+02 3.274523809519999986e+02
2.562777777779999724e+02 3.270000000000000000e+02
3.908913043480000056e+02 3.272826086960000112e+02
9.513157894699999417e+01 3.292894736839999723e+02
3.800000000000000000e+02 3.295000000000000000e+02
4.312142857140000274e+02 3.290000000000000000e+02
1.932647058819999870e+02 3.302647058819999870e+02
1.357500000000000000e+02 3.311250000000000000e+02
1.865999999999999943e+02 3.314499999999999886e+02
5.741428571430000147e+02 3.317142857140000274e+02
4.676999999999999886e+02 3.320000000000000000e+02
4.523666666670000041e+02 3.330333333329999732e+02
4.851428571430000147e+02 3.337142857140000274e+02
1.456904761899999983e+02 3.353571428569999853e+02
5.560384615379999786e+02 3.363461538459999929e+02
7.100000000000000000e+01 3.375000000000000000e+02
2.321153846150000106e+02 3.384230769229999964e+02
3.505000000000000000e+02 3.426739130430000273e+02
4.364499999999999886e+02 3.421999999999999886e+02
5.068571428569999853e+02 3.427142857140000274e+02
5.723999999999999773e+02 3.424499999999999886e+02
8.597058823499999392e+01 3.441470588239999984e+02
1.122857142860000010e+02 3.438571428569999853e+02
2.825500000000000114e+02 3.443999999999999773e+02
3.231666666670000154e+02 3.441666666670000154e+02
3.720000000000000000e+02 3.440000000000000000e+02
4.117222222220000276e+02 3.441111111110000138e+02
5.332142857139999705e+02 3.440000000000000000e+02
5.788461538499999648e+01 3.448846153850000178e+02
3.011000000000000227e+02 3.458999999999999773e+02
1.963888888889999862e+02 3.477777777779999724e+02
2.167857142860000010e+02 3.470000000000000000e+02
3.999666666670000268e+02 3.473666666670000041e+02
1.770714285710000127e+02 3.485000000000000000e+02
2.508529411760000016e+02 3.495000000000000000e+02
5.200000000000000000e+02 3.492142857140000274e+02
3.585294117600000163e+01 3.499705882349999797e+02
5.905000000000000000e+02 3.495000000000000000e+02
4.660000000000000000e+02 3.510000000000000000e+02
9.000000000000000000e+00 3.520000000000000000e+02
6.521428571399999896e+01 3.520000000000000000e+02
4.809375000000000000e+02 3.527500000000000000e+02
2.332368421049999938e+02 3.532368421049999938e+02
1.244200000000000017e+02 3.550600000000000023e+02
3.717173913039999888e+02 3.568913043480000056e+02
1.555000000000000000e+02 3.571470588239999984e+02
5.388846153849999610e+02 3.571153846149999822e+02
3.410000000000000142e+01 3.578999999999999773e+02
2.592826086960000112e+02 3.588913043480000056e+02
3.580000000000000000e+02 3.573000000000000114e+02
5.140000000000000000e+02 3.577857142859999726e+02
4.160000000000000000e+02 3.587857142859999726e+02
9.700000000000000000e+01 3.600000000000000000e+02
4.690000000000000000e+02 3.602777777779999724e+02
4.957500000000000000e+02 3.601666666670000154e+02
5.547999999999999545e+02 3.603999999999999773e+02
2.171666666669999870e+02 3.612500000000000000e+02
3.147857142859999726e+02 3.620000000000000000e+02
3.387500000000000000e+02 3.621250000000000000e+02
4.498529411760000016e+02 3.620294117650000203e+02
1.730000000000000000e+02 3.632142857140000274e+02
2.996428571430000147e+02 3.646904761900000267e+02
4.338636363640000013e+02 3.634090909089999855e+02
4.620000000000000000e+02 3.646428571430000147e+02
1.952500000000000000e+02 3.658333333329999846e+02
2.790000000000000000e+02 3.670000000000000000e+02
4.665384615400000001e+01 3.680384615379999786e+02
4.848846153850000178e+02 3.677307692310000107e+02
5.810238095239999438e+02 3.685476190480000014e+02
1.230999999999999943e+02 3.694599999999999795e+02
2.478684210529999916e+02 3.697105263160000277e+02
8.445000000000000284e+01 3.703999999999999773e+02
4.002500000000000000e+02 3.698750000000000000e+02
2.410869565200000153e+01 3.719347826090000240e+02
5.965384615400000001e+01 3.719615384620000214e+02
1.331250000000000000e+02 3.723750000000000000e+02
3.500000000000000000e+02 3.740000000000000000e+02
5.083999999999999773e+02 3.745500000000000114e+02
1.510000000000000000e+02 3.775000000000000000e+02
2.899399999999999977e+02 3.786600000000000250e+02
3.771999999999999886e+02 3.786000000000000227e+02
1.835000000000000000e+02 3.807500000000000000e+02
2.250000000000000000e+02 3.797857142859999726e+02
4.220000000000000000e+02 3.800000000000000000e+02
5.305000000000000000e+02 3.815000000000000000e+02
3.080000000000000000e+02 3.820000000000000000e+02
4.495000000000000000e+02 3.835000000000000000e+02
5.556176470589999781e+02 3.830882352940000146e+02
2.047777777780000008e+02 3.843888888889999862e+02
3.710333333329999732e+02 3.846333333329999959e+02
7.308823529400000041e+01 3.853823529410000219e+02
2.737777777779999724e+02 3.856111111110000138e+02
1.200000000000000000e+02 3.877222222220000276e+02
5.728684210530000200e+02 3.875000000000000000e+02
1.011153846149999964e+02 3.878846153850000178e+02
4.008823529400000041e+01 3.893823529410000219e+02
1.415000000000000000e+02 3.900000000000000000e+02
1.648529411760000016e+02 3.899705882349999797e+02
1.313157894699999950e+01 3.927105263160000277e+02
3.425000000000000000e+02 3.925000000000000000e+02
3.919705882349999797e+02 3.926176470589999781e+02
4.075000000000000000e+02 3.925000000000000000e+02
4.627352941180000130e+02 3.927352941180000130e+02
5.440000000000000000e+02 3.930000000000000000e+02
3.235500000000000114e+02 3.943999999999999773e+02
5.000000000000000000e-01 3.940000000000000000e+02
2.158333333330000130e+02 3.950000000000000000e+02
4.329615384620000214e+02 3.946538461540000071e+02
5.035000000000000000e+02 3.945000000000000000e+02
5.170000000000000000e+02 3.947857142859999726e+02
5.825000000000000000e+01 3.967500000000000000e+02
1.816111111110000138e+02 3.971666666670000154e+02
1.065000000000000000e+02 3.981666666670000154e+02
1.941153846150000106e+02 3.978846153850000178e+02
4.814090909089999855e+02 3.985909090910000145e+02
2.832142857140000274e+02 3.990000000000000000e+02
2.834615384599999999e+01 4.010384615379999786e+02
3.027500000000000000e+02 4.042500000000000000e+02
3.606250000000000000e+02 4.051666666670000154e+02
5.545000000000000000e+02 4.045000000000000000e+02
3.938888888900000040e+01 4.057777777779999724e+02
8.550000000000000000e+01 4.045000000000000000e+02
3.903181818180000278e+02 4.053181818180000278e+02
1.635999999999999943e+02 4.064499999999999886e+02
2.344000000000000057e+02 4.065500000000000114e+02
5.725000000000000000e+02 4.073333333329999846e+02
4.772142857140000274e+02 4.087380952380000281e+02
4.568999999999999773e+02 4.088999999999999773e+02
3.235000000000000000e+02 4.110000000000000000e+02
4.996000000000000227e+02 4.120000000000000000e+02
7.121428571399999896e+01 4.120000000000000000e+02
2.595000000000000000e+02 4.126052631580000138e+02
2.880000000000000000e+02 4.122142857140000274e+02
1.812500000000000000e+00 4.136875000000000000e+02
4.285000000000000000e+02 4.135000000000000000e+02
5.151666666669999586e+02 4.136111111110000138e+02
1.212999999999999972e+02 4.145000000000000000e+02
1.424000000000000057e+02 4.158000000000000114e+02
5.282857142860000295e+02 4.148571428569999853e+02
2.424230769229999964e+02 4.171923076919999858e+02
3.486578947369999923e+02 4.176578947369999923e+02
4.038999999999999773e+02 4.168999999999999773e+02
2.002500000000000000e+02 4.191666666670000154e+02
3.100000000000000000e+02 4.192142857140000274e+02
9.496666666699999837e+01 4.203666666670000041e+02
5.897000000000000455e+02 4.200000000000000000e+02
2.413157894700000128e+01 4.210263157890000230e+02
6.014705882399999837e+01 4.230294117650000203e+02
5.421315789469999800e+02 4.237631578950000062e+02
1.169736842110000055e+02 4.251842105260000153e+02
1.660384615380000071e+02 4.253461538459999929e+02
1.895833333330000130e+02 4.248333333329999846e+02
2.239799999999999898e+02 4.256200000000000045e+02
3.763999999999999773e+02 4.268000000000000114e+02
3.931666666670000154e+02 4.251666666670000154e+02
4.384375000000000000e+02 4.272500000000000000e+02
4.623260869569999727e+02 4.271956521739999744e+02
5.664090909090000423e+02 4.271363636359999987e+02
3.662500000000000000e+01 4.276250000000000000e+02
1.570000000000000000e+02 4.280000000000000000e+02
3.176428571430000147e+02 4.280000000000000000e+02
5.235000000000000000e+02 4.291666666670000154e+02
9.602941176500000608e+01 4.308529411760000016e+02
1.590909091000000108e+00 4.311363636359999987e+02
2.127222222219999992e+02 4.307222222220000276e+02
2.408499999999999943e+02 4.318500000000000227e+02
4.164499999999999886e+02 4.313999999999999773e+02
4.998636363640000013e+02 4.324090909089999855e+02
2.626666666670000154e+02 4.345000000000000000e+02
4.769705882349999797e+02 4.348529411760000016e+02
5.823666666670000041e+02 4.339666666670000268e+02
3.453666666670000041e+02 4.349666666670000268e+02
4.293235294120000276e+02 4.354411764710000057e+02
5.383125000000000000e+02 4.355625000000000000e+02
7.325000000000000000e+01 4.372500000000000000e+02
2.976666666670000154e+02 4.363333333329999846e+02
3.728846153850000178e+02 4.372692307689999893e+02
1.373095238100000017e+02 4.385476190480000014e+02
2.826999999999999886e+02 4.390000000000000000e+02
5.600000000000000000e+02 4.391666666670000154e+02
1.750000000000000000e+02 4.405000000000000000e+02
1.911666666669999870e+02 4.403888888889999862e+02
1.174500000000000028e+02 4.443999999999999773e+02
3.543750000000000000e+02 4.436250000000000000e+02
4.060000000000000000e+02 4.442142857140000274e+02
4.670000000000000000e+02 4.435000000000000000e+02
3.265000000000000000e+02 4.448333333329999846e+02
2.563666666670000041e+02 4.459666666670000268e+02
3.060000000000000000e+02 4.465000000000000000e+02
3.921999999999999886e+02 4.456999999999999886e+02
4.465000000000000000e+02 4.463947368419999862e+02
1.930000000000000071e+01 4.477666666669999813e+02
4.714285714300000052e+01 4.472142857140000274e+02
1.528333333330000130e+02 4.472333333330000187e+02
2.321153846150000106e+02 4.472692307689999893e+02
3.760000000000000000e+02 4.480000000000000000e+02
2.121956521740000028e+02 4.496739130430000273e+02
5.143666666670000041e+02 4.488999999999999773e+02
9.250000000000000000e+01 4.510000000000000000e+02
3.354565217389999816e+02 4.531086956519999944e+02
4.302500000000000000e+02 4.535000000000000000e+02
5.735416666669999586e+02 4.559583333329999846e+02
2.390333333330000016e+02 4.566333333329999959e+02
4.860000000000000000e+02 4.567222222220000276e+02
4.651666666670000154e+02 4.578333333329999846e+02
2.782142857140000274e+02 4.580000000000000000e+02
4.125000000000000000e+01 4.594375000000000000e+02
3.135000000000000000e+02 4.590000000000000000e+02
4.977500000000000000e+02 4.588750000000000000e+02
6.045000000000000284e+01 4.603999999999999773e+02
5.605263157999999635e+00 4.620789473680000015e+02
1.355000000000000000e+02 4.618333333329999846e+02
3.695000000000000000e+02 4.620000000000000000e+02
1.083666666670000041e+02 4.629666666670000268e+02
1.751428571429999863e+02 4.632142857140000274e+02
1.981315789470000084e+02 4.637105263160000277e+02
3.985454545449999841e+02 4.637727272729999868e+02
4.216578947369999923e+02 4.646578947369999923e+02
5.403823529410000219e+02 4.639117647059999854e+02
2.612142857140000274e+02 4.650000000000000000e+02
5.586578947369999923e+02 4.663421052630000077e+02
5.199117647059999854e+02 4.676176470589999781e+02
1.473461538459999929e+02 4.679615384620000214e+02
2.781000000000000227e+02 4.688999999999999773e+02
2.995000000000000000e+02 4.701470588239999984e+02
3.483000000000000114e+02 4.695000000000000000e+02
5.787777777779999724e+02 4.706111111110000138e+02
5.004545454499999835e+01 4.711363636359999987e+02
2.359166666669999870e+02 4.705833333329999846e+02
2.683333333299999879e+01 4.715833333329999846e+02
1.190000000000000000e+02 4.713000000000000114e+02
8.788461538500000358e+01 4.741153846149999822e+02
3.256333333329999959e+02 4.740333333329999732e+02
4.396111111110000138e+02 4.742222222220000276e+02
5.041153846149999822e+02 4.741153846149999822e+02
4.883888888889999862e+02 4.767777777779999724e+02
1.902692307689999893e+02 4.771153846149999822e+02
2.114000000000000057e+02 4.784499999999999886e+02
3.745909090910000145e+02 4.791363636359999987e+02
1.630384615380000071e+02 4.796538461540000071e+02
1.046578947370000066e+02 4.816578947369999923e+02
2.600333333329999732e+02 4.816333333329999959e+02
4.770294117650000203e+02 4.811470588239999984e+02
5.463333333330000414e+02 4.813888888889999862e+02
3.841000000000000227e+02 4.821000000000000227e+02
6.289999999999999858e+01 4.828999999999999773e+02
4.298846153850000178e+02 4.828846153850000178e+02
4.507500000000000000e+02 4.831666666670000154e+02
5.037500000000000000e+01 4.836250000000000000e+02
1.320789473680000015e+02 4.850789473680000015e+02
3.994444444439999984e+02 4.856111111110000138e+02
8.926923076900000353e+01 4.858846153850000178e+02
5.868529411759999448e+02 4.865000000000000000e+02
2.791470588239999984e+02 4.875000000000000000e+02
3.444523809519999986e+02 4.876904761900000267e+02
1.050000000000000000e+01 4.885000000000000000e+02
1.803421052630000077e+02 4.883421052630000077e+02
2.546176470590000065e+02 4.879117647059999854e+02
5.027142857140000274e+02 4.884285714289999873e+02
2.343461538459999929e+02 4.899615384620000214e+02
3.236333333329999959e+02 4.908333333329999846e+02
5.685000000000000000e+02 4.913636363640000013e+02
3.865789473699999945e+01 4.916578947369999923e+02
5.195000000000000000e+02 4.913000000000000114e+02
3.625000000000000000e+02 4.923000000000000114e+02
1.555909090909999861e+02 4.938636363640000013e+02
4.896176470589999781e+02 4.940882352940000146e+02
4.457142857140000274e+02 4.962857142859999726e+02
2.268846153849999894e+02 4.971153846149999822e+02
2.978333333329999846e+02 4.977666666669999813e+02
4.632142857140000274e+02 4.981428571430000147e+02
2.070000000000000000e+02 4.985000000000000000e+02
1.674090909090000139e+02 5.001363636359999987e+02
1.889000000000000057e+02 4.998999999999999773e+02
3.483823529410000219e+02 5.002058823529999927e+02
5.216666666700000121e+01 5.007500000000000000e+02
5.085769230770000036e+02 5.011923076919999858e+02
1.279666666669999984e+02 5.023666666670000041e+02
3.859583333329999846e+02 5.031250000000000000e+02
4.061999999999999886e+02 5.023999999999999773e+02
2.027777777800000081e+01 5.040000000000000000e+02
6.800000000000000000e+01 5.040000000000000000e+02
4.259705882349999797e+02 5.041470588239999984e+02
5.445000000000000000e+02 5.053000000000000114e+02
5.603666666670000041e+02 5.050333333329999732e+02
2.810000000000000000e+02 5.062142857140000274e+02
1.382142857139999990e+02 5.080000000000000000e+02
3.694090909089999855e+02 5.078636363640000013e+02
8.373529411799999878e+01 5.097352941180000130e+02
1.145526315790000069e+02 5.111315789469999800e+02
5.233461538459999929e+02 5.100384615379999786e+02
2.631000000000000227e+02 5.121000000000000227e+02
3.201363636359999987e+02 5.117727272729999868e+02
2.070882352939999862e+02 5.133823529410000219e+02
5.116666666700000121e+01 5.135833333330000414e+02
2.403333333330000130e+02 5.133333333330000414e+02
5.890000000000000000e+02 5.140000000000000000e+02
1.598913043480000056e+02 5.154565217389999816e+02
2.950833333329999846e+02 5.172500000000000000e+02
4.077380952380000281e+02 5.188809523810000428e+02
4.997105263160000277e+02 5.185000000000000000e+02
5.618333333330000414e+02 5.182333333330000187e+02
4.398999999999999773e+02 5.195666666670000495e+02
4.787666666669999813e+02 5.194333333329999505e+02
5.124473684209999647e+02 5.195526315790000353e+02
3.103846153799999996e+01 5.196538461540000071e+02
2.330000000000000000e+02 5.192999999999999545e+02
4.533000000000000114e+02 5.215000000000000000e+02
3.345000000000000000e+02 5.225000000000000000e+02
3.901666666670000154e+02 5.230000000000000000e+02
7.625000000000000000e+01 5.242500000000000000e+02
1.802142857139999990e+02 5.241428571430000147e+02
3.536904761900000267e+02 5.244523809519999986e+02
5.417142857139999705e+02 5.252857142860000295e+02
1.280000000000000000e+02 5.262142857139999705e+02
1.925000000000000000e+02 5.291470588240000552e+02
4.610294117650000203e+02 5.298529411759999448e+02
1.002391304350000070e+02 5.311086956520000513e+02
2.620000000000000000e+02 5.297857142860000295e+02
1.635714285699999948e+01 5.326904761900000267e+02
2.441250000000000000e+02 5.327500000000000000e+02
2.863636363640000013e+02 5.325000000000000000e+02
5.662500000000000000e+01 5.348125000000000000e+02
3.189705882349999797e+02 5.341470588240000552e+02
4.800882352940000146e+02 5.346176470589999781e+02
5.781666666669999586e+02 5.345000000000000000e+02
3.637500000000000000e+02 5.352500000000000000e+02
3.458846153850000178e+02 5.361153846150000390e+02
1.490000000000000000e+02 5.367857142860000295e+02
7.565789473700000656e+01 5.386578947369999923e+02
1.745000000000000000e+02 5.382999999999999545e+02
5.145833333330000414e+02 5.378333333330000414e+02
2.120000000000000000e+02 5.385000000000000000e+02
4.061153846149999822e+02 5.398846153849999610e+02
4.208846153850000178e+02 5.401153846150000390e+02
5.583666666670000041e+02 5.400333333329999732e+02
2.938846153850000178e+02 5.411153846150000390e+02
3.819117647059999854e+02 5.413823529410000219e+02
1.166818181820000007e+02 5.431818181820000291e+02
2.375000000000000000e+02 5.425000000000000000e+02
4.413750000000000000e+02 5.424375000000000000e+02
5.357500000000000000e+02 5.437500000000000000e+02
1.860294117649999919e+02 5.448529411759999448e+02
3.540909090899999967e+01 5.465909090909999577e+02
4.953823529410000219e+02 5.459117647059999854e+02
3.168846153850000178e+02 5.481153846150000390e+02
5.716428571430000147e+02 5.485000000000000000e+02
3.271666666670000154e+02 5.495000000000000000e+02
6.170000000000000284e+01 5.510000000000000000e+02
1.356111111110000138e+02 5.519444444440000552e+02
4.541153846149999822e+02 5.508846153849999610e+02
2.640000000000000000e+02 5.525000000000000000e+02
5.535000000000000000e+02 5.525000000000000000e+02
9.863333333299999595e+01 5.529666666670000268e+02
1.627857142860000010e+02 5.540000000000000000e+02
4.341153846149999822e+02 5.541153846150000390e+02
2.117142857139999990e+02 5.561428571430000147e+02
2.256999999999999886e+02 5.555000000000000000e+02
4.686176470589999781e+02 5.560882352940000146e+02
5.247857142860000295e+02 5.570000000000000000e+02
1.300000000000000000e+01 5.602142857139999705e+02
1.464090909090000139e+02 5.604090909090000423e+02
3.822333333330000187e+02 5.602999999999999545e+02
5.073571428569999853e+02 5.612142857139999705e+02
2.810882352940000146e+02 5.626176470589999781e+02
3.431666666670000154e+02 5.617666666669999813e+02
3.550000000000000000e+01 5.635000000000000000e+02
7.621428571399999896e+01 5.630000000000000000e+02
2.543823529409999935e+02 5.630882352940000146e+02
3.540000000000000000e+02 5.630000000000000000e+02
1.230555555560000016e+02 5.638333333330000414e+02
5.378571428600000104e+01 5.640714285709999558e+02
1.777222222219999992e+02 5.640555555559999448e+02
4.015000000000000000e+02 5.645000000000000000e+02
5.770000000000000000e+02 5.645000000000000000e+02
