5.016666666700000121e+01 1.750000000000000000e+00
5.950000000000000000e+01 5.000000000000000000e-01
8.750000000000000000e+01 5.000000000000000000e-01
1.565000000000000000e+02 1.346153845999999987e+00
1.740000000000000000e+02 5.000000000000000000e-01
2.277857142860000010e+02 9.285714290000000037e-01
3.543750000000000000e+02 2.687500000000000000e+00
4.560000000000000000e+02 8.333333330000000094e-01
1.340882352939999862e+02 3.382352941000000168e+00
4.728846153850000178e+02 3.884615385000000032e+00
5.810000000000000000e+02 8.000000000000000000e+00
3.676904761900000267e+02 8.642857143000000519e+00
5.099210526319999985e+02 8.605263157999999635e+00
7.500000000000000000e+00 9.131578946999999502e+00
4.470294117650000203e+02 9.147058824000000143e+00
5.283666666670000041e+02 9.033333332999999854e+00
2.752222222220000276e+02 1.061111111099999960e+01
3.918636363640000013e+02 9.409090908999999670e+00
4.110000000000000000e+02 1.000000000000000000e+01
5.566333333329999959e+02 1.003333333299999985e+01
3.169047618999999827e+01 1.164285714300000052e+01
1.401666666669999870e+02 1.123333333299999914e+01
1.978125000000000000e+02 1.262500000000000000e+01
3.018999999999999773e+02 1.280000000000000071e+01
4.856578947369999923e+02 1.265789473699999945e+01
3.302894736839999723e+02 1.450000000000000000e+01
7.270000000000000284e+01 1.450000000000000000e+01
5.000000000000000000e-01 1.600000000000000000e+01
8.750000000000000000e+01 1.700000000000000000e+01
2.577222222220000276e+02 1.688888888900000040e+01
5.600882352940000146e+02 1.738235294100000061e+01
1.045454545449999983e+02 1.877272727300000099e+01
4.272222222220000276e+02 1.933333333299999879e+01
4.545000000000000000e+02 1.850000000000000000e+01
2.420000000000000000e+02 2.000000000000000000e+01
3.741000000000000227e+02 2.010000000000000142e+01
5.118750000000000000e+02 2.025000000000000000e+01
2.178529411760000016e+02 2.097058823500000102e+01
5.420000000000000000e+02 2.100000000000000000e+01
2.200000000000000000e+01 2.272222222199999919e+01
1.815000000000000000e+02 2.150000000000000000e+01
4.666666666670000154e+02 2.261111111099999960e+01
5.905000000000000000e+02 2.050000000000000000e+01
8.070000000000000284e+01 2.350000000000000000e+01
4.897857142859999726e+02 2.400000000000000000e+01
2.700454545449999841e+02 2.613636363599999868e+01
3.495869565219999799e+02 2.706521739100000090e+01
5.739117647059999854e+02 2.661764705899999939e+01
1.195000000000000000e+02 2.750000000000000000e+01
2.849666666670000268e+02 2.763333333299999950e+01
1.052142857139999990e+02 2.800000000000000000e+01
1.571315789470000084e+02 2.871052631599999927e+01
5.397857142860000295e+02 2.900000000000000000e+01
6.014705882399999837e+01 3.050000000000000000e+01
1.963461538459999929e+02 3.026923076899999998e+01
3.261190476190000140e+02 3.054761904800000138e+01
3.936999999999999886e+02 2.950000000000000000e+01
1.481153846150000106e+02 3.111538461499999997e+01
4.161153846149999822e+02 3.111538461499999997e+01
3.048333333329999846e+02 3.325000000000000000e+01
5.222647058820000439e+02 3.373529411799999878e+01
2.500000000000000000e+02 3.421428571399999896e+01
3.368999999999999773e+02 3.489999999999999858e+01
1.500000000000000000e+01 3.672222222199999919e+01
4.050000000000000000e+01 3.670000000000000284e+01
2.152500000000000000e+02 3.716666666700000121e+01
2.360000000000000000e+02 3.678571428600000104e+01
3.634090909089999855e+02 3.713636363599999868e+01
3.855833333329999846e+02 3.691666666700000121e+01
5.890882352940000146e+02 3.738235294100000061e+01
6.888461538500000358e+01 3.788461538499999648e+01
1.802222222219999992e+02 3.861111111099999960e+01
4.793333333329999846e+02 3.877777777800000081e+01
5.105000000000000000e+02 3.950000000000000000e+01
4.350882352940000146e+02 4.038235294100000061e+01
4.526000000000000227e+02 4.145000000000000284e+01
5.600000000000000000e+02 4.100000000000000000e+01
4.008999999999999773e+02 4.243333333300000021e+01
1.235000000000000000e+02 4.585294117600000163e+01
5.430000000000000000e+02 4.600000000000000000e+01
5.702142857139999705e+02 4.600000000000000000e+01
8.222222221999999192e+00 4.738888888900000040e+01
3.100000000000000000e+01 4.821428571399999896e+01
4.691176470599999959e+01 4.838235294100000061e+01
8.659090909100000033e+01 4.859090909100000033e+01
2.633750000000000000e+02 4.887500000000000000e+01
3.151666666670000154e+02 4.925000000000000000e+01
1.457500000000000000e+02 5.075000000000000000e+01
1.647352941180000130e+02 5.073529411799999878e+01
2.983823529410000219e+02 5.008823529400000041e+01
4.401153846149999822e+02 5.011538461500000352e+01
3.358000000000000114e+02 5.220000000000000284e+01
6.225000000000000000e+01 5.375000000000000000e+01
3.495000000000000000e+02 5.300000000000000000e+01
4.657352941180000130e+02 5.332352941199999918e+01
1.815909090909999861e+02 5.440909090899999967e+01
3.658750000000000000e+02 5.425000000000000000e+01
2.085555555560000016e+02 5.572222222199999919e+01
3.907857142859999726e+02 5.600000000000000000e+01
2.325999999999999943e+02 5.720000000000000284e+01
4.223000000000000114e+02 5.800000000000000000e+01
4.980000000000000000e+02 5.700000000000000000e+01
8.636666666700000405e+01 5.903333333300000163e+01
1.098636363640000013e+02 5.840909090899999967e+01
1.225000000000000000e+02 5.929999999999999716e+01
2.821000000000000227e+02 5.910000000000000142e+01
3.750882352940000146e+02 5.961764705899999939e+01
5.552826086960000112e+02 5.941304347799999874e+01
5.860333333329999732e+02 5.963333333300000305e+01
5.138846153849999610e+02 6.211538461500000352e+01
2.526176470590000065e+02 6.291176470599999959e+01
5.623888888889999862e+02 6.322222222199999919e+01
3.448846153850000178e+02 6.388461538499999648e+01
4.857500000000000000e+02 6.491666666700000121e+01
2.197500000000000000e+02 6.587500000000000000e+01
1.516538461540000071e+02 6.742307692299999644e+01
2.858333333299999879e+01 6.783333333299999879e+01
3.945555555560000016e+02 6.972222222199999919e+01
1.658846153849999894e+02 7.011538461499999642e+01
5.300000000000000000e+02 7.000000000000000000e+01
1.942333333329999903e+02 7.116666666700000121e+01
3.210000000000000000e+02 7.050000000000000000e+01
3.455000000000000000e+02 7.139473684200000037e+01
2.385000000000000000e+02 7.200000000000000000e+01
4.547500000000000000e+02 7.125000000000000000e+01
4.315000000000000000e+02 7.463333333299999595e+01
4.510000000000000142e+01 7.490000000000000568e+01
3.030000000000000000e+02 7.500000000000000000e+01
1.155000000000000000e+02 7.629999999999999716e+01
2.678999999999999773e+02 7.609999999999999432e+01
4.947857142859999726e+02 7.600000000000000000e+01
7.211538461499999642e+01 7.688461538500000358e+01
1.361153846150000106e+02 7.711538461499999642e+01
5.380000000000000000e+02 7.800000000000000000e+01
4.080000000000000000e+02 7.950000000000000000e+01
4.710000000000000000e+02 7.950000000000000000e+01
5.900555555559999448e+02 7.927777777800000081e+01
1.832272727270000132e+02 8.045454545500000165e+01
5.188999999999999773e+02 8.109999999999999432e+01
4.840000000000000000e+02 8.221428571399999896e+01
5.778999999999999773e+02 8.190000000000000568e+01
8.264705881999999448e+00 8.426470588200000122e+01
2.491176470599999959e+01 8.461764705900000649e+01
3.811842105260000153e+02 8.497368421100000546e+01
9.881250000000000000e+01 8.668750000000000000e+01
2.408333333330000130e+02 8.516666666700000121e+01
3.623695652170000017e+02 8.728260869599999694e+01
2.290000000000000000e+02 8.678571428600000104e+01
3.270882352940000146e+02 8.761764705900000649e+01
4.475833333329999846e+02 8.733333333299999879e+01
5.661764705899999939e+01 8.808823529400000041e+01
2.836666666670000154e+02 8.822222222199999919e+01
2.053888888889999862e+02 9.022222222199999919e+01
4.693181818180000278e+02 9.131818181799999934e+01
1.561250000000000000e+02 9.250000000000000000e+01
5.500000000000000000e+02 9.250000000000000000e+01
3.171000000000000227e+02 9.309999999999999432e+01
2.587105263160000277e+02 9.413157894699999417e+01
8.062500000000000000e+01 9.437500000000000000e+01
4.051000000000000227e+02 9.590000000000000568e+01
4.375000000000000000e+02 9.650000000000000000e+01
5.017857142859999726e+02 9.800000000000000000e+01
1.340000000000000000e+02 9.878571428600000104e+01
1.770000000000000000e+02 9.900000000000000000e+01
5.666111111110000138e+02 9.922222222199999919e+01
1.509999999999999964e+01 9.990000000000000568e+01
3.447500000000000000e+02 9.993750000000000000e+01
9.150000000000000000e+01 1.010000000000000000e+02
1.132857142860000010e+02 1.008571428569999995e+02
2.468333333330000130e+02 1.006111111109999996e+02
5.238846153849999610e+02 1.008846153850000036e+02
5.467105263160000277e+02 1.028684210530000058e+02
1.910999999999999943e+02 1.030999999999999943e+02
2.800333333329999732e+02 1.033666666670000041e+02
2.944090909089999855e+02 1.035909090910000003e+02
5.931818181799999934e+01 1.046818181820000007e+02
1.669615384619999929e+02 1.053461538460000071e+02
3.880000000000000000e+02 1.047857142860000010e+02
3.850000000000000000e+01 1.061470588239999984e+02
2.256578947369999923e+02 1.063421052629999934e+02
4.511000000000000227e+02 1.059000000000000057e+02
4.277352941180000130e+02 1.072647058820000012e+02
3.239117647059999854e+02 1.083823529409999935e+02
4.956176470589999781e+02 1.080882352940000004e+02
1.461153846150000106e+02 1.088846153850000036e+02
5.128125000000000000e+02 1.096875000000000000e+02
2.026818181820000007e+02 1.116818181820000007e+02
3.665000000000000000e+02 1.120000000000000000e+02
5.612500000000000000e+02 1.130833333329999988e+02
1.080000000000000000e+02 1.142142857139999990e+02
5.335714285709999558e+02 1.143571428569999995e+02
6.740909090899999967e+01 1.155909090910000003e+02
2.915000000000000000e+02 1.150000000000000000e+02
5.858846153849999610e+02 1.148846153850000036e+02
3.116176470589999781e+02 1.166176470590000065e+02
1.278571428599999926e+01 1.180000000000000000e+02
1.197857142860000010e+02 1.180000000000000000e+02
2.418636363640000013e+02 1.174090909089999997e+02
4.496250000000000000e+02 1.186250000000000000e+02
2.800000000000000000e+01 1.205000000000000000e+02
4.705000000000000000e+02 1.201470588239999984e+02
3.996666666670000154e+02 1.214444444439999984e+02
5.321428571399999896e+01 1.230000000000000000e+02
3.421000000000000227e+02 1.230999999999999943e+02
3.623888888889999862e+02 1.237777777780000008e+02
1.737988929889999952e+02 1.473450184499999978e+02
2.205000000000000000e+02 1.240000000000000000e+02
4.946000000000000227e+02 1.245499999999999972e+02
2.598529411760000016e+02 1.249705882349999939e+02
1.500000000000000000e+02 1.270000000000000000e+02
5.690333333329999732e+02 1.273666666670000041e+02
9.400000000000000000e+01 1.293000000000000114e+02
2.137631578950000062e+02 1.308684210529999916e+02
3.145000000000000000e+02 1.305000000000000000e+02
1.698000000000000114e+02 1.311999999999999886e+02
3.700000000000000000e+02 1.317857142860000010e+02
5.546333333329999959e+02 1.319666666669999984e+02
1.185000000000000000e+02 1.336428571429999863e+02
4.227500000000000000e+02 1.330625000000000000e+02
5.167105263160000277e+02 1.338684210529999916e+02
2.562647058819999870e+02 1.343235294119999992e+02
2.755000000000000000e+02 1.340000000000000000e+02
3.516666666700000121e+01 1.351666666669999870e+02
1.332333333329999903e+02 1.358333333330000130e+02
3.363888888889999862e+02 1.352222222219999992e+02
2.942142857140000274e+02 1.360000000000000000e+02
4.634230769229999964e+02 1.362692307689999893e+02
4.599999999999999645e+00 1.371999999999999886e+02
2.302222222219999992e+02 1.376111111110000138e+02
4.418999999999999773e+02 1.370999999999999943e+02
6.888461538500000358e+01 1.378846153849999894e+02
1.611538461499999997e+01 1.391153846150000106e+02
1.442500000000000000e+02 1.388750000000000000e+02
5.818333333330000414e+02 1.397500000000000000e+02
3.911153846149999822e+02 1.411153846150000106e+02
4.121470588239999984e+02 1.409705882350000081e+02
4.808076923080000142e+02 1.414230769229999964e+02
5.360625000000000000e+02 1.412500000000000000e+02
3.142500000000000000e+02 1.435625000000000000e+02
4.583000000000000114e+02 1.463000000000000114e+02
4.278000000000000114e+02 1.465999999999999943e+02
5.045000000000000000e+02 1.477666666670000097e+02
2.140454545450000126e+02 1.478636363640000013e+02
3.655000000000000000e+02 1.481470588239999984e+02
8.473529411799999878e+01 1.502058823529999927e+02
4.733999999999999773e+02 1.504499999999999886e+02
5.258999999999999773e+02 1.500999999999999943e+02
5.537857142860000295e+02 1.500000000000000000e+02
1.172142857139999990e+02 1.510000000000000000e+02
1.960999999999999943e+02 1.509000000000000057e+02
2.466052631580000138e+02 1.515000000000000000e+02
3.891000000000000227e+02 1.515666666669999927e+02
3.500000000000000000e+00 1.528333333330000130e+02
2.675000000000000000e+02 1.535000000000000000e+02
1.028636363640000013e+02 1.541818181820000007e+02
2.878750000000000000e+02 1.542500000000000000e+02
3.315434782610000184e+02 1.551086956519999944e+02
4.675000000000000000e+01 1.552500000000000000e+02
7.065789473700000656e+01 1.553421052630000077e+02
4.904523809519999986e+02 1.573095238100000017e+02
2.363571428570000137e+02 1.583095238100000017e+02
3.513000000000000114e+02 1.590000000000000000e+02
3.068684210530000200e+02 1.607631578950000062e+02
3.746666666670000154e+02 1.605000000000000000e+02
4.442142857140000274e+02 1.630000000000000000e+02
5.695000000000000000e+02 1.640000000000000000e+02
5.418846153849999610e+02 1.641153846150000106e+02
2.707222222220000276e+02 1.658333333330000130e+02
1.822826086960000112e+02 1.685869565220000084e+02
4.050000000000000000e+02 1.675000000000000000e+02
4.560000000000000000e+02 1.680000000000000000e+02
2.230000000000000071e+01 1.710000000000000000e+02
1.250384615380000071e+02 1.696538461540000071e+02
2.162272727270000132e+02 1.697727272729999868e+02
4.292222222220000276e+02 1.703888888889999862e+02
4.817500000000000000e+02 1.717500000000000000e+02
4.428571428600000104e+01 1.725714285710000127e+02
9.600000000000000000e+01 1.722777777780000008e+02
5.162647058820000439e+02 1.727352941180000130e+02
2.915000000000000000e+02 1.730000000000000000e+02
1.717222222219999992e+02 1.745555555560000016e+02
3.251000000000000227e+02 1.740999999999999943e+02
9.214285714000000738e+00 1.750000000000000000e+02
6.823684210499999381e+01 1.768684210529999916e+02
1.502500000000000000e+02 1.787500000000000000e+02
5.563888888889999862e+02 1.783333333330000130e+02
5.790000000000000000e+02 1.780000000000000000e+02
2.080789473680000015e+02 1.793947368419999862e+02
3.440333333329999732e+02 1.793666666670000041e+02
3.600882352940000146e+02 1.796176470590000065e+02
4.955000000000000000e+02 1.795000000000000000e+02
2.003846153799999996e+01 1.803461538459999929e+02
2.445000000000000000e+02 1.815000000000000000e+02
2.885000000000000000e+02 1.810000000000000000e+02
5.355000000000000000e+02 1.815000000000000000e+02
4.094090909089999855e+02 1.818636363640000013e+02
8.091176470599999959e+01 1.833823529409999935e+02
3.903888888889999862e+02 1.832222222219999992e+02
8.714285714000000738e+00 1.841428571429999863e+02
4.425000000000000000e+02 1.840000000000000000e+02
5.195000000000000000e+02 1.848333333330000130e+02
3.736875000000000000e+02 1.858125000000000000e+02
2.263888888889999862e+02 1.882222222219999992e+02
4.683000000000000114e+02 1.880000000000000000e+02
5.950000000000000000e+01 1.895000000000000000e+02
1.097857142860000010e+02 1.890000000000000000e+02
1.886999999999999886e+02 1.885000000000000000e+02
9.409090908999999670e+00 1.908636363640000013e+02
8.043750000000000000e+01 1.911875000000000000e+02
3.082222222220000276e+02 1.913888888889999862e+02
3.889130434799999847e+01 1.930217391299999861e+02
3.247857142859999726e+02 1.920000000000000000e+02
2.725000000000000000e+02 1.925000000000000000e+02
2.025999999999999943e+02 1.951999999999999886e+02
2.500000000000000000e+02 1.950000000000000000e+02
1.435000000000000000e+02 1.960000000000000000e+02
3.506333333329999959e+02 1.960333333330000016e+02
4.860000000000000000e+02 1.965000000000000000e+02
5.717222222220000276e+02 1.960000000000000000e+02
4.227666666669999813e+02 1.973000000000000114e+02
4.611315789469999800e+02 1.972368421049999938e+02
4.987352941180000130e+02 1.987352941180000130e+02
5.360000000000000000e+02 1.980000000000000000e+02
2.920000000000000000e+02 2.000000000000000000e+02
1.000000000000000000e+00 2.010000000000000000e+02
2.401153846150000106e+02 2.008846153849999894e+02
3.805000000000000000e+02 2.010000000000000000e+02
1.665833333330000130e+02 2.021666666669999870e+02
1.080000000000000000e+02 2.035000000000000000e+02
1.260000000000000000e+02 2.025000000000000000e+02
5.576111111110000138e+02 2.037777777780000008e+02
6.550000000000000000e+01 2.045000000000000000e+02
5.862142857139999705e+02 2.040000000000000000e+02
8.403333333300000163e+01 2.063666666670000041e+02
2.960000000000000000e+02 2.067222222219999992e+02
3.991666666670000154e+02 2.057500000000000000e+02
4.441153846149999822e+02 2.061153846150000106e+02
3.344545454550000159e+02 2.078181818179999993e+02
4.102500000000000000e+02 2.072500000000000000e+02
2.270000000000000000e+02 2.090000000000000000e+02
2.583421052630000077e+02 2.094473684209999931e+02
2.402941176499999898e+01 2.108529411760000016e+02
7.038461537999999962e+00 2.113461538459999929e+02
5.148846153849999610e+02 2.108846153849999894e+02
2.693000000000000114e+02 2.126500000000000057e+02
3.860000000000000000e+02 2.130000000000000000e+02
1.618846153849999894e+02 2.142692307689999893e+02
1.970000000000000000e+02 2.140000000000000000e+02
3.627222222220000276e+02 2.140000000000000000e+02
4.368846153850000178e+02 2.138846153849999894e+02
4.678571428600000104e+01 2.150000000000000000e+02
1.154333333329999931e+02 2.150999999999999943e+02
5.761000000000000227e+02 2.160999999999999943e+02
2.328846153849999894e+02 2.171153846150000106e+02
5.558846153849999610e+02 2.168846153849999894e+02
1.287500000000000000e+02 2.180625000000000000e+02
2.135000000000000000e+02 2.176999999999999886e+02
3.151000000000000227e+02 2.179000000000000057e+02
1.024473684209999931e+02 2.194473684209999931e+02
2.450000000000000000e+01 2.206333333329999959e+02
4.818529411760000016e+02 2.200294117649999919e+02
5.897000000000000455e+02 2.200000000000000000e+02
2.852192982459999939e+02 2.260175438599999893e+02
4.988846153850000178e+02 2.218846153849999894e+02
1.737777777780000008e+02 2.233888888889999862e+02
7.300000000000000000e+01 2.230000000000000000e+02
2.543095238100000017e+02 2.246428571429999863e+02
4.555000000000000000e+02 2.240000000000000000e+02
5.431000000000000227e+02 2.250600000000000023e+02
3.478809523809999860e+02 2.257380952379999997e+02
6.059090909100000033e+01 2.258636363640000013e+02
4.935000000000000000e+02 2.277105263159999993e+02
5.205000000000000000e+02 2.276666666669999870e+02
1.518000000000000114e+02 2.314000000000000057e+02
4.712058823529999927e+02 2.313823529409999935e+02
4.083181818180000278e+02 2.323181818179999993e+02
3.338888888900000040e+01 2.336111111110000138e+02
3.613181818180000278e+02 2.326818181820000007e+02
2.015000000000000000e+02 2.341470588239999984e+02
4.280000000000000000e+02 2.340000000000000000e+02
2.078947368000000129e+00 2.356052631580000138e+02
5.785000000000000000e+02 2.355000000000000000e+02
2.680882352940000146e+02 2.366176470590000065e+02
3.140000000000000000e+02 2.360000000000000000e+02
3.332222222220000276e+02 2.366111111110000138e+02
4.466999999999999886e+02 2.355000000000000000e+02
3.885000000000000000e+02 2.368333333330000130e+02
1.038846153850000036e+02 2.378846153849999894e+02
1.270882352940000004e+02 2.383823529409999935e+02
2.304000000000000057e+02 2.385500000000000114e+02
5.575625000000000000e+02 2.387500000000000000e+02
8.405555555600000162e+01 2.396111111110000138e+02
1.630000000000000000e+02 2.402142857139999990e+02
2.855555555560000016e+02 2.407222222219999992e+02
5.905000000000000000e+02 2.405000000000000000e+02
5.380000000000000000e+02 2.430000000000000000e+02
1.840000000000000000e+02 2.460000000000000000e+02
4.301153846149999822e+02 2.458846153849999894e+02
2.928947368400000073e+01 2.488684210529999916e+02
3.756538461540000071e+02 2.484230769229999964e+02
3.425000000000000000e+02 2.490000000000000000e+02
4.091000000000000227e+02 2.498499999999999943e+02
5.728125000000000000e+02 2.496250000000000000e+02
6.163333333300000305e+01 2.500333333330000016e+02
8.234999999999999432e+01 2.517500000000000000e+02
2.444090909090000139e+02 2.515909090909999861e+02
2.668750000000000000e+02 2.512500000000000000e+02
3.690000000000000000e+02 2.510000000000000000e+02
4.898571428569999853e+02 2.515714285710000127e+02
5.155000000000000000e+02 2.510000000000000000e+02
4.389999999999999858e+01 2.519000000000000057e+02
2.100000000000000000e+02 2.517857142860000010e+02
4.718846153850000178e+02 2.538846153849999894e+02
1.525666666669999927e+02 2.550999999999999943e+02
3.248999999999999773e+02 2.550999999999999943e+02
1.120000000000000000e+02 2.555000000000000000e+02
2.841153846149999822e+02 2.561153846149999822e+02
3.080882352940000146e+02 2.566176470589999781e+02
4.552222222220000276e+02 2.563888888889999862e+02
1.461111111099999960e+01 2.577777777779999724e+02
5.466363636360000555e+02 2.575000000000000000e+02
1.350000000000000000e+02 2.585000000000000000e+02
1.678846153849999894e+02 2.581153846149999822e+02
2.226176470590000065e+02 2.589117647059999854e+02
4.973421052630000077e+02 2.596578947369999923e+02
1.976250000000000000e+02 2.609583333329999846e+02
2.505500000000000114e+02 2.616000000000000227e+02
4.267105263160000277e+02 2.631315789469999800e+02
3.163947368419999862e+02 2.639210526319999985e+02
5.842222222220000276e+02 2.646111111110000138e+02
6.028947368400000073e+01 2.651315789469999800e+02
3.884411764710000057e+02 2.656764705879999724e+02
3.739999999999999858e+01 2.665500000000000114e+02
5.302142857139999705e+02 2.660000000000000000e+02
4.081470588239999984e+02 2.685000000000000000e+02
5.611153846150000390e+02 2.678846153850000178e+02
1.158636363640000013e+02 2.685909090910000145e+02
1.496999999999999886e+02 2.693000000000000114e+02
2.763888888889999862e+02 2.692222222220000276e+02
3.338571428569999853e+02 2.707142857140000274e+02
9.735714285699999948e+01 2.716904761900000267e+02
1.885476190480000014e+02 2.713095238099999733e+02
8.750000000000000000e+01 2.720000000000000000e+02
4.801153846149999822e+02 2.718846153850000178e+02
4.905000000000000000e+02 2.722333333330000187e+02
2.956111111110000138e+02 2.728333333329999846e+02
3.550000000000000000e+02 2.732142857140000274e+02
3.941363636359999987e+02 2.735909090910000145e+02
4.458846153850000178e+02 2.741153846149999822e+02
4.583181818180000278e+02 2.753181818180000278e+02
1.335000000000000000e+02 2.770000000000000000e+02
2.380000000000000000e+02 2.763000000000000114e+02
6.995454545500000165e+01 2.781363636359999987e+02
5.075000000000000000e+02 2.780000000000000000e+02
3.780000000000000000e+02 2.790000000000000000e+02
1.350000000000000000e+01 2.808809523809999860e+02
1.578636363640000013e+02 2.795909090910000145e+02
2.063095238100000017e+02 2.806428571430000147e+02
5.401666666669999586e+02 2.805833333329999846e+02
1.693333333330000130e+02 2.820000000000000000e+02
5.150000000000000000e+01 2.825000000000000000e+02
4.387500000000000000e+02 2.831250000000000000e+02
5.523571428569999853e+02 2.835714285710000127e+02
3.679166666670000154e+02 2.842500000000000000e+02
3.432222222220000276e+02 2.863888888889999862e+02
2.262142857139999990e+02 2.870000000000000000e+02
3.921428571430000147e+02 2.867857142859999726e+02
5.700882352940000146e+02 2.876176470589999781e+02
2.499499999999999886e+02 2.886000000000000227e+02
3.190000000000000000e+02 2.887857142859999726e+02
4.691000000000000227e+02 2.897500000000000000e+02
1.562222222219999992e+02 2.916666666670000154e+02
2.033333333330000130e+02 2.915000000000000000e+02
4.090000000000000000e+02 2.912142857140000274e+02
8.614285714300000052e+01 2.922857142859999726e+02
2.859545454550000159e+02 2.921363636359999987e+02
5.309666666670000268e+02 2.926333333329999959e+02
1.096250000000000000e+02 2.941250000000000000e+02
2.736250000000000000e+02 2.936250000000000000e+02
4.935000000000000000e+02 2.965000000000000000e+02
2.786842105299999872e+01 2.972894736839999723e+02
2.375666666669999927e+02 2.966333333329999959e+02
4.607105263160000277e+02 2.975000000000000000e+02
5.858571428569999853e+02 2.977142857140000274e+02
1.836111111110000138e+02 2.986666666670000154e+02
3.648529411760000016e+02 2.985000000000000000e+02
4.277812500000000000e+02 3.000000000000000000e+02
5.647500000000000000e+02 2.987500000000000000e+02
3.251000000000000227e+02 2.991000000000000227e+02
4.065555555560000016e+02 3.006111111110000138e+02
1.322894736840000007e+02 3.024473684210000215e+02
4.282608695999999604e+00 3.038913043480000056e+02
6.650000000000000000e+01 3.038076923080000142e+02
5.050000000000000000e+02 3.035000000000000000e+02
3.020000000000000000e+02 3.046999999999999886e+02
3.853235294120000276e+02 3.043235294120000276e+02
4.800000000000000000e+01 3.056875000000000000e+02
1.710999999999999943e+02 3.048999999999999773e+02
3.471000000000000227e+02 3.051000000000000227e+02
2.267857142860000010e+02 3.070000000000000000e+02
3.166176470589999781e+02 3.070882352940000146e+02
4.865000000000000000e+02 3.075000000000000000e+02
1.714705882399999837e+01 3.079705882349999797e+02
1.797857142860000010e+02 3.090000000000000000e+02
2.633999999999999773e+02 3.094499999999999886e+02
2.838750000000000000e+02 3.097500000000000000e+02
1.051470588239999984e+02 3.105000000000000000e+02
2.067777777780000008e+02 3.106111111110000138e+02
7.529999999999999716e+01 3.105000000000000000e+02
4.455000000000000000e+02 3.120000000000000000e+02
1.460000000000000000e+02 3.135000000000000000e+02
5.326176470589999781e+02 3.129117647059999854e+02
5.788846153849999610e+02 3.141153846149999822e+02
1.235000000000000000e+02 3.170000000000000000e+02
4.110000000000000000e+02 3.182142857140000274e+02
5.549500000000000455e+02 3.183500000000000227e+02
7.316666666700000121e+01 3.187500000000000000e+02
2.374090909090000139e+02 3.188636363640000013e+02
3.926904761900000267e+02 3.195952380950000133e+02
5.000000000000000000e-01 3.195000000000000000e+02
3.393181818180000278e+02 3.196818181819999722e+02
4.638846153850000178e+02 3.228846153850000178e+02
2.223000000000000114e+02 3.235000000000000000e+02
2.925909090910000145e+02 3.245909090910000145e+02
4.990000000000000000e+02 3.245000000000000000e+02
1.945500000000000114e+02 3.256000000000000227e+02
5.000000000000000000e+01 3.257857142859999726e+02
1.605000000000000000e+02 3.265000000000000000e+02
3.587105263160000277e+02 3.268684210530000200e+02
3.527777777800000081e+01 3.280000000000000000e+02
2.733666666670000041e+02 3.280333333329999732e+02
3.188999999999999773e+02 3.278999999999999773e+02
5.675000000000000000e+02 3.290000000000000000e+02
5.885000000000000000e+02 3.295000000000000000e+02
9.200000000000000000e+01 3.304499999999999886e+02
4.318846153850000178e+02 3.298846153850000178e+02
5.197777777779999724e+02 3.303888888889999862e+02
1.542222222219999992e+02 3.316111111110000138e+02
4.703333333329999846e+02 3.310000000000000000e+02
1.338235294100000061e+01 3.320882352940000146e+02
2.568125000000000000e+02 3.330000000000000000e+02
1.356333333329999959e+02 3.339666666670000268e+02
3.452619047619999719e+02 3.351190476190000140e+02
3.803750000000000000e+02 3.341875000000000000e+02
4.861666666670000154e+02 3.337500000000000000e+02
5.538333333330000414e+02 3.337500000000000000e+02
3.270000000000000000e+02 3.360000000000000000e+02
5.363461538459999929e+02 3.360384615379999786e+02
2.311153846150000106e+02 3.371153846149999822e+02
4.105000000000000000e+02 3.370000000000000000e+02
1.048125000000000000e+02 3.383750000000000000e+02
1.813421052630000077e+02 3.386578947369999923e+02
4.518999999999999773e+02 3.381000000000000227e+02
7.200000000000000000e+01 3.397857142859999726e+02
2.970882352940000146e+02 3.403823529410000219e+02
3.465789473699999945e+01 3.416578947369999923e+02
2.542777777780000008e+02 3.410000000000000000e+02
3.708846153850000178e+02 3.437307692310000107e+02
5.050000000000000000e+02 3.437857142859999726e+02
5.734615384599999999e+01 3.450384615379999786e+02
9.400000000000000000e+01 3.450000000000000000e+02
5.215909090909999577e+02 3.451363636359999987e+02
3.917142857140000274e+02 3.464285714289999873e+02
2.158846153849999894e+02 3.471153846149999822e+02
2.803999999999999773e+02 3.475500000000000114e+02
5.795000000000000000e+02 3.475000000000000000e+02
1.684375000000000000e+02 3.483750000000000000e+02
1.971666666669999870e+02 3.482333333330000187e+02
4.356052631580000138e+02 3.485000000000000000e+02
4.793888888889999862e+02 3.483333333329999846e+02
4.628846153850000178e+02 3.488846153850000178e+02
1.175000000000000000e+01 3.498750000000000000e+02
7.014285714300000052e+01 3.527142857140000274e+02
1.356250000000000000e+02 3.528333333329999846e+02
9.996666666699999837e+01 3.563666666670000041e+02
2.380000000000000000e+02 3.560000000000000000e+02
5.397307692309999538e+02 3.571153846149999822e+02
2.658529411760000016e+02 3.580294117650000203e+02
3.578846153850000178e+02 3.578846153850000178e+02
5.144090909090000423e+02 3.578636363640000013e+02
1.509117647060000138e+02 3.591470588239999984e+02
4.438684210530000200e+02 3.597105263160000277e+02
3.195000000000000000e+02 3.600714285710000127e+02
5.553181818179999709e+02 3.603181818180000278e+02
4.991666666670000154e+02 3.612500000000000000e+02
3.358333333299999879e+01 3.621666666670000154e+02
3.338999999999999773e+02 3.618999999999999773e+02
3.745909090910000145e+02 3.624090909089999855e+02
4.128846153850000178e+02 3.631153846149999822e+02
4.643823529410000219e+02 3.633823529410000219e+02
2.781153846149999822e+02 3.642692307689999893e+02
2.998999999999999773e+02 3.645500000000000114e+02
8.026190476200000035e+01 3.668809523809999860e+02
2.148846153849999894e+02 3.661153846149999822e+02
4.350000000000000000e+02 3.653000000000000114e+02
1.958636363640000013e+02 3.665909090910000145e+02
4.495454545500000165e+01 3.675000000000000000e+02
5.690000000000000000e+02 3.682777777779999724e+02
1.730999999999999943e+02 3.698999999999999773e+02
4.901000000000000227e+02 3.698999999999999773e+02
1.132826086959999969e+02 3.715869565219999799e+02
1.406818181820000007e+02 3.706818181819999722e+02
6.178571428600000104e+01 3.720000000000000000e+02
3.978750000000000000e+02 3.722500000000000000e+02
1.543235294119999992e+02 3.735588235289999943e+02
3.813823529410000219e+02 3.737941176470000073e+02
2.262692307689999893e+02 3.762692307689999893e+02
2.515526315790000069e+02 3.776578947369999923e+02
2.070999999999999943e+02 3.778999999999999773e+02
3.445000000000000000e+02 3.785000000000000000e+02
4.226000000000000227e+02 3.785500000000000114e+02
5.493421052630000077e+02 3.784473684210000215e+02
4.395476190480000014e+02 3.796904761900000267e+02
2.200000000000000000e+01 3.805833333329999846e+02
5.265000000000000000e+02 3.800000000000000000e+02
3.100000000000000000e+02 3.810000000000000000e+02
3.600000000000000000e+01 3.825000000000000000e+02
8.107894736800000146e+01 3.826052631580000138e+02
1.942222222219999992e+02 3.826111111110000138e+02
5.048529411760000016e+02 3.820294117650000203e+02
2.935000000000000000e+02 3.853636363640000013e+02
3.936111111110000138e+02 3.847777777779999724e+02
9.588461538500000358e+01 3.848846153850000178e+02
3.230882352940000146e+02 3.853823529410000219e+02
5.817500000000000000e+02 3.852500000000000000e+02
1.270000000000000000e+02 3.875000000000000000e+02
2.693421052630000077e+02 3.886578947369999923e+02
1.648529411760000016e+02 3.895000000000000000e+02
4.152826086960000112e+02 3.894130434780000201e+02
3.679666666670000268e+02 3.906333333329999959e+02
4.792500000000000000e+02 3.917500000000000000e+02
6.265789473699999945e+01 3.923421052630000077e+02
5.232142857139999705e+02 3.920000000000000000e+02
1.346153845999999987e+00 3.935000000000000000e+02
3.515588235289999943e+02 3.931470588239999984e+02
4.621000000000000227e+02 3.928999999999999773e+02
4.367857142859999726e+02 3.940000000000000000e+02
5.038000000000000114e+02 3.941999999999999886e+02
2.142500000000000000e+02 3.949166666670000154e+02
1.458846153849999894e+02 3.961153846149999822e+02
1.795000000000000000e+02 3.955000000000000000e+02
2.811363636359999987e+02 3.955909090910000145e+02
1.661470588239999984e+02 3.985000000000000000e+02
5.422058823529999927e+02 3.986176470589999781e+02
5.604500000000000455e+02 3.983999999999999773e+02
1.099666666669999984e+02 3.996333333329999959e+02
1.939615384619999929e+02 3.986538461540000071e+02
3.026000000000000227e+02 3.994499999999999886e+02
1.322222222199999919e+01 4.003888888889999862e+02
4.650000000000000000e+01 4.010000000000000000e+02
2.750000000000000000e+01 4.015000000000000000e+02
2.277105263159999993e+02 4.025000000000000000e+02
5.783750000000000000e+02 4.025625000000000000e+02
3.716666666670000154e+02 4.036250000000000000e+02
4.495000000000000000e+02 4.030000000000000000e+02
8.929999999999999716e+01 4.055000000000000000e+02
1.447105263159999993e+02 4.078684210530000200e+02
2.619444444439999984e+02 4.083888888889999862e+02
3.905000000000000000e+02 4.076999999999999886e+02
3.230384615379999786e+02 4.103461538459999929e+02
4.020000000000000000e+02 4.100000000000000000e+02
7.563333333299999595e+01 4.110333333329999732e+02
2.458636363640000013e+02 4.124090909089999855e+02
5.281153846150000390e+02 4.131153846149999822e+02
3.420500000000000114e+02 4.146000000000000227e+02
4.250000000000000000e+02 4.140000000000000000e+02
4.788000000000000114e+02 4.143999999999999773e+02
5.132999999999999545e+02 4.135000000000000000e+02
9.500000000000000000e+01 4.152142857140000274e+02
1.221363636359999987e+02 4.145909090910000145e+02
2.215000000000000000e+02 4.155000000000000000e+02
1.109999999999999964e+01 4.158999999999999773e+02
4.967727272729999868e+02 4.180000000000000000e+02
5.440294117649999635e+02 4.178529411760000016e+02
1.698636363640000013e+02 4.175909090910000145e+02
2.020000000000000000e+02 4.192142857140000274e+02
2.903666666670000041e+02 4.189666666670000268e+02
3.110000000000000000e+02 4.192142857140000274e+02
5.905000000000000000e+02 4.195000000000000000e+02
3.725000000000000000e+02 4.210000000000000000e+02
3.171000000000000227e+02 4.228999999999999773e+02
4.372142857140000274e+02 4.230000000000000000e+02
5.261111111099999960e+01 4.246666666670000154e+02
1.904090909090000139e+02 4.238636363640000013e+02
3.923750000000000000e+02 4.243750000000000000e+02
4.144473684210000215e+02 4.258684210530000200e+02
5.655909090909999577e+02 4.271363636359999987e+02
2.573529411799999878e+01 4.284411764710000057e+02
4.860000000000000000e+02 4.280000000000000000e+02
2.451470588239999984e+02 4.290294117650000203e+02
5.146250000000000000e+02 4.298125000000000000e+02
9.606250000000000000e+01 4.307500000000000000e+02
9.285714290000000037e-01 4.312142857140000274e+02
3.975000000000000000e+01 4.307500000000000000e+02
2.085000000000000000e+02 4.313000000000000114e+02
2.642142857140000274e+02 4.310000000000000000e+02
3.438846153850000178e+02 4.312692307689999893e+02
1.172777777780000008e+02 4.330000000000000000e+02
1.566818181820000007e+02 4.326818181819999722e+02
2.826250000000000000e+02 4.336250000000000000e+02
4.635000000000000000e+02 4.348809523809999860e+02
1.304047619049999867e+02 4.363095238099999733e+02
2.977857142859999726e+02 4.345000000000000000e+02
3.721153846149999822e+02 4.347307692310000107e+02
5.044090909089999855e+02 4.351363636359999987e+02
4.305000000000000000e+02 4.371666666670000154e+02
4.696666666699999837e+01 4.393666666670000041e+02
3.240000000000000000e+02 4.393000000000000114e+02
5.826538461540000071e+02 4.389615384620000214e+02
6.872222222199999919e+01 4.410000000000000000e+02
5.410000000000000000e+02 4.412142857140000274e+02
1.970000000000000000e+02 4.416999999999999886e+02
2.595000000000000000e+02 4.423666666670000041e+02
3.874090909089999855e+02 4.431363636359999987e+02
5.596538461540000071e+02 4.430384615379999786e+02
1.797500000000000000e+02 4.446499999999999773e+02
5.170333333329999732e+02 4.446333333329999959e+02
1.500000000000000000e+01 4.450000000000000000e+02
4.636999999999999886e+02 4.448000000000000114e+02
4.073461538459999929e+02 4.457307692310000107e+02
1.612777777780000008e+02 4.475555555560000016e+02
2.347307692310000107e+02 4.467307692310000107e+02
3.562142857140000274e+02 4.465000000000000000e+02
3.815000000000000000e+02 4.490000000000000000e+02
5.000000000000000000e-01 4.505000000000000000e+02
2.185000000000000000e+02 4.513260869569999727e+02
2.427500000000000000e+02 4.521666666670000154e+02
4.798333333329999846e+02 4.525476190480000014e+02
8.300000000000000000e+01 4.535000000000000000e+02
1.133571428569999995e+02 4.541190476190000140e+02
2.980000000000000000e+02 4.530000000000000000e+02
5.023666666670000041e+02 4.529666666670000268e+02
4.503823529410000219e+02 4.540882352940000146e+02
5.433125000000000000e+02 4.540000000000000000e+02
2.761000000000000227e+02 4.548999999999999773e+02
3.407727272729999868e+02 4.560000000000000000e+02
5.687173913039999888e+02 4.558913043480000056e+02
6.976315789500000619e+01 4.571842105260000153e+02
1.913888888889999862e+02 4.562222222220000276e+02
4.000000000000000000e+01 4.567857142859999726e+02
1.289117647060000138e+02 4.576176470589999781e+02
4.172647058819999870e+02 4.577352941180000130e+02
4.321153846149999822e+02 4.571153846149999822e+02
3.135909090910000145e+02 4.581363636359999987e+02
1.450000000000000000e+01 4.596428571430000147e+02
3.642500000000000000e+02 4.619166666670000154e+02
1.475909090909999861e+02 4.641363636359999987e+02
1.753333333330000130e+02 4.655000000000000000e+02
3.473333333329999846e+02 4.655000000000000000e+02
4.693888888889999862e+02 4.652222222220000276e+02
5.263888888889999862e+02 4.652222222220000276e+02
5.905000000000000000e+02 4.635000000000000000e+02
1.070999999999999943e+02 4.661000000000000227e+02
2.630000000000000000e+02 4.657857142859999726e+02
4.021666666670000154e+02 4.675000000000000000e+02
5.053181818180000278e+02 4.666818181819999722e+02
2.850000000000000000e+02 4.682142857140000274e+02
3.024333333330000073e+02 4.706999999999999886e+02
4.378125000000000000e+02 4.706250000000000000e+02
5.789117647059999854e+02 4.716176470589999781e+02
2.341666666669999870e+02 4.724166666670000154e+02
1.181666666670000012e+02 4.730000000000000000e+02
5.240909090899999967e+01 4.738636363640000013e+02
2.093421052630000077e+02 4.746578947369999923e+02
3.710000000000000000e+02 4.740000000000000000e+02
5.575000000000000000e+02 4.745000000000000000e+02
8.550000000000000000e+01 4.750000000000000000e+02
4.826428571430000147e+02 4.751666666670000154e+02
3.011538461499999997e+01 4.758846153850000178e+02
1.965909090909999861e+02 4.788636363640000013e+02
2.554375000000000000e+02 4.792500000000000000e+02
5.342105262999999660e+00 4.803421052630000077e+02
6.311538461500000352e+01 4.801153846149999822e+02
1.380000000000000000e+02 4.800000000000000000e+02
3.191666666670000154e+02 4.802500000000000000e+02
3.397777777779999724e+02 4.806111111110000138e+02
4.302692307689999893e+02 4.806538461540000071e+02
4.019117647059999854e+02 4.816176470589999781e+02
4.503181818180000278e+02 4.816818181819999722e+02
1.107352941179999988e+02 4.847352941180000130e+02
1.622142857139999990e+02 4.841428571430000147e+02
5.606363636360000555e+02 4.861818181819999722e+02
3.871153846149999822e+02 4.857307692310000107e+02
5.182142857139999705e+02 4.860000000000000000e+02
1.750000000000000000e+02 4.880000000000000000e+02
4.757941176470000073e+02 4.880882352940000146e+02
5.414500000000000455e+02 4.886000000000000227e+02
2.561153846149999822e+02 4.888846153850000178e+02
5.879666666670000268e+02 4.896333333329999959e+02
2.346538461540000071e+02 4.899615384620000214e+02
5.020000000000000000e+02 4.897857142859999726e+02
9.300000000000000000e+01 4.920000000000000000e+02
4.038235294100000061e+01 4.930882352940000146e+02
2.850000000000000000e+02 4.930000000000000000e+02
3.168750000000000000e+02 4.937500000000000000e+02
1.535000000000000000e+02 4.936999999999999886e+02
2.967857142859999726e+02 4.950000000000000000e+02
3.643750000000000000e+02 4.943750000000000000e+02
2.261153846150000106e+02 4.962692307689999893e+02
1.930000000000000000e+02 4.982142857140000274e+02
2.061363636359999987e+02 4.985909090910000145e+02
4.850333333329999732e+02 4.993666666670000041e+02
5.621153846150000390e+02 4.988846153850000178e+02
3.394736841999999921e+00 5.000789473680000015e+02
5.183333333299999879e+01 4.997666666669999813e+02
1.685000000000000000e+02 4.995000000000000000e+02
4.647857142859999726e+02 5.000000000000000000e+02
5.088846153850000178e+02 5.011153846149999822e+02
6.659090909100000033e+01 5.021363636359999987e+02
4.430000000000000000e+02 5.022142857140000274e+02
1.258125000000000000e+02 5.036250000000000000e+02
3.468846153850000178e+02 5.051153846149999822e+02
2.392692307689999893e+02 5.062692307689999893e+02
3.698846153850000178e+02 5.061153846149999822e+02
5.446250000000000000e+02 5.056250000000000000e+02
1.380000000000000000e+02 5.075000000000000000e+02
4.015476190480000014e+02 5.073095238099999733e+02
4.203666666670000041e+02 5.069666666670000268e+02
2.361764705899999939e+01 5.079117647059999854e+02
9.150000000000000000e+01 5.086052631580000138e+02
2.833461538459999929e+02 5.084230769229999964e+02
5.216538461540000071e+02 5.079615384620000214e+02
5.516666666700000121e+01 5.090000000000000000e+02
1.059210526319999985e+02 5.106052631580000138e+02
2.581000000000000227e+02 5.101000000000000227e+02
4.737500000000000000e+02 5.105625000000000000e+02
3.840263157890000230e+02 5.131315789469999800e+02
2.126999999999999886e+02 5.135666666670000495e+02
3.180000000000000000e+02 5.147000000000000455e+02
5.789210526320000554e+02 5.166052631579999570e+02
4.906000000000000227e+02 5.184500000000000455e+02
5.588333333330000414e+02 5.182500000000000000e+02
6.771052631599999927e+01 5.198684210530000200e+02
2.971363636359999987e+02 5.185909090909999577e+02
3.150000000000000000e+01 5.195000000000000000e+02
1.633571428570000137e+02 5.203095238099999733e+02
5.358333333330000414e+02 5.204166666669999586e+02
3.503888888889999862e+02 5.216666666669999586e+02
4.520454545449999841e+02 5.208636363639999445e+02
3.370000000000000000e+02 5.216666666669999586e+02
4.388076923080000142e+02 5.224230769230000533e+02
2.324090909090000139e+02 5.231363636360000555e+02
2.600000000000000089e+00 5.242000000000000455e+02
9.245238095199999862e+01 5.252619047619999719e+02
1.752142857139999990e+02 5.240000000000000000e+02
1.956176470590000065e+02 5.237941176470000073e+02
4.143500000000000227e+02 5.243500000000000227e+02
5.199736842109999770e+02 5.255000000000000000e+02
1.268846153850000036e+02 5.258846153849999610e+02
3.921153846149999822e+02 5.258846153849999610e+02
2.609545454550000159e+02 5.271363636360000555e+02
2.472777777780000008e+02 5.280000000000000000e+02
3.134473684210000215e+02 5.288157894739999847e+02
4.185714285699999948e+01 5.292857142860000295e+02
4.685000000000000000e+02 5.305000000000000000e+02
4.851666666670000154e+02 5.301666666669999586e+02
2.768809523809999860e+02 5.335000000000000000e+02
5.891666666669999586e+02 5.333333333330000414e+02
3.701470588239999984e+02 5.339705882350000365e+02
1.115000000000000000e+02 5.365000000000000000e+02
5.318809523810000428e+02 5.370238095239999438e+02
5.550000000000000000e+01 5.377352941179999561e+02
4.185000000000000000e+02 5.375000000000000000e+02
3.510000000000000000e+02 5.382142857139999705e+02
1.532142857139999990e+02 5.390000000000000000e+02
1.750000000000000000e+02 5.390000000000000000e+02
2.128846153849999894e+02 5.388846153849999610e+02
2.941153846149999822e+02 5.391153846150000390e+02
3.858999999999999773e+02 5.391000000000000227e+02
5.564411764709999488e+02 5.396764705880000292e+02
4.070000000000000000e+02 5.400000000000000000e+02
1.925000000000000000e+01 5.414500000000000455e+02
4.396250000000000000e+02 5.411875000000000000e+02
2.813636363599999868e+01 5.425000000000000000e+02
1.877777777780000008e+02 5.426111111110000138e+02
3.322500000000000000e+02 5.425000000000000000e+02
4.959375000000000000e+02 5.427500000000000000e+02
5.145000000000000000e+02 5.417000000000000455e+02
8.212500000000000000e+01 5.447500000000000000e+02
2.294000000000000057e+02 5.465499999999999545e+02
3.160000000000000000e+02 5.480000000000000000e+02
5.950000000000000000e+01 5.487857142860000295e+02
1.257777777780000008e+02 5.493888888889999862e+02
4.764411764710000057e+02 5.502647058820000439e+02
1.083750000000000000e+02 5.514375000000000000e+02
2.630333333329999732e+02 5.516333333329999959e+02
4.491153846149999822e+02 5.532692307690000462e+02
5.281000000000000227e+02 5.531000000000000227e+02
2.038571428570000137e+02 5.545714285709999558e+02
2.785555555560000016e+02 5.557222222220000276e+02
3.588125000000000000e+02 5.566250000000000000e+02
2.240000000000000000e+02 5.570000000000000000e+02
5.748333333330000414e+02 5.578750000000000000e+02
1.031818181799999934e+01 5.576818181820000291e+02
7.857692307700000356e+01 5.578076923080000142e+02
5.107666666669999813e+02 5.588333333330000414e+02
5.553571428569999853e+02 5.586904761900000267e+02
1.700000000000000000e+02 5.592142857139999705e+02
4.339705882349999797e+02 5.591470588240000552e+02
3.138888888900000040e+01 5.617777777779999724e+02
3.760333333329999732e+02 5.616333333329999959e+02
2.482058823529999927e+02 5.627352941179999561e+02
4.889736842109999770e+02 5.628684210530000200e+02
1.802272727270000132e+02 5.637727272729999868e+02
1.483571428570000137e+02 5.642142857139999705e+02
3.450000000000000000e+02 5.641666666669999586e+02
5.450000000000000000e+01 5.645000000000000000e+02
2.985000000000000000e+02 5.645000000000000000e+02
