3.200000000000000000e+01 1.833333332999999898e+00
3.950000000000000000e+01 5.000000000000000000e-01
4.970000000000000284e+01 1.399999999999999911e+00
1.360000000000000000e+02 1.500000000000000000e+00
1.560000000000000000e+02 1.500000000000000000e+00
1.816739130429999989e+02 2.934782608999999987e+00
3.088333333329999846e+02 2.366666667000000057e+00
4.088333333329999846e+02 1.766666666999999968e+00
5.051666666670000154e+02 1.766666666999999968e+00
2.423823529409999935e+02 2.911764706000000036e+00
3.462333333330000187e+02 4.166666667000000324e+00
5.599615384620000214e+02 4.346153845999999987e+00
1.102631578899999987e+01 6.131578947000000390e+00
2.298636363640000013e+02 5.954545454999999876e+00
4.724166666670000154e+02 6.666666667000000324e+00
2.015000000000000000e+02 8.147058824000000143e+00
3.353888888889999862e+02 8.777777778000000808e+00
5.288999999999999773e+02 9.566666666999999791e+00
2.796578947369999923e+02 1.165789473699999945e+01
3.691086956519999944e+02 1.128260869600000049e+01
5.868333333330000414e+02 1.150000000000000000e+01
4.389117647059999854e+02 1.238235294100000061e+01
4.871000000000000227e+02 1.190000000000000036e+01
1.116578947370000066e+02 1.334210526300000055e+01
2.173823529409999935e+02 1.308823529400000041e+01
7.575000000000000000e+01 1.416666666699999944e+01
4.547500000000000000e+02 1.391666666699999944e+01
2.620882352940000146e+02 1.538235294100000061e+01
1.416333333329999959e+02 1.603333333300000163e+01
2.330882352939999862e+02 1.638235294100000061e+01
4.260000000000000000e+02 1.750000000000000000e+01
3.956818181819999722e+02 1.931818181799999934e+01
9.150000000000000000e+01 2.100000000000000000e+01
1.812142857139999990e+02 2.114285714300000052e+01
3.577173913039999888e+02 2.158695652200000126e+01
5.436333333329999959e+02 2.103333333300000163e+01
7.636363636400000132e+01 2.250000000000000000e+01
3.026578947369999923e+02 2.234210526300000055e+01
5.584473684209999647e+02 2.371052631599999927e+01
6.150000000000000000e+01 2.414705882399999837e+01
1.670882352939999862e+02 2.461764705899999939e+01
3.295000000000000000e+02 2.428947368400000073e+01
4.908846153850000178e+02 2.373076923100000002e+01
5.123999999999999773e+02 2.430000000000000071e+01
1.660000000000000142e+01 2.544999999999999929e+01
2.696999999999999886e+02 2.700000000000000000e+01
2.838571428569999853e+02 2.828571428600000104e+01
4.755000000000000000e+02 2.850000000000000000e+01
3.778999999999999773e+02 2.889999999999999858e+01
5.326333333329999959e+02 2.896666666699999837e+01
1.081666666670000012e+02 3.025000000000000000e+01
1.225000000000000000e+02 3.050000000000000000e+01
1.411875000000000000e+02 3.043750000000000000e+01
3.873750000000000000e+02 2.962500000000000000e+01
4.322500000000000000e+02 3.100000000000000000e+01
5.768157894739999847e+02 3.034210526300000055e+01
1.102631578899999987e+01 3.181578947399999890e+01
2.550999999999999943e+02 3.180000000000000071e+01
3.127857142859999726e+02 3.200000000000000000e+01
3.651153846149999822e+02 3.288461538499999648e+01
5.095000000000000000e+02 3.350000000000000000e+01
4.361111111099999960e+01 3.383333333299999879e+01
4.135000000000000000e+02 3.407142857099999844e+01
4.568000000000000114e+02 3.439999999999999858e+01
1.873333333330000130e+02 3.533333333299999879e+01
2.166999999999999886e+02 3.500000000000000000e+01
1.190555555560000016e+02 3.855555555600000162e+01
2.003461538459999929e+02 3.780769230800000003e+01
9.040909090899999967e+01 3.959090909100000033e+01
3.335000000000000000e+02 3.961111111099999960e+01
2.360000000000000000e+02 4.021428571399999896e+01
7.100000000000000000e+01 4.078571428600000104e+01
5.197105263160000277e+02 4.150000000000000000e+01
5.564411764709999488e+02 4.073529411799999878e+01
4.012333333330000187e+02 4.229999999999999716e+01
4.747105263160000277e+02 4.250000000000000000e+01
2.685714285699999948e+01 4.328571428600000104e+01
4.385294117600000163e+01 4.350000000000000000e+01
3.840000000000000000e+02 4.300000000000000000e+01
5.000000000000000000e+00 4.550000000000000000e+01
5.418846153849999610e+02 4.511538461500000352e+01
1.680555555560000016e+02 4.661111111099999960e+01
3.030882352940000146e+02 4.661764705899999939e+01
5.790000000000000000e+02 4.850000000000000000e+01
2.057222222219999992e+02 4.900000000000000000e+01
2.724499999999999886e+02 4.939999999999999858e+01
4.986176470589999781e+02 4.908823529400000041e+01
4.405909090910000145e+02 4.968181818200000066e+01
4.163823529410000219e+02 5.208823529400000041e+01
1.367500000000000000e+02 5.375000000000000000e+01
3.184090909089999855e+02 5.286363636400000132e+01
3.298000000000000114e+02 5.320000000000000284e+01
3.716578947369999923e+02 5.365789473699999945e+01
4.645000000000000000e+02 5.300000000000000000e+01
3.511000000000000227e+02 5.410000000000000142e+01
2.254090909090000139e+02 5.640909090899999967e+01
3.960000000000000000e+02 5.600000000000000000e+01
1.897608695650000072e+02 5.754347826099999708e+01
1.022999999999999972e+02 5.750000000000000000e+01
1.250000000000000000e+02 5.900000000000000000e+01
5.850833333330000414e+02 5.925000000000000000e+01
3.389615384620000214e+02 6.134615384599999999e+01
5.944736842100000018e+01 6.218421052600000110e+01
2.899666666670000268e+02 6.236666666699999695e+01
5.146538461540000071e+02 6.196153846200000004e+01
2.424000000000000057e+02 6.320000000000000284e+01
4.840000000000000000e+02 6.250000000000000000e+01
3.757222222220000276e+02 6.400000000000000000e+01
1.690714285710000127e+02 6.550000000000000000e+01
2.612894736839999723e+02 6.550000000000000000e+01
8.662500000000000000e+01 6.681250000000000000e+01
4.333125000000000000e+02 6.631250000000000000e+01
5.485499999999999545e+02 6.640000000000000568e+01
5.668529411759999448e+02 6.650000000000000000e+01
4.165789473699999945e+01 6.765789473700000656e+01
3.173181818180000278e+02 6.668181818200000066e+01
3.985000000000000000e+02 6.700000000000000000e+01
1.441250000000000000e+02 6.825000000000000000e+01
5.325625000000000000e+02 6.881250000000000000e+01
2.158333333299999879e+01 7.150000000000000000e+01
5.012333333330000187e+02 7.229999999999999716e+01
2.165000000000000000e+02 7.300000000000000000e+01
7.231818181799999934e+01 7.431818181799999934e+01
1.772777777780000008e+02 7.400000000000000000e+01
4.480555555560000016e+02 7.427777777800000081e+01
4.686333333329999959e+02 7.396666666699999837e+01
5.765000000000000000e+02 7.400000000000000000e+01
1.318846153849999894e+02 7.573076923099999647e+01
2.680000000000000000e+02 7.578571428600000104e+01
3.483999999999999773e+02 7.745000000000000284e+01
2.010000000000000000e+02 7.827777777800000081e+01
5.171428571430000147e+02 7.828571428600000104e+01
2.975000000000000000e+02 7.929999999999999716e+01
5.330000000000000000e+02 7.950000000000000000e+01
9.197058823499999392e+01 8.014705882399999837e+01
1.135000000000000000e+02 8.000000000000000000e+01
3.336176470589999781e+02 7.991176470599999959e+01
1.287500000000000000e+01 8.175000000000000000e+01
2.572391304349999928e+02 8.254347826100000418e+01
3.630652173909999760e+02 8.258695652199999415e+01
4.850000000000000000e+02 8.221428571399999896e+01
6.236666666699999695e+01 8.396666666699999837e+01
5.550714285709999558e+02 8.469047618999999827e+01
2.301153846150000106e+02 8.511538461499999642e+01
2.891111111110000138e+02 8.511111111099999960e+01
4.116764705879999724e+02 8.755882352899999432e+01
2.365000000000000000e+02 8.825000000000000000e+01
3.170000000000000000e+02 8.950000000000000000e+01
4.461153846149999822e+02 9.011538461499999642e+01
3.007894736800000146e+01 9.107894736800000146e+01
1.600000000000000000e+02 9.150000000000000000e+01
3.862777777779999724e+02 9.200000000000000000e+01
4.275000000000000000e+02 9.300000000000000000e+01
1.720000000000000000e+02 9.400000000000000000e+01
2.939499999999999886e+02 9.459999999999999432e+01
5.061153846149999822e+02 9.388461538500000358e+01
1.301153846150000106e+02 9.488461538500000358e+01
2.080000000000000000e+02 9.527777777800000081e+01
4.641363636359999987e+02 9.504545454499999835e+01
7.972222222199999919e+01 9.738888888900000040e+01
4.500000000000000000e+01 9.878571428600000104e+01
1.143888888890000004e+02 9.922222222199999919e+01
4.026333333329999959e+02 1.000333333330000016e+02
5.743333333330000414e+02 1.006111111109999996e+02
5.875000000000000000e+00 1.019375000000000000e+02
2.780000000000000000e+02 1.015000000000000000e+02
3.703235294120000276e+02 1.014411764710000057e+02
6.168181818200000066e+01 1.023181818179999993e+02
5.281666666669999586e+02 1.024166666670000012e+02
8.638235294099999351e+01 1.030882352940000004e+02
1.929666666669999984e+02 1.033666666670000041e+02
2.460000000000000000e+02 1.025000000000000000e+02
3.326111111110000138e+02 1.039444444439999984e+02
3.871666666670000154e+02 1.053888888890000004e+02
5.415000000000000000e+02 1.065000000000000000e+02
2.292222222219999992e+02 1.076111111109999996e+02
4.959736842109999770e+02 1.088684210530000058e+02
1.470000000000000000e+02 1.090000000000000000e+02
3.468125000000000000e+02 1.096250000000000000e+02
1.610000000000000000e+02 1.097857142860000010e+02
4.542647058819999870e+02 1.112647058820000012e+02
5.620000000000000000e+02 1.110000000000000000e+02
7.640909090899999967e+01 1.134090909089999997e+02
4.208999999999999773e+02 1.130999999999999943e+02
5.132222222220000276e+02 1.143888888890000004e+02
3.508823529400000041e+01 1.166176470590000065e+02
3.128750000000000000e+02 1.167500000000000000e+02
4.780882352940000146e+02 1.158529411760000016e+02
5.837857142860000295e+02 1.160000000000000000e+02
2.053000000000000114e+02 1.165000000000000000e+02
1.200000000000000000e+01 1.185000000000000000e+02
1.056428571430000005e+02 1.184285714290000016e+02
2.680789473680000015e+02 1.186052631579999996e+02
4.467857142859999726e+02 1.176428571430000005e+02
2.285000000000000000e+02 1.190000000000000000e+02
3.416818181819999722e+02 1.196818181820000007e+02
1.218846153850000036e+02 1.208846153850000036e+02
5.200000000000000000e+01 1.222142857139999990e+02
1.931153846150000106e+02 1.218846153850000036e+02
2.465000000000000000e+02 1.220000000000000000e+02
2.853823529410000219e+02 1.229117647059999996e+02
5.042500000000000000e+02 1.237500000000000000e+02
4.072647058819999870e+02 1.242647058820000012e+02
5.325000000000000000e+02 1.240000000000000000e+02
1.507777777780000008e+02 1.258888888890000004e+02
1.701999999999999886e+02 1.266500000000000057e+02
3.536000000000000227e+02 1.274500000000000028e+02
1.741167023550000010e+02 1.471081370450000065e+02
5.568846153849999610e+02 1.301153846150000106e+02
5.668846153849999610e+02 1.302692307689999893e+02
3.208999999999999773e+02 1.310999999999999943e+02
3.716818181819999722e+02 1.306818181820000007e+02
4.420000000000000000e+02 1.310000000000000000e+02
6.937500000000000000e+01 1.313750000000000000e+02
1.101190476189999998e+02 1.330238095240000007e+02
2.788636363640000013e+02 1.325909090909999861e+02
8.800000000000000000e+01 1.336999999999999886e+02
2.066578947369999923e+02 1.343421052630000077e+02
3.960000000000000000e+02 1.350000000000000000e+02
4.271000000000000227e+02 1.350999999999999943e+02
2.520333333330000016e+02 1.366333333329999959e+02
1.247857142860000010e+02 1.370000000000000000e+02
2.323333333330000130e+02 1.377777777780000008e+02
4.662500000000000000e+02 1.371666666669999870e+02
5.203823529410000219e+02 1.370882352939999862e+02
1.427666666670000097e+02 1.396999999999999886e+02
2.930000000000000000e+02 1.390000000000000000e+02
3.317222222220000276e+02 1.390000000000000000e+02
4.790000000000000000e+02 1.387857142860000010e+02
5.819615384620000214e+02 1.393461538459999929e+02
1.691666666700000121e+01 1.405000000000000000e+02
3.155000000000000000e+02 1.410000000000000000e+02
5.095000000000000000e+02 1.411250000000000000e+02
3.793750000000000000e+01 1.431250000000000000e+02
1.745000000000000000e+02 1.430000000000000000e+02
3.264705881999999892e+00 1.452647058819999870e+02
5.122727272699999901e+01 1.460000000000000000e+02
3.648529411760000016e+02 1.449705882350000081e+02
4.555000000000000000e+02 1.467500000000000000e+02
5.369285714290000442e+02 1.477142857139999990e+02
4.090000000000000000e+02 1.487222222219999992e+02
2.614047619049999867e+02 1.503095238100000017e+02
5.538076923080000142e+02 1.495769230770000036e+02
1.961428571429999863e+02 1.515000000000000000e+02
2.157307692310000107e+02 1.511153846150000106e+02
2.486052631580000138e+02 1.515000000000000000e+02
5.238999999999999773e+02 1.509000000000000057e+02
2.251999999999999886e+02 1.525999999999999943e+02
4.320454545449999841e+02 1.521363636359999987e+02
2.864444444439999984e+02 1.542777777780000008e+02
5.695909090909999577e+02 1.554090909090000139e+02
6.271052631599999927e+01 1.565000000000000000e+02
1.196176470590000065e+02 1.569117647060000138e+02
4.701190476190000140e+02 1.574523809519999986e+02
9.000000000000000222e-01 1.586999999999999886e+02
8.250000000000000000e+01 1.595000000000000000e+02
3.392368421049999938e+02 1.592368421049999938e+02
3.506818181819999722e+02 1.585909090909999861e+02
3.900000000000000000e+02 1.590000000000000000e+02
5.001190476190000140e+02 1.599761904759999993e+02
1.445000000000000000e+02 1.617666666670000097e+02
3.791428571430000147e+02 1.612857142860000010e+02
1.022000000000000028e+02 1.635999999999999943e+02
2.750000000000000000e+02 1.625000000000000000e+02
5.395714285709999558e+02 1.642857142860000010e+02
2.174000000000000057e+02 1.646999999999999886e+02
1.895909090909999861e+02 1.665909090909999861e+02
3.048684210530000200e+02 1.667105263159999993e+02
4.418846153850000178e+02 1.661153846150000106e+02
4.107857142859999726e+02 1.675000000000000000e+02
4.570882352940000146e+02 1.693823529409999935e+02
2.328947368400000073e+01 1.705000000000000000e+02
1.271153846149999964e+02 1.698846153849999894e+02
2.916250000000000000e+02 1.693750000000000000e+02
5.202222222220000276e+02 1.703888888889999862e+02
1.520000000000000000e+02 1.710000000000000000e+02
2.483947368419999862e+02 1.710789473680000015e+02
4.371428571399999896e+01 1.721428571429999863e+02
3.269285714289999873e+02 1.735000000000000000e+02
1.134210526300000055e+01 1.743421052630000077e+02
2.025500000000000114e+02 1.744000000000000057e+02
6.925000000000000000e+01 1.762500000000000000e+02
3.763823529410000219e+02 1.766764705880000008e+02
4.764499999999999886e+02 1.764000000000000057e+02
4.285000000000000000e+02 1.775000000000000000e+02
3.423076922999999994e+00 1.786538461540000071e+02
9.525000000000000000e+01 1.782500000000000000e+02
3.426818181819999722e+02 1.783181818179999993e+02
5.445499999999999545e+02 1.784000000000000057e+02
5.560000000000000000e+02 1.777857142860000010e+02
2.204545454499999835e+01 1.798636363640000013e+02
3.606111111110000138e+02 1.802222222219999992e+02
3.898684210530000200e+02 1.802894736840000007e+02
5.815000000000000000e+02 1.810000000000000000e+02
5.464285714300000052e+01 1.823095238100000017e+02
8.173529411799999878e+01 1.835588235289999943e+02
1.163823529409999935e+02 1.830882352939999862e+02
2.291666666669999870e+02 1.835000000000000000e+02
5.046000000000000227e+02 1.835500000000000114e+02
1.751111111110000138e+02 1.847222222219999992e+02
4.652142857140000274e+02 1.840000000000000000e+02
2.869666666670000268e+02 1.853666666670000041e+02
1.514000000000000057e+02 1.868000000000000114e+02
4.503823529410000219e+02 1.860882352939999862e+02
3.001851851900000057e+01 1.882777777780000008e+02
3.071250000000000000e+02 1.877500000000000000e+02
3.230000000000000000e+02 1.872142857139999990e+02
4.816428571430000147e+02 1.878333333330000130e+02
1.865000000000000000e+02 1.876666666669999870e+02
4.139166666670000154e+02 1.892500000000000000e+02
9.115384614999999968e+00 1.911153846150000106e+02
2.725909090910000145e+02 1.921363636359999987e+02
5.164500000000000455e+02 1.925999999999999943e+02
7.838235294099999351e+01 1.939117647060000138e+02
5.550000000000000000e+02 1.945000000000000000e+02
2.550999999999999943e+02 1.950999999999999943e+02
2.901875000000000000e+02 1.956250000000000000e+02
3.767105263160000277e+02 1.951315789470000084e+02
5.753888888889999862e+02 1.952222222219999992e+02
9.444444440000000496e-01 1.967222222219999992e+02
3.337608695650000072e+02 1.978043478259999972e+02
1.407777777780000008e+02 1.996111111110000138e+02
5.323750000000000000e+02 1.991250000000000000e+02
1.035000000000000000e+02 2.005555555560000016e+02
2.083571428570000137e+02 2.016904761899999983e+02
4.270000000000000000e+02 2.015000000000000000e+02
4.705500000000000114e+02 2.031999999999999886e+02
1.263461538460000071e+02 2.030384615380000071e+02
3.563823529410000219e+02 2.040882352939999862e+02
5.800000000000000000e+01 2.052777777780000008e+02
1.740000000000000000e+02 2.050000000000000000e+02
2.280454545450000126e+02 2.048636363640000013e+02
8.664285714300000052e+01 2.062142857139999990e+02
3.956818181819999722e+02 2.059545454549999874e+02
4.454230769229999964e+02 2.058846153849999894e+02
4.979705882349999797e+02 2.062058823529999927e+02
5.755000000000000000e+02 2.077105263159999993e+02
5.901666666669999586e+02 2.070000000000000000e+02
2.436428571429999863e+02 2.092857142860000010e+02
1.870000000000000000e+02 2.107222222219999992e+02
2.250000000000000000e+01 2.115000000000000000e+02
1.591153846150000106e+02 2.108846153849999894e+02
4.115384614999999968e+00 2.121153846150000106e+02
4.745000000000000000e+02 2.118333333330000130e+02
4.900000000000000000e+01 2.130000000000000000e+02
5.150833333330000414e+02 2.132500000000000000e+02
2.976000000000000227e+02 2.149499999999999886e+02
4.065000000000000000e+02 2.141190476190000140e+02
1.188333333329999988e+02 2.147500000000000000e+02
2.607631578950000062e+02 2.158684210529999916e+02
4.369166666670000154e+02 2.147500000000000000e+02
1.373235294119999992e+02 2.175588235289999943e+02
1.009210526319999985e+02 2.186578947369999923e+02
2.768333333329999846e+02 2.184523809519999986e+02
3.231470588239999984e+02 2.189117647060000138e+02
7.000000000000000000e+01 2.190000000000000000e+02
3.855000000000000000e+02 2.185000000000000000e+02
1.738529411760000016e+02 2.210294117649999919e+02
2.854809523810000087e+02 2.259095238099999960e+02
5.890000000000000000e+02 2.200000000000000000e+02
3.625000000000000000e+02 2.217352941180000130e+02
2.349166666669999870e+02 2.215833333330000130e+02
2.505555555560000016e+02 2.230000000000000000e+02
3.500909090910000145e+02 2.229545454549999874e+02
2.200000000000000000e+01 2.230000000000000000e+02
2.131999999999999886e+02 2.228000000000000114e+02
4.516999999999999886e+02 2.225000000000000000e+02
5.567142857139999705e+02 2.237142857139999990e+02
5.025000000000000000e+02 2.245000000000000000e+02
1.435555555560000016e+02 2.275000000000000000e+02
6.150000000000000000e+01 2.283000000000000114e+02
4.633125000000000000e+02 2.284375000000000000e+02
5.316052631579999570e+02 2.279210526319999985e+02
3.885909090910000145e+02 2.295909090909999861e+02
4.091153846149999822e+02 2.311153846150000106e+02
4.197941176470000073e+02 2.317352941180000130e+02
1.925000000000000000e+02 2.330000000000000000e+02
2.255000000000000000e+02 2.322894736840000007e+02
4.850000000000000000e+02 2.324499999999999886e+02
3.244499999999999886e+02 2.335999999999999943e+02
5.666000000000000227e+02 2.334499999999999886e+02
3.650384615379999786e+02 2.336538461540000071e+02
5.196818181820000291e+02 2.336818181820000007e+02
3.137142857140000274e+02 2.352857142860000010e+02
1.689000000000000057e+02 2.360999999999999943e+02
4.470000000000000000e+02 2.362142857139999990e+02
1.060999999999999943e+02 2.369000000000000057e+02
2.665000000000000000e+02 2.378888888889999862e+02
7.740000000000000568e+01 2.385500000000000114e+02
1.290000000000000000e+02 2.380000000000000000e+02
2.871666666670000154e+02 2.385000000000000000e+02
2.875000000000000000e+00 2.399375000000000000e+02
5.335588235290000512e+02 2.393235294119999992e+02
3.877777777800000081e+01 2.413333333330000130e+02
1.777500000000000000e+02 2.421666666669999870e+02
5.497500000000000000e+02 2.420625000000000000e+02
2.171052631599999927e+01 2.451315789470000084e+02
4.093999999999999773e+02 2.455500000000000114e+02
5.168333333330000414e+02 2.454166666669999870e+02
5.847222222220000276e+02 2.471111111110000138e+02
2.656000000000000227e+02 2.471999999999999886e+02
2.089666666669999984e+02 2.483666666670000041e+02
3.436818181819999722e+02 2.483181818179999993e+02
6.736666666700000405e+01 2.490333333330000016e+02
2.358181818179999993e+02 2.501363636359999987e+02
3.265526315789999785e+02 2.493421052630000077e+02
3.842142857140000274e+02 2.500000000000000000e+02
4.478684210530000200e+02 2.505000000000000000e+02
4.365384615400000001e+01 2.510384615380000071e+02
3.695000000000000000e+02 2.513000000000000114e+02
4.675909090910000145e+02 2.521363636359999987e+02
1.481153846150000106e+02 2.531153846150000106e+02
1.925000000000000000e+02 2.540000000000000000e+02
4.335000000000000000e+02 2.530000000000000000e+02
4.882500000000000000e+02 2.538333333330000130e+02
2.858846153850000178e+02 2.551153846150000106e+02
1.099666666669999984e+02 2.563666666670000041e+02
3.007777777779999724e+02 2.566111111110000138e+02
5.665000000000000000e+02 2.560000000000000000e+02
1.050000000000000000e+01 2.590000000000000000e+02
8.945000000000000284e+01 2.593999999999999773e+02
1.320000000000000000e+02 2.587857142859999726e+02
5.049736842109999770e+02 2.601315789469999800e+02
6.025000000000000000e+01 2.622500000000000000e+02
3.545000000000000000e+02 2.626176470589999781e+02
5.275000000000000000e+02 2.630000000000000000e+02
1.640000000000000000e+02 2.645000000000000000e+02
3.916111111110000138e+02 2.642222222220000276e+02
5.865499999999999545e+02 2.646000000000000227e+02
4.345500000000000114e+02 2.653999999999999773e+02
5.444090909090000423e+02 2.655909090910000145e+02
1.168333333329999988e+02 2.657500000000000000e+02
2.226578947369999923e+02 2.663421052630000077e+02
5.628846153849999610e+02 2.671153846149999822e+02
1.499000000000000057e+02 2.685666666669999927e+02
2.717941176470000073e+02 2.682647058819999870e+02
4.152222222220000276e+02 2.683333333329999846e+02
2.540217391299999861e+02 2.701956521739999744e+02
4.738636363640000013e+02 2.689545454550000159e+02
2.950000000000000000e+01 2.715000000000000000e+02
2.108333333330000130e+02 2.715416666670000154e+02
3.336538461540000071e+02 2.710384615379999786e+02
7.762500000000000000e+01 2.721875000000000000e+02
3.186111111110000138e+02 2.720555555560000016e+02
4.565000000000000000e+02 2.729285714289999873e+02
4.430000000000000000e+02 2.742142857140000274e+02
4.899117647059999854e+02 2.743823529410000219e+02
1.025000000000000000e+02 2.757380952380000281e+02
3.936538461540000071e+02 2.750384615379999786e+02
5.087777777779999724e+02 2.753888888889999862e+02
1.339666666669999984e+02 2.766333333329999959e+02
1.850789473680000015e+02 2.766052631580000138e+02
2.442272727270000132e+02 2.758636363640000013e+02
2.942272727270000132e+02 2.782272727270000132e+02
3.803000000000000114e+02 2.780000000000000000e+02
6.750000000000000000e+01 2.790000000000000000e+02
4.650000000000000000e+01 2.797857142859999726e+02
1.525000000000000000e+02 2.813000000000000114e+02
1.737500000000000000e+02 2.811666666670000154e+02
5.396818181820000291e+02 2.826818181819999722e+02
3.683000000000000114e+02 2.835000000000000000e+02
5.750000000000000000e+00 2.853500000000000227e+02
3.900000000000000000e+02 2.850000000000000000e+02
3.430882352940000146e+02 2.866176470589999781e+02
2.253666666670000041e+02 2.869666666670000268e+02
3.190000000000000000e+02 2.872142857140000274e+02
4.128846153850000178e+02 2.868846153850000178e+02
5.773999999999999773e+02 2.874499999999999886e+02
5.528571428569999853e+02 2.882857142859999726e+02
2.761764705899999939e+01 2.890294117650000203e+02
2.930000000000000000e+02 2.887857142859999726e+02
4.973571428569999853e+02 2.906904761900000267e+02
1.505000000000000000e+02 2.927352941180000130e+02
2.097500000000000000e+02 2.928333333329999846e+02
2.576666666670000154e+02 2.943750000000000000e+02
2.708636363640000013e+02 2.924090909089999855e+02
4.366176470589999781e+02 2.927941176470000073e+02
1.099000000000000057e+02 2.948999999999999773e+02
1.296578947369999923e+02 2.954473684210000215e+02
4.744499999999999886e+02 2.953999999999999773e+02
1.909000000000000057e+02 2.958999999999999773e+02
2.378846153849999894e+02 2.961153846149999822e+02
5.225555555559999448e+02 2.962777777779999724e+02
5.853666666670000041e+02 2.959666666670000268e+02
9.037500000000000000e+01 2.978125000000000000e+02
5.608529411759999448e+02 2.969705882349999797e+02
4.267142857140000274e+02 3.000714285710000127e+02
4.553999999999999773e+02 3.004499999999999886e+02
2.206578947369999923e+02 3.016578947369999923e+02
3.037500000000000000e+02 3.012500000000000000e+02
3.586250000000000000e+02 3.013125000000000000e+02
4.055555555600000162e+01 3.036111111110000138e+02
6.609999999999999432e+01 3.031000000000000227e+02
3.260000000000000000e+02 3.036428571430000147e+02
3.846999999999999886e+02 3.036999999999999886e+02
1.990454545450000126e+02 3.053636363640000013e+02
3.446333333329999959e+02 3.060333333329999732e+02
5.051000000000000227e+02 3.058999999999999773e+02
1.045000000000000000e+02 3.070000000000000000e+02
1.695000000000000000e+02 3.075625000000000000e+02
2.836333333329999959e+02 3.079666666670000268e+02
4.024473684210000215e+02 3.084473684210000215e+02
1.450000000000000000e+02 3.092777777779999724e+02
4.776764705879999724e+02 3.096764705879999724e+02
7.470000000000000284e+01 3.100000000000000000e+02
2.631000000000000227e+02 3.111000000000000227e+02
5.757857142860000295e+02 3.120000000000000000e+02
1.500000000000000000e+01 3.135000000000000000e+02
4.433666666670000041e+02 3.131666666670000154e+02
5.493888888889999862e+02 3.149444444439999984e+02
1.838000000000000114e+02 3.151999999999999886e+02
3.150000000000000000e+02 3.150000000000000000e+02
2.993999999999999773e+02 3.161999999999999886e+02
2.386999999999999886e+02 3.170000000000000000e+02
3.628913043480000056e+02 3.180217391300000145e+02
3.381153846149999822e+02 3.188846153850000178e+02
7.491666666700000121e+01 3.197500000000000000e+02
1.145000000000000000e+02 3.210000000000000000e+02
2.695714285710000127e+02 3.198571428569999853e+02
4.108846153850000178e+02 3.201153846149999822e+02
4.640000000000000000e+02 3.207857142859999726e+02
5.306428571430000147e+02 3.226904761900000267e+02
5.070000000000000284e+01 3.235000000000000000e+02
3.173666666670000041e+02 3.240333333329999732e+02
4.995526315789999785e+02 3.241842105260000153e+02
5.157777777779999724e+02 3.256111111110000138e+02
3.450000000000000000e+01 3.268684210530000200e+02
4.288571428569999853e+02 3.267142857140000274e+02
2.560000000000000000e+02 3.269444444439999984e+02
3.915000000000000000e+02 3.275000000000000000e+02
1.400000000000000000e+01 3.285000000000000000e+02
1.655000000000000000e+02 3.285000000000000000e+02
1.853421052630000077e+02 3.296578947369999923e+02
1.929117647060000138e+02 3.296176470589999781e+02
2.208846153849999894e+02 3.291153846149999822e+02
9.238888888900000040e+01 3.309444444439999984e+02
4.640000000000000000e+02 3.300000000000000000e+02
3.806333333329999959e+02 3.309666666670000268e+02
4.820000000000000000e+02 3.320000000000000000e+02
5.745000000000000000e+02 3.320000000000000000e+02
1.360999999999999943e+02 3.331000000000000227e+02
7.303846153800000707e+01 3.336538461540000071e+02
4.528846153850000178e+02 3.338846153850000178e+02
1.469210526319999985e+02 3.376052631580000138e+02
2.311428571429999863e+02 3.374285714289999873e+02
3.531190476190000140e+02 3.400238095240000007e+02
5.558846153849999610e+02 3.408846153850000178e+02
4.356176470589999781e+02 3.420882352940000146e+02
5.715000000000000000e+02 3.437857142859999726e+02
1.130000000000000000e+02 3.440000000000000000e+02
4.127500000000000000e+02 3.439375000000000000e+02
5.051000000000000227e+02 3.441000000000000227e+02
5.367857142860000295e+02 3.440000000000000000e+02
1.766176470590000065e+02 3.450882352940000146e+02
3.266578947369999923e+02 3.455526315789999785e+02
3.765000000000000000e+02 3.446538461540000071e+02
4.006764705879999724e+02 3.455588235289999943e+02
5.375000000000000000e+01 3.460833333329999846e+02
8.491176470599999959e+01 3.463823529410000219e+02
2.823421052630000077e+02 3.464473684210000215e+02
3.015000000000000000e+02 3.461666666670000154e+02
2.148846153849999894e+02 3.471153846149999822e+02
5.201153846150000390e+02 3.481153846149999822e+02
2.541666666669999870e+02 3.498333333329999846e+02
3.572222222199999919e+01 3.500000000000000000e+02
1.977500000000000000e+02 3.500625000000000000e+02
1.065789473699999945e+01 3.515526315789999785e+02
4.638846153850000178e+02 3.508846153850000178e+02
6.550000000000000000e+01 3.520000000000000000e+02
4.809375000000000000e+02 3.522500000000000000e+02
2.346578947369999923e+02 3.533421052630000077e+02
4.955000000000000000e+02 3.555000000000000000e+02
1.549117647060000138e+02 3.576176470589999781e+02
3.576666666670000154e+02 3.565833333329999846e+02
3.715000000000000000e+02 3.575000000000000000e+02
5.526111111110000138e+02 3.571666666670000154e+02
2.597727272729999868e+02 3.590000000000000000e+02
5.413333333330000414e+02 3.585000000000000000e+02
1.265499999999999972e+02 3.593999999999999773e+02
4.158571428569999853e+02 3.592857142859999726e+02
5.163333333330000414e+02 3.590000000000000000e+02
3.489999999999999858e+01 3.601000000000000227e+02
9.690000000000000568e+01 3.598999999999999773e+02
1.728333333330000130e+02 3.624166666670000154e+02
3.150000000000000000e+02 3.615000000000000000e+02
3.385000000000000000e+02 3.621250000000000000e+02
4.497105263160000277e+02 3.622368421049999938e+02
2.171666666669999870e+02 3.625833333329999846e+02
2.968888888889999862e+02 3.638333333329999846e+02
4.638333333329999846e+02 3.637666666669999813e+02
5.801190476189999572e+02 3.649285714289999873e+02
1.205000000000000000e+02 3.658809523809999860e+02
2.771363636359999987e+02 3.650454545449999841e+02
4.459090909100000033e+01 3.658636363640000013e+02
4.350454545449999841e+02 3.656818181819999722e+02
1.935000000000000000e+02 3.683000000000000114e+02
4.841000000000000227e+02 3.681000000000000227e+02
2.469210526319999985e+02 3.689210526319999985e+02
2.241304347799999874e+01 3.714565217389999816e+02
8.450000000000000000e+01 3.705000000000000000e+02
6.120000000000000284e+01 3.711999999999999886e+02
4.000000000000000000e+02 3.720000000000000000e+02
5.900000000000000000e+02 3.730000000000000000e+02
5.066904761900000267e+02 3.735476190480000014e+02
3.503823529410000219e+02 3.739117647059999854e+02
1.337666666670000097e+02 3.751666666670000154e+02
1.501153846150000106e+02 3.771153846149999822e+02
3.775000000000000000e+02 3.778529411760000016e+02
2.247857142860000010e+02 3.780000000000000000e+02
2.885909090910000145e+02 3.784090909089999855e+02
5.300000000000000000e+02 3.815000000000000000e+02
1.822894736840000007e+02 3.825000000000000000e+02
3.090000000000000000e+02 3.815000000000000000e+02
5.565909090909999577e+02 3.824090909089999855e+02
4.183823529410000219e+02 3.830882352940000146e+02
4.508684210530000200e+02 3.837105263160000277e+02
2.050000000000000000e+02 3.845000000000000000e+02
2.737777777779999724e+02 3.853888888889999862e+02
3.710000000000000000e+02 3.847857142859999726e+02
4.962272727270000132e+02 3.870454545449999841e+02
7.277777777800000081e+01 3.873888888889999862e+02
1.010000000000000000e+02 3.876999999999999886e+02
1.199117647059999996e+02 3.883823529410000219e+02
1.630000000000000000e+02 3.880000000000000000e+02
4.094444444399999838e+01 3.903888888889999862e+02
1.398333333330000130e+02 3.902500000000000000e+02
4.608999999999999773e+02 3.901000000000000227e+02
5.730555555559999448e+02 3.903888888889999862e+02
1.114705882400000014e+01 3.925000000000000000e+02
4.078500000000000227e+02 3.931000000000000227e+02
3.920000000000000000e+02 3.930000000000000000e+02
4.348846153850000178e+02 3.931153846149999822e+02
5.436176470589999781e+02 3.930882352940000146e+02
3.258125000000000000e+02 3.943750000000000000e+02
3.413999999999999773e+02 3.945500000000000114e+02
5.814705882399999837e+01 3.969705882349999797e+02
4.826578947369999923e+02 3.976578947369999923e+02
5.010000000000000000e+02 3.966999999999999886e+02
5.251000000000000227e+02 3.974333333330000073e+02
1.081875000000000000e+02 3.986250000000000000e+02
1.991153846150000106e+02 3.981153846149999822e+02
2.183000000000000114e+02 3.975000000000000000e+02
8.550000000000000000e+01 3.993000000000000114e+02
1.803000000000000114e+02 4.010000000000000000e+02
2.796818181819999722e+02 4.006818181819999722e+02
3.111538461499999997e+01 4.021153846149999822e+02
3.025909090910000145e+02 4.035909090910000145e+02
3.944444444399999838e+01 4.066111111110000138e+02
1.665999999999999943e+02 4.065500000000000114e+02
2.345500000000000114e+02 4.063999999999999773e+02
4.579117647059999854e+02 4.063823529410000219e+02
5.560294117649999635e+02 4.071470588239999984e+02
3.241363636359999987e+02 4.080454545449999841e+02
3.615000000000000000e+02 4.085000000000000000e+02
3.911363636359999987e+02 4.080454545449999841e+02
4.766739130430000273e+02 4.085000000000000000e+02
5.736333333329999959e+02 4.080333333329999732e+02
1.188846153850000036e+02 4.108846153850000178e+02
2.881875000000000000e+02 4.116250000000000000e+02
4.997380952380000281e+02 4.121190476190000140e+02
7.211538461499999642e+01 4.118846153850000178e+02
2.590294117650000203e+02 4.121470588239999984e+02
5.278999999999999773e+02 4.121000000000000227e+02
5.129545454550000159e+02 4.131363636359999987e+02
1.227272726999999897e+00 4.147727272729999868e+02
4.275000000000000000e+02 4.140000000000000000e+02
1.456578947369999923e+02 4.166578947369999923e+02
2.010000000000000000e+02 4.155000000000000000e+02
4.031470588239999984e+02 4.165000000000000000e+02
2.416538461540000071e+02 4.170384615379999786e+02
3.493421052630000077e+02 4.183421052630000077e+02
9.534615384600000709e+01 4.199615384620000214e+02
2.314705882399999837e+01 4.210294117650000203e+02
6.000000000000000000e+01 4.210000000000000000e+02
5.905000000000000000e+02 4.195000000000000000e+02
3.115000000000000000e+02 4.224285714289999873e+02
1.147105263159999993e+02 4.247631578950000062e+02
5.419705882350000365e+02 4.241470588239999984e+02
4.031818181799999934e+01 4.253181818180000278e+02
1.863461538459999929e+02 4.249615384620000214e+02
2.268636363640000013e+02 4.251818181819999722e+02
4.390000000000000000e+02 4.262142857140000274e+02
1.679000000000000057e+02 4.268999999999999773e+02
3.776052631580000138e+02 4.270789473680000015e+02
3.960000000000000000e+02 4.260000000000000000e+02
4.600000000000000000e+02 4.273000000000000114e+02
5.638846153849999610e+02 4.268846153850000178e+02
3.172142857140000274e+02 4.280000000000000000e+02
5.233888888889999862e+02 4.283888888889999862e+02
1.567500000000000000e+02 4.291666666670000154e+02
2.407222222219999992e+02 4.310000000000000000e+02
2.678999999999999773e+02 4.315666666669999927e+02
4.156052631580000138e+02 4.310789473680000015e+02
5.299999999999999822e+00 4.330000000000000000e+02
5.008846153850000178e+02 4.327307692310000107e+02
9.667647058800000082e+01 4.343235294120000276e+02
2.825000000000000000e+02 4.337857142859999726e+02
3.441153846149999822e+02 4.341153846149999822e+02
7.354999999999999716e+01 4.353999999999999773e+02
5.378333333330000414e+02 4.356333333329999959e+02
5.831666666669999586e+02 4.345833333329999846e+02
2.138000000000000114e+02 4.358999999999999773e+02
4.312222222220000276e+02 4.366111111110000138e+02
1.937857142860000010e+02 4.360714285710000127e+02
2.952142857140000274e+02 4.359285714289999873e+02
4.793947368419999862e+02 4.369210526319999985e+02
1.381521739130000128e+02 4.384130434780000201e+02
1.735500000000000114e+02 4.412500000000000000e+02
3.573750000000000000e+02 4.403750000000000000e+02
3.698846153850000178e+02 4.412692307689999893e+02
5.605909090909999577e+02 4.408636363640000013e+02
1.128333333329999988e+02 4.443750000000000000e+02
3.267500000000000000e+02 4.442500000000000000e+02
2.292500000000000000e+02 4.451666666670000154e+02
2.566176470589999781e+02 4.449117647059999854e+02
3.055000000000000000e+02 4.460000000000000000e+02
4.075000000000000000e+02 4.457857142859999726e+02
1.800000000000000000e+01 4.472142857140000274e+02
4.950000000000000000e+01 4.476176470589999781e+02
3.913571428569999853e+02 4.462142857140000274e+02
4.695000000000000000e+02 4.470000000000000000e+02
9.200000000000000000e+01 4.490000000000000000e+02
1.517666666670000097e+02 4.493000000000000114e+02
3.760000000000000000e+02 4.487857142859999726e+02
4.318846153850000178e+02 4.491153846149999822e+02
4.448999999999999773e+02 4.488999999999999773e+02
5.145769230769999467e+02 4.487307692310000107e+02
2.116428571429999863e+02 4.513095238099999733e+02
3.371666666670000154e+02 4.533571428569999853e+02
4.867727272729999868e+02 4.540000000000000000e+02
2.400384615380000071e+02 4.555000000000000000e+02
2.767857142859999726e+02 4.560000000000000000e+02
3.136000000000000227e+02 4.563000000000000114e+02
5.732894736839999723e+02 4.568684210530000200e+02
5.183333333299999879e+01 4.575833333329999846e+02
4.635000000000000000e+02 4.585000000000000000e+02
5.020000000000000000e+02 4.585000000000000000e+02
2.001875000000000000e+02 4.603125000000000000e+02
6.122222222199999919e+01 4.616111111110000138e+02
1.356500000000000057e+02 4.618000000000000114e+02
3.891176470599999959e+01 4.626176470589999781e+02
4.241470588239999984e+02 4.619705882349999797e+02
2.578999999999999773e+02 4.631000000000000227e+02
5.428333333330000414e+02 4.636999999999999886e+02
1.750000000000000000e+02 4.642142857140000274e+02
5.500000000000000000e+00 4.651315789469999800e+02
1.082142857139999990e+02 4.650000000000000000e+02
3.980000000000000000e+02 4.650000000000000000e+02
1.471428571429999863e+02 4.672857142859999726e+02
3.675000000000000000e+02 4.665000000000000000e+02
5.208684210530000200e+02 4.675000000000000000e+02
5.582222222220000276e+02 4.673333333329999846e+02
3.475909090910000145e+02 4.678636363640000013e+02
2.773666666670000041e+02 4.689666666670000268e+02
3.012647058819999870e+02 4.705000000000000000e+02
2.700000000000000000e+01 4.712142857140000274e+02
1.230384615380000071e+02 4.706538461540000071e+02
5.168181818200000066e+01 4.723181818180000278e+02
2.350000000000000000e+02 4.722142857140000274e+02
3.231000000000000227e+02 4.718999999999999773e+02
4.390333333329999732e+02 4.736333333329999959e+02
5.770000000000000000e+02 4.735000000000000000e+02
4.203571428569999853e+02 4.745714285710000127e+02
5.046818181819999722e+02 4.743181818180000278e+02
8.616666666700000121e+01 4.752500000000000000e+02
4.879705882349999797e+02 4.767352941180000130e+02
2.107777777780000008e+02 4.783888888889999862e+02
1.627857142860000010e+02 4.790000000000000000e+02
1.896538461540000071e+02 4.790384615379999786e+02
3.743000000000000114e+02 4.795000000000000000e+02
5.442777777779999724e+02 4.800000000000000000e+02
6.211538461500000352e+01 4.808846153850000178e+02
1.046052631579999996e+02 4.815000000000000000e+02
4.515000000000000000e+02 4.806999999999999886e+02
4.765000000000000000e+02 4.811666666670000154e+02
2.590000000000000000e+02 4.817857142859999726e+02
3.839615384620000214e+02 4.828846153850000178e+02
3.994444444439999984e+02 4.847222222220000276e+02
1.315000000000000036e+01 4.858500000000000227e+02
8.957142857099999844e+01 4.861428571430000147e+02
1.327222222219999992e+02 4.858888888889999862e+02
3.465000000000000000e+02 4.865000000000000000e+02
1.792222222219999992e+02 4.883888888889999862e+02
2.319545454549999874e+02 4.875000000000000000e+02
2.775000000000000000e+02 4.880000000000000000e+02
5.876176470589999781e+02 4.880882352940000146e+02
2.568846153850000178e+02 4.888846153850000178e+02
3.627857142859999726e+02 4.885000000000000000e+02
5.705434782610000184e+02 4.895869565219999799e+02
3.186176470589999781e+02 4.899117647059999854e+02
5.011153846149999822e+02 4.898846153850000178e+02
5.196818181820000291e+02 4.912272727270000132e+02
3.991176470599999959e+01 4.933823529410000219e+02
2.968846153850000178e+02 4.942692307689999893e+02
4.902222222220000276e+02 4.946111111110000138e+02
2.051153846150000106e+02 4.958846153850000178e+02
4.452142857140000274e+02 4.960000000000000000e+02
5.034615384599999999e+01 4.969615384620000214e+02
1.551363636359999987e+02 4.979545454550000159e+02
1.901250000000000000e+02 4.982500000000000000e+02
1.695000000000000000e+02 4.985000000000000000e+02
3.490000000000000000e+02 4.995000000000000000e+02
2.280999999999999943e+02 4.998999999999999773e+02
4.642500000000000000e+02 4.998333333329999846e+02
6.740000000000000568e+01 5.013000000000000114e+02
4.056499999999999773e+02 5.016499999999999773e+02
1.268846153850000036e+02 5.021153846149999822e+02
3.823999999999999773e+02 5.034499999999999886e+02
4.261000000000000227e+02 5.038999999999999773e+02
5.100000000000000000e+02 5.037857142859999726e+02
2.350000000000000000e+01 5.051470588239999984e+02
1.395000000000000000e+02 5.050000000000000000e+02
5.598846153849999610e+02 5.048846153850000178e+02
2.815000000000000000e+02 5.066333333329999959e+02
5.413888888889999862e+02 5.058333333329999846e+02
1.151666666670000012e+02 5.086904761900000267e+02
3.668636363640000013e+02 5.091363636359999987e+02
5.218333333330000414e+02 5.087500000000000000e+02
8.350000000000000000e+01 5.106052631580000138e+02
5.844500000000000455e+02 5.103999999999999773e+02
2.079285714289999873e+02 5.135714285709999558e+02
2.625000000000000000e+02 5.130000000000000000e+02
2.951999999999999886e+02 5.128999999999999773e+02
3.192692307689999893e+02 5.131153846150000390e+02
1.592272727270000132e+02 5.145000000000000000e+02
2.412857142860000010e+02 5.138571428569999853e+02
4.995000000000000000e+02 5.153947368420000430e+02
5.065384615400000001e+01 5.159615384620000214e+02
4.810000000000000000e+02 5.162142857139999705e+02
3.414285714300000052e+01 5.192857142860000295e+02
4.073421052630000077e+02 5.193421052630000077e+02
7.554999999999999716e+01 5.203999999999999773e+02
4.505000000000000000e+02 5.202999999999999545e+02
2.328846153849999894e+02 5.211153846150000390e+02
3.306818181819999722e+02 5.206818181820000291e+02
4.388846153850000178e+02 5.208846153849999610e+02
5.109117647059999854e+02 5.216176470589999781e+02
5.630000000000000000e+02 5.220000000000000000e+02
1.267666666669999955e+02 5.232999999999999545e+02
3.517500000000000000e+02 5.236499999999999773e+02
1.791153846150000106e+02 5.242692307690000462e+02
5.421153846150000390e+02 5.248846153849999610e+02
1.015909090910000003e+02 5.284090909090000423e+02
2.610000000000000000e+02 5.277857142860000295e+02
2.838913043480000056e+02 5.287608695650000072e+02
3.898636363640000013e+02 5.274090909090000423e+02
1.928750000000000000e+02 5.295000000000000000e+02
4.611666666670000154e+02 5.295000000000000000e+02
2.440000000000000000e+02 5.320000000000000000e+02
1.461764705899999939e+01 5.329117647059999854e+02
3.210000000000000000e+02 5.330000000000000000e+02
2.117857142860000010e+02 5.340000000000000000e+02
3.636578947369999923e+02 5.346578947369999923e+02
4.799117647059999854e+02 5.346176470589999781e+02
5.587500000000000000e+01 5.353750000000000000e+02
1.492333333329999903e+02 5.361666666669999586e+02
3.458999999999999773e+02 5.358999999999999773e+02
5.191363636360000555e+02 5.374090909090000423e+02
5.789117647059999854e+02 5.383823529410000219e+02
7.440000000000000568e+01 5.394500000000000455e+02
2.948333333329999846e+02 5.385833333330000414e+02
1.740000000000000000e+02 5.401000000000000227e+02
2.372894736840000007e+02 5.405000000000000000e+02
4.088846153850000178e+02 5.402692307690000462e+02
5.565000000000000000e+02 5.400000000000000000e+02
1.191363636359999987e+02 5.419090909090000423e+02
3.821250000000000000e+02 5.412500000000000000e+02
4.195000000000000000e+02 5.405000000000000000e+02
4.399117647059999854e+02 5.413823529410000219e+02
1.855000000000000000e+02 5.435000000000000000e+02
4.948999999999999773e+02 5.431000000000000227e+02
5.358684210530000200e+02 5.445000000000000000e+02
3.570000000000000284e+01 5.460000000000000000e+02
1.370000000000000000e+02 5.490000000000000000e+02
5.680652173910000329e+02 5.502391304349999928e+02
2.622857142859999726e+02 5.500714285709999558e+02
3.166818181819999722e+02 5.506818181820000291e+02
3.273500000000000227e+02 5.512500000000000000e+02
5.522894736839999723e+02 5.521315789469999800e+02
2.284230769229999964e+02 5.528076923080000142e+02
5.900714285709999558e+02 5.532142857139999705e+02
5.916666666700000121e+01 5.536111111110000138e+02
4.341250000000000000e+02 5.547500000000000000e+02
1.620999999999999943e+02 5.551000000000000227e+02
2.121428571429999863e+02 5.554285714290000442e+02
1.004411764710000057e+02 5.566764705880000292e+02
4.545000000000000000e+02 5.568999999999999773e+02
5.242142857139999705e+02 5.570000000000000000e+02
4.705588235289999943e+02 5.583235294119999708e+02
1.192857142899999978e+01 5.597142857139999705e+02
3.820000000000000000e+02 5.592142857139999705e+02
5.082142857140000274e+02 5.600000000000000000e+02
7.596153846199999293e+01 5.623461538459999929e+02
1.472894736840000007e+02 5.628684210530000200e+02
3.541000000000000227e+02 5.618999999999999773e+02
2.540000000000000000e+02 5.630000000000000000e+02
2.815000000000000000e+02 5.632500000000000000e+02
3.450000000000000000e+02 5.630000000000000000e+02
3.464285714300000052e+01 5.635714285709999558e+02
1.210000000000000000e+02 5.637000000000000455e+02
1.807857142860000010e+02 5.640714285709999558e+02
4.000000000000000000e+02 5.645000000000000000e+02
5.775000000000000000e+02 5.645000000000000000e+02
