1.033571428569999995e+02 7.857142860000000395e-01
2.286250000000000000e+02 1.375000000000000000e+00
3.185000000000000000e+02 5.000000000000000000e-01
4.355000000000000000e+02 5.000000000000000000e-01
4.711363636359999987e+02 1.409090908999999892e+00
4.400000000000000355e+00 3.700000000000000178e+00
2.795500000000000114e+02 3.399999999999999911e+00
3.734090909089999855e+02 3.409090909000000114e+00
3.541250000000000000e+02 4.250000000000000000e+00
5.580000000000000000e+02 4.214285713999999849e+00
5.820789473679999446e+02 4.394736842000000365e+00
1.740600000000000023e+02 5.419999999999999929e+00
4.911250000000000000e+02 5.062500000000000000e+00
5.228571428569999853e+02 6.285714286000000151e+00
2.560000000000000000e+02 7.000000000000000000e+00
5.100000000000000000e+01 8.214285714000000738e+00
1.530000000000000000e+02 8.500000000000000000e+00
4.096176470589999781e+02 1.008823529400000041e+01
5.093999999999999773e+02 1.044999999999999929e+01
3.516666666700000121e+01 1.111111111099999960e+01
1.943888888889999862e+02 1.122222222199999919e+01
9.129999999999999716e+01 1.269999999999999929e+01
1.403823529409999935e+02 1.191176470599999959e+01
3.027631578950000062e+02 1.286842105300000050e+01
4.471470588239999984e+02 1.291176470599999959e+01
3.287222222220000276e+02 1.300000000000000000e+01
4.216176470589999781e+02 1.291176470599999959e+01
5.442142857139999705e+02 1.300000000000000000e+01
1.785000000000000000e+02 1.395454545499999988e+01
7.341666666700000121e+01 1.491666666699999944e+01
2.420000000000000000e+02 1.750000000000000000e+01
3.978636363640000013e+02 1.640909090899999967e+01
5.665000000000000000e+02 1.785294117600000163e+01
2.130000000000000000e+02 1.950000000000000000e+01
4.535769230770000036e+02 1.880769230800000003e+01
5.173823529410000219e+02 1.908823529400000041e+01
1.045499999999999972e+02 2.060000000000000142e+01
1.263421052629999934e+02 2.265789473699999945e+01
5.784500000000000455e+02 2.239999999999999858e+01
3.718750000000000000e+02 2.425000000000000000e+01
4.671315789469999800e+02 2.471052631599999927e+01
2.723000000000000114e+02 2.450000000000000000e+01
2.375000000000000000e+01 2.825000000000000000e+01
1.594499999999999886e+02 2.860000000000000142e+01
3.210625000000000000e+02 2.875000000000000000e+01
3.515476190480000014e+02 2.888095238100000017e+01
5.587500000000000000e+01 2.950000000000000000e+01
1.032500000000000000e+02 2.916666666700000121e+01
1.995769230770000036e+02 2.880769230800000003e+01
7.877272727300000099e+01 3.054545454499999835e+01
3.111153846149999822e+02 2.988461538500000003e+01
4.168846153850000178e+02 3.026923076899999998e+01
4.948333333329999846e+02 2.958333333299999879e+01
3.873000000000000114e+02 3.100000000000000000e+01
5.401000000000000227e+02 3.189999999999999858e+01
4.413636363599999868e+01 3.295454545500000165e+01
2.510000000000000000e+02 3.300000000000000000e+01
2.898846153850000178e+02 3.411538461500000352e+01
5.251470588240000552e+02 3.450000000000000000e+01
5.894333333329999505e+02 3.563333333300000305e+01
2.433333333330000130e+02 3.650000000000000000e+01
3.393823529410000219e+02 3.591176470599999959e+01
3.628846153850000178e+02 3.588461538499999648e+01
5.614375000000000000e+02 3.637500000000000000e+01
6.743333333299999310e+01 3.689999999999999858e+01
1.776578947369999923e+02 3.734210526300000055e+01
4.492894736839999723e+02 3.850000000000000000e+01
5.023095238099999733e+02 3.911904761899999983e+01
1.470000000000000000e+02 3.878571428600000104e+01
4.339117647059999854e+02 3.961764705899999939e+01
1.327777777800000081e+01 4.000000000000000000e+01
2.184166666669999870e+02 3.983333333299999879e+01
4.833750000000000000e+02 4.187500000000000000e+01
3.857857142859999726e+02 4.200000000000000000e+01
9.392857142900000156e+01 4.559523809499999913e+01
1.592222222219999992e+02 4.566666666700000121e+01
4.075526315789999785e+02 4.534210526300000055e+01
2.950625000000000000e+02 4.612500000000000000e+01
1.205000000000000000e+02 4.771052631599999927e+01
1.433421052630000077e+02 4.765789473699999945e+01
3.545000000000000000e+02 4.716666666700000121e+01
2.633421052630000077e+02 4.865789473699999945e+01
3.631315789469999800e+02 4.876315789499999909e+01
5.703750000000000000e+02 4.868750000000000000e+01
2.275000000000000000e+02 4.950000000000000000e+01
3.141363636359999987e+02 4.995454545500000165e+01
2.600000000000000000e+01 5.200000000000000000e+01
4.096666666699999837e+01 5.236666666699999695e+01
5.382142857139999705e+02 5.200000000000000000e+01
4.611111110999999596e+00 5.422222222199999919e+01
6.500000000000000000e+01 5.400000000000000000e+01
3.961000000000000227e+02 5.389999999999999858e+01
3.309166666670000154e+02 5.475000000000000000e+01
5.187857142860000295e+02 5.600000000000000000e+01
2.014000000000000057e+02 5.754999999999999716e+01
4.398846153850000178e+02 5.711538461500000352e+01
4.945000000000000000e+02 5.714705882399999837e+01
2.817500000000000000e+02 5.793750000000000000e+01
5.503999999999999773e+02 5.845000000000000284e+01
5.665000000000000000e+02 5.850000000000000000e+01
8.790000000000000568e+01 5.889999999999999858e+01
1.027500000000000000e+02 5.883333333299999879e+01
4.210000000000000000e+02 5.900000000000000000e+01
4.609117647059999854e+02 5.938235294100000061e+01
3.822058823529999927e+02 6.020588235299999980e+01
5.309117647059999854e+02 6.061764705899999939e+01
1.840000000000000000e+02 6.150000000000000000e+01
3.386538461540000071e+02 6.196153846200000004e+01
1.198846153850000036e+02 6.288461538499999648e+01
2.539000000000000057e+02 6.389999999999999858e+01
2.300000000000000000e+01 6.478571428600000104e+01
4.885294117600000163e+01 6.550000000000000000e+01
1.596250000000000000e+02 6.543750000000000000e+01
5.828846153849999610e+02 6.588461538500000358e+01
4.791666666670000154e+02 6.775000000000000000e+01
3.496052631580000138e+02 6.907894736800000146e+01
3.944444444439999984e+02 7.161111111099999960e+01
1.947352941180000130e+02 7.226470588200000122e+01
2.192142857139999990e+02 7.200000000000000000e+01
2.442894736840000007e+02 7.250000000000000000e+01
1.145909090910000003e+02 7.413636363599999868e+01
1.519000000000000057e+02 7.390000000000000568e+01
2.740000000000000000e+02 7.400000000000000000e+01
4.940000000000000000e+02 7.450000000000000000e+01
3.161000000000000227e+02 7.543333333299999310e+01
4.291250000000000000e+02 7.525000000000000000e+01
4.526111111110000138e+02 7.461111111099999960e+01
4.135000000000000000e+02 7.714705882399999837e+01
2.793181818180000278e+02 7.950000000000000000e+01
4.447368421000000183e+00 7.955263157900000692e+01
7.703333333300000163e+01 7.963333333299999595e+01
3.011153846149999822e+02 7.911538461499999642e+01
2.246333333329999959e+02 8.003333333300000163e+01
2.873809523799999965e+01 8.154761904800000138e+01
4.651250000000000000e+02 8.125000000000000000e+01
3.863999999999999773e+02 8.254999999999999716e+01
5.102857142859999726e+02 8.214285714300000052e+01
5.726250000000000000e+02 8.281250000000000000e+01
5.300000000000000000e+01 8.300000000000000000e+01
1.805000000000000000e+02 8.350000000000000000e+01
3.691666666670000154e+02 8.375000000000000000e+01
5.390000000000000000e+02 8.400000000000000000e+01
1.331153846150000106e+02 8.488461538500000358e+01
9.934210526299999344e+01 8.665789473700000656e+01
1.535000000000000000e+02 8.660526315799999963e+01
4.809666666670000268e+02 8.663333333299999595e+01
2.135000000000000000e+02 8.700000000000000000e+01
3.319736842109999770e+02 8.823684210499999381e+01
2.390000000000000000e+02 8.900000000000000000e+01
2.631999999999999886e+02 9.059999999999999432e+01
4.545833333329999846e+02 9.108333333299999879e+01
4.366904761900000267e+02 9.235714285699999948e+01
1.106333333329999959e+02 9.303333333300000163e+01
3.091000000000000227e+02 9.290000000000000568e+01
5.297857142860000295e+02 9.264285714300000052e+01
5.523823529410000219e+02 9.308823529400000041e+01
8.050000000000000000e+01 9.370000000000000284e+01
1.800000000000000000e+02 9.500000000000000000e+01
3.005500000000000114e+02 9.559999999999999432e+01
4.979666666670000268e+02 9.563333333299999595e+01
1.919000000000000057e+02 9.590000000000000568e+01
4.741363636359999987e+02 9.704545454499999835e+01
5.661666666669999586e+02 9.750000000000000000e+01
5.688461538499999648e+01 9.788461538500000358e+01
3.447941176470000073e+02 9.873529411799999878e+01
1.416666666699999944e+01 9.923333333300000447e+01
2.316578947369999923e+02 9.934210526299999344e+01
5.876578947369999923e+02 9.934210526299999344e+01
4.116428571430000147e+02 1.012142857139999990e+02
1.501153846150000106e+02 1.021153846149999964e+02
4.555000000000000000e+02 1.025555555560000016e+02
1.312142857139999990e+02 1.030000000000000000e+02
4.903999999999999773e+02 1.044500000000000028e+02
9.400000000000000000e+01 1.055000000000000000e+02
5.497500000000000000e+02 1.057500000000000000e+02
4.200000000000000000e+01 1.072142857139999990e+02
2.517307692310000107e+02 1.078846153850000036e+02
2.719375000000000000e+02 1.082500000000000000e+02
3.110000000000000000e+02 1.080000000000000000e+02
2.081666666669999870e+02 1.087500000000000000e+02
4.288333333329999846e+02 1.092333333330000045e+02
1.710384615380000071e+02 1.103461538460000071e+02
3.260000000000000000e+02 1.097500000000000000e+02
1.248846153850000036e+02 1.121153846149999964e+02
3.710000000000000000e+02 1.127222222219999992e+02
5.195000000000000000e+02 1.125000000000000000e+02
1.080000000000000000e+02 1.125000000000000000e+02
3.917307692310000107e+02 1.128846153850000036e+02
1.878846153849999894e+02 1.148846153850000036e+02
5.360000000000000000e+02 1.150000000000000000e+02
2.500000000000000000e+01 1.165000000000000000e+02
2.906176470589999781e+02 1.160882352940000004e+02
4.470000000000000000e+02 1.173750000000000000e+02
5.630000000000000000e+02 1.180000000000000000e+02
6.841304347800000585e+01 1.195434782610000042e+02
4.001666666670000154e+02 1.193666666670000041e+02
1.448529411760000016e+02 1.215000000000000000e+02
2.473000000000000114e+02 1.210000000000000000e+02
4.703823529410000219e+02 1.209117647059999996e+02
3.348846153850000178e+02 1.221153846149999964e+02
3.618157894739999847e+02 1.226578947370000066e+02
2.607105263160000277e+02 1.231315789469999942e+02
5.890000000000000000e+02 1.235000000000000000e+02
2.215000000000000000e+02 1.240000000000000000e+02
3.152142857140000274e+02 1.240000000000000000e+02
5.491153846150000390e+02 1.258846153850000036e+02
1.100000000000000000e+01 1.267857142860000010e+02
1.625000000000000000e+02 1.275000000000000000e+02
1.734433551200000068e+02 1.477461873640000078e+02
4.262500000000000000e+02 1.280625000000000000e+02
2.137380952379999997e+02 1.301190476190000140e+02
5.233421052630000077e+02 1.293421052630000077e+02
4.810000000000000142e+01 1.299000000000000057e+02
1.208913043480000056e+02 1.309782608700000139e+02
4.682857142859999726e+02 1.298571428570000137e+02
4.970909090910000145e+02 1.312272727270000132e+02
5.764090909090000423e+02 1.318636363640000013e+02
6.688461538500000358e+01 1.331153846150000106e+02
1.320000000000000000e+02 1.332142857139999990e+02
9.150000000000000000e+01 1.343000000000000114e+02
2.745000000000000000e+02 1.350000000000000000e+02
2.250000000000000000e+01 1.356999999999999886e+02
4.419117647059999854e+02 1.363823529409999935e+02
2.395000000000000000e+02 1.370000000000000000e+02
3.008999999999999773e+02 1.370999999999999943e+02
3.761153846149999822e+02 1.368846153849999894e+02
7.500000000000000000e+00 1.381666666669999870e+02
3.150000000000000000e+01 1.380000000000000000e+02
3.879666666670000268e+02 1.386333333329999959e+02
3.406875000000000000e+02 1.391875000000000000e+02
5.421000000000000227e+02 1.390999999999999943e+02
1.730000000000000000e+02 1.412142857139999990e+02
4.100000000000000000e+02 1.412142857139999990e+02
2.575000000000000000e+02 1.431250000000000000e+02
4.810000000000000000e+02 1.427857142860000010e+02
1.491250000000000000e+02 1.453750000000000000e+02
3.128999999999999773e+02 1.463666666670000041e+02
1.224375000000000000e+02 1.477500000000000000e+02
2.019000000000000057e+02 1.475666666669999927e+02
2.102500000000000000e+02 1.468333333330000130e+02
5.040000000000000000e+02 1.472142857139999990e+02
5.815000000000000000e+02 1.469285714289999873e+02
3.575500000000000114e+02 1.494000000000000057e+02
4.328846153850000178e+02 1.488846153849999894e+02
8.113157894699999417e+01 1.507105263159999993e+02
3.330789473680000015e+02 1.506052631580000138e+02
3.931000000000000227e+02 1.510999999999999943e+02
5.600333333329999732e+02 1.526333333329999959e+02
6.927777777800000081e+01 1.528888888889999862e+02
1.007727272730000010e+02 1.540000000000000000e+02
2.442142857139999990e+02 1.542619047620000003e+02
4.791999999999999886e+02 1.534000000000000057e+02
5.071052631599999927e+01 1.548684210529999916e+02
1.405000000000000000e+02 1.545000000000000000e+02
4.562647058819999870e+02 1.547352941180000130e+02
2.371190476190000140e+02 1.555000000000000000e+02
5.771086956520000513e+02 1.569782608700000139e+02
5.242857142860000295e+02 1.581428571429999863e+02
7.000000000000000000e+00 1.590000000000000000e+02
2.665500000000000114e+02 1.595999999999999943e+02
3.075000000000000000e+02 1.593260869570000011e+02
3.729285714289999873e+02 1.597142857139999990e+02
4.452692307689999893e+02 1.591153846150000106e+02
2.862500000000000000e+02 1.618750000000000000e+02
1.801666666669999870e+02 1.633750000000000000e+02
4.914090909089999855e+02 1.635909090909999861e+02
2.644999999999999929e+01 1.645999999999999943e+02
5.457307692309999538e+02 1.638846153849999894e+02
2.716250000000000000e+02 1.646250000000000000e+02
4.650000000000000000e+01 1.657500000000000000e+02
3.230333333329999732e+02 1.663666666670000041e+02
3.535000000000000000e+02 1.662500000000000000e+02
4.106999999999999886e+02 1.655000000000000000e+02
5.088235294000000408e+00 1.676176470590000065e+02
2.110000000000000000e+02 1.680000000000000000e+02
5.126052631579999570e+02 1.685000000000000000e+02
7.250000000000000000e+01 1.695000000000000000e+02
4.304499999999999886e+02 1.694000000000000057e+02
2.920000000000000000e+02 1.705000000000000000e+02
4.820714285710000127e+02 1.715952380950000133e+02
5.610000000000000000e+02 1.712142857139999990e+02
1.015999999999999943e+02 1.728000000000000114e+02
1.228571428569999995e+02 1.737142857139999990e+02
5.846666666669999586e+02 1.732222222219999992e+02
4.573125000000000000e+02 1.756875000000000000e+02
8.685294117600000163e+01 1.784411764710000057e+02
3.345000000000000000e+02 1.796999999999999886e+02
2.500000000000000000e+01 1.810000000000000000e+02
1.673750000000000000e+02 1.811875000000000000e+02
2.455476190480000014e+02 1.813095238100000017e+02
2.886176470589999781e+02 1.809117647060000138e+02
4.964545454550000159e+02 1.819545454549999874e+02
2.040238095240000007e+02 1.828809523809999860e+02
3.533421052630000077e+02 1.833421052630000077e+02
3.755000000000000000e+02 1.838529411760000016e+02
5.356000000000000227e+02 1.831999999999999886e+02
2.000000000000000000e+00 1.842142857139999990e+02
1.117777777780000008e+02 1.838888888889999862e+02
3.931363636359999987e+02 1.848181818179999993e+02
5.228684210530000200e+02 1.857105263159999993e+02
4.080000000000000000e+02 1.860000000000000000e+02
4.403421052630000077e+02 1.866578947369999923e+02
1.445909090909999861e+02 1.875909090909999861e+02
2.207105263159999993e+02 1.878684210529999916e+02
5.716111111110000138e+02 1.880555555560000016e+02
2.499117647060000138e+02 1.896176470590000065e+02
4.688571428569999853e+02 1.887857142860000010e+02
2.990000000000000000e+02 1.907222222219999992e+02
9.500000000000000000e+00 1.910000000000000000e+02
3.895833333299999879e+01 1.922916666669999870e+02
5.497368421099999836e+01 1.918684210529999916e+02
4.892058823529999927e+02 1.917941176470000073e+02
2.044499999999999886e+02 1.925999999999999943e+02
4.233235294120000276e+02 1.935588235289999943e+02
3.170000000000000000e+02 1.937857142860000010e+02
1.848636363640000013e+02 1.954090909090000139e+02
1.313461538459999929e+02 1.970384615380000071e+02
2.754166666670000154e+02 1.971666666669999870e+02
8.600000000000000000e+01 1.982777777780000008e+02
5.005000000000000000e+02 1.980000000000000000e+02
5.900000000000000000e+02 1.980000000000000000e+02
3.490882352940000146e+02 1.996176470590000065e+02
1.490999999999999943e+02 2.010999999999999943e+02
1.650000000000000000e+02 2.015000000000000000e+02
4.501153846149999822e+02 2.011153846150000106e+02
6.342105262999999660e+00 2.023421052630000077e+02
6.586842105300000583e+01 2.027105263159999993e+02
2.875000000000000000e+02 2.030000000000000000e+02
4.608684210530000200e+02 2.037631578950000062e+02
5.583999999999999773e+02 2.034499999999999886e+02
1.080000000000000000e+02 2.045000000000000000e+02
3.776333333329999959e+02 2.040333333330000016e+02
4.005909090910000145e+02 2.038636363640000013e+02
5.379117647059999854e+02 2.046176470590000065e+02
2.201363636359999987e+02 2.055909090909999861e+02
2.365000000000000000e+02 2.061923076920000142e+02
3.376000000000000227e+02 2.064499999999999886e+02
4.146499999999999773e+02 2.061999999999999886e+02
1.939117647060000138e+02 2.073823529409999935e+02
2.573636363640000013e+02 2.075000000000000000e+02
2.962777777779999724e+02 2.069444444439999984e+02
4.400000000000000000e+01 2.095000000000000000e+02
5.217857142860000295e+02 2.100000000000000000e+02
8.200000000000000000e+01 2.115000000000000000e+02
2.676000000000000227e+02 2.139499999999999886e+02
4.316999999999999886e+02 2.133000000000000114e+02
4.841666666670000154e+02 2.138333333330000130e+02
3.695625000000000000e+02 2.147500000000000000e+02
2.730952381000000173e+01 2.155476190480000014e+02
3.148999999999999773e+02 2.149000000000000057e+02
1.150000000000000000e+02 2.157857142860000010e+02
5.020000000000000000e+02 2.157857142860000010e+02
5.721000000000000227e+02 2.160999999999999943e+02
2.315714285710000127e+02 2.171428571429999863e+02
3.881363636359999987e+02 2.165909090909999861e+02
1.285000000000000000e+02 2.180000000000000000e+02
1.572500000000000000e+02 2.178333333330000130e+02
3.437222222220000276e+02 2.180000000000000000e+02
5.349347826089999671e+02 2.189347826089999955e+02
5.563823529410000219e+02 2.182058823529999927e+02
1.500000000000000000e+00 2.200000000000000000e+02
2.147500000000000000e+02 2.199166666669999870e+02
9.354999999999999716e+01 2.215999999999999943e+02
2.857476190479999900e+02 2.260904761900000040e+02
4.568636363640000013e+02 2.222272727270000132e+02
7.200000000000000000e+01 2.225000000000000000e+02
4.041153846149999822e+02 2.251153846150000106e+02
3.000000000000000000e+01 2.260000000000000000e+02
5.538888888900000040e+01 2.261666666669999870e+02
5.733500000000000227e+02 2.271999999999999886e+02
1.793421052630000077e+02 2.273421052630000077e+02
3.294523809519999986e+02 2.276904761899999983e+02
5.883666666670000041e+02 2.269666666669999984e+02
5.198846153849999610e+02 2.278846153849999894e+02
1.293888888889999862e+02 2.297777777780000008e+02
4.476818181819999722e+02 2.293181818179999993e+02
1.510789473680000015e+02 2.303947368419999862e+02
2.015000000000000000e+02 2.310000000000000000e+02
2.494523809519999986e+02 2.312619047620000003e+02
4.956000000000000227e+02 2.305500000000000114e+02
3.939473684200000037e+01 2.325000000000000000e+02
8.066666666700000121e+01 2.327777777780000008e+02
3.600000000000000000e+02 2.325000000000000000e+02
2.645500000000000114e+02 2.335999999999999943e+02
3.051000000000000227e+02 2.340999999999999943e+02
4.280000000000000000e+02 2.340000000000000000e+02
4.708999999999999773e+02 2.349000000000000057e+02
1.077777777800000081e+01 2.376111111110000138e+02
3.903500000000000227e+02 2.377500000000000000e+02
9.875000000000000000e+01 2.381666666669999870e+02
1.599000000000000057e+02 2.380999999999999943e+02
5.586578947369999923e+02 2.403421052630000077e+02
2.253421052630000077e+02 2.423421052630000077e+02
2.405869565220000084e+02 2.428043478259999972e+02
6.088461538499999648e+01 2.431153846150000106e+02
3.501153846149999822e+02 2.428846153849999894e+02
2.886052631580000138e+02 2.459210526319999985e+02
4.298846153850000178e+02 2.461153846150000106e+02
3.757857142859999726e+02 2.470000000000000000e+02
4.024090909089999855e+02 2.484090909090000139e+02
4.557105263160000277e+02 2.488684210529999916e+02
4.861153846149999822e+02 2.481153846150000106e+02
5.328999999999999773e+02 2.479000000000000057e+02
5.087857142859999726e+02 2.490000000000000000e+02
2.900000000000000000e+01 2.502777777780000008e+02
1.823181818179999993e+02 2.503181818179999993e+02
2.662222222220000276e+02 2.516111111110000138e+02
3.618846153850000178e+02 2.508846153849999894e+02
5.760000000000000000e+02 2.510000000000000000e+02
8.222222222199999919e+01 2.527777777780000008e+02
2.130000000000000000e+02 2.525000000000000000e+02
1.155000000000000000e+02 2.530000000000000000e+02
3.245000000000000000e+02 2.530000000000000000e+02
1.380000000000000000e+02 2.546875000000000000e+02
2.004090909090000139e+02 2.544090909090000139e+02
4.733333333329999846e+02 2.545000000000000000e+02
1.530000000000000000e+02 2.545000000000000000e+02
2.245909090909999861e+02 2.564090909089999855e+02
3.090000000000000000e+02 2.567222222220000276e+02
5.443095238099999733e+02 2.568809523809999860e+02
3.871470588239999984e+02 2.575000000000000000e+02
4.550000000000000000e+01 2.580000000000000000e+02
1.711666666669999870e+02 2.603666666670000041e+02
4.973823529410000219e+02 2.600294117650000203e+02
2.503095238100000017e+02 2.616428571430000147e+02
2.840000000000000000e+02 2.607857142859999726e+02
4.081000000000000227e+02 2.641000000000000227e+02
1.686842105299999872e+01 2.657631578950000062e+02
1.442142857139999990e+02 2.650000000000000000e+02
3.135909090910000145e+02 2.664090909089999855e+02
3.785294117600000163e+01 2.669705882349999797e+02
1.024000000000000057e+02 2.674499999999999886e+02
3.598999999999999773e+02 2.678999999999999773e+02
6.488095238100000017e+01 2.694523809519999986e+02
8.650000000000000000e+01 2.698529411760000016e+02
1.874499999999999886e+02 2.693999999999999773e+02
4.287500000000000000e+02 2.697500000000000000e+02
5.826111111110000138e+02 2.692222222220000276e+02
5.240000000000000000e+02 2.705000000000000000e+02
1.199166666670000012e+02 2.712500000000000000e+02
5.600000000000000000e+02 2.710000000000000000e+02
2.421666666669999870e+02 2.727500000000000000e+02
4.963888888889999862e+02 2.733333333329999846e+02
5.025000000000000000e+02 2.738529411760000016e+02
3.033000000000000114e+02 2.735000000000000000e+02
3.770000000000000000e+02 2.736999999999999886e+02
5.000000000000000000e-01 2.745000000000000000e+02
2.775526315789999785e+02 2.758684210530000200e+02
3.378999999999999773e+02 2.755666666669999927e+02
4.470000000000000000e+02 2.752142857140000274e+02
4.608846153850000178e+02 2.758846153850000178e+02
4.789615384620000214e+02 2.756538461540000071e+02
4.001153846149999822e+02 2.775769230770000036e+02
5.379615384620000214e+02 2.766538461540000071e+02
1.419999999999999929e+01 2.803999999999999773e+02
2.115000000000000000e+02 2.805000000000000000e+02
1.307666666670000097e+02 2.818333333329999846e+02
1.540000000000000000e+02 2.830000000000000000e+02
5.526538461540000071e+02 2.834230769229999964e+02
5.685526315790000353e+02 2.838684210530000200e+02
1.707857142860000010e+02 2.840000000000000000e+02
2.312142857139999990e+02 2.840000000000000000e+02
4.383823529410000219e+02 2.850882352940000146e+02
6.711538461499999642e+01 2.871153846149999822e+02
2.507608695650000072e+02 2.878043478260000256e+02
3.128999999999999773e+02 2.868999999999999773e+02
4.710000000000000000e+02 2.870000000000000000e+02
9.350000000000000000e+01 2.887352941180000130e+02
1.135000000000000000e+02 2.881470588239999984e+02
3.513999999999999773e+02 2.884499999999999886e+02
4.950000000000000000e+01 2.889375000000000000e+02
3.658636363640000013e+02 2.884090909089999855e+02
4.056538461540000071e+02 2.890384615379999786e+02
2.075625000000000000e+02 2.904375000000000000e+02
2.851999999999999886e+02 2.901999999999999886e+02
3.867666666669999813e+02 2.918999999999999773e+02
1.823750000000000000e+02 2.933125000000000000e+02
2.753888888889999862e+02 2.931666666670000154e+02
4.540294117650000203e+02 2.948529411760000016e+02
5.310882352940000146e+02 2.946176470589999781e+02
4.904523809519999986e+02 2.957380952380000281e+02
3.140909090899999967e+01 2.965909090910000145e+02
6.429999999999999716e+01 2.955000000000000000e+02
1.578750000000000000e+02 2.960625000000000000e+02
4.205000000000000000e+02 2.964375000000000000e+02
2.983500000000000227e+02 2.981999999999999886e+02
3.676111111110000138e+02 2.984444444439999984e+02
5.895833333330000414e+02 2.996666666670000154e+02
4.681818181999999773e+00 3.024090909089999855e+02
1.690999999999999943e+02 3.011000000000000227e+02
3.355000000000000000e+02 3.011250000000000000e+02
4.026052631580000138e+02 3.010789473680000015e+02
2.363750000000000000e+02 3.025000000000000000e+02
1.272777777780000008e+02 3.040555555560000016e+02
5.125000000000000000e+02 3.035000000000000000e+02
5.578333333330000414e+02 3.048333333329999846e+02
2.763750000000000000e+02 3.058750000000000000e+02
7.975000000000000000e+01 3.068333333329999846e+02
3.192777777779999724e+02 3.070000000000000000e+02
4.452500000000000000e+02 3.071250000000000000e+02
2.134210526300000055e+01 3.086578947369999923e+02
2.257631578950000062e+02 3.093421052630000077e+02
3.802142857140000274e+02 3.090000000000000000e+02
4.868888888889999862e+02 3.091666666670000154e+02
4.577777777800000081e+01 3.103888888889999862e+02
9.578571428600000104e+01 3.110000000000000000e+02
2.600000000000000000e+02 3.125000000000000000e+02
5.810000000000000000e+02 3.120000000000000000e+02
1.473823529409999935e+02 3.129117647059999854e+02
5.334090909090000423e+02 3.135909090910000145e+02
2.037105263159999993e+02 3.141315789469999800e+02
3.476333333329999959e+02 3.140333333329999732e+02
4.687307692310000107e+02 3.138846153850000178e+02
5.017352941180000130e+02 3.152647058819999870e+02
1.217727272730000010e+02 3.166818181819999722e+02
1.643421052630000077e+02 3.183421052630000077e+02
1.780000000000000000e+02 3.180000000000000000e+02
6.731818181799999934e+01 3.193181818180000278e+02
5.550789473679999446e+02 3.196052631580000138e+02
7.857142860000000395e-01 3.203571428569999853e+02
3.976739130430000273e+02 3.215000000000000000e+02
9.371052631599999927e+01 3.225000000000000000e+02
2.413666666670000041e+02 3.220333333329999732e+02
3.330333333329999732e+02 3.233666666670000041e+02
4.188571428569999853e+02 3.237142857140000274e+02
2.230000000000000000e+02 3.241666666670000154e+02
2.978478260869999872e+02 3.244130434780000201e+02
5.223421052630000077e+02 3.246578947369999923e+02
5.690000000000000000e+02 3.245000000000000000e+02
5.700000000000000000e+01 3.252142857140000274e+02
3.111250000000000000e+02 3.267500000000000000e+02
5.885000000000000000e+02 3.265000000000000000e+02
3.632619047619999719e+02 3.275476190480000014e+02
4.343571428569999853e+02 3.275714285710000127e+02
2.736250000000000000e+02 3.281875000000000000e+02
6.549999999999999822e+00 3.296000000000000227e+02
1.515500000000000114e+02 3.296000000000000227e+02
1.286578947369999923e+02 3.303421052630000077e+02
2.010999999999999943e+02 3.298999999999999773e+02
3.731250000000000000e+02 3.307500000000000000e+02
3.028260869600000049e+01 3.325869565219999799e+02
4.668333333329999846e+02 3.327500000000000000e+02
4.871666666670000154e+02 3.332500000000000000e+02
2.525555555560000016e+02 3.342777777779999724e+02
4.128750000000000000e+02 3.347500000000000000e+02
7.111538461499999642e+01 3.351153846149999822e+02
3.027222222220000276e+02 3.364444444439999984e+02
4.455000000000000000e+02 3.360000000000000000e+02
5.036333333329999959e+02 3.359666666670000268e+02
1.060333333330000016e+02 3.373666666670000041e+02
1.801315789470000084e+02 3.370263157890000230e+02
2.373000000000000114e+02 3.366000000000000227e+02
5.575769230769999467e+02 3.371923076919999858e+02
3.212500000000000000e+02 3.388999999999999773e+02
5.322142857139999705e+02 3.380000000000000000e+02
2.794473684210000215e+02 3.403421052630000077e+02
3.445869565219999799e+02 3.409347826090000240e+02
3.322222222199999919e+01 3.413333333329999846e+02
5.811538461500000352e+01 3.411153846149999822e+02
9.150000000000000000e+01 3.422894736839999723e+02
2.175769230770000036e+02 3.418076923080000142e+02
3.723333333329999846e+02 3.445000000000000000e+02
2.487222222219999992e+02 3.455555555560000016e+02
4.690384615379999786e+02 3.446538461540000071e+02
5.798684210530000200e+02 3.455000000000000000e+02
1.940882352939999862e+02 3.473823529410000219e+02
4.270000000000000000e+02 3.473888888889999862e+02
3.917500000000000000e+02 3.478750000000000000e+02
4.875500000000000114e+02 3.483999999999999773e+02
1.278809523810000002e+02 3.497380952380000281e+02
5.271153846150000390e+02 3.488846153850000178e+02
3.611666666670000154e+02 3.495833333329999846e+02
1.491250000000000000e+02 3.517500000000000000e+02
1.725625000000000000e+02 3.518125000000000000e+02
4.474499999999999886e+02 3.532500000000000000e+02
3.350000000000000000e+02 3.545000000000000000e+02
4.078999999999999773e+02 3.561000000000000227e+02
5.887857142860000295e+02 3.560000000000000000e+02
2.883333333299999879e+01 3.572500000000000000e+02
1.060499999999999972e+02 3.592500000000000000e+02
4.937857142859999726e+02 3.580000000000000000e+02
6.888461538500000358e+01 3.591153846149999822e+02
5.103181818180000278e+02 3.586818181819999722e+02
5.360000000000000000e+02 3.590000000000000000e+02
1.285294117599999986e+01 3.600294117650000203e+02
2.101153846150000106e+02 3.598846153850000178e+02
8.354999999999999716e+01 3.616000000000000227e+02
2.316666666669999870e+02 3.612222222220000276e+02
2.666000000000000227e+02 3.614499999999999886e+02
5.570454545449999841e+02 3.608636363640000013e+02
3.033947368419999862e+02 3.619210526319999985e+02
1.918846153849999894e+02 3.628846153850000178e+02
4.270454545449999841e+02 3.635000000000000000e+02
3.962222222220000276e+02 3.653888888889999862e+02
2.837666666669999813e+02 3.668333333329999846e+02
3.207857142859999726e+02 3.664285714289999873e+02
5.050000000000000000e+01 3.670000000000000000e+02
3.701315789469999800e+02 3.680263157890000230e+02
1.700999999999999943e+02 3.694333333330000073e+02
4.635666666669999927e+02 3.711000000000000227e+02
1.419000000000000057e+02 3.721000000000000227e+02
5.777857142860000295e+02 3.728333333329999846e+02
1.227727272730000010e+02 3.736818181819999722e+02
3.419117647059999854e+02 3.743823529410000219e+02
5.300000000000000000e+02 3.740000000000000000e+02
5.696153846200000004e+01 3.763461538459999929e+02
4.223235294120000276e+02 3.767352941180000130e+02
4.840000000000000000e+02 3.760000000000000000e+02
5.502222222220000276e+02 3.774444444439999984e+02
2.750000000000000000e+01 3.790000000000000000e+02
1.595000000000000000e+02 3.788529411760000016e+02
2.106176470590000065e+02 3.780882352940000146e+02
2.472222222219999992e+02 3.783888888889999862e+02
3.868684210530000200e+02 3.787105263160000277e+02
4.411818181819999722e+02 3.788636363640000013e+02
9.900000000000000000e+01 3.790000000000000000e+02
1.925909090909999861e+02 3.795909090910000145e+02
5.030000000000000000e+02 3.803000000000000114e+02
3.722222222199999919e+01 3.816111111110000138e+02
7.850000000000000000e+01 3.818684210530000200e+02
2.302857142860000010e+02 3.818571428569999853e+02
2.662222222220000276e+02 3.826111111110000138e+02
5.764545454550000159e+02 3.822272727270000132e+02
2.935000000000000000e+02 3.845000000000000000e+02
3.233333333329999846e+02 3.853888888889999862e+02
3.983333333329999846e+02 3.863888888889999862e+02
3.625000000000000000e+02 3.870000000000000000e+02
3.080000000000000000e+02 3.880000000000000000e+02
4.827380952380000281e+02 3.881666666670000154e+02
1.690999999999999943e+02 3.888999999999999773e+02
1.290000000000000000e+02 3.905000000000000000e+02
3.501470588239999984e+02 3.905000000000000000e+02
4.177500000000000000e+02 3.927500000000000000e+02
4.658846153850000178e+02 3.921153846149999822e+02
5.170000000000000000e+02 3.917857142859999726e+02
6.700000000000000000e+01 3.957222222220000276e+02
2.153666666670000041e+02 3.949666666670000268e+02
5.053000000000000114e+02 3.945000000000000000e+02
1.452500000000000000e+02 3.965000000000000000e+02
2.315909090909999861e+02 3.984090909089999855e+02
5.352857142860000295e+02 3.978571428569999853e+02
5.585000000000000000e+02 3.985000000000000000e+02
1.810000000000000000e+02 3.983000000000000114e+02
1.931153846150000106e+02 3.988846153850000178e+02
3.090882352940000146e+02 3.996176470589999781e+02
3.668333333329999846e+02 3.996250000000000000e+02
4.338999999999999773e+02 4.001000000000000227e+02
5.228333333330000414e+02 3.988333333329999846e+02
1.300000000000000000e+01 4.010000000000000000e+02
2.700000000000000000e+01 4.010000000000000000e+02
4.750000000000000000e+01 4.010000000000000000e+02
8.413636363599999868e+01 4.010454545449999841e+02
2.818846153850000178e+02 4.011153846149999822e+02
1.029666666669999984e+02 4.033666666670000041e+02
1.609736842110000055e+02 4.041842105260000153e+02
3.857857142859999726e+02 4.040000000000000000e+02
5.816428571430000147e+02 4.052142857140000274e+02
4.275000000000000000e+02 4.061470588239999984e+02
5.188636363639999445e+02 4.079545454550000159e+02
4.096111111110000138e+02 4.092222222220000276e+02
4.505000000000000000e+02 4.088333333329999846e+02
1.393499999999999943e+02 4.117500000000000000e+02
3.435000000000000000e+02 4.125000000000000000e+02
1.109999999999999964e+01 4.141000000000000227e+02
1.245000000000000000e+02 4.140000000000000000e+02
3.295000000000000000e+02 4.145000000000000000e+02
2.490000000000000000e+02 4.150000000000000000e+02
2.681250000000000000e+02 4.152500000000000000e+02
4.733500000000000227e+02 4.157500000000000000e+02
1.000999999999999943e+02 4.158999999999999773e+02
4.913421052630000077e+02 4.165526315789999785e+02
3.075000000000000000e+02 4.170000000000000000e+02
1.998333333330000130e+02 4.180000000000000000e+02
2.185909090909999861e+02 4.185909090910000145e+02
5.327142857139999705e+02 4.181428571430000147e+02
1.680000000000000000e+02 4.187857142859999726e+02
5.496111111110000138e+02 4.199444444439999984e+02
7.700000000000000000e+01 4.202142857140000274e+02
3.720000000000000000e+02 4.207222222220000276e+02
1.911428571429999863e+02 4.225714285710000127e+02
2.858333333329999846e+02 4.217666666669999813e+02
5.045000000000000284e+01 4.236000000000000227e+02
4.193947368419999862e+02 4.230789473680000015e+02
5.708571428569999853e+02 4.234285714289999873e+02
3.925000000000000000e+02 4.237857142859999726e+02
4.465000000000000000e+02 4.247352941180000130e+02
3.970000000000000284e+01 4.245000000000000000e+02
3.250000000000000000e+02 4.250000000000000000e+02
5.890000000000000000e+02 4.252142857140000274e+02
4.785526315789999785e+02 4.281842105260000153e+02
5.120625000000000000e+02 4.287500000000000000e+02
2.463333333299999950e+01 4.290333333329999732e+02
9.311111111099999960e+01 4.291666666670000154e+02
1.487500000000000000e+02 4.290833333329999846e+02
3.511000000000000227e+02 4.304333333330000073e+02
1.175499999999999972e+02 4.317500000000000000e+02
1.309583333330000130e+02 4.318750000000000000e+02
9.000000000000000222e-01 4.316999999999999886e+02
4.645799999999999841e+02 4.339399999999999977e+02
2.136818181820000007e+02 4.346818181819999722e+02
3.295500000000000114e+02 4.356000000000000227e+02
2.671363636359999987e+02 4.355909090910000145e+02
2.842142857140000274e+02 4.355000000000000000e+02
2.985000000000000000e+02 4.355000000000000000e+02
1.941363636359999987e+02 4.367727272729999868e+02
2.462500000000000000e+02 4.370625000000000000e+02
5.747857142860000295e+02 4.370000000000000000e+02
3.721923076919999858e+02 4.385769230770000036e+02
4.243999999999999773e+02 4.384499999999999886e+02
6.597368421100000546e+01 4.395000000000000000e+02
3.913000000000000114e+02 4.390000000000000000e+02
5.525000000000000000e+02 4.390000000000000000e+02
2.203846153799999996e+01 4.401923076919999858e+02
5.001666666670000154e+02 4.414166666670000154e+02
4.326470588200000122e+01 4.427941176470000073e+02
1.580000000000000000e+02 4.435000000000000000e+02
3.546250000000000000e+02 4.423750000000000000e+02
5.380625000000000000e+02 4.432500000000000000e+02
4.001000000000000227e+02 4.451000000000000227e+02
4.686538461540000071e+02 4.450384615379999786e+02
1.808333333330000130e+02 4.465000000000000000e+02
5.207142857139999705e+02 4.458571428569999853e+02
1.203181818179999993e+02 4.475909090910000145e+02
2.314090909090000139e+02 4.471363636359999987e+02
4.527500000000000000e+02 4.471250000000000000e+02
5.735909090909999577e+02 4.485909090910000145e+02
2.630000000000000000e+02 4.492142857140000274e+02
1.342272727270000132e+02 4.520000000000000000e+02
2.197727272729999868e+02 4.520000000000000000e+02
2.996052631580000138e+02 4.509210526319999985e+02
3.821153846149999822e+02 4.515769230770000036e+02
4.300833333329999846e+02 4.516666666670000154e+02
8.388888888900000040e+01 4.548333333329999846e+02
2.841470588239999984e+02 4.545000000000000000e+02
6.808823529400000041e+01 4.556176470589999781e+02
4.815000000000000000e+02 4.565000000000000000e+02
5.365714285709999558e+02 4.566428571430000147e+02
1.425000000000000000e+01 4.575500000000000114e+02
4.966000000000000227e+02 4.574499999999999886e+02
5.892142857139999705e+02 4.570000000000000000e+02
1.020999999999999943e+02 4.581000000000000227e+02
4.197058823500000102e+01 4.591470588239999984e+02
2.475000000000000000e+02 4.593000000000000114e+02
1.707857142860000010e+02 4.610000000000000000e+02
2.648076923080000142e+02 4.614230769229999964e+02
3.168846153850000178e+02 4.611153846149999822e+02
3.386818181819999722e+02 4.627727272729999868e+02
4.177777777779999724e+02 4.633888888889999862e+02
4.689210526319999985e+02 4.633947368419999862e+02
1.928529411760000016e+02 4.645000000000000000e+02
2.321363636359999987e+02 4.655909090910000145e+02
3.680000000000000000e+02 4.660000000000000000e+02
8.788461538500000358e+01 4.668846153850000178e+02
3.561153846149999822e+02 4.668846153850000178e+02
5.078846153850000178e+02 4.671153846149999822e+02
5.776176470589999781e+02 4.670882352940000146e+02
1.556818181820000007e+02 4.683181818180000278e+02
4.041999999999999886e+02 4.696000000000000227e+02
4.445000000000000000e+02 4.698529411760000016e+02
4.888684210530000200e+02 4.690263157890000230e+02
5.298333333330000414e+02 4.708333333329999846e+02
1.180454545449999983e+02 4.718636363640000013e+02
2.171315789470000084e+02 4.722894736839999723e+02
2.598846153850000178e+02 4.721153846149999822e+02
3.785909090910000145e+02 4.721363636359999987e+02
4.400000000000000000e+01 4.755000000000000000e+02
2.840000000000000000e+02 4.750000000000000000e+02
5.522222222220000276e+02 4.756111111110000138e+02
2.978750000000000000e+02 4.762500000000000000e+02
1.949545454549999874e+02 4.768636363640000013e+02
4.166333333329999959e+02 4.779666666670000268e+02
2.278571428600000104e+01 4.790000000000000000e+02
1.390882352939999862e+02 4.806176470589999781e+02
3.250000000000000000e+02 4.805000000000000000e+02
1.750000000000000000e+02 4.830000000000000000e+02
3.386578947369999923e+02 4.836578947369999923e+02
7.050000000000000000e+01 4.845000000000000000e+02
1.557857142860000010e+02 4.841428571430000147e+02
5.008999999999999773e+02 4.841000000000000227e+02
4.538846153850000178e+02 4.861153846149999822e+02
5.261153846150000390e+02 4.858846153850000178e+02
4.075526315789999785e+02 4.875526315789999785e+02
5.792999999999999545e+02 4.883500000000000227e+02
5.500000000000000000e+00 4.885000000000000000e+02
1.095000000000000000e+02 4.880000000000000000e+02
2.507500000000000000e+02 4.885625000000000000e+02
4.750000000000000000e+02 4.880000000000000000e+02
5.444473684209999647e+02 4.885526315789999785e+02
5.623571428569999853e+02 4.886904761900000267e+02
2.366818181820000007e+02 4.896818181819999722e+02
3.230000000000000000e+02 4.900000000000000000e+02
3.816538461540000071e+02 4.899615384620000214e+02
3.625000000000000000e+02 4.907857142859999726e+02
3.114705882399999837e+01 4.935000000000000000e+02
8.434615384600000709e+01 4.939615384620000214e+02
4.815000000000000000e+02 4.941250000000000000e+02
1.273666666670000041e+02 4.958333333329999846e+02
1.575000000000000000e+02 4.960000000000000000e+02
2.239615384619999929e+02 4.956538461540000071e+02
2.834499999999999886e+02 4.963999999999999773e+02
2.100000000000000000e+02 4.982142857140000274e+02
3.033666666670000041e+02 4.989666666670000268e+02
5.075769230770000036e+02 4.998076923080000142e+02
4.573461538459999929e+02 5.009615384620000214e+02
5.536666666699999695e+01 5.019666666670000268e+02
4.389615384620000214e+02 5.023461538459999929e+02
5.461666666669999586e+02 5.022500000000000000e+02
2.616250000000000000e+02 5.036875000000000000e+02
5.549999999999999822e+00 5.043999999999999773e+02
7.359090909100000033e+01 5.041363636359999987e+02
1.695909090909999861e+02 5.038636363640000013e+02
3.450000000000000000e+02 5.042142857140000274e+02
3.712500000000000000e+02 5.041666666670000154e+02
5.690000000000000000e+02 5.042142857140000274e+02
4.179666666670000268e+02 5.053666666670000041e+02
1.926333333329999959e+02 5.060333333329999732e+02
2.394166666669999870e+02 5.065000000000000000e+02
9.161764705900000649e+01 5.070882352940000146e+02
3.143333333329999846e+02 5.069166666670000154e+02
4.002058823529999927e+02 5.077941176470000073e+02
5.287857142860000295e+02 5.080000000000000000e+02
3.886000000000000227e+02 5.098000000000000114e+02
4.675000000000000000e+01 5.101666666670000154e+02
1.398529411760000016e+02 5.105000000000000000e+02
2.272222222199999919e+01 5.121111111110000138e+02
1.079500000000000028e+02 5.123999999999999773e+02
2.778999999999999773e+02 5.138999999999999773e+02
4.726250000000000000e+02 5.145625000000000000e+02
2.947307692310000107e+02 5.161153846150000390e+02
4.335000000000000000e+02 5.160000000000000000e+02
5.890789473679999446e+02 5.163947368420000430e+02
1.776999999999999886e+02 5.165000000000000000e+02
5.393125000000000000e+02 5.173125000000000000e+02
2.135000000000000000e+02 5.186333333329999959e+02
2.261153846150000106e+02 5.178846153849999610e+02
5.615000000000000000e+02 5.185000000000000000e+02
1.970588234999999910e+00 5.198529411759999448e+02
3.595000000000000000e+02 5.195000000000000000e+02
4.567500000000000000e+02 5.189166666669999586e+02
4.933333333329999846e+02 5.203888888889999862e+02
5.190789473679999446e+02 5.209210526320000554e+02
3.855833333329999846e+02 5.218333333330000414e+02
3.350000000000000000e+02 5.227000000000000455e+02
2.850000000000000000e+01 5.239285714290000442e+02
1.599347826089999955e+02 5.245000000000000000e+02
4.130000000000000000e+02 5.257222222220000276e+02
7.134210526299999344e+01 5.266578947369999923e+02
1.349666666669999984e+02 5.276333333329999959e+02
2.020625000000000000e+02 5.277500000000000000e+02
9.359090909100000033e+01 5.284090909090000423e+02
5.844090909090000423e+02 5.295909090909999577e+02
5.372222222199999919e+01 5.300000000000000000e+02
2.523333333330000130e+02 5.303888888889999862e+02
2.668999999999999773e+02 5.301000000000000227e+02
3.130789473680000015e+02 5.303947368420000430e+02
5.357500000000000000e+02 5.343500000000000227e+02
1.115000000000000000e+02 5.355000000000000000e+02
1.715000000000000000e+02 5.345000000000000000e+02
4.253666666670000041e+02 5.350333333329999732e+02
5.631000000000000227e+02 5.351000000000000227e+02
4.682142857140000274e+02 5.368809523810000428e+02
3.130952381000000173e+01 5.376428571430000147e+02
4.460000000000000000e+02 5.375000000000000000e+02
4.900882352940000146e+02 5.373823529410000219e+02
5.175000000000000000e+02 5.372999999999999545e+02
2.834499999999999886e+02 5.382500000000000000e+02
1.409090908999999892e+00 5.388636363639999445e+02
1.950000000000000000e+01 5.395000000000000000e+02
2.135909090909999861e+02 5.391363636360000555e+02
3.705000000000000000e+02 5.401470588240000552e+02
3.335000000000000000e+02 5.433636363639999445e+02
4.018999999999999773e+02 5.418999999999999773e+02
3.500000000000000000e+02 5.440000000000000000e+02
8.050000000000000000e+01 5.452894736839999723e+02
1.493666666670000041e+02 5.450333333329999732e+02
2.973571428569999853e+02 5.454285714290000442e+02
3.150000000000000000e+02 5.452142857139999705e+02
3.888846153850000178e+02 5.451153846150000390e+02
2.310000000000000000e+02 5.470000000000000000e+02
5.019117647059999854e+02 5.476176470589999781e+02
4.727941176470000073e+02 5.493823529410000219e+02
9.867647058800000082e+01 5.503235294119999708e+02
1.877500000000000000e+02 5.522500000000000000e+02
2.037666666670000097e+02 5.524333333329999505e+02
2.691153846149999822e+02 5.518846153849999610e+02
5.774130434779999632e+02 5.529347826089999671e+02
6.050000000000000000e+01 5.525000000000000000e+02
1.287777777780000008e+02 5.533888888889999862e+02
2.514444444439999984e+02 5.546111111110000138e+02
2.813823529410000219e+02 5.539117647059999854e+02
1.721428571399999896e+01 5.550000000000000000e+02
3.477777777800000081e+01 5.556111111110000138e+02
4.546538461540000071e+02 5.560384615379999786e+02
1.705000000000000000e+02 5.576176470589999781e+02
4.263666666670000041e+02 5.569666666670000268e+02
5.331153846150000390e+02 5.571153846150000390e+02
2.279166666669999870e+02 5.592500000000000000e+02
5.495000000000000000e+02 5.595000000000000000e+02
1.407727272729999868e+02 5.610000000000000000e+02
3.738999999999999773e+02 5.601000000000000227e+02
4.898478260869999872e+02 5.620652173910000329e+02
8.400000000000000000e+01 5.615000000000000000e+02
3.630000000000000000e+02 5.632142857139999705e+02
3.350555555560000016e+02 5.638333333330000414e+02
3.070000000000000000e+02 5.640000000000000000e+02
3.212142857140000274e+02 5.640714285709999558e+02
