3.357142856999999925e+00 1.428571429000000004e+00
2.764285714300000052e+01 1.428571429000000004e+00
2.745000000000000000e+02 5.000000000000000000e-01
3.110000000000000000e+02 8.333333330000000094e-01
3.492777777779999724e+02 9.444444440000000496e-01
4.101000000000000227e+02 1.899999999999999911e+00
4.823333333329999846e+02 1.333333332999999898e+00
5.208750000000000000e+02 2.250000000000000000e+00
1.935526315790000069e+02 3.289473683999999842e+00
3.696904761900000267e+02 4.166666667000000324e+00
5.583333333330000414e+02 3.500000000000000000e+00
1.377777777780000008e+02 6.611111110999999596e+00
2.590000000000000000e+02 6.000000000000000000e+00
5.037777777779999724e+02 6.611111110999999596e+00
4.426111111110000138e+02 7.222222222000000080e+00
2.090294117649999919e+02 8.852941175999999857e+00
4.545000000000000000e+02 7.500000000000000000e+00
5.794473684209999647e+02 8.184210525999999319e+00
1.096666666670000012e+02 9.222222221999999192e+00
3.286578947369999923e+02 9.342105263000000548e+00
3.865000000000000000e+02 8.699999999999999289e+00
6.900000000000000000e+01 9.500000000000000000e+00
4.209666666670000268e+02 1.263333333299999950e+01
2.391666666669999870e+02 1.363333333299999950e+01
1.595000000000000000e+02 1.500000000000000000e+01
4.722222222220000276e+02 1.516666666699999944e+01
9.100000000000000000e+01 1.621428571399999896e+01
2.997105263160000277e+02 1.676315789499999909e+01
3.490652173909999760e+02 1.632608695700000112e+01
1.744090909090000139e+02 1.731818181799999934e+01
5.406333333329999959e+02 1.703333333300000163e+01
5.677777777800000081e+01 1.838888888900000040e+01
7.628260869599999694e+01 1.841304347799999874e+01
3.742777777779999724e+02 1.800000000000000000e+01
2.079411764700000020e+01 1.997058823500000102e+01
1.226176470590000065e+02 1.908823529400000041e+01
3.231111111110000138e+02 1.933333333299999879e+01
2.695000000000000000e+02 2.030000000000000071e+01
5.095000000000000000e+02 2.000000000000000000e+01
2.870000000000000000e+02 2.100000000000000000e+01
5.566578947369999923e+02 2.134210526300000055e+01
4.110000000000000000e+02 2.450000000000000000e+01
4.860000000000000000e+02 2.478571428600000104e+01
2.000000000000000000e+02 2.550000000000000000e+01
5.750000000000000000e+02 2.672222222199999919e+01
1.443666666670000041e+02 2.703333333300000163e+01
3.922500000000000000e+02 2.825000000000000000e+01
4.150000000000000000e+01 2.869999999999999929e+01
2.140000000000000000e+02 2.850000000000000000e+01
3.631153846149999822e+02 2.988461538500000003e+01
2.565000000000000000e+02 3.069999999999999929e+01
5.232142857139999705e+02 3.100000000000000000e+01
5.345000000000000000e+02 3.107142857099999844e+01
4.470789473680000015e+02 3.297368421099999836e+01
5.070000000000000000e+02 3.227777777800000081e+01
1.022857142860000010e+02 3.285714285699999948e+01
3.053999999999999773e+02 3.270000000000000284e+01
3.363666666670000041e+02 3.303333333300000163e+01
6.222222222000000080e+00 3.461111111099999960e+01
1.795500000000000114e+02 3.460000000000000142e+01
5.931250000000000000e+01 3.568750000000000000e+01
5.848750000000000000e+02 3.525000000000000000e+01
4.243823529410000219e+02 3.591176470599999959e+01
5.516111111110000138e+02 3.622222222199999919e+01
2.398846153849999894e+02 3.711538461500000352e+01
8.175000000000000000e+01 3.875000000000000000e+01
2.955000000000000000e+02 3.800000000000000000e+01
3.788636363640000013e+02 3.840909090899999967e+01
5.747857142860000295e+02 3.900000000000000000e+01
1.652777777780000008e+02 4.055555555600000162e+01
4.062142857140000274e+02 4.000000000000000000e+01
2.933333333299999879e+01 4.058333333299999879e+01
4.544444444399999838e+01 4.272222222199999919e+01
2.708684210530000200e+02 4.223684210500000091e+01
4.725555555560000016e+02 4.261111111099999960e+01
1.162647058820000012e+02 4.391176470599999959e+01
2.243499999999999943e+02 4.364999999999999858e+01
4.158333333329999846e+02 4.616666666700000121e+01
4.907857142859999726e+02 4.600000000000000000e+01
2.056111111110000138e+02 4.766666666700000121e+01
3.910000000000000000e+02 4.750000000000000000e+01
3.080384615379999786e+02 4.934615384599999999e+01
3.526333333329999959e+02 4.896666666699999837e+01
5.371666666669999586e+02 4.963333333300000305e+01
3.675625000000000000e+02 5.075000000000000000e+01
1.435476190480000014e+02 5.173809523799999965e+01
1.874090909090000139e+02 5.159090909100000033e+01
3.273000000000000114e+02 5.050000000000000000e+01
5.062142857140000274e+02 5.200000000000000000e+01
6.700000000000000000e+01 5.350000000000000000e+01
1.235000000000000000e+02 5.370000000000000284e+01
4.398846153850000178e+02 5.388461538499999648e+01
2.575000000000000000e+02 5.500000000000000000e+01
4.621315789469999800e+02 5.528947368400000073e+01
7.250000000000000000e+00 5.612500000000000000e+01
8.711538461499999642e+01 5.611538461500000352e+01
1.050000000000000000e+02 5.621428571399999896e+01
3.770000000000000000e+02 5.600000000000000000e+01
1.638846153849999894e+02 5.688461538499999648e+01
3.344090909089999855e+02 5.713636363599999868e+01
5.533260869570000295e+02 5.750000000000000000e+01
2.818999999999999773e+02 6.010000000000000142e+01
5.860000000000000000e+02 5.950000000000000000e+01
5.610000000000000000e+02 6.227777777800000081e+01
4.493888888889999862e+02 6.316666666700000121e+01
4.743888888889999862e+02 6.338888888900000040e+01
2.443421052630000077e+02 6.534210526299999344e+01
5.251428571430000147e+02 6.478571428600000104e+01
3.180384615379999786e+02 6.634615384600000709e+01
7.283333333299999879e+01 6.725000000000000000e+01
2.216666666700000121e+01 6.758333333299999879e+01
4.838888888900000040e+01 6.833333333299999879e+01
4.659615384620000214e+02 6.834615384600000709e+01
2.144333333330000073e+02 6.890000000000000568e+01
2.680000000000000000e+02 6.878571428600000104e+01
3.972647058819999870e+02 7.050000000000000000e+01
4.272777777779999724e+02 7.000000000000000000e+01
1.053888888890000004e+02 7.116666666700000121e+01
1.420000000000000000e+02 7.121428571399999896e+01
6.382352940999999724e+00 7.261764705900000649e+01
3.497222222220000276e+02 7.188888888900000040e+01
4.916250000000000000e+02 7.287500000000000000e+01
5.730000000000000000e+02 7.221428571399999896e+01
4.157222222220000276e+02 7.344444444399999838e+01
1.935500000000000114e+02 7.440000000000000568e+01
2.986999999999999886e+02 7.379999999999999716e+01
2.743999999999999773e+02 7.545000000000000284e+01
6.100000000000000000e+01 7.650000000000000000e+01
5.297666666669999813e+02 7.616666666700000121e+01
5.097857142859999726e+02 7.800000000000000000e+01
2.985294117600000163e+01 7.897058823499999392e+01
9.655263157900000692e+01 7.934210526299999344e+01
1.795000000000000000e+02 7.950000000000000000e+01
3.625909090910000145e+02 7.940909090899999967e+01
1.544333333330000073e+02 7.976666666699999553e+01
2.262142857139999990e+02 8.000000000000000000e+01
2.340000000000000000e+02 7.900000000000000000e+01
5.468888888889999862e+02 8.027777777800000081e+01
1.310000000000000000e+02 8.050000000000000000e+01
2.599736842109999770e+02 8.286842105300000583e+01
3.911842105260000153e+02 8.402631578899999454e+01
3.278999999999999773e+02 8.490000000000000568e+01
4.811153846149999822e+02 8.588461538500000358e+01
2.027105263159999993e+02 8.713157894699999417e+01
7.186363636400000132e+01 8.795454545500000165e+01
4.340000000000000000e+02 8.829999999999999716e+01
4.507500000000000000e+02 8.783333333299999879e+01
4.634090909089999855e+02 8.786363636400000132e+01
1.287857142860000010e+02 8.900000000000000000e+01
4.960000000000000000e+02 9.000000000000000000e+01
3.066666666670000154e+02 9.041666666700000121e+01
4.071000000000000227e+02 9.090000000000000568e+01
1.753181818179999993e+02 9.168181818200000066e+01
5.703846153799999996e+01 9.365384615399999291e+01
1.097352941179999988e+02 9.550000000000000000e+01
2.970000000000000000e+02 9.600000000000000000e+01
5.274166666669999586e+02 9.516666666700000121e+01
5.637999999999999545e+02 9.559999999999999432e+01
3.421428571399999896e+01 9.600000000000000000e+01
5.853421052630000077e+02 9.665789473700000656e+01
1.909117647060000138e+02 9.761764705900000649e+01
2.300882352939999862e+02 9.761764705900000649e+01
3.220882352940000146e+02 9.738235294099999351e+01
8.690000000000000568e+01 9.809999999999999432e+01
2.481666666669999870e+02 9.861111111099999960e+01
2.681428571430000147e+02 9.971428571399999896e+01
3.842142857140000274e+02 9.950000000000000000e+01
4.876111111110000138e+02 9.922222222199999919e+01
1.400000000000000000e+02 1.007857142860000010e+02
5.382352940999999724e+00 1.029117647059999996e+02
3.401666666670000154e+02 1.038888888890000004e+02
5.478999999999999773e+02 1.050999999999999943e+02
6.567391304299999888e+01 1.065000000000000000e+02
2.838235294100000061e+01 1.069117647059999996e+02
1.065000000000000000e+02 1.067000000000000028e+02
4.285666666669999927e+02 1.070999999999999943e+02
4.525000000000000000e+02 1.080000000000000000e+02
4.720882352940000146e+02 1.083823529409999935e+02
1.247142857139999990e+02 1.088571428569999995e+02
3.723823529410000219e+02 1.090882352940000004e+02
5.115000000000000000e+02 1.110000000000000000e+02
5.344230769230000533e+02 1.108076923080000000e+02
1.608846153849999894e+02 1.118846153850000036e+02
1.990999999999999943e+02 1.119000000000000057e+02
2.825555555560000016e+02 1.133888888890000004e+02
2.440000000000000000e+02 1.140000000000000000e+02
3.060000000000000000e+02 1.140000000000000000e+02
5.613181818179999709e+02 1.143181818179999993e+02
3.331000000000000227e+02 1.165666666670000069e+02
3.977500000000000000e+02 1.165625000000000000e+02
5.808846153849999610e+02 1.161153846149999964e+02
4.455000000000000000e+02 1.170000000000000000e+02
1.910000000000000000e+02 1.175000000000000000e+02
2.250999999999999943e+02 1.180999999999999943e+02
2.594499999999999886e+02 1.195999999999999943e+02
5.136666666699999695e+01 1.200333333330000016e+02
5.512999999999999545e+02 1.201666666670000012e+02
1.326923076899999998e+01 1.221153846149999964e+02
1.470882352939999862e+02 1.226176470590000065e+02
1.616176470590000065e+02 1.220882352940000004e+02
3.197307692310000107e+02 1.221153846149999964e+02
3.496578947369999923e+02 1.223421052629999934e+02
4.982619047619999719e+02 1.248809523810000002e+02
5.176111111110000138e+02 1.247777777780000008e+02
8.213636363599999868e+01 1.274090909089999997e+02
4.161000000000000227e+02 1.280999999999999943e+02
5.671363636360000555e+02 1.274090909089999997e+02
2.365000000000000000e+02 1.291470588239999984e+02
4.756538461540000071e+02 1.289615384619999929e+02
2.928999999999999773e+02 1.310999999999999943e+02
3.775833333329999846e+02 1.316666666669999870e+02
4.382500000000000000e+02 1.315625000000000000e+02
6.411538461499999642e+01 1.318846153849999894e+02
1.074090909089999997e+02 1.325909090909999861e+02
1.215000000000000000e+02 1.330000000000000000e+02
2.052826086960000112e+02 1.335869565220000084e+02
1.400000000000000000e+02 1.340000000000000000e+02
3.285000000000000000e+02 1.345000000000000000e+02
3.855000000000000000e+02 1.340000000000000000e+02
4.620000000000000000e+02 1.347857142860000010e+02
3.657894736999999896e+00 1.366578947369999923e+02
1.755833333330000130e+02 1.358333333330000130e+02
2.718333333329999846e+02 1.356111111110000138e+02
3.036666666700000050e+01 1.370333333330000016e+02
3.080000000000000000e+02 1.372142857139999990e+02
1.411538461499999997e+01 1.381153846150000106e+02
2.487142857139999990e+02 1.379285714289999873e+02
5.840000000000000000e+02 1.385000000000000000e+02
1.606484375000000000e+02 1.468437500000000000e+02
4.043999999999999773e+02 1.415500000000000114e+02
5.061153846149999822e+02 1.418846153849999894e+02
5.370000000000000000e+02 1.430000000000000000e+02
1.896333333329999959e+02 1.449666666669999984e+02
3.547500000000000000e+02 1.452500000000000000e+02
4.290555555560000016e+02 1.441666666669999870e+02
5.196333333329999959e+02 1.449000000000000057e+02
5.588999999999999773e+02 1.464333333330000073e+02
8.161764705900000649e+01 1.472058823529999927e+02
3.303999999999999773e+02 1.475500000000000114e+02
3.928333333329999846e+02 1.488333333330000130e+02
4.527500000000000000e+02 1.495625000000000000e+02
1.642857143000000075e+00 1.505714285710000127e+02
2.477857142860000010e+02 1.512142857139999990e+02
2.825000000000000000e+02 1.507352941180000130e+02
4.700789473680000015e+02 1.506052631580000138e+02
4.450000000000000000e+01 1.510000000000000000e+02
2.121153846150000106e+02 1.521153846150000106e+02
6.038888888900000040e+01 1.537777777780000008e+02
1.177142857139999990e+02 1.531428571429999863e+02
1.400999999999999943e+02 1.535666666669999927e+02
2.225999999999999943e+02 1.534499999999999886e+02
3.015476190480000014e+02 1.543095238100000017e+02
5.402857142860000295e+02 1.538571428570000137e+02
3.535000000000000000e+02 1.553000000000000114e+02
9.695000000000000284e+01 1.565999999999999943e+02
1.864090909090000139e+02 1.564090909090000139e+02
2.591111111110000138e+02 1.568333333330000130e+02
2.135000000000000000e+02 1.585000000000000000e+02
2.710000000000000000e+02 1.585000000000000000e+02
5.664090909090000423e+02 1.604090909090000139e+02
3.700000000000000000e+02 1.605000000000000000e+02
3.997222222220000276e+02 1.608333333330000130e+02
4.351000000000000227e+02 1.610999999999999943e+02
4.946428571430000147e+02 1.613095238100000017e+02
2.277777777800000081e+01 1.633888888889999862e+02
3.200000000000000000e+02 1.640000000000000000e+02
4.263421052630000077e+02 1.644473684209999931e+02
3.678571428600000104e+01 1.660000000000000000e+02
1.229615384619999929e+02 1.656538461540000071e+02
5.902941176499999898e+01 1.681470588239999984e+02
2.470789473680000015e+02 1.683947368419999862e+02
5.145555555559999448e+02 1.683888888889999862e+02
9.100000000000000000e+01 1.697222222219999992e+02
1.514090909090000139e+02 1.688636363640000013e+02
4.548125000000000000e+02 1.696875000000000000e+02
9.366666667000000501e+00 1.699666666669999984e+02
8.209999999999999432e+01 1.700999999999999943e+02
2.873750000000000000e+02 1.693750000000000000e+02
3.728999999999999773e+02 1.700999999999999943e+02
5.792647058820000439e+02 1.702647058819999870e+02
5.406666666669999586e+02 1.722222222219999992e+02
1.962894736840000007e+02 1.738684210529999916e+02
4.715000000000000000e+02 1.735000000000000000e+02
3.920000000000000000e+02 1.740000000000000000e+02
5.531000000000000227e+02 1.740999999999999943e+02
3.400000000000000000e+02 1.760000000000000000e+02
4.436578947369999923e+02 1.763421052630000077e+02
5.036578947369999923e+02 1.763421052630000077e+02
2.855000000000000000e+02 1.778529411760000016e+02
1.850000000000000000e+01 1.790000000000000000e+02
5.900000000000000355e+00 1.800999999999999943e+02
4.450000000000000000e+01 1.815000000000000000e+02
1.696666666669999870e+02 1.813888888889999862e+02
5.180000000000000000e+02 1.815000000000000000e+02
2.171470588239999984e+02 1.825000000000000000e+02
4.026818181819999722e+02 1.816818181820000007e+02
4.620000000000000000e+02 1.822142857139999990e+02
1.411315789470000084e+02 1.832894736840000007e+02
3.586052631580000138e+02 1.830789473680000015e+02
5.680555555559999448e+02 1.833888888889999862e+02
1.860000000000000000e+02 1.840000000000000000e+02
2.959117647059999854e+02 1.853823529409999935e+02
7.500000000000000000e+00 1.863000000000000114e+02
1.065000000000000000e+02 1.860000000000000000e+02
3.197857142859999726e+02 1.870000000000000000e+02
4.852647058819999870e+02 1.877352941180000130e+02
2.688846153850000178e+02 1.891153846150000106e+02
4.279375000000000000e+02 1.902500000000000000e+02
2.710869565200000153e+01 1.918478260869999872e+02
5.490000000000000000e+02 1.915000000000000000e+02
7.900000000000000000e+01 1.920000000000000000e+02
2.495666666669999927e+02 1.920999999999999943e+02
3.487222222220000276e+02 1.920000000000000000e+02
2.890000000000000000e+02 1.930000000000000000e+02
1.019375000000000000e+02 1.940625000000000000e+02
4.953421052630000077e+02 1.943421052630000077e+02
5.346176470589999781e+02 1.952058823529999927e+02
1.198333333329999988e+02 1.957500000000000000e+02
2.097727272729999868e+02 1.970000000000000000e+02
3.706111111110000138e+02 1.972222222219999992e+02
1.363823529409999935e+02 1.979117647060000138e+02
4.415909090910000145e+02 1.981363636359999987e+02
3.985833333329999846e+02 1.988333333330000130e+02
5.434210526300000055e+01 2.009210526319999985e+02
1.300000000000000044e+00 2.010000000000000000e+02
1.699666666669999984e+02 2.016333333329999959e+02
4.596904761900000267e+02 2.016428571429999863e+02
7.978571428600000104e+01 2.025000000000000000e+02
3.336818181819999722e+02 2.043181818179999993e+02
1.563461538459999929e+02 2.052692307689999893e+02
1.857777777780000008e+02 2.056111111110000138e+02
2.220000000000000000e+02 2.050000000000000000e+02
4.103333333300000163e+01 2.066333333329999959e+02
2.373461538459999929e+02 2.059615384619999929e+02
3.132222222220000276e+02 2.063888888889999862e+02
4.118684210530000200e+02 2.060263157889999945e+02
2.893421052630000077e+02 2.076578947369999923e+02
4.282692307689999893e+02 2.071153846150000106e+02
1.828947368400000073e+01 2.085000000000000000e+02
2.483823529409999935e+02 2.089117647060000138e+02
4.813333333329999846e+02 2.094444444439999984e+02
5.188846153849999610e+02 2.091153846150000106e+02
5.665000000000000000e+02 2.098750000000000000e+02
1.118846153850000036e+02 2.107307692310000107e+02
1.333666666670000041e+02 2.119000000000000057e+02
3.407500000000000000e+02 2.127500000000000000e+02
7.025000000000000000e+01 2.128750000000000000e+02
3.812777777779999724e+02 2.130555555560000016e+02
2.250000000000000000e+02 2.142142857139999990e+02
5.554166666669999586e+02 2.138333333330000130e+02
2.710000000000000000e+02 2.157727272729999868e+02
4.166666667000000324e+00 2.155833333330000130e+02
2.046999999999999886e+02 2.165999999999999943e+02
5.288809523810000428e+02 2.175000000000000000e+02
2.500000000000000000e+01 2.182142857139999990e+02
2.826585365849999789e+02 2.231219512199999997e+02
5.832142857139999705e+02 2.178571428570000137e+02
3.649705882349999797e+02 2.198529411760000016e+02
4.563888888889999862e+02 2.188333333330000130e+02
4.991666666670000154e+02 2.204166666669999870e+02
5.620000000000000284e+01 2.210999999999999943e+02
9.700000000000000000e+01 2.220000000000000000e+02
1.740000000000000000e+02 2.220000000000000000e+02
4.877105263160000277e+02 2.241315789470000084e+02
4.204444444439999984e+02 2.252222222219999992e+02
5.657999999999999545e+02 2.264000000000000057e+02
3.215526315789999785e+02 2.275526315790000069e+02
3.982500000000000000e+02 2.271666666669999870e+02
1.390000000000000000e+02 2.287222222219999992e+02
8.208823529400000041e+01 2.293823529409999935e+02
2.457380952379999997e+02 2.294047619049999867e+02
3.551153846149999822e+02 2.301153846150000106e+02
4.358333333329999846e+02 2.296111111110000138e+02
5.170000000000000000e+02 2.300000000000000000e+02
1.285000000000000000e+02 2.310000000000000000e+02
1.570000000000000000e+02 2.310000000000000000e+02
2.173333333330000130e+02 2.312222222219999992e+02
3.824499999999999886e+02 2.315999999999999943e+02
1.158695652199999948e+01 2.327173913039999888e+02
2.645526315789999785e+02 2.326578947369999923e+02
4.100000000000000000e+01 2.337500000000000000e+02
1.913888888889999862e+02 2.340555555560000016e+02
4.662894736839999723e+02 2.345000000000000000e+02
3.060000000000000000e+02 2.360000000000000000e+02
9.678571428600000104e+01 2.370000000000000000e+02
2.840882352940000146e+02 2.373823529409999935e+02
5.573333333330000414e+02 2.393888888889999862e+02
3.789285714289999873e+02 2.405000000000000000e+02
4.463888888889999862e+02 2.407777777780000008e+02
2.628947368400000073e+01 2.418684210529999916e+02
5.147857142860000295e+02 2.410000000000000000e+02
5.359666666670000268e+02 2.413666666670000041e+02
3.378846153850000178e+02 2.421153846150000106e+02
4.283666666670000041e+02 2.420333333330000016e+02
5.766666666700000121e+01 2.435000000000000000e+02
2.690333333329999732e+02 2.436333333329999959e+02
4.059210526319999985e+02 2.443947368419999862e+02
1.748076923079999858e+02 2.449615384619999929e+02
2.138846153849999894e+02 2.451153846150000106e+02
4.682142857140000274e+02 2.450000000000000000e+02
3.221000000000000227e+02 2.470999999999999943e+02
5.733421052630000077e+02 2.473421052630000077e+02
4.868846153850000178e+02 2.478846153849999894e+02
1.259000000000000057e+02 2.490999999999999943e+02
1.911666666669999870e+02 2.499166666669999870e+02
2.393499999999999943e+02 2.496500000000000057e+02
2.990000000000000000e+02 2.500000000000000000e+02
1.092142857139999990e+02 2.510000000000000000e+02
1.480000000000000000e+02 2.512142857139999990e+02
3.637500000000000000e+02 2.521666666669999870e+02
4.507142857099999844e+01 2.545000000000000000e+02
2.205500000000000114e+02 2.545999999999999943e+02
2.876333333329999959e+02 2.540333333330000016e+02
8.665789473700000656e+01 2.566578947369999923e+02
1.688333333330000130e+02 2.562333333330000187e+02
5.354583333330000414e+02 2.565000000000000000e+02
3.895000000000000000e+02 2.571470588239999984e+02
4.104411764710000057e+02 2.573235294120000276e+02
4.315000000000000000e+02 2.595000000000000000e+02
5.000555555560000016e+02 2.596111111110000138e+02
1.491176470599999959e+01 2.613823529410000219e+02
5.812058823529999927e+02 2.616176470589999781e+02
6.759523809499999913e+01 2.633095238099999733e+02
1.140000000000000000e+02 2.630000000000000000e+02
3.510000000000000000e+02 2.642142857140000274e+02
2.495000000000000000e+02 2.655000000000000000e+02
2.755000000000000000e+02 2.651470588239999984e+02
5.605833333330000414e+02 2.651666666670000154e+02
3.186428571430000147e+02 2.663095238099999733e+02
5.000000000000000000e-01 2.660000000000000000e+02
1.455000000000000000e+02 2.670000000000000000e+02
5.232692307690000462e+02 2.671153846149999822e+02
3.213157894700000128e+01 2.687105263160000277e+02
4.619615384620000214e+02 2.676538461540000071e+02
5.041470588239999984e+02 2.685000000000000000e+02
1.799545454549999874e+02 2.693636363640000013e+02
4.719615384620000214e+02 2.693461538459999929e+02
1.012500000000000000e+02 2.715500000000000114e+02
2.925909090910000145e+02 2.708636363640000013e+02
3.900000000000000000e+02 2.708999999999999773e+02
4.882647058819999870e+02 2.713235294120000276e+02
3.291153846149999822e+02 2.718846153850000178e+02
2.088043478259999972e+02 2.735869565219999799e+02
4.450000000000000000e+02 2.730000000000000000e+02
7.700000000000000000e+01 2.745000000000000000e+02
3.766250000000000000e+02 2.736250000000000000e+02
6.159090909100000033e+01 2.751363636359999987e+02
2.350000000000000000e+02 2.750000000000000000e+02
5.371153846150000390e+02 2.761153846149999822e+02
2.265000000000000000e+02 2.768750000000000000e+02
3.529666666670000268e+02 2.776333333329999959e+02
5.680000000000000000e+02 2.770000000000000000e+02
1.319375000000000000e+02 2.787500000000000000e+02
1.558333333330000130e+02 2.783888888889999862e+02
4.048999999999999773e+02 2.791000000000000227e+02
4.964285714300000052e+01 2.800000000000000000e+02
1.710000000000000000e+02 2.800000000000000000e+02
4.150000000000000355e+00 2.825500000000000114e+02
2.496538461540000071e+02 2.821153846149999822e+02
3.627857142859999726e+02 2.831428571430000147e+02
4.702777777779999724e+02 2.828888888889999862e+02
5.493571428569999853e+02 2.851428571430000147e+02
1.831875000000000000e+02 2.866250000000000000e+02
4.853421052630000077e+02 2.865526315789999785e+02
3.164230769229999964e+02 2.868076923080000142e+02
5.265000000000000000e+02 2.878529411760000016e+02
2.695000000000000000e+02 2.890000000000000000e+02
2.830000000000000000e+02 2.887857142859999726e+02
3.868999999999999773e+02 2.888999999999999773e+02
4.366578947369999923e+02 2.896578947369999923e+02
6.066666666700000121e+01 2.905000000000000000e+02
1.037222222219999992e+02 2.904444444439999984e+02
2.067500000000000000e+02 2.909375000000000000e+02
4.215000000000000000e+02 2.918529411760000016e+02
8.407142857099999844e+01 2.925714285710000127e+02
2.650000000000000000e+01 2.930000000000000000e+02
5.830000000000000000e+02 2.927857142859999726e+02
3.646176470589999781e+02 2.960294117650000203e+02
4.586499999999999773e+02 2.960500000000000114e+02
1.201842105260000011e+02 2.963421052630000077e+02
1.552647058819999870e+02 2.964411764710000057e+02
2.983421052630000077e+02 2.963421052630000077e+02
3.338999999999999773e+02 2.971000000000000227e+02
4.033947368419999862e+02 2.969210526319999985e+02
5.555000000000000000e+02 2.976052631580000138e+02
1.677941176470000073e+02 3.006176470589999781e+02
3.146578947369999923e+02 3.006578947369999923e+02
3.421153846149999822e+02 2.998846153850000178e+02
6.666666669999999906e-01 3.015000000000000000e+02
3.677777777800000081e+01 3.013888888889999862e+02
7.650000000000000000e+01 3.006999999999999886e+02
2.361153846150000106e+02 3.008846153850000178e+02
1.372222222219999992e+02 3.026111111110000138e+02
4.790789473680000015e+02 3.023947368419999862e+02
5.085000000000000000e+02 3.041470588239999984e+02
5.735000000000000000e+02 3.050000000000000000e+02
2.150999999999999943e+02 3.061000000000000227e+02
2.775000000000000000e+02 3.070000000000000000e+02
1.748333333330000130e+02 3.072777777779999724e+02
2.597105263160000277e+02 3.085000000000000000e+02
4.571363636359999987e+02 3.080454545449999841e+02
3.791153846149999822e+02 3.088846153850000178e+02
4.392333333330000187e+02 3.098333333329999846e+02
5.494473684209999647e+02 3.095526315789999785e+02
1.461764705899999939e+01 3.110882352940000146e+02
9.721428571399999896e+01 3.110000000000000000e+02
1.107380952379999997e+02 3.128809523809999860e+02
1.963823529409999935e+02 3.119117647059999854e+02
4.101153846149999822e+02 3.128846153850000178e+02
7.100000000000000000e+01 3.152142857140000274e+02
3.359545454550000159e+02 3.151363636359999987e+02
2.399615384619999929e+02 3.156538461540000071e+02
2.672142857140000274e+02 3.160000000000000000e+02
3.130000000000000000e+02 3.170000000000000000e+02
4.311666666670000154e+02 3.167500000000000000e+02
5.466666666700000121e+01 3.185000000000000000e+02
1.547500000000000000e+02 3.187500000000000000e+02
5.293421052630000077e+02 3.183421052630000077e+02
5.000000000000000000e+02 3.195000000000000000e+02
5.702647058820000439e+02 3.197352941180000130e+02
2.941818181819999722e+02 3.215909090910000145e+02
3.880217391300000145e+02 3.222391304349999928e+02
3.450000000000000000e+01 3.232894736839999723e+02
3.591999999999999886e+02 3.233500000000000227e+02
8.290000000000000568e+01 3.238999999999999773e+02
2.151666666669999870e+02 3.242500000000000000e+02
1.993888888889999862e+02 3.252222222220000276e+02
5.192222222220000276e+02 3.256111111110000138e+02
2.475555555560000016e+02 3.267222222220000276e+02
5.860000000000000000e+02 3.262777777779999724e+02
5.750000000000000000e+00 3.277500000000000000e+02
3.736111111110000138e+02 3.277777777779999724e+02
4.655000000000000000e+02 3.273000000000000114e+02
1.319285714289999873e+02 3.302857142859999726e+02
4.810000000000000000e+02 3.295000000000000000e+02
1.530000000000000000e+02 3.315000000000000000e+02
2.672222222199999919e+01 3.324444444439999984e+02
2.285000000000000000e+02 3.326333333329999959e+02
4.978846153850000178e+02 3.321153846149999822e+02
6.588461538500000358e+01 3.331153846149999822e+02
1.782058823529999927e+02 3.337352941180000130e+02
3.199210526319999985e+02 3.333947368419999862e+02
5.470000000000000000e+02 3.327857142859999726e+02
4.052142857140000274e+02 3.340000000000000000e+02
1.033235294119999992e+02 3.353235294120000276e+02
2.960882352940000146e+02 3.353823529410000219e+02
3.395000000000000000e+02 3.355000000000000000e+02
4.448571428569999853e+02 3.346428571430000147e+02
2.121363636359999987e+02 3.365909090910000145e+02
3.890000000000000000e+02 3.380000000000000000e+02
4.588461538499999648e+01 3.401153846149999822e+02
9.121428571399999896e+01 3.400000000000000000e+02
4.327500000000000000e+02 3.405500000000000114e+02
5.391000000000000227e+02 3.401000000000000227e+02
2.771470588239999984e+02 3.435000000000000000e+02
5.500000000000000000e+00 3.440000000000000000e+02
5.240000000000000000e+02 3.437857142859999726e+02
1.724285714289999873e+02 3.462142857140000274e+02
1.902500000000000000e+02 3.460625000000000000e+02
3.528846153850000178e+02 3.458846153850000178e+02
4.831250000000000000e+02 3.465000000000000000e+02
5.700000000000000000e+02 3.460000000000000000e+02
2.496578947369999923e+02 3.476578947369999923e+02
3.735666666669999927e+02 3.471000000000000227e+02
4.646666666670000154e+02 3.469166666670000154e+02
6.790000000000000568e+01 3.518999999999999773e+02
1.205000000000000000e+02 3.525000000000000000e+02
1.441250000000000000e+02 3.522500000000000000e+02
5.571153846150000390e+02 3.521153846149999822e+02
9.581250000000000000e+01 3.544375000000000000e+02
3.300000000000000000e+02 3.545000000000000000e+02
2.921315789469999800e+02 3.557105263160000277e+02
2.675000000000000000e+01 3.558750000000000000e+02
2.270000000000000000e+02 3.560000000000000000e+02
3.160000000000000000e+02 3.557857142859999726e+02
3.687272727270000132e+02 3.567727272729999868e+02
4.421315789469999800e+02 3.562894736839999723e+02
4.937500000000000000e+02 3.558333333329999846e+02
4.066333333329999959e+02 3.578333333329999846e+02
5.140000000000000000e+02 3.582142857140000274e+02
2.819545454550000159e+02 3.591363636359999987e+02
5.382999999999999545e+02 3.585000000000000000e+02
2.060000000000000000e+02 3.600000000000000000e+02
2.573571428569999853e+02 3.603095238099999733e+02
1.789130434799999847e+01 3.616304347829999983e+02
4.131818181799999934e+01 3.616818181819999722e+02
1.116538461539999929e+02 3.628461538459999929e+02
8.350000000000000000e+01 3.655000000000000000e+02
1.646538461540000071e+02 3.659615384620000214e+02
1.875909090909999861e+02 3.661363636359999987e+02
3.932857142859999726e+02 3.664285714289999873e+02
4.255000000000000000e+02 3.663000000000000114e+02
5.754500000000000455e+02 3.663999999999999773e+02
5.875000000000000000e+02 3.650000000000000000e+02
4.617307692310000107e+02 3.671153846149999822e+02
1.292142857139999990e+02 3.690000000000000000e+02
3.452333333330000187e+02 3.691666666670000154e+02
3.803947368419999862e+02 3.695000000000000000e+02
6.142307692300000355e+01 3.698076923080000142e+02
1.500000000000000000e+02 3.697857142859999726e+02
2.240000000000000000e+02 3.702142857140000274e+02
5.274411764709999488e+02 3.704411764710000057e+02
4.101000000000000227e+02 3.721000000000000227e+02
4.830000000000000000e+02 3.717857142859999726e+02
4.380789473680000015e+02 3.743947368419999862e+02
2.417941176470000073e+02 3.757941176470000073e+02
2.862142857140000274e+02 3.760238095240000007e+02
5.058000000000000114e+02 3.756000000000000227e+02
5.466000000000000227e+02 3.775500000000000114e+02
2.081875000000000000e+02 3.786250000000000000e+02
3.212500000000000000e+01 3.797500000000000000e+02
9.086363636400000132e+01 3.795909090910000145e+02
2.645000000000000000e+02 3.835000000000000000e+02
1.586333333329999959e+02 3.841666666670000154e+02
1.855000000000000000e+02 3.848529411760000016e+02
4.568999999999999773e+02 3.845666666669999927e+02
3.080000000000000000e+02 3.845000000000000000e+02
3.663666666670000041e+02 3.849666666670000268e+02
5.000000000000000000e-01 3.855000000000000000e+02
7.261764705900000649e+01 3.859117647059999854e+02
4.763999999999999773e+02 3.870500000000000114e+02
5.750000000000000000e+02 3.877222222220000276e+02
5.161153846150000390e+02 3.878846153850000178e+02
1.246111111109999996e+02 3.897777777779999724e+02
1.338888888900000040e+01 3.907777777779999724e+02
3.203888888889999862e+02 3.902222222220000276e+02
3.390882352940000146e+02 3.906176470589999781e+02
5.421000000000000227e+02 3.904333333330000073e+02
2.129545454549999874e+02 3.908636363640000013e+02
2.563888888889999862e+02 3.915555555560000016e+02
2.996000000000000227e+02 3.915500000000000114e+02
3.941470588239999984e+02 3.915000000000000000e+02
4.319666666670000268e+02 3.926333333329999959e+02
5.013000000000000114e+02 3.915000000000000000e+02
1.411666666669999870e+02 3.932500000000000000e+02
1.726111111110000138e+02 3.928333333329999846e+02
2.740454545449999841e+02 3.936818181819999722e+02
3.979411764700000020e+01 3.957352941180000130e+02
2.402368421049999938e+02 3.957631578950000062e+02
4.115000000000000000e+02 3.955000000000000000e+02
1.625500000000000114e+02 3.966000000000000227e+02
3.684599999999999795e+02 3.971000000000000227e+02
1.881153846150000106e+02 3.971153846149999822e+02
2.431818181799999934e+01 3.977727272729999868e+02
5.802941176499999898e+01 3.981470588239999984e+02
8.183333333299999879e+01 3.976111111110000138e+02
9.928947368400000073e+01 3.985000000000000000e+02
4.448529411760000016e+02 4.005000000000000000e+02
4.259375000000000000e+02 4.018750000000000000e+02
5.540789473679999446e+02 4.026052631580000138e+02
5.148333333330000414e+02 4.023888888889999862e+02
3.994411764710000057e+02 4.053235294120000276e+02
1.463421052630000077e+02 4.066578947369999923e+02
3.808846153850000178e+02 4.058846153850000178e+02
2.350000000000000000e+02 4.080000000000000000e+02
5.757857142860000295e+02 4.080000000000000000e+02
5.000000000000000000e-01 4.085000000000000000e+02
2.663947368419999862e+02 4.090789473680000015e+02
4.675000000000000000e+02 4.099347826090000240e+02
1.225000000000000000e+02 4.100000000000000000e+02
3.092857142859999726e+02 4.099285714289999873e+02
3.238333333329999846e+02 4.102500000000000000e+02
4.978684210530000200e+02 4.107105263160000277e+02
7.563333333299999595e+01 4.109666666670000268e+02
3.402727272729999868e+02 4.117727272729999868e+02
2.245000000000000000e+02 4.135000000000000000e+02
2.761153846149999822e+02 4.131153846149999822e+02
5.311000000000000227e+02 4.128999999999999773e+02
9.183333333299999879e+01 4.152333333330000187e+02
2.050000000000000000e+02 4.152142857140000274e+02
1.878636363640000013e+02 4.155909090910000145e+02
3.158571428569999853e+02 4.177857142859999726e+02
1.138333333329999988e+02 4.196666666670000154e+02
5.863461538459999929e+02 4.189615384620000214e+02
4.945000000000000284e+01 4.206000000000000227e+02
1.703461538459999929e+02 4.209615384620000214e+02
3.739736842109999770e+02 4.222368421049999938e+02
4.420000000000000000e+02 4.210000000000000000e+02
5.382368421050000507e+02 4.220263157890000230e+02
5.658333333330000414e+02 4.222500000000000000e+02
3.300000000000000000e+01 4.230000000000000000e+02
1.474090909090000139e+02 4.228636363640000013e+02
4.781470588239999984e+02 4.229705882349999797e+02
2.161764705899999939e+01 4.243823529410000219e+02
2.631000000000000227e+02 4.251000000000000227e+02
1.295000000000000000e+02 4.265000000000000000e+02
3.915000000000000000e+02 4.257857142859999726e+02
4.103500000000000227e+02 4.278000000000000114e+02
2.445645161289999976e+02 4.308870967739999855e+02
4.566000000000000227e+02 4.288000000000000114e+02
5.173999999999999773e+02 4.284499999999999886e+02
8.813157894699999417e+01 4.297631578950000062e+02
3.665833333329999846e+02 4.287500000000000000e+02
2.105000000000000000e+02 4.306999999999999886e+02
2.946250000000000000e+02 4.303750000000000000e+02
3.481153846149999822e+02 4.308846153850000178e+02
5.019545454550000159e+02 4.321363636359999987e+02
5.561363636360000555e+02 4.335909090910000145e+02
3.297777777779999724e+02 4.356666666670000154e+02
4.261470588239999984e+02 4.350294117650000203e+02
1.900000000000000000e+01 4.360000000000000000e+02
4.477777777800000081e+01 4.366111111110000138e+02
6.559523809499999913e+01 4.383095238099999733e+02
1.940000000000000000e+02 4.375000000000000000e+02
5.761363636360000555e+02 4.375909090910000145e+02
2.800000000000000000e+02 4.383000000000000114e+02
5.371000000000000227e+02 4.391000000000000227e+02
1.567352941180000130e+02 4.407352941180000130e+02
3.503750000000000000e+02 4.396250000000000000e+02
8.290000000000000568e+01 4.408999999999999773e+02
1.758888888889999862e+02 4.412777777779999724e+02
3.845000000000000000e+02 4.406999999999999886e+02
2.327500000000000000e+02 4.417500000000000000e+02
3.042647058819999870e+02 4.427941176470000073e+02
3.726818181819999722e+02 4.433181818180000278e+02
4.665909090910000145e+02 4.431363636359999987e+02
5.161428571430000147e+02 4.457142857140000274e+02
3.982692307689999893e+02 4.462692307689999893e+02
1.086052631579999996e+02 4.469210526319999985e+02
4.320000000000000000e+02 4.470000000000000000e+02
2.085869565220000084e+02 4.489347826090000240e+02
2.399545454549999874e+02 4.478636363640000013e+02
2.590000000000000000e+02 4.480000000000000000e+02
2.731428571430000147e+02 4.494285714289999873e+02
1.943823529409999935e+02 4.509117647059999854e+02
3.140384615379999786e+02 4.513461538459999929e+02
4.816000000000000227e+02 4.515500000000000114e+02
5.339117647059999854e+02 4.516176470589999781e+02
5.716904761900000267e+02 4.513571428569999853e+02
4.456111111110000138e+02 4.527777777779999724e+02
1.366578947369999923e+02 4.536578947369999923e+02
4.956111111110000138e+02 4.532222222220000276e+02
3.285000000000000000e+02 4.565000000000000000e+02
4.226176470589999781e+02 4.559117647059999854e+02
4.550882352940000146e+02 4.563823529410000219e+02
1.665999999999999943e+02 4.573000000000000114e+02
3.703333333300000163e+01 4.586333333329999959e+02
2.277777777999999920e+00 4.600000000000000000e+02
6.445000000000000284e+01 4.616000000000000227e+02
3.602692307689999893e+02 4.613461538459999929e+02
5.503421052630000077e+02 4.621842105260000153e+02
2.126500000000000057e+02 4.638000000000000114e+02
2.752142857140000274e+02 4.630000000000000000e+02
4.373421052630000077e+02 4.636578947369999923e+02
4.845000000000000000e+02 4.636000000000000227e+02
5.053461538459999929e+02 4.629615384620000214e+02
3.511153846149999822e+02 4.638846153850000178e+02
1.016333333329999959e+02 4.649666666670000268e+02
4.011666666670000154e+02 4.653571428569999853e+02
1.500333333330000016e+02 4.666333333329999959e+02
2.539000000000000057e+02 4.658999999999999773e+02
2.980000000000000000e+02 4.665000000000000000e+02
4.816666666700000121e+01 4.672500000000000000e+02
7.875000000000000000e+01 4.668333333329999846e+02
2.308333333330000130e+02 4.672500000000000000e+02
3.748333333329999846e+02 4.666111111110000138e+02
5.670294117649999635e+02 4.671470588239999984e+02
1.198846153850000036e+02 4.691153846149999822e+02
5.218529411759999448e+02 4.699705882349999797e+02
6.334615384599999999e+01 4.740384615379999786e+02
4.730238095240000007e+02 4.748809523809999860e+02
1.610000000000000000e+02 4.752142857140000274e+02
1.922500000000000000e+02 4.749166666670000154e+02
2.200000000000000000e+01 4.757857142859999726e+02
3.155000000000000000e+02 4.760000000000000000e+02
1.303888888889999862e+02 4.777777777779999724e+02
1.793750000000000000e+02 4.778125000000000000e+02
3.355952380950000133e+02 4.780714285710000127e+02
9.309523809999999955e+00 4.799285714289999873e+02
4.160000000000000000e+02 4.790000000000000000e+02
4.955000000000000000e+02 4.802647058819999870e+02
5.180000000000000000e+02 4.810000000000000000e+02
5.678333333330000414e+02 4.816250000000000000e+02
2.355000000000000000e+02 4.816999999999999886e+02
5.350625000000000000e+02 4.827500000000000000e+02
4.062222222220000276e+02 4.836111111110000138e+02
4.528333333329999846e+02 4.823888888889999862e+02
3.850000000000000000e+02 4.852142857140000274e+02
1.056578947370000066e+02 4.866578947369999923e+02
2.815500000000000114e+02 4.863999999999999773e+02
5.861250000000000000e+02 4.867500000000000000e+02
2.093181818179999993e+02 4.883181818180000278e+02
3.645000000000000000e+02 4.885000000000000000e+02
8.734615384600000709e+01 4.912692307689999893e+02
2.462857142860000010e+02 4.911428571430000147e+02
3.458999999999999773e+02 4.921000000000000227e+02
4.870000000000000000e+02 4.917857142859999726e+02
1.495000000000000000e+02 4.925000000000000000e+02
2.171153846150000106e+02 4.928846153850000178e+02
3.561764705899999939e+01 4.940882352940000146e+02
5.678571428600000104e+01 4.940000000000000000e+02
3.036176470589999781e+02 4.942058823529999927e+02
3.203823529410000219e+02 4.940882352940000146e+02
3.655000000000000000e+02 4.945000000000000000e+02
4.327857142859999726e+02 4.950000000000000000e+02
5.568571428569999853e+02 4.952857142859999726e+02
1.645909090909999861e+02 4.961363636359999987e+02
4.198999999999999773e+02 4.961000000000000227e+02
1.845666666669999927e+02 4.972333333330000187e+02
2.577105263160000277e+02 4.975000000000000000e+02
4.620000000000000000e+02 4.982142857140000274e+02
5.344090909090000423e+02 4.981363636359999987e+02
1.219000000000000057e+02 4.994333333330000073e+02
1.390000000000000000e+02 4.987857142859999726e+02
3.950882352940000146e+02 5.016176470589999781e+02
5.201666666669999586e+02 5.007500000000000000e+02
2.225000000000000000e+01 5.020000000000000000e+02
7.068181818200000066e+01 5.023181818180000278e+02
5.027500000000000000e+02 5.018333333329999846e+02
3.158636363640000013e+02 5.025909090910000145e+02
1.423076922999999994e+00 5.041923076919999858e+02
2.741428571430000147e+02 5.044285714289999873e+02
1.025526315790000069e+02 5.055526315789999785e+02
4.681000000000000227e+02 5.061000000000000227e+02
4.495454545500000165e+01 5.071363636359999987e+02
3.843571428569999853e+02 5.076904761900000267e+02
2.343461538459999929e+02 5.075769230770000036e+02
8.238235294099999351e+01 5.089117647059999854e+02
2.030999999999999943e+02 5.111000000000000227e+02
1.715769230770000036e+02 5.125769230769999467e+02
2.294230769229999964e+02 5.122692307690000462e+02
3.280454545449999841e+02 5.128636363639999445e+02
6.973809523799999965e+01 5.145476190480000014e+02
2.976818181819999722e+02 5.143181818179999709e+02
5.840294117649999635e+02 5.153235294119999708e+02
1.495000000000000000e+02 5.165000000000000000e+02
4.885000000000000000e+02 5.165000000000000000e+02
4.083421052630000077e+02 5.186578947369999923e+02
4.365000000000000000e+02 5.180000000000000000e+02
4.488846153850000178e+02 5.181153846150000390e+02
5.547500000000000000e+02 5.181250000000000000e+02
2.330000000000000071e+01 5.197000000000000455e+02
9.577777777800000081e+01 5.196111111110000138e+02
3.495000000000000000e+02 5.195000000000000000e+02
3.820000000000000000e+02 5.187000000000000455e+02
5.392142857139999705e+02 5.201428571430000147e+02
5.135526315790000353e+02 5.224473684209999647e+02
1.300333333330000016e+02 5.236333333329999959e+02
2.645909090910000145e+02 5.238636363639999445e+02
2.826904761900000267e+02 5.255476190480000014e+02
4.805000000000000000e+02 5.251470588240000552e+02
9.500000000000000000e+00 5.267105263160000277e+02
1.912894736840000007e+02 5.261315789469999800e+02
3.180789473680000015e+02 5.273947368420000430e+02
5.558846153849999610e+02 5.278846153849999610e+02
3.617777777779999724e+02 5.296666666669999586e+02
4.220000000000000000e+02 5.300000000000000000e+02
4.579705882349999797e+02 5.318529411759999448e+02
2.453823529409999935e+02 5.320882352940000146e+02
5.860000000000000000e+02 5.330000000000000000e+02
4.900000000000000000e+01 5.335000000000000000e+02
1.722500000000000000e+02 5.338333333330000414e+02
2.334000000000000057e+02 5.345499999999999545e+02
3.493666666670000041e+02 5.340333333329999732e+02
4.383823529410000219e+02 5.339117647059999854e+02
5.390000000000000000e+02 5.357222222220000276e+02
8.038888888900000040e+01 5.367777777779999724e+02
1.095000000000000000e+02 5.371086956520000513e+02
1.896578947369999923e+02 5.366578947369999923e+02
2.121666666669999870e+02 5.364166666669999586e+02
3.242272727270000132e+02 5.384545454550000159e+02
3.897500000000000000e+02 5.385625000000000000e+02
5.166250000000000000e+02 5.376250000000000000e+02
2.207894736800000146e+01 5.393947368420000430e+02
4.933823529410000219e+02 5.389117647059999854e+02
2.960000000000000000e+02 5.397857142860000295e+02
4.072142857140000274e+02 5.400000000000000000e+02
1.480000000000000000e+02 5.410000000000000000e+02
1.222500000000000000e+02 5.430625000000000000e+02
3.055000000000000000e+02 5.430000000000000000e+02
2.655000000000000000e+02 5.460714285709999558e+02
5.861666666669999586e+02 5.475000000000000000e+02
2.007666666670000097e+02 5.485666666670000495e+02
5.255000000000000000e+02 5.480000000000000000e+02
5.476904761900000267e+02 5.485952380950000133e+02
5.724090909090000423e+02 5.484090909090000423e+02
5.600000000000000000e+01 5.500000000000000000e+02
1.599666666669999984e+02 5.501666666669999586e+02
4.756666666670000154e+02 5.503333333330000414e+02
1.015555555560000016e+02 5.517222222220000276e+02
2.483235294119999992e+02 5.516764705880000292e+02
2.841250000000000000e+02 5.527500000000000000e+02
4.245000000000000000e+02 5.520000000000000000e+02
3.606250000000000000e+02 5.538125000000000000e+02
2.838235294100000061e+01 5.540882352940000146e+02
7.888461538500000358e+01 5.541153846150000390e+02
4.490000000000000000e+02 5.550000000000000000e+02
4.884615385000000032e+00 5.558846153849999610e+02
3.764411764710000057e+02 5.566764705880000292e+02
5.053333333329999846e+02 5.565000000000000000e+02
2.263000000000000114e+02 5.565000000000000000e+02
4.965384615400000001e+01 5.589615384620000214e+02
1.455000000000000000e+02 5.596739130429999705e+02
3.400882352940000146e+02 5.593823529410000219e+02
2.945000000000000000e+02 5.600000000000000000e+02
2.116999999999999886e+02 5.608999999999999773e+02
4.841923076919999858e+02 5.605000000000000000e+02
3.215000000000000000e+02 5.610000000000000000e+02
1.770000000000000000e+02 5.615000000000000000e+02
5.740000000000000000e+02 5.615000000000000000e+02
