9.642857143000000519e+00 1.428571429000000004e+00
5.100000000000000000e+01 8.333333330000000094e-01
8.750000000000000000e+01 5.000000000000000000e-01
1.546666666669999870e+02 1.333333332999999898e+00
1.724565217390000100e+02 2.760869565000000136e+00
2.480000000000000000e+02 1.000000000000000000e+00
4.285000000000000000e+02 8.750000000000000000e-01
5.530000000000000000e+02 5.000000000000000000e-01
3.156176470589999781e+02 4.911764705999999592e+00
5.883888888889999862e+02 5.055555555999999839e+00
1.960333333330000016e+02 6.633333333000000387e+00
2.255000000000000000e+02 7.700000000000000178e+00
3.278529411760000016e+02 8.029411765000000756e+00
4.700000000000000000e+02 8.000000000000000000e+00
2.820000000000000000e+02 9.722222221999999192e+00
3.525000000000000000e+02 9.000000000000000000e+00
4.046176470589999781e+02 9.088235294000000408e+00
5.037105263160000277e+02 9.500000000000000000e+00
5.282142857139999705e+02 9.000000000000000000e+00
2.935714285699999948e+01 1.069047619000000005e+01
2.627777777779999724e+02 1.038888888900000040e+01
5.562142857139999705e+02 1.000000000000000000e+01
7.668181818200000066e+01 1.131818181799999934e+01
3.728684210530000200e+02 1.102631578899999987e+01
3.899615384620000214e+02 1.065384615400000001e+01
4.886176470589999781e+02 1.208823529400000041e+01
2.117352941180000130e+02 1.426470588199999945e+01
3.076363636359999987e+02 1.450000000000000000e+01
4.592272727270000132e+02 1.368181818200000066e+01
1.022000000000000028e+02 1.565000000000000036e+01
9.550000000000000000e+01 1.600000000000000000e+01
4.249705882349999797e+02 1.714705882399999837e+01
4.456578947369999923e+02 1.734210526300000055e+01
1.366176470590000065e+02 1.808823529400000041e+01
1.810384615380000071e+02 1.934615384599999999e+01
5.444285714290000442e+02 2.014285714300000052e+01
2.421250000000000000e+02 2.125000000000000000e+01
3.740882352940000146e+02 2.138235294100000061e+01
4.677222222220000276e+02 2.100000000000000000e+01
3.226176470589999781e+02 2.291176470599999959e+01
4.920000000000000000e+02 2.321428571399999896e+01
5.600000000000000000e+01 2.400000000000000000e+01
1.570999999999999943e+02 2.410000000000000142e+01
5.125000000000000000e+02 2.400000000000000000e+01
3.488913043480000056e+02 2.545652173899999937e+01
5.657500000000000000e+02 2.512500000000000000e+01
2.700000000000000000e+02 2.600000000000000000e+01
5.821666666669999586e+02 2.650000000000000000e+01
7.259999999999999432e+01 2.844999999999999929e+01
1.260000000000000000e+02 2.927777777800000081e+01
2.830384615379999786e+02 2.934615384599999999e+01
1.788888888900000040e+01 3.011111111099999960e+01
2.037857142860000010e+02 3.100000000000000000e+01
5.064499999999999886e+02 3.160000000000000142e+01
1.772058823529999927e+02 3.279411764700000020e+01
4.101153846149999822e+02 3.211538461500000352e+01
4.500000000000000000e+02 3.250000000000000000e+01
3.861111111099999960e+01 3.283333333299999879e+01
2.183181818179999993e+02 3.268181818200000066e+01
3.943888888889999862e+02 3.272222222199999919e+01
1.092999999999999972e+02 3.350000000000000000e+01
3.050000000000000000e+02 3.450000000000000000e+01
5.345909090909999577e+02 3.486363636400000132e+01
3.681666666670000154e+02 3.575000000000000000e+01
1.397857142860000010e+02 3.700000000000000000e+01
2.560000000000000000e+02 3.700000000000000000e+01
3.821428571430000147e+02 3.721428571399999896e+01
8.289473684000000731e+00 3.813157894700000128e+01
4.282222222220000276e+02 3.861111111099999960e+01
5.282647058820000439e+02 3.926470588200000122e+01
3.389117647059999854e+02 4.061764705899999939e+01
5.538999999999999773e+02 3.989999999999999858e+01
1.630999999999999943e+02 4.110000000000000142e+01
4.010333333329999732e+02 4.163333333300000305e+01
2.391363636359999987e+02 4.204545454499999835e+01
2.985000000000000000e+02 4.285294117600000163e+01
6.809999999999999432e+01 4.310000000000000142e+01
2.650000000000000000e+02 4.400000000000000000e+01
5.708846153849999610e+02 4.411538461500000352e+01
3.908823529400000041e+01 4.561764705899999939e+01
5.418571428569999853e+02 4.478571428600000104e+01
1.147352941179999988e+02 4.626470588200000122e+01
3.684375000000000000e+02 4.662500000000000000e+01
2.221428571399999896e+01 4.700000000000000000e+01
2.284523809519999986e+02 4.811904761899999983e+01
4.791875000000000000e+02 4.737500000000000000e+01
2.852941175999999857e+00 4.850000000000000000e+01
9.150000000000000000e+01 4.850000000000000000e+01
4.412500000000000000e+02 4.916666666700000121e+01
1.462500000000000000e+02 5.075000000000000000e+01
1.992647058819999870e+02 5.073529411799999878e+01
4.912333333330000187e+02 5.183333333299999879e+01
3.360000000000000000e+02 5.129999999999999716e+01
3.896538461540000071e+02 5.196153846200000004e+01
4.635000000000000000e+02 5.200000000000000000e+01
2.860000000000000000e+02 5.450000000000000000e+01
3.521000000000000227e+02 5.489999999999999858e+01
3.168846153850000178e+02 5.711538461500000352e+01
5.545909090909999577e+02 5.859090909100000033e+01
6.744736842099999308e+01 5.934210526300000055e+01
1.815000000000000000e+02 6.020833333299999879e+01
2.556111111110000138e+02 5.977777777800000081e+01
4.165000000000000000e+02 5.950000000000000000e+01
5.848333333330000414e+02 5.925000000000000000e+01
1.105000000000000000e+02 5.950000000000000000e+01
9.200000000000000000e+01 6.150000000000000000e+01
1.265909090910000003e+02 6.113636363599999868e+01
5.141666666669999586e+02 6.125000000000000000e+01
1.666818181820000007e+02 6.231818181799999934e+01
4.800000000000000000e+02 6.170000000000000284e+01
5.710000000000000000e+02 6.350000000000000000e+01
2.550000000000000000e+01 6.470000000000000284e+01
2.159375000000000000e+02 6.575000000000000000e+01
3.792222222220000276e+02 6.538888888900000040e+01
4.985294117600000163e+01 6.602941176500000608e+01
3.422142857140000274e+02 6.700000000000000000e+01
5.341428571430000147e+02 6.771428571399999896e+01
4.017500000000000000e+02 6.854999999999999716e+01
4.481999999999999886e+02 6.779999999999999716e+01
3.131000000000000227e+02 6.909999999999999432e+01
1.996875000000000000e+02 7.031250000000000000e+01
4.260000000000000000e+02 7.021428571399999896e+01
4.937142857140000274e+02 7.014285714300000052e+01
7.383333333299999879e+01 7.258333333299999879e+01
2.403823529409999935e+02 7.291176470599999959e+01
2.980000000000000000e+02 7.250000000000000000e+01
2.658999999999999773e+02 7.409999999999999432e+01
3.531470588239999984e+02 7.397058823499999392e+01
1.455714285710000127e+02 7.514285714300000052e+01
4.631666666670000154e+02 7.563333333299999595e+01
9.966666667000000146e+00 7.636666666700000405e+01
5.689736842109999770e+02 7.713157894699999417e+01
5.146333333329999959e+02 7.703333333300000163e+01
2.864499999999999886e+02 7.875000000000000000e+01
5.618750000000000000e+01 7.937500000000000000e+01
1.289615384619999929e+02 7.934615384600000709e+01
1.100000000000000000e+02 8.000000000000000000e+01
4.183888888889999862e+02 8.277777777800000081e+01
4.860000000000000000e+02 8.250000000000000000e+01
1.750789473680000015e+02 8.339473684200000037e+01
2.410000000000000000e+02 8.250000000000000000e+01
3.705000000000000000e+02 8.350000000000000000e+01
3.550000000000000000e+01 8.450000000000000000e+01
2.300000000000000000e+02 8.421428571399999896e+01
3.920000000000000000e+02 8.472222222199999919e+01
5.341000000000000227e+02 8.590000000000000568e+01
1.600625000000000000e+02 8.775000000000000000e+01
3.138333333329999846e+02 8.776666666699999553e+01
3.284333333330000073e+02 8.790000000000000568e+01
9.487500000000000000e+01 8.962500000000000000e+01
5.005000000000000000e+02 9.100000000000000000e+01
5.482647058820000439e+02 9.126470588200000122e+01
5.885499999999999545e+02 9.159999999999999432e+01
2.600263157890000230e+02 9.386842105300000583e+01
4.473181818180000278e+02 9.268181818200000066e+01
2.143421052630000077e+02 9.465789473700000656e+01
5.702777777779999724e+02 9.500000000000000000e+01
4.372272727270000132e+02 9.700000000000000000e+01
1.791875000000000000e+02 9.762500000000000000e+01
3.013999999999999773e+02 9.754999999999999716e+01
7.562500000000000000e+01 9.737500000000000000e+01
1.149000000000000057e+02 9.809999999999999432e+01
1.265833333329999988e+02 9.916666666700000121e+01
6.179999999999999716e+01 1.002000000000000028e+02
3.508999999999999773e+02 1.000999999999999943e+02
4.678846153850000178e+02 9.988461538500000358e+01
2.742500000000000000e+02 1.008333333329999988e+02
5.311153846150000390e+02 1.008846153850000036e+02
1.950000000000000000e+02 1.020000000000000000e+02
1.491176470599999959e+01 1.036176470590000065e+02
2.462142857139999990e+02 1.040000000000000000e+02
4.052142857140000274e+02 1.040000000000000000e+02
3.788461538499999648e+01 1.058846153850000036e+02
3.236764705879999724e+02 1.063235294119999992e+02
8.850000000000000000e+01 1.070000000000000000e+02
2.325999999999999943e+02 1.074500000000000028e+02
3.864166666670000154e+02 1.071666666670000012e+02
4.593181818180000278e+02 1.066818181820000007e+02
5.506363636360000555e+02 1.085000000000000000e+02
1.482692307689999893e+02 1.088846153850000036e+02
4.953750000000000000e+02 1.098750000000000000e+02
5.635000000000000000e+02 1.104230769229999964e+02
2.994444444399999838e+01 1.113888888890000004e+02
3.681499999999999773e+02 1.138499999999999943e+02
2.105000000000000000e+02 1.140714285709999984e+02
6.622727272699999901e+01 1.160000000000000000e+02
1.668846153849999894e+02 1.148846153850000036e+02
3.130333333329999732e+02 1.156333333329999959e+02
4.283666666670000041e+02 1.150333333330000016e+02
2.440000000000000000e+02 1.157000000000000028e+02
1.020000000000000000e+02 1.165000000000000000e+02
4.051666666670000154e+02 1.172333333330000045e+02
4.683421052630000077e+02 1.173421052629999934e+02
5.133888888889999862e+02 1.172222222219999992e+02
2.592894736839999723e+02 1.185000000000000000e+02
2.937777777779999724e+02 1.183888888890000004e+02
3.405000000000000000e+02 1.175000000000000000e+02
5.831153846150000390e+02 1.181153846149999964e+02
1.103333333299999985e+01 1.193666666670000041e+02
1.940000000000000000e+02 1.192142857139999990e+02
2.200000000000000000e+02 1.195000000000000000e+02
1.253181818179999993e+02 1.203181818179999993e+02
5.401000000000000227e+02 1.199000000000000057e+02
4.486111111110000138e+02 1.211666666670000012e+02
5.000000000000000000e+01 1.222142857139999990e+02
1.515000000000000000e+02 1.241470588239999984e+02
3.210000000000000000e+02 1.242142857139999990e+02
1.683888888889999862e+02 1.250555555560000016e+02
3.630000000000000000e+02 1.267222222219999992e+02
9.050000000000000000e+01 1.267000000000000028e+02
5.563461538459999929e+02 1.272692307690000035e+02
1.728098290599999984e+02 1.483012820509999870e+02
4.935000000000000000e+02 1.285000000000000000e+02
4.487500000000000000e+02 1.311250000000000000e+02
3.723181818180000278e+02 1.316818181820000007e+02
3.890000000000000000e+02 1.332142857139999990e+02
4.301000000000000227e+02 1.329000000000000057e+02
5.691153846150000390e+02 1.331153846150000106e+02
2.155999999999999943e+02 1.344499999999999886e+02
3.312500000000000000e+01 1.352500000000000000e+02
2.805000000000000000e+02 1.353000000000000114e+02
1.185000000000000000e+02 1.365000000000000000e+02
5.256111111110000138e+02 1.362222222219999992e+02
7.313636363599999868e+01 1.364090909090000139e+02
1.337857142860000010e+02 1.370000000000000000e+02
2.322647058819999870e+02 1.372647058819999870e+02
4.690000000000000000e+02 1.372142857139999990e+02
4.845769230770000036e+02 1.371923076920000142e+02
2.517307692310000107e+02 1.388846153849999894e+02
5.818846153849999610e+02 1.398846153849999894e+02
1.100000000000000000e+01 1.415000000000000000e+02
2.011538461499999997e+01 1.411153846150000106e+02
1.422142857139999990e+02 1.420000000000000000e+02
2.965666666669999927e+02 1.420999999999999943e+02
3.182857142859999726e+02 1.421428571429999863e+02
3.365500000000000114e+02 1.425999999999999943e+02
4.149117647059999854e+02 1.426764705880000008e+02
5.010000000000000000e+02 1.425000000000000000e+02
3.605500000000000114e+02 1.435999999999999943e+02
5.441250000000000000e+02 1.457500000000000000e+02
5.534090909090000423e+02 1.468636363640000013e+02
4.526250000000000000e+02 1.498125000000000000e+02
8.477777777800000081e+01 1.506111111110000138e+02
3.394499999999999886e+02 1.505999999999999943e+02
4.265000000000000000e+02 1.495000000000000000e+02
1.953461538459999929e+02 1.505769230770000036e+02
2.161153846150000106e+02 1.518846153849999894e+02
1.259117647059999996e+02 1.536176470590000065e+02
5.220000000000000000e+02 1.527857142860000010e+02
1.054500000000000028e+02 1.544000000000000057e+02
2.508157894740000131e+02 1.545526315790000069e+02
2.849375000000000000e+02 1.547500000000000000e+02
4.727777777800000081e+01 1.550000000000000000e+02
3.967777777779999724e+02 1.553888888889999862e+02
7.034210526299999344e+01 1.563421052630000077e+02
1.864090909090000139e+02 1.594090909090000139e+02
2.606111111110000138e+02 1.596666666669999870e+02
5.774090909090000423e+02 1.594090909090000139e+02
2.353095238100000017e+02 1.605476190480000014e+02
3.500384615379999786e+02 1.603461538459999929e+02
4.766176470589999781e+02 1.600882352939999862e+02
4.899285714289999873e+02 1.604047619049999867e+02
1.687500000000000000e+00 1.613125000000000000e+02
3.110000000000000000e+02 1.625000000000000000e+02
5.397307692309999538e+02 1.618846153849999894e+02
1.434230769229999964e+02 1.628846153849999894e+02
2.131363636359999987e+02 1.624090909090000139e+02
8.166666666999999435e+00 1.645000000000000000e+02
3.781000000000000227e+02 1.640999999999999943e+02
4.402142857140000274e+02 1.640000000000000000e+02
4.041999999999999886e+02 1.651999999999999886e+02
2.778333333329999846e+02 1.660555555560000016e+02
5.177352941179999561e+02 1.662647058819999870e+02
2.886250000000000000e+02 1.666250000000000000e+02
4.590333333329999732e+02 1.686333333329999959e+02
1.281153846150000106e+02 1.701153846150000106e+02
2.289999999999999858e+01 1.711500000000000057e+02
3.281666666670000154e+02 1.712500000000000000e+02
4.400000000000000000e+01 1.717857142860000010e+02
4.333421052630000077e+02 1.733421052630000077e+02
4.826176470589999781e+02 1.749117647060000138e+02
6.908823529400000041e+01 1.763823529409999935e+02
1.685000000000000000e+02 1.771470588239999984e+02
3.408846153850000178e+02 1.771153846150000106e+02
4.995000000000000000e+02 1.775000000000000000e+02
5.580333333329999732e+02 1.776333333329999959e+02
2.412619047620000003e+02 1.788809523809999860e+02
3.921111111110000138e+02 1.787222222219999992e+02
5.347105263160000277e+02 1.785000000000000000e+02
7.214285713999999849e+00 1.790000000000000000e+02
1.000000000000000000e+02 1.795000000000000000e+02
2.186363636400000132e+01 1.794090909090000139e+02
1.983421052630000077e+02 1.806578947369999923e+02
3.597222222220000276e+02 1.800000000000000000e+02
3.707500000000000000e+02 1.810625000000000000e+02
4.407222222220000276e+02 1.815555555560000016e+02
5.845000000000000000e+02 1.810000000000000000e+02
2.202222222219999992e+02 1.823888888889999862e+02
8.209999999999999432e+01 1.839000000000000057e+02
2.823750000000000000e+02 1.841875000000000000e+02
4.095000000000000000e+02 1.836999999999999886e+02
3.033888888889999862e+02 1.852222222219999992e+02
4.975000000000000000e+01 1.867500000000000000e+02
1.436904761899999983e+02 1.873571428570000137e+02
3.181153846149999822e+02 1.868846153849999894e+02
1.841666666669999870e+02 1.887500000000000000e+02
4.669166666670000154e+02 1.887500000000000000e+02
2.559375000000000000e+02 1.902500000000000000e+02
5.253421052630000077e+02 1.916578947369999923e+02
1.166578947370000066e+02 1.926578947369999923e+02
2.075000000000000000e+02 1.925000000000000000e+02
2.740000000000000000e+02 1.915000000000000000e+02
5.765526315790000353e+02 1.925526315790000069e+02
1.113636363600000045e+01 1.934090909090000139e+02
4.295000000000000000e+02 1.950000000000000000e+02
4.885000000000000000e+02 1.958529411760000016e+02
3.750000000000000000e+01 1.966739130429999989e+02
3.510000000000000000e+02 1.965000000000000000e+02
7.950000000000000000e+01 1.970000000000000000e+02
1.080000000000000000e+02 1.967857142860000010e+02
1.680000000000000000e+02 1.970000000000000000e+02
2.853666666670000041e+02 1.980333333330000016e+02
4.601666666670000154e+02 2.006428571429999863e+02
3.730000000000000000e+02 2.012777777780000008e+02
9.285714290000000037e-01 2.022142857139999990e+02
2.250000000000000000e+02 2.016999999999999886e+02
5.041000000000000227e+02 2.020999999999999943e+02
1.270000000000000000e+02 2.030000000000000000e+02
1.421875000000000000e+02 2.036250000000000000e+02
2.370000000000000000e+02 2.027857142860000010e+02
3.930000000000000000e+02 2.023000000000000114e+02
5.538333333330000414e+02 2.038333333330000130e+02
5.317857142860000295e+02 2.040000000000000000e+02
6.638888888900000040e+01 2.062222222219999992e+02
8.814285714300000052e+01 2.067142857139999990e+02
4.471153846149999822e+02 2.058846153849999894e+02
2.615000000000000000e+02 2.072894736840000007e+02
3.006000000000000227e+02 2.075500000000000114e+02
3.345000000000000000e+02 2.085000000000000000e+02
1.970000000000000000e+02 2.097222222219999992e+02
2.721190476190000140e+02 2.107380952379999997e+02
2.065789473699999945e+01 2.116578947369999923e+02
4.936666666699999695e+01 2.110333333330000016e+02
1.554166666669999870e+02 2.121666666669999870e+02
3.206176470589999781e+02 2.119117647060000138e+02
4.162142857140000274e+02 2.127380952379999997e+02
5.688999999999999773e+02 2.120999999999999943e+02
1.290000000000000000e+02 2.137222222219999992e+02
3.836000000000000227e+02 2.130999999999999943e+02
4.166666667000000324e+00 2.132777777780000008e+02
5.180000000000000000e+02 2.155000000000000000e+02
7.450000000000000000e+01 2.167857142860000010e+02
1.002777777780000008e+02 2.180000000000000000e+02
3.505500000000000114e+02 2.191999999999999886e+02
4.503888888889999862e+02 2.176111111110000138e+02
4.836176470589999781e+02 2.179117647060000138e+02
1.208571428569999995e+02 2.190714285710000127e+02
5.375909090909999577e+02 2.194090909090000139e+02
4.368999999999999773e+02 2.200999999999999943e+02
5.066538461540000071e+02 2.200384615380000071e+02
5.872333333330000187e+02 2.203000000000000114e+02
1.730294117649999919e+02 2.218529411760000016e+02
2.070000000000000000e+02 2.206999999999999886e+02
3.700000000000000000e+02 2.215000000000000000e+02
2.858473684209999988e+02 2.258263157890000059e+02
2.307307692310000107e+02 2.243461538459999929e+02
5.512500000000000000e+02 2.241666666669999870e+02
2.474499999999999886e+02 2.255999999999999943e+02
2.489999999999999858e+01 2.280999999999999943e+02
3.319347826090000240e+02 2.286739130429999989e+02
5.765434782610000184e+02 2.288913043480000056e+02
6.150000000000000000e+01 2.296999999999999886e+02
4.100000000000000000e+02 2.295000000000000000e+02
8.200000000000000000e+01 2.320000000000000000e+02
1.630000000000000000e+02 2.340000000000000000e+02
3.132142857140000274e+02 2.340000000000000000e+02
5.152500000000000000e+02 2.338333333330000130e+02
1.488684210529999916e+02 2.350263157889999945e+02
2.013421052630000077e+02 2.366578947369999923e+02
2.209705882350000081e+02 2.368529411760000016e+02
4.465000000000000000e+02 2.363000000000000114e+02
4.655000000000000000e+02 2.360000000000000000e+02
4.924499999999999886e+02 2.364000000000000057e+02
4.522222222199999919e+01 2.376111111110000138e+02
1.065000000000000000e+02 2.368333333330000130e+02
1.309705882350000081e+02 2.371470588239999984e+02
4.240625000000000000e+02 2.372500000000000000e+02
2.890882352940000146e+02 2.383823529409999935e+02
3.635000000000000000e+02 2.380000000000000000e+02
3.864090909089999855e+02 2.384090909090000139e+02
2.655526315789999785e+02 2.394473684209999931e+02
6.611111110999999596e+00 2.427777777780000008e+02
5.291153846150000390e+02 2.418846153849999894e+02
2.435000000000000000e+02 2.435000000000000000e+02
3.777500000000000000e+02 2.430833333330000130e+02
6.709999999999999432e+01 2.439000000000000057e+02
4.043947368419999862e+02 2.439210526319999985e+02
4.332142857140000274e+02 2.440000000000000000e+02
5.112142857140000274e+02 2.440000000000000000e+02
2.117857142860000010e+02 2.450000000000000000e+02
5.570882352940000146e+02 2.461470588239999984e+02
2.715500000000000114e+02 2.474000000000000057e+02
1.492142857139999990e+02 2.480000000000000000e+02
4.703181818180000278e+02 2.483181818179999993e+02
8.571052631599999927e+01 2.501315789470000084e+02
1.762500000000000000e+02 2.498333333330000130e+02
3.315526315789999785e+02 2.502894736840000007e+02
3.463000000000000114e+02 2.495000000000000000e+02
4.576578947369999923e+02 2.503421052630000077e+02
3.690000000000000000e+02 2.510000000000000000e+02
4.365384615400000001e+01 2.519615384619999929e+02
2.434210526300000055e+01 2.533421052630000077e+02
1.081666666670000012e+02 2.545833333330000130e+02
4.860000000000000000e+02 2.550000000000000000e+02
1.296333333329999959e+02 2.559666666669999984e+02
2.010652173910000045e+02 2.566739130430000273e+02
2.884230769229999964e+02 2.558076923079999858e+02
4.987105263160000277e+02 2.561315789469999800e+02
5.770333333329999732e+02 2.563666666670000041e+02
5.483181818179999709e+02 2.577727272729999868e+02
2.304000000000000057e+02 2.595500000000000114e+02
2.553571428570000137e+02 2.606904761900000267e+02
3.070294117650000203e+02 2.608529411760000016e+02
4.130000000000000000e+02 2.617857142859999726e+02
3.164499999999999886e+02 2.636000000000000227e+02
3.920882352940000146e+02 2.636176470589999781e+02
9.937500000000000000e+00 2.642500000000000000e+02
1.187000000000000028e+02 2.640000000000000000e+02
5.230000000000000000e+02 2.637857142859999726e+02
5.860000000000000142e+01 2.654499999999999886e+02
1.714333333330000073e+02 2.653000000000000114e+02
5.892333333330000187e+02 2.658333333329999846e+02
5.651153846150000390e+02 2.671153846149999822e+02
1.502142857139999990e+02 2.680000000000000000e+02
3.563235294120000276e+02 2.696764705879999724e+02
4.266578947369999923e+02 2.693421052630000077e+02
4.590000000000000000e+02 2.692142857140000274e+02
4.038888888900000040e+01 2.717777777779999724e+02
1.070714285709999984e+02 2.713095238099999733e+02
1.912619047620000003e+02 2.715476190480000014e+02
4.430000000000000000e+02 2.707857142859999726e+02
5.082647058819999870e+02 2.727352941180000130e+02
2.715000000000000000e+02 2.731470588239999984e+02
3.312500000000000000e+02 2.739375000000000000e+02
8.663333333299999595e+01 2.749666666670000268e+02
3.806999999999999886e+02 2.750000000000000000e+02
4.918333333329999846e+02 2.755000000000000000e+02
4.730000000000000000e+02 2.755000000000000000e+02
1.344230769229999964e+02 2.768076923080000142e+02
3.935833333329999846e+02 2.768333333329999846e+02
6.500000000000000000e+01 2.795000000000000000e+02
1.587727272729999868e+02 2.796818181819999722e+02
2.095000000000000000e+02 2.805000000000000000e+02
3.010000000000000000e+02 2.796999999999999886e+02
5.735000000000000000e+02 2.800000000000000000e+02
2.402500000000000000e+02 2.808333333329999846e+02
1.772692307689999893e+02 2.828846153850000178e+02
3.690454545449999841e+02 2.835000000000000000e+02
5.380000000000000000e+02 2.832142857140000274e+02
4.450000000000000000e+01 2.845000000000000000e+02
4.068846153850000178e+02 2.841153846149999822e+02
1.544999999999999929e+01 2.853999999999999773e+02
2.569642857140000274e+02 2.858571428569999853e+02
2.868846153850000178e+02 2.858846153850000178e+02
3.190000000000000000e+02 2.862142857140000274e+02
3.440000000000000000e+02 2.865000000000000000e+02
2.260000000000000000e+02 2.872142857140000274e+02
3.858999999999999773e+02 2.868999999999999773e+02
4.423999999999999773e+02 2.875500000000000114e+02
4.760000000000000000e+02 2.870555555560000016e+02
1.873823529409999935e+02 2.889117647059999854e+02
2.705000000000000000e+02 2.890000000000000000e+02
4.896904761900000267e+02 2.899285714289999873e+02
5.487142857139999705e+02 2.898571428569999853e+02
1.105000000000000000e+02 2.945000000000000000e+02
4.555000000000000000e+02 2.941470588239999984e+02
5.865000000000000000e+02 2.940000000000000000e+02
9.600000000000000000e+01 2.947857142859999726e+02
2.381666666669999870e+02 2.960000000000000000e+02
2.765789473699999945e+01 2.976578947369999923e+02
2.057857142860000010e+02 2.970000000000000000e+02
5.580882352940000146e+02 2.973823529410000219e+02
4.273750000000000000e+02 2.981250000000000000e+02
1.230882352940000004e+02 2.993823529410000219e+02
1.519000000000000057e+02 2.991000000000000227e+02
3.056000000000000227e+02 3.004499999999999886e+02
5.303666666670000041e+02 3.000333333329999732e+02
4.062777777779999724e+02 3.010000000000000000e+02
6.611538461499999642e+01 3.027307692310000107e+02
3.280000000000000000e+02 3.035000000000000000e+02
1.470294117649999919e+02 3.046764705879999724e+02
3.679666666670000268e+02 3.043666666670000041e+02
3.871153846149999822e+02 3.041153846149999822e+02
2.413043478000000075e+00 3.064565217389999816e+02
1.000000000000000000e+02 3.047857142859999726e+02
1.692500000000000000e+02 3.071250000000000000e+02
2.840000000000000000e+02 3.072142857140000274e+02
5.084411764710000057e+02 3.083235294120000276e+02
3.432142857140000274e+02 3.090000000000000000e+02
4.050000000000000000e+01 3.100000000000000000e+02
7.350000000000000000e+01 3.096999999999999886e+02
3.225000000000000000e+02 3.108529411760000016e+02
5.738846153849999610e+02 3.098846153850000178e+02
2.197500000000000000e+02 3.108750000000000000e+02
2.618125000000000000e+02 3.123750000000000000e+02
1.982222222219999992e+02 3.136111111110000138e+02
2.038235294100000061e+01 3.140882352940000146e+02
4.420000000000000000e+02 3.137857142859999726e+02
4.859117647059999854e+02 3.146176470589999781e+02
2.385909090909999861e+02 3.161363636359999987e+02
5.380882352940000146e+02 3.166176470589999781e+02
1.771363636359999987e+02 3.174090909089999855e+02
3.368846153850000178e+02 3.181153846149999822e+02
4.640000000000000000e+02 3.180000000000000000e+02
7.588461538500000358e+01 3.211153846149999822e+02
1.229545454550000017e+02 3.216363636359999987e+02
5.525000000000000000e+02 3.213888888889999862e+02
3.161250000000000000e+02 3.226250000000000000e+02
4.111153846149999822e+02 3.221153846149999822e+02
5.022222222220000276e+02 3.223888888889999862e+02
5.897727272729999868e+02 3.227727272729999868e+02
5.100000000000000000e+01 3.230000000000000000e+02
1.685999999999999943e+02 3.235500000000000114e+02
4.287857142859999726e+02 3.230000000000000000e+02
9.911764705999999592e+00 3.246176470589999781e+02
2.943999999999999773e+02 3.241999999999999886e+02
5.223421052630000077e+02 3.246578947369999923e+02
5.753666666670000041e+02 3.250333333329999732e+02
3.365789473699999945e+01 3.266578947369999923e+02
2.149545454549999874e+02 3.258636363640000013e+02
4.840000000000000000e+02 3.260000000000000000e+02
3.593571428569999853e+02 3.273095238099999733e+02
3.965000000000000000e+02 3.285000000000000000e+02
4.690000000000000000e+02 3.275000000000000000e+02
2.498750000000000000e+02 3.297500000000000000e+02
2.679666666670000268e+02 3.293666666670000041e+02
3.793823529410000219e+02 3.289117647059999854e+02
9.250000000000000000e+01 3.305000000000000000e+02
1.361153846150000106e+02 3.311153846149999822e+02
1.545500000000000114e+02 3.316000000000000227e+02
1.779117647060000138e+02 3.326176470589999781e+02
4.497500000000000000e+02 3.318750000000000000e+02
1.955000000000000000e+02 3.330000000000000000e+02
1.111875000000000000e+02 3.356250000000000000e+02
3.235500000000000114e+02 3.366000000000000227e+02
5.344166666669999586e+02 3.361666666670000154e+02
3.435000000000000000e+02 3.375000000000000000e+02
4.176875000000000000e+02 3.370000000000000000e+02
7.621428571399999896e+01 3.390000000000000000e+02
2.321153846150000106e+02 3.391153846149999822e+02
5.501153846150000390e+02 3.388846153850000178e+02
3.779411764700000020e+01 3.412058823529999927e+02
2.500000000000000000e+02 3.427222222220000276e+02
4.286176470589999781e+02 3.419117647059999854e+02
3.071666666670000154e+02 3.435000000000000000e+02
5.048571428569999853e+02 3.432857142859999726e+02
9.375000000000000000e+01 3.441250000000000000e+02
3.916333333329999959e+02 3.439666666670000268e+02
2.836111111110000138e+02 3.452222222220000276e+02
5.142307692300000355e+01 3.458076923080000142e+02
2.141363636359999987e+02 3.465909090910000145e+02
5.782222222220000276e+02 3.493888888889999862e+02
1.323947368419999862e+02 3.500789473680000015e+02
3.766818181819999722e+02 3.503181818180000278e+02
5.212142857139999705e+02 3.500000000000000000e+02
5.905000000000000000e+02 3.495000000000000000e+02
1.695666666669999927e+02 3.508999999999999773e+02
4.685714285710000127e+02 3.508571428569999853e+02
1.547222222219999992e+02 3.525555555560000016e+02
8.868421053000000498e+00 3.532368421049999938e+02
1.965000000000000000e+02 3.531470588239999984e+02
2.324473684209999931e+02 3.535526315789999785e+02
4.852500000000000000e+02 3.541250000000000000e+02
4.138636363640000013e+02 3.545909090910000145e+02
5.541363636360000555e+02 3.545909090910000145e+02
6.288461538499999648e+01 3.562692307689999893e+02
3.625833333329999846e+02 3.559166666670000154e+02
3.410882352940000146e+02 3.576176470589999781e+02
4.526000000000000227e+02 3.574499999999999886e+02
5.011153846149999822e+02 3.578846153850000178e+02
2.167857142860000010e+02 3.590000000000000000e+02
3.677500000000000000e+02 3.603500000000000227e+02
5.417307692309999538e+02 3.601153846149999822e+02
3.565384615400000001e+01 3.609615384620000214e+02
2.953888888889999862e+02 3.617777777779999724e+02
5.176250000000000000e+02 3.613750000000000000e+02
1.023888888890000004e+02 3.636666666670000154e+02
4.400000000000000000e+01 3.640000000000000000e+02
8.836363636400000132e+01 3.648181818180000278e+02
2.623181818180000278e+02 3.650000000000000000e+02
4.345909090910000145e+02 3.641363636359999987e+02
4.632500000000000000e+02 3.640625000000000000e+02
1.670000000000000000e+02 3.662142857140000274e+02
2.768636363640000013e+02 3.655909090910000145e+02
3.148333333329999846e+02 3.664166666670000154e+02
6.068181818200000066e+01 3.703181818180000278e+02
1.905000000000000000e+02 3.703000000000000114e+02
3.458999999999999773e+02 3.698999999999999773e+02
4.000000000000000000e+02 3.705000000000000000e+02
4.797142857140000274e+02 3.711428571430000147e+02
5.751470588240000552e+02 3.720294117650000203e+02
1.208809523810000002e+02 3.743571428569999853e+02
5.542894736839999723e+02 3.748684210530000200e+02
2.414444444439999984e+02 3.752777777779999724e+02
1.425000000000000000e+02 3.760000000000000000e+02
4.452777777779999724e+02 3.758888888889999862e+02
5.000000000000000000e+02 3.760000000000000000e+02
2.254230769229999964e+02 3.781923076919999858e+02
2.316666666700000121e+01 3.795416666670000154e+02
4.150882352940000146e+02 3.796176470589999781e+02
5.328750000000000000e+02 3.792500000000000000e+02
2.715500000000000114e+02 3.803999999999999773e+02
3.650000000000000000e+02 3.815000000000000000e+02
4.200000000000000000e+01 3.822142857140000274e+02
1.536333333329999959e+02 3.820333333329999732e+02
3.805555555560000016e+02 3.827222222220000276e+02
1.033181818179999993e+02 3.833181818180000278e+02
1.938888888889999862e+02 3.847777777779999724e+02
2.119000000000000057e+02 3.838999999999999773e+02
3.091153846149999822e+02 3.838846153850000178e+02
5.811315789469999800e+02 3.842894736839999723e+02
8.165789473700000656e+01 3.853421052630000077e+02
2.908500000000000227e+02 3.858500000000000227e+02
3.291999999999999886e+02 3.853999999999999773e+02
1.635555555560000016e+02 3.866111111110000138e+02
4.607500000000000000e+02 3.871250000000000000e+02
2.785714286000000151e+00 3.910000000000000000e+02
4.876578947369999923e+02 3.913421052630000077e+02
5.230384615379999786e+02 3.906538461540000071e+02
3.990000000000000000e+02 3.930000000000000000e+02
4.347500000000000000e+02 3.928333333329999846e+02
5.364166666669999586e+02 3.928333333329999846e+02
3.516578947369999923e+02 3.946578947369999923e+02
1.255000000000000000e+02 3.958529411760000016e+02
2.808846153850000178e+02 3.951153846149999822e+02
4.985000000000000000e+02 3.953000000000000114e+02
1.063235294119999992e+02 3.975588235289999943e+02
4.141000000000000227e+02 3.981499999999999773e+02
1.406999999999999886e+02 3.985000000000000000e+02
1.755000000000000000e+02 3.995000000000000000e+02
2.377777777780000008e+02 4.003888888889999862e+02
5.625000000000000000e+02 4.002894736839999723e+02
8.868421053000000498e+00 4.012894736839999723e+02
6.461764705900000649e+01 4.009117647059999854e+02
3.707400000000000091e+02 4.021800000000000068e+02
1.601666666669999870e+02 4.025000000000000000e+02
2.170000000000000000e+02 4.015000000000000000e+02
2.004166666669999870e+02 4.033333333329999846e+02
9.050000000000000000e+01 4.035000000000000000e+02
3.061315789469999800e+02 4.055000000000000000e+02
4.486578947369999923e+02 4.053421052630000077e+02
3.088461538500000003e+01 4.061153846149999822e+02
4.891176470599999959e+01 4.066176470589999781e+02
1.218846153850000036e+02 4.071153846149999822e+02
3.247500000000000000e+02 4.081666666670000154e+02
3.920833333329999846e+02 4.082500000000000000e+02
1.406578947369999923e+02 4.096578947369999923e+02
3.488809523809999860e+02 4.107380952380000281e+02
4.933421052630000077e+02 4.103421052630000077e+02
4.302142857140000274e+02 4.110000000000000000e+02
4.704565217389999816e+02 4.118913043480000056e+02
5.292142857139999705e+02 4.110000000000000000e+02
5.795666666670000495e+02 4.116999999999999886e+02
2.225000000000000000e+02 4.145000000000000000e+02
5.137500000000000000e+02 4.137500000000000000e+02
2.614499999999999886e+02 4.166000000000000227e+02
2.820000000000000000e+02 4.165000000000000000e+02
4.090000000000000000e+02 4.157857142859999726e+02
7.021428571399999896e+01 4.170000000000000000e+02
2.063461538459999929e+02 4.169615384620000214e+02
5.077777777800000081e+01 4.186111111110000138e+02
3.762500000000000000e+02 4.186499999999999773e+02
1.009999999999999964e+01 4.191000000000000227e+02
1.717500000000000000e+02 4.191666666670000154e+02
2.460000000000000000e+02 4.192142857140000274e+02
1.000999999999999943e+02 4.201000000000000227e+02
1.852500000000000000e+02 4.218333333329999846e+02
5.140882352940000146e+02 4.233823529410000219e+02
3.072142857140000274e+02 4.251428571430000147e+02
5.473947368420000430e+02 4.255000000000000000e+02
5.638846153849999610e+02 4.258846153850000178e+02
2.026470588200000122e+01 4.279705882349999797e+02
1.551153846150000106e+02 4.268846153850000178e+02
4.823823529410000219e+02 4.270882352940000146e+02
3.946250000000000000e+02 4.276250000000000000e+02
4.401153846149999822e+02 4.281153846149999822e+02
1.367727272729999868e+02 4.300000000000000000e+02
3.207857142859999726e+02 4.290000000000000000e+02
4.215000000000000000e+02 4.300000000000000000e+02
2.960714285710000127e+02 4.296428571430000147e+02
3.700000000000000000e+01 4.300000000000000000e+02
5.788846153849999610e+02 4.321153846149999822e+02
1.133947368420000004e+02 4.330789473680000015e+02
6.765789473700000656e+01 4.345526315789999785e+02
2.063888888889999862e+02 4.338333333329999846e+02
2.818333333329999846e+02 4.336111111110000138e+02
3.660000000000000000e+02 4.340000000000000000e+02
2.405526315790000069e+02 4.358684210530000200e+02
2.686538461540000071e+02 4.349615384620000214e+02
3.477857142859999726e+02 4.350000000000000000e+02
4.605000000000000000e+02 4.350000000000000000e+02
4.310000000000000000e+02 4.365000000000000000e+02
5.000000000000000000e+00 4.365000000000000000e+02
9.486842105300000583e+01 4.375000000000000000e+02
4.962500000000000000e+02 4.368333333329999846e+02
5.591000000000000227e+02 4.380000000000000000e+02
3.327105263160000277e+02 4.395000000000000000e+02
4.706250000000000000e+01 4.408750000000000000e+02
1.905000000000000000e+02 4.405000000000000000e+02
5.338999999999999773e+02 4.425666666669999927e+02
2.336818181820000007e+02 4.426818181819999722e+02
3.945909090910000145e+02 4.431363636359999987e+02
4.072142857140000274e+02 4.450000000000000000e+02
1.601250000000000000e+02 4.465000000000000000e+02
2.565000000000000000e+02 4.460000000000000000e+02
2.178571428600000104e+01 4.470000000000000000e+02
2.964047619049999867e+02 4.478333333329999846e+02
3.592142857140000274e+02 4.465000000000000000e+02
4.628999999999999773e+02 4.480000000000000000e+02
1.204047619050000009e+02 4.503095238099999733e+02
1.763947368419999862e+02 4.489210526319999985e+02
4.530000000000000000e+02 4.495000000000000000e+02
8.150000000000000000e+01 4.503947368419999862e+02
5.191153846150000390e+02 4.498846153850000178e+02
3.775909090910000145e+02 4.531363636359999987e+02
4.373461538459999929e+02 4.530384615379999786e+02
3.162500000000000000e+02 4.539166666670000154e+02
5.382500000000000000e+02 4.540625000000000000e+02
1.405000000000000000e+02 4.555000000000000000e+02
2.190999999999999943e+02 4.562200000000000273e+02
4.800714285710000127e+02 4.553571428569999853e+02
5.748181818179999709e+02 4.559090909089999855e+02
4.960000000000000000e+02 4.565000000000000000e+02
2.780000000000000000e+02 4.567857142859999726e+02
3.243333333300000021e+01 4.596999999999999886e+02
7.077777777800000081e+01 4.596111111110000138e+02
2.578846153850000178e+02 4.591153846149999822e+02
1.625000000000000000e+01 4.612500000000000000e+02
2.410000000000000000e+02 4.610000000000000000e+02
3.687500000000000000e+02 4.611666666670000154e+02
4.170000000000000000e+02 4.615000000000000000e+02
1.907777777780000008e+02 4.623333333329999846e+02
3.337727272729999868e+02 4.626818181819999722e+02
1.093666666670000041e+02 4.630333333329999732e+02
1.754166666669999870e+02 4.651666666670000154e+02
4.653500000000000227e+02 4.657500000000000000e+02
5.500000000000000000e+02 4.695000000000000000e+02
1.491153846150000106e+02 4.701153846149999822e+02
3.002500000000000000e+02 4.698750000000000000e+02
3.501153846149999822e+02 4.701153846149999822e+02
3.998333333329999846e+02 4.708333333329999846e+02
5.108846153850000178e+02 4.704230769229999964e+02
4.968181818200000066e+01 4.706818181819999722e+02
2.357500000000000000e+02 4.711666666670000154e+02
1.255909090910000003e+02 4.718636363640000013e+02
2.363333333299999950e+01 4.730333333329999732e+02
5.237777777779999724e+02 4.733888888889999862e+02
4.919705882349999797e+02 4.748529411760000016e+02
5.735526315790000353e+02 4.743421052630000077e+02
8.695454545500000165e+01 4.748636363640000013e+02
2.778846153850000178e+02 4.748846153850000178e+02
4.420000000000000000e+02 4.750000000000000000e+02
1.574333333330000073e+02 4.781000000000000227e+02
2.632333333330000187e+02 4.781666666670000154e+02
1.967500000000000000e+02 4.791666666670000154e+02
2.157941176470000073e+02 4.790882352940000146e+02
3.785000000000000000e+02 4.785000000000000000e+02
3.402647058819999870e+02 4.802058823529999927e+02
4.528000000000000114e+02 4.798000000000000114e+02
6.268181818200000066e+01 4.813181818180000278e+02
3.210384615379999786e+02 4.813461538459999929e+02
1.800882352939999862e+02 4.826176470589999781e+02
2.320384615380000071e+02 4.843461538459999929e+02
5.631666666669999586e+02 4.850833333329999846e+02
3.807500000000000000e+02 4.848333333329999846e+02
1.407500000000000000e+02 4.858750000000000000e+02
4.710000000000000000e+02 4.862777777779999724e+02
3.611111111000000040e+00 4.872222222220000276e+02
8.457692307700000356e+01 4.871153846149999822e+02
4.200000000000000000e+02 4.865000000000000000e+02
1.050000000000000000e+02 4.881875000000000000e+02
5.413823529410000219e+02 4.879117647059999854e+02
5.871000000000000227e+02 4.878999999999999773e+02
4.015526315789999785e+02 4.895526315789999785e+02
2.070000000000000000e+02 4.900000000000000000e+02
3.230000000000000000e+02 4.900000000000000000e+02
4.868333333329999846e+02 4.902333333330000187e+02
5.018999999999999773e+02 4.898999999999999773e+02
2.568571428569999853e+02 4.912857142859999726e+02
3.687857142859999726e+02 4.905000000000000000e+02
3.838888888900000040e+01 4.923333333329999846e+02
5.248846153849999610e+02 4.921153846149999822e+02
5.250000000000000000e+01 4.930000000000000000e+02
2.978999999999999773e+02 4.945666666669999927e+02
4.377857142859999726e+02 4.960000000000000000e+02
1.515000000000000000e+02 4.970000000000000000e+02
2.780000000000000000e+02 4.970000000000000000e+02
1.710000000000000000e+02 4.973000000000000114e+02
4.638846153850000178e+02 4.982692307689999893e+02
1.890000000000000000e+02 4.997857142859999726e+02
3.442142857140000274e+02 5.000000000000000000e+02
6.729999999999999716e+01 5.010000000000000000e+02
4.201153846149999822e+02 5.008846153850000178e+02
1.262142857139999990e+02 5.021428571430000147e+02
2.261923076920000142e+02 5.025769230770000036e+02
3.984333333330000073e+02 5.023666666670000041e+02
1.426176470590000065e+02 5.039117647059999854e+02
5.386111111110000138e+02 5.041666666670000154e+02
5.080000000000000000e+02 5.060000000000000000e+02
2.431363636359999987e+02 5.065909090910000145e+02
2.277777777999999920e+00 5.080000000000000000e+02
2.787857142859999726e+02 5.080000000000000000e+02
9.338888888900000040e+01 5.096666666670000154e+02
5.220000000000000000e+02 5.090000000000000000e+02
1.057105263159999993e+02 5.105000000000000000e+02
2.646333333329999959e+02 5.099666666670000268e+02
3.200000000000000000e+02 5.093000000000000114e+02
3.670555555560000016e+02 5.091666666670000154e+02
4.724166666670000154e+02 5.103333333329999846e+02
5.637142857139999705e+02 5.098571428569999853e+02
1.972222222199999919e+01 5.120000000000000000e+02
3.866499999999999773e+02 5.127999999999999545e+02
3.332777777779999724e+02 5.150555555559999448e+02
3.005000000000000000e+02 5.155000000000000000e+02
4.983333333299999879e+01 5.167500000000000000e+02
5.880000000000000000e+02 5.175000000000000000e+02
2.323181818179999993e+02 5.183181818179999709e+02
4.903999999999999773e+02 5.185499999999999545e+02
2.075714285710000127e+02 5.190714285709999558e+02
5.447307692309999538e+02 5.192692307690000462e+02
3.500000000000000000e+01 5.202142857139999705e+02
1.551818181820000007e+02 5.207727272729999868e+02
4.492500000000000000e+02 5.198333333330000414e+02
4.385000000000000000e+02 5.212999999999999545e+02
1.287500000000000000e+02 5.220833333330000414e+02
1.813181818179999993e+02 5.216818181820000291e+02
2.409090909000000114e+00 5.235909090909999577e+02
9.375000000000000000e+01 5.237500000000000000e+02
3.528333333329999846e+02 5.238333333330000414e+02
5.573666666670000041e+02 5.241666666669999586e+02
5.188333333330000414e+02 5.253333333330000414e+02
6.839473684200000037e+01 5.260789473679999446e+02
3.143999999999999773e+02 5.264500000000000455e+02
2.608000000000000114e+02 5.272000000000000455e+02
4.070714285710000127e+02 5.273095238099999733e+02
3.898999999999999773e+02 5.278999999999999773e+02
2.166666666669999870e+02 5.315000000000000000e+02
5.883421052630000077e+02 5.316578947369999923e+02
1.161190476189999998e+02 5.333571428569999853e+02
1.981470588239999984e+02 5.330294117649999635e+02
5.700000000000000000e+01 5.345000000000000000e+02
2.495588235289999943e+02 5.356764705880000292e+02
4.623947368419999862e+02 5.365000000000000000e+02
2.804090909089999855e+02 5.374090909090000423e+02
5.413095238099999733e+02 5.374523809519999986e+02
2.947307692310000107e+02 5.382692307690000462e+02
3.734210526300000055e+01 5.393421052630000077e+02
1.460000000000000000e+02 5.392142857139999705e+02
3.637105263160000277e+02 5.408684210530000200e+02
4.827222222220000276e+02 5.400000000000000000e+02
5.580000000000000000e+02 5.397857142860000295e+02
1.534210526300000055e+01 5.413421052630000077e+02
1.725000000000000000e+02 5.405000000000000000e+02
3.443571428569999853e+02 5.412142857139999705e+02
4.234166666670000154e+02 5.411666666669999586e+02
2.281315789470000084e+02 5.427105263160000277e+02
4.415000000000000000e+02 5.418750000000000000e+02
4.950000000000000000e+02 5.435000000000000000e+02
5.162000000000000455e+02 5.427999999999999545e+02
4.096818181819999722e+02 5.443181818179999709e+02
1.855999999999999943e+02 5.455499999999999545e+02
3.828750000000000000e+02 5.462500000000000000e+02
5.650000000000000000e+01 5.480000000000000000e+02
7.638888888900000040e+01 5.487777777779999724e+02
2.075625000000000000e+02 5.482500000000000000e+02
3.359117647059999854e+02 5.486176470589999781e+02
9.890000000000000568e+01 5.488999999999999773e+02
4.528076923080000142e+02 5.495769230769999467e+02
1.268750000000000000e+02 5.502500000000000000e+02
2.625909090910000145e+02 5.501363636360000555e+02
4.770882352940000146e+02 5.506176470589999781e+02
4.310000000000000000e+02 5.515000000000000000e+02
3.126818181819999722e+02 5.523181818179999709e+02
2.315000000000000000e+02 5.533333333330000414e+02
3.751153846149999822e+02 5.551153846150000390e+02
5.470000000000000000e+02 5.557727272729999868e+02
5.771086956520000513e+02 5.564565217389999816e+02
2.555999999999999943e+02 5.574500000000000455e+02
1.537777777780000008e+02 5.586111111110000138e+02
2.869666666670000268e+02 5.583666666670000041e+02
1.466666666699999944e+01 5.594166666669999586e+02
3.891176470599999959e+01 5.612058823529999927e+02
3.420000000000000000e+02 5.610000000000000000e+02
5.072857142859999726e+02 5.611428571430000147e+02
5.280000000000000000e+02 5.610000000000000000e+02
1.685000000000000000e+02 5.631250000000000000e+02
1.809000000000000057e+02 5.631000000000000227e+02
4.951190476190000140e+02 5.630714285709999558e+02
3.555000000000000000e+02 5.642500000000000000e+02
7.950000000000000000e+01 5.645000000000000000e+02
