1.785714285999999928e+00 9.285714290000000037e-01
1.555000000000000000e+02 7.500000000000000000e-01
2.792777777779999724e+02 9.444444440000000496e-01
4.011111111110000138e+02 2.833333333000000120e+00
4.803421052630000077e+02 2.342105263000000104e+00
5.000000000000000000e+02 5.000000000000000000e-01
4.661363636359999987e+02 2.590909090999999886e+00
2.210000000000000000e+02 4.000000000000000000e+00
3.230882352940000146e+02 4.382352940999999724e+00
5.178846153849999610e+02 5.115384614999999968e+00
5.774500000000000455e+02 5.599999999999999645e+00
2.611470588239999984e+02 7.029411764999999868e+00
3.500000000000000000e+02 7.214285713999999849e+00
3.693999999999999773e+02 7.200000000000000178e+00
3.909615384620000214e+02 6.653846154000000013e+00
5.551363636360000555e+02 6.590909091000000330e+00
1.958125000000000000e+02 8.312500000000000000e+00
3.025000000000000000e+02 8.500000000000000000e+00
2.450000000000000000e+01 9.852941175999999857e+00
7.165384615399999291e+01 9.961538462000000038e+00
1.326666666669999870e+02 1.161111111099999960e+01
2.301875000000000000e+02 1.143750000000000000e+01
4.203333333329999846e+02 1.277777777800000081e+01
2.165000000000000000e+02 1.300000000000000000e+01
8.496666666699999837e+01 1.463333333299999950e+01
1.004500000000000028e+02 1.475000000000000000e+01
4.396176470589999781e+02 1.508823529400000041e+01
5.543999999999999773e+02 1.555000000000000071e+01
4.541363636359999987e+02 1.540909090899999967e+01
5.073750000000000000e+02 1.681250000000000000e+01
1.741363636359999987e+02 1.659090909100000033e+01
5.395666666670000495e+02 1.689999999999999858e+01
1.240294117650000061e+02 2.085294117600000163e+01
2.857500000000000000e+02 2.216666666700000121e+01
2.134210526300000055e+01 2.334210526300000055e+01
3.267500000000000000e+02 2.344999999999999929e+01
4.652777777779999724e+02 2.344444444399999838e+01
5.713888888889999862e+02 2.377777777800000081e+01
5.925000000000000000e+01 2.387500000000000000e+01
7.658695652199999415e+01 2.528260869600000049e+01
3.543095238099999733e+02 2.440476190500000087e+01
1.571470588239999984e+02 2.550000000000000000e+01
5.290333333329999732e+02 2.536666666700000050e+01
1.753947368419999862e+02 2.650000000000000000e+01
2.681363636359999987e+02 2.540909090899999967e+01
3.720000000000000000e+02 2.650000000000000000e+01
4.849666666670000268e+02 2.663333333299999950e+01
7.500000000000000000e+00 2.813157894700000128e+01
4.058571428569999853e+02 2.871428571399999896e+01
1.053461538460000071e+02 2.873076923100000002e+01
4.540000000000000000e+02 2.950000000000000000e+01
4.150000000000000000e+01 3.030000000000000071e+01
2.492692307689999893e+02 2.988461538500000003e+01
3.022692307689999893e+02 2.988461538500000003e+01
3.876250000000000000e+02 2.962500000000000000e+01
1.438571428570000137e+02 3.328571428600000104e+01
1.992142857139999990e+02 3.300000000000000000e+01
2.130000000000000000e+02 3.300000000000000000e+01
3.630000000000000000e+02 3.500000000000000000e+01
3.777500000000000000e+02 3.483333333299999879e+01
4.720882352940000146e+02 3.538235294100000061e+01
4.991315789469999800e+02 3.571052631599999927e+01
1.110882352940000004e+02 3.638235294100000061e+01
5.561000000000000227e+02 3.610000000000000142e+01
2.360000000000000000e+02 3.721428571399999896e+01
3.325000000000000000e+02 3.800000000000000000e+01
4.062647058819999870e+02 3.850000000000000000e+01
4.260000000000000000e+02 3.800000000000000000e+01
5.212777777779999724e+02 3.900000000000000000e+01
6.411538461499999642e+01 3.988461538499999648e+01
8.564285714300000052e+01 4.369047618999999827e+01
2.998999999999999773e+02 4.310000000000000142e+01
2.613421052630000077e+02 4.455263157899999982e+01
2.225000000000000000e+02 4.550000000000000000e+01
5.690625000000000000e+02 4.575000000000000000e+01
2.878571428600000104e+01 4.600000000000000000e+01
1.350294117649999919e+02 4.614705882399999837e+01
1.640000000000000000e+02 4.600000000000000000e+01
3.288333333329999846e+02 4.538888888900000040e+01
4.377777777800000081e+01 4.766666666700000121e+01
1.818181818179999993e+02 4.736363636400000132e+01
3.931666666670000154e+02 4.925000000000000000e+01
3.507857142859999726e+02 5.000000000000000000e+01
4.953750000000000000e+02 5.018750000000000000e+01
5.397500000000000000e+02 4.983333333299999879e+01
2.848999999999999773e+02 5.110000000000000142e+01
3.620000000000000000e+02 5.121428571399999896e+01
5.072142857140000274e+02 5.200000000000000000e+01
2.039117647060000138e+02 5.361764705899999939e+01
2.500000000000000000e+00 5.450000000000000000e+01
3.123181818180000278e+02 5.431818181799999934e+01
4.186578947369999923e+02 5.465789473699999945e+01
4.417857142859999726e+02 5.400000000000000000e+01
4.638999999999999773e+02 5.410000000000000142e+01
1.002999999999999972e+02 5.600000000000000000e+01
1.185000000000000000e+02 5.650000000000000000e+01
5.600000000000000000e+02 5.700000000000000000e+01
2.366111111110000138e+02 5.855555555600000162e+01
3.782647058819999870e+02 5.879411764700000020e+01
5.855000000000000000e+02 5.775000000000000000e+01
6.161764705899999939e+01 5.908823529400000041e+01
1.652857142860000010e+02 5.885714285699999948e+01
3.356999999999999886e+02 5.850000000000000000e+01
5.444500000000000455e+02 5.939999999999999858e+01
2.507941176470000073e+02 6.161764705899999939e+01
4.735909090910000145e+02 6.113636363599999868e+01
4.744736842100000018e+01 6.244736842100000018e+01
8.400000000000000000e+01 6.221428571399999896e+01
1.407857142860000010e+02 6.200000000000000000e+01
4.291470588239999984e+02 6.250000000000000000e+01
2.093750000000000000e+02 6.481250000000000000e+01
3.998529411760000016e+02 6.420588235300000690e+01
5.246176470589999781e+02 6.391176470599999959e+01
4.944333333330000073e+02 6.509999999999999432e+01
2.711538461499999997e+01 6.611538461499999642e+01
1.965588235289999943e+02 6.626470588200000122e+01
2.687857142859999726e+02 6.600000000000000000e+01
4.498333333329999846e+02 7.094444444399999838e+01
3.147142857140000274e+02 7.171428571399999896e+01
3.434523809519999986e+02 7.288095238100000017e+01
6.921428571399999896e+01 7.300000000000000000e+01
1.713571428570000137e+02 7.430952381000000173e+01
2.746000000000000227e+02 7.454999999999999716e+01
2.920000000000000000e+02 7.421428571399999896e+01
5.088571428569999853e+02 7.471428571399999896e+01
4.688846153850000178e+02 7.511538461499999642e+01
5.348999999999999773e+02 7.509999999999999432e+01
1.105000000000000000e+02 7.670000000000000284e+01
3.310000000000000000e+02 7.750000000000000000e+01
2.380000000000000000e+02 7.700000000000000000e+01
9.900000000000000355e+00 7.890000000000000568e+01
1.274230769229999964e+02 7.919230769199999997e+01
3.595000000000000000e+02 7.950000000000000000e+01
5.715000000000000000e+02 7.900000000000000000e+01
2.262333333329999903e+02 8.083333333299999879e+01
1.548846153849999894e+02 8.088461538500000358e+01
8.850000000000000000e+01 8.300000000000000000e+01
2.072500000000000000e+02 8.312500000000000000e+01
2.491999999999999886e+02 8.359999999999999432e+01
5.900000000000000000e+01 8.450000000000000000e+01
4.160000000000000000e+02 8.378571428600000104e+01
4.821000000000000227e+02 8.490000000000000568e+01
3.065789473699999945e+01 8.765789473700000656e+01
3.064230769229999964e+02 8.765384615399999291e+01
3.832222222220000276e+02 8.761111111099999960e+01
5.026999999999999886e+02 8.770000000000000284e+01
4.237500000000000000e+02 8.875000000000000000e+01
5.508999999999999773e+02 8.890000000000000568e+01
4.479615384620000214e+02 8.965384615399999291e+01
4.700000000000000000e+02 8.950000000000000000e+01
1.682142857139999990e+02 9.100000000000000000e+01
2.980000000000000000e+02 9.127777777800000081e+01
5.723823529410000219e+02 9.108823529400000041e+01
1.322142857139999990e+02 9.200000000000000000e+01
5.828750000000000000e+02 9.325000000000000000e+01
7.283333333299999879e+01 9.338888888900000040e+01
5.786363636400000132e+01 9.459090909100000033e+01
1.263333333299999950e+01 9.603333333300000163e+01
1.086875000000000000e+02 9.643750000000000000e+01
4.087500000000000000e+02 9.587500000000000000e+01
5.279666666670000268e+02 9.636666666700000405e+01
2.480000000000000000e+02 9.700000000000000000e+01
2.692142857140000274e+02 9.700000000000000000e+01
1.908125000000000000e+02 9.837500000000000000e+01
3.502647058819999870e+02 9.820588235300000690e+01
5.418157894739999847e+02 9.876315789500000619e+01
9.008823529400000041e+01 9.961764705900000649e+01
2.300000000000000000e+02 9.972222222199999919e+01
3.694444444439999984e+02 9.961111111099999960e+01
3.851666666670000154e+02 9.925000000000000000e+01
4.844411764710000057e+02 1.006764705880000008e+02
1.398846153849999894e+02 1.018846153850000036e+02
4.089999999999999858e+01 1.029000000000000057e+02
1.608846153849999894e+02 1.031153846149999964e+02
3.282777777779999724e+02 1.040000000000000000e+02
4.471153846149999822e+02 1.041153846149999964e+02
1.990714285710000127e+02 1.057142857139999990e+02
5.113888888889999862e+02 1.082222222219999992e+02
2.585500000000000114e+02 1.105999999999999943e+02
9.986363636400000132e+01 1.105909090910000003e+02
1.251153846149999964e+02 1.118846153850000036e+02
2.905000000000000000e+02 1.130000000000000000e+02
5.645000000000000000e+02 1.130454545449999983e+02
3.072058823529999927e+02 1.139117647059999996e+02
3.352142857140000274e+02 1.140000000000000000e+02
4.218999999999999773e+02 1.139000000000000057e+02
5.798846153849999610e+02 1.138846153850000036e+02
2.961764705899999939e+01 1.149117647059999996e+02
7.154000000000000625e+01 1.159000000000000057e+02
4.068750000000000000e+02 1.153750000000000000e+02
4.453888888889999862e+02 1.161666666670000012e+02
5.028333333329999846e+02 1.166250000000000000e+02
2.170999999999999943e+02 1.170999999999999943e+02
2.443750000000000000e+02 1.166250000000000000e+02
4.695625000000000000e+02 1.168125000000000000e+02
1.907500000000000000e+02 1.181666666670000012e+02
1.426923076899999998e+01 1.196538461539999929e+02
5.081250000000000000e+01 1.196250000000000000e+02
5.338846153849999610e+02 1.201153846149999964e+02
1.640000000000000000e+02 1.210000000000000000e+02
3.606000000000000227e+02 1.214500000000000028e+02
5.542857142860000295e+02 1.211428571430000005e+02
1.466111111110000138e+02 1.227777777780000008e+02
8.461111111099999960e+01 1.238333333329999988e+02
4.193823529410000219e+02 1.240882352940000004e+02
5.654090909090000423e+02 1.251363636359999987e+02
1.265000000000000000e+02 1.265000000000000000e+02
2.336250000000000000e+02 1.268125000000000000e+02
5.223823529410000219e+02 1.260882352940000004e+02
3.150714285710000127e+02 1.277142857139999990e+02
6.850000000000000000e+01 1.275000000000000000e+02
2.098529411760000016e+02 1.279705882349999939e+02
3.774166666670000154e+02 1.281666666669999870e+02
3.900000000000000000e+02 1.280000000000000000e+02
1.045909090910000003e+02 1.295909090909999861e+02
4.881666666670000154e+02 1.288333333330000130e+02
2.761153846149999822e+02 1.308846153849999894e+02
3.327105263160000277e+02 1.318684210529999916e+02
4.465000000000000000e+02 1.319285714289999873e+02
4.822500000000000000e+02 1.328333333330000130e+02
1.392500000000000000e+02 1.339375000000000000e+02
2.958529411760000016e+02 1.345000000000000000e+02
1.818846153849999894e+02 1.351153846150000106e+02
2.484285714289999873e+02 1.353571428570000137e+02
4.635000000000000000e+02 1.345000000000000000e+02
5.843461538459999929e+02 1.370384615380000071e+02
1.571428571400000074e+01 1.378571428570000137e+02
3.811538461500000352e+01 1.378846153849999894e+02
4.113999999999999773e+02 1.384499999999999886e+02
5.326333333329999959e+02 1.379666666669999984e+02
4.973666666670000041e+02 1.390999999999999943e+02
3.068846153850000178e+02 1.401153846150000106e+02
1.879000000000000057e+02 1.415666666669999927e+02
4.975000000000000000e+01 1.427500000000000000e+02
1.602731092440000111e+02 1.480042016810000121e+02
3.549210526319999985e+02 1.440789473680000015e+02
5.608846153849999610e+02 1.427307692310000107e+02
5.549999999999999822e+00 1.445999999999999943e+02
5.190000000000000000e+02 1.450000000000000000e+02
6.534210526299999344e+01 1.466578947369999923e+02
2.141153846150000106e+02 1.458846153849999894e+02
2.335999999999999943e+02 1.475500000000000114e+02
2.570000000000000000e+02 1.470000000000000000e+02
4.795000000000000000e+02 1.471470588239999984e+02
1.130999999999999943e+02 1.480999999999999943e+02
2.435000000000000000e+02 1.487105263159999993e+02
9.940000000000000568e+01 1.490500000000000114e+02
4.263181818180000278e+02 1.493181818179999993e+02
4.521000000000000227e+02 1.489000000000000057e+02
2.818750000000000000e+02 1.502500000000000000e+02
7.550000000000000000e+01 1.523636363640000013e+02
3.377727272729999868e+02 1.520000000000000000e+02
1.393666666670000041e+02 1.520333333330000016e+02
4.995909090910000145e+02 1.540000000000000000e+02
3.857352941180000130e+02 1.542058823529999927e+02
3.528636363640000013e+02 1.560454545450000126e+02
3.766538461540000071e+02 1.580384615380000071e+02
5.367857142860000295e+02 1.580000000000000000e+02
3.082272727270000132e+02 1.594545454549999874e+02
5.725000000000000000e+02 1.595000000000000000e+02
2.055000000000000071e+01 1.604000000000000057e+02
4.038000000000000114e+02 1.601999999999999886e+02
4.425000000000000000e+02 1.599285714289999873e+02
1.864090909090000139e+02 1.645909090909999861e+02
2.136999999999999886e+02 1.635000000000000000e+02
2.696111111110000138e+02 1.641666666669999870e+02
3.228846153850000178e+02 1.641153846150000106e+02
3.658333333299999879e+01 1.651666666669999870e+02
9.540000000000000568e+01 1.655500000000000114e+02
2.883750000000000000e+02 1.646250000000000000e+02
1.346153845999999987e+00 1.665000000000000000e+02
5.110000000000000000e+02 1.665000000000000000e+02
5.939999999999999858e+01 1.685500000000000114e+02
1.197857142860000010e+02 1.690000000000000000e+02
1.525833333330000130e+02 1.688333333330000130e+02
4.782894736839999723e+02 1.698684210529999916e+02
7.785294117600000163e+01 1.705000000000000000e+02
2.027222222219999992e+02 1.700000000000000000e+02
4.587352941180000130e+02 1.717941176470000073e+02
5.816578947369999923e+02 1.713421052630000077e+02
4.242222222220000276e+02 1.726111111110000138e+02
5.523666666670000041e+02 1.740333333330000016e+02
1.740000000000000000e+02 1.750000000000000000e+02
2.196578947369999923e+02 1.756578947369999923e+02
3.868000000000000114e+02 1.754000000000000057e+02
2.403888888889999862e+02 1.767777777780000008e+02
4.936578947369999923e+02 1.763421052630000077e+02
9.285714290000000037e-01 1.767857142860000010e+02
2.780882352940000146e+02 1.773823529409999935e+02
3.400000000000000000e+02 1.765000000000000000e+02
3.692500000000000000e+02 1.779375000000000000e+02
5.275000000000000000e+01 1.797500000000000000e+02
1.121666666670000012e+02 1.792333333329999903e+02
5.331250000000000000e+02 1.797500000000000000e+02
4.355000000000000000e+02 1.817105263159999993e+02
4.672500000000000000e+02 1.821666666669999870e+02
1.813636363599999868e+01 1.825909090909999861e+02
2.959117647059999854e+02 1.836176470590000065e+02
1.851363636359999987e+02 1.835909090909999861e+02
3.598529411760000016e+02 1.840294117649999919e+02
1.451999999999999886e+02 1.854000000000000057e+02
4.786000000000000227e+02 1.854499999999999886e+02
5.707500000000000000e+02 1.850625000000000000e+02
3.569047618999999827e+01 1.864047619049999867e+02
4.095909090910000145e+02 1.861363636359999987e+02
2.457500000000000000e+02 1.886250000000000000e+02
8.115384614999999968e+00 1.891153846150000106e+02
2.024000000000000057e+02 1.898000000000000114e+02
1.393888888889999862e+02 1.912222222219999992e+02
3.161153846149999822e+02 1.908846153849999894e+02
3.716176470589999781e+02 1.909117647060000138e+02
5.188529411759999448e+02 1.910294117649999919e+02
7.608823529400000041e+01 1.943823529409999935e+02
1.631153846150000106e+02 1.941153846150000106e+02
2.716999999999999886e+02 1.935000000000000000e+02
3.326052631580000138e+02 1.940789473680000015e+02
4.660789473680000015e+02 1.946052631580000138e+02
4.235555555560000016e+02 1.966111111110000138e+02
1.207857142860000010e+02 1.970000000000000000e+02
2.896333333329999959e+02 1.970333333330000016e+02
1.069666666669999984e+02 1.986333333329999959e+02
3.974166666670000154e+02 1.978333333330000130e+02
6.186842105299999872e+01 1.992894736840000007e+02
4.411153846149999822e+02 1.991153846150000106e+02
5.555000000000000000e+02 1.995000000000000000e+02
2.425833333330000130e+02 2.001666666669999870e+02
3.508529411760000016e+02 2.005000000000000000e+02
5.000000000000000000e+02 2.015000000000000000e+02
5.342500000000000000e+02 2.015625000000000000e+02
2.181999999999999886e+02 2.018000000000000114e+02
2.965000000000000000e+02 2.025000000000000000e+02
5.843750000000000000e+02 2.028125000000000000e+02
5.703666666670000041e+02 2.039666666669999984e+02
1.939999999999999858e+01 2.065500000000000114e+02
7.842857142900000156e+01 2.066428571429999863e+02
2.573999999999999773e+02 2.065500000000000114e+02
2.675909090910000145e+02 2.064090909090000139e+02
4.325833333329999846e+02 2.061666666669999870e+02
4.436666666699999695e+01 2.070333333330000016e+02
4.713421052630000077e+02 2.083421052630000077e+02
3.788333333329999846e+02 2.087222222219999992e+02
1.250000000000000000e+02 2.115000000000000000e+02
1.588846153849999894e+02 2.108846153849999894e+02
1.887352941180000130e+02 2.115588235289999943e+02
5.170000000000000000e+02 2.106999999999999886e+02
3.202500000000000000e+02 2.121250000000000000e+02
3.434499999999999886e+02 2.125999999999999943e+02
4.062777777779999724e+02 2.120000000000000000e+02
2.107500000000000000e+02 2.138333333330000130e+02
4.499615384620000214e+02 2.136538461540000071e+02
3.590882352940000146e+02 2.153823529409999935e+02
5.500000000000000000e+00 2.156999999999999886e+02
2.289999999999999858e+01 2.160999999999999943e+02
1.150999999999999943e+02 2.160999999999999943e+02
4.959545454550000159e+02 2.168636363640000013e+02
5.831153846150000390e+02 2.168846153849999894e+02
2.821867469879999817e+02 2.234397590359999981e+02
5.492142857139999705e+02 2.180000000000000000e+02
7.029999999999999716e+01 2.185000000000000000e+02
1.785000000000000000e+02 2.197105263159999993e+02
9.950000000000000000e+01 2.201666666669999870e+02
2.271363636359999987e+02 2.205909090909999861e+02
5.231818181799999934e+01 2.223181818179999993e+02
5.347857142860000295e+02 2.227380952379999997e+02
5.146818181820000291e+02 2.232272727270000132e+02
1.490789473680000015e+02 2.253947368419999862e+02
2.434499999999999886e+02 2.257500000000000000e+02
1.968529411760000016e+02 2.259705882350000081e+02
7.885294117600000163e+01 2.280294117649999919e+02
4.000000000000000000e+02 2.280000000000000000e+02
2.623421052630000077e+02 2.296578947369999923e+02
4.580294117650000203e+02 2.298529411760000016e+02
3.293421052630000077e+02 2.303421052630000077e+02
3.906000000000000227e+02 2.304499999999999886e+02
1.627666666670000097e+02 2.314333333330000073e+02
2.261111111110000138e+02 2.311666666669999870e+02
4.368636363640000013e+02 2.305909090909999861e+02
4.215000000000000000e+02 2.322894736840000007e+02
1.283333333330000130e+02 2.332222222219999992e+02
5.675000000000000000e+02 2.345000000000000000e+02
3.606818181819999722e+02 2.353181818179999993e+02
4.877222222220000276e+02 2.350000000000000000e+02
3.081000000000000227e+02 2.360999999999999943e+02
1.760000000000000000e+02 2.372142857139999990e+02
9.055555555999999839e+00 2.386111111110000138e+02
3.372222222199999919e+01 2.380000000000000000e+02
9.892857142900000156e+01 2.395000000000000000e+02
5.721428571399999896e+01 2.400000000000000000e+02
2.092142857139999990e+02 2.410000000000000000e+02
2.837222222220000276e+02 2.410000000000000000e+02
3.696538461540000071e+02 2.412692307689999893e+02
3.388846153850000178e+02 2.431153846150000106e+02
5.312857142860000295e+02 2.434285714289999873e+02
5.486176470589999781e+02 2.429117647060000138e+02
2.434000000000000057e+02 2.445500000000000114e+02
1.510000000000000000e+02 2.450000000000000000e+02
5.118846153850000178e+02 2.451153846150000106e+02
2.692222222220000276e+02 2.466111111110000138e+02
4.013947368419999862e+02 2.460789473680000015e+02
4.238750000000000000e+02 2.467500000000000000e+02
8.108823529400000041e+01 2.473823529409999935e+02
5.858750000000000000e+02 2.475000000000000000e+02
2.022222222199999919e+01 2.486111111110000138e+02
1.125000000000000000e+02 2.501666666669999870e+02
3.272500000000000000e+02 2.507500000000000000e+02
4.467222222220000276e+02 2.500000000000000000e+02
4.658333333329999846e+02 2.504166666669999870e+02
4.966000000000000227e+02 2.515500000000000114e+02
5.442200000000000273e+02 2.519000000000000057e+02
4.700000000000000000e+01 2.525000000000000000e+02
3.649545454550000159e+02 2.528636363640000013e+02
4.823181818180000278e+02 2.533181818179999993e+02
1.290999999999999943e+02 2.540999999999999943e+02
2.815000000000000000e+02 2.539285714289999873e+02
1.912826086960000112e+02 2.558913043480000056e+02
3.493823529410000219e+02 2.549117647060000138e+02
5.700000000000000000e+02 2.555000000000000000e+02
3.042333333330000187e+02 2.563000000000000114e+02
2.540652173910000045e+02 2.575869565219999799e+02
3.889705882349999797e+02 2.588529411760000016e+02
4.245000000000000000e+02 2.585000000000000000e+02
1.640000000000000000e+02 2.615000000000000000e+02
2.260294117649999919e+02 2.618529411760000016e+02
4.740000000000000000e+02 2.622142857140000274e+02
5.578333333330000414e+02 2.622500000000000000e+02
1.259999999999999964e+01 2.635500000000000114e+02
3.908823529400000041e+01 2.646176470589999781e+02
1.862222222219999992e+02 2.646111111110000138e+02
4.108846153850000178e+02 2.641153846149999822e+02
4.570000000000000000e+02 2.640000000000000000e+02
5.181153846150000390e+02 2.651153846149999822e+02
5.791470588240000552e+02 2.655000000000000000e+02
6.323684210500000091e+01 2.661315789469999800e+02
2.041190476190000140e+02 2.661666666670000154e+02
3.090000000000000000e+02 2.667727272729999868e+02
4.415000000000000000e+02 2.660000000000000000e+02
8.638235294099999351e+01 2.669117647059999854e+02
1.138846153850000036e+02 2.678846153850000178e+02
1.450000000000000000e+02 2.682142857140000274e+02
2.968000000000000114e+02 2.678000000000000114e+02
9.626190476200000035e+01 2.698809523809999860e+02
5.056176470589999781e+02 2.690882352940000146e+02
2.405000000000000000e+02 2.703333333329999846e+02
2.746578947369999923e+02 2.703421052630000077e+02
3.276176470589999781e+02 2.699117647059999854e+02
3.900000000000000000e+02 2.700000000000000000e+02
4.878750000000000000e+02 2.707500000000000000e+02
5.328846153849999610e+02 2.711153846149999822e+02
3.775000000000000000e+02 2.733000000000000114e+02
6.300000000000000000e+01 2.740000000000000000e+02
1.728333333330000130e+02 2.745000000000000000e+02
3.501000000000000227e+02 2.768999999999999773e+02
1.337857142860000010e+02 2.780000000000000000e+02
2.240000000000000000e+02 2.780000000000000000e+02
5.746111111110000138e+02 2.792222222220000276e+02
1.350000000000000000e+01 2.815000000000000000e+02
1.543000000000000114e+02 2.805000000000000000e+02
4.366176470589999781e+02 2.809117647059999854e+02
2.873333333329999846e+02 2.815833333329999846e+02
5.438999999999999773e+02 2.824333333330000073e+02
4.803333333300000163e+01 2.846333333329999959e+02
4.076666666670000154e+02 2.845000000000000000e+02
3.039473684200000037e+01 2.849210526319999985e+02
2.715000000000000000e+02 2.845000000000000000e+02
8.496666666699999837e+01 2.866333333329999959e+02
2.032857142860000010e+02 2.858571428569999853e+02
2.577727272729999868e+02 2.866363636359999987e+02
3.165769230770000036e+02 2.868076923080000142e+02
3.640000000000000000e+02 2.867857142859999726e+02
4.931315789469999800e+02 2.885000000000000000e+02
3.850333333329999732e+02 2.896333333329999959e+02
4.740000000000000000e+02 2.890000000000000000e+02
1.044444444439999984e+02 2.902777777779999724e+02
1.537105263159999993e+02 2.907631578950000062e+02
1.242368421049999938e+02 2.911315789469999800e+02
1.866764705880000008e+02 2.916764705879999724e+02
4.576111111110000138e+02 2.913333333329999846e+02
5.750000000000000000e+01 2.930000000000000000e+02
4.210882352940000146e+02 2.933823529410000219e+02
1.687941176470000073e+02 2.956176470589999781e+02
2.993421052630000077e+02 2.954473684210000215e+02
5.549117647059999854e+02 2.956176470589999781e+02
5.858846153849999610e+02 2.961153846149999822e+02
5.260000000000000000e+02 2.970000000000000000e+02
7.431818181799999934e+01 2.993181818180000278e+02
2.150999999999999943e+02 2.991000000000000227e+02
3.307500000000000000e+02 2.988750000000000000e+02
3.430000000000000000e+02 2.987857142859999726e+02
4.261111111099999960e+01 3.007777777779999724e+02
2.377142857139999990e+02 3.001428571430000147e+02
3.582222222220000276e+02 3.016111111110000138e+02
1.930000000000000000e+02 3.035000000000000000e+02
3.976176470589999781e+02 3.030882352940000146e+02
5.061428571430000147e+02 3.037142857140000274e+02
3.217352941180000130e+02 3.057352941180000130e+02
1.144117647100000035e+01 3.063235294120000276e+02
1.382500000000000000e+02 3.062500000000000000e+02
4.419117647059999854e+02 3.063823529410000219e+02
2.772142857140000274e+02 3.070000000000000000e+02
4.561153846149999822e+02 3.071153846149999822e+02
2.547352941180000130e+02 3.083235294120000276e+02
3.811250000000000000e+02 3.085000000000000000e+02
9.300000000000000000e+01 3.095000000000000000e+02
5.325499999999999545e+02 3.093999999999999773e+02
1.735000000000000000e+02 3.113000000000000114e+02
4.793999999999999773e+02 3.115500000000000114e+02
5.721153846150000390e+02 3.108846153850000178e+02
1.582500000000000000e+02 3.132500000000000000e+02
4.102142857140000274e+02 3.130000000000000000e+02
1.184047619050000009e+02 3.146904761900000267e+02
2.417857142860000010e+02 3.140000000000000000e+02
2.916052631580000138e+02 3.140789473680000015e+02
3.634090909089999855e+02 3.154090909089999855e+02
5.278571428600000104e+01 3.160000000000000000e+02
6.531818181799999934e+01 3.156818181819999722e+02
3.361153846149999822e+02 3.161153846149999822e+02
5.514473684209999647e+02 3.166578947369999923e+02
3.898913043480000056e+02 3.179782608699999855e+02
3.142142857140000274e+02 3.180000000000000000e+02
2.190000000000000000e+02 3.190000000000000000e+02
4.261153846149999822e+02 3.201153846149999822e+02
4.976176470589999781e+02 3.199117647059999854e+02
5.875000000000000000e+02 3.185000000000000000e+02
5.177352941179999561e+02 3.219117647059999854e+02
3.430952381000000173e+01 3.224523809519999986e+02
8.350000000000000000e+01 3.235000000000000000e+02
2.535000000000000000e+02 3.235000000000000000e+02
4.609545454550000159e+02 3.228636363640000013e+02
4.854166666670000154e+02 3.238333333329999846e+02
1.760882352939999862e+02 3.253823529410000219e+02
2.700333333329999732e+02 3.256333333329999959e+02
2.500000000000000000e+00 3.265000000000000000e+02
3.758529411760000016e+02 3.275000000000000000e+02
1.323235294119999992e+02 3.293235294120000276e+02
1.970000000000000000e+02 3.295000000000000000e+02
5.690000000000000000e+02 3.290000000000000000e+02
1.093666666670000041e+02 3.299666666670000268e+02
1.427105263159999993e+02 3.305000000000000000e+02
4.430882352940000146e+02 3.316176470589999781e+02
7.300000000000000000e+01 3.325000000000000000e+02
2.287857142860000010e+02 3.330000000000000000e+02
2.980625000000000000e+02 3.332500000000000000e+02
3.497173913039999888e+02 3.338913043480000056e+02
4.960333333329999732e+02 3.336333333329999959e+02
5.546538461540000071e+02 3.330384615379999786e+02
5.382999999999999545e+02 3.343000000000000114e+02
4.139666666670000268e+02 3.356333333329999959e+02
1.700000000000000000e+02 3.372142857140000274e+02
2.101153846150000106e+02 3.368846153850000178e+02
8.381250000000000000e+01 3.396875000000000000e+02
2.532894736840000007e+02 3.398684210530000200e+02
5.755000000000000000e+02 3.405000000000000000e+02
3.177777777800000081e+01 3.416666666670000154e+02
3.217105263160000277e+02 3.411315789469999800e+02
2.772647058819999870e+02 3.429705882349999797e+02
3.567500000000000000e+02 3.421666666670000154e+02
5.116666666700000121e+01 3.427500000000000000e+02
7.099999999999999645e+00 3.441000000000000227e+02
3.930000000000000000e+02 3.460000000000000000e+02
4.296111111110000138e+02 3.469444444439999984e+02
4.649615384620000214e+02 3.465000000000000000e+02
1.456111111110000138e+02 3.477777777779999724e+02
5.214333333329999505e+02 3.468999999999999773e+02
3.758571428569999853e+02 3.492857142859999726e+02
4.827777777779999724e+02 3.496111111110000138e+02
9.850000000000000000e+01 3.501666666670000154e+02
1.916176470590000065e+02 3.502058823529999927e+02
3.330000000000000000e+02 3.502142857140000274e+02
4.402272727270000132e+02 3.510000000000000000e+02
4.935000000000000000e+02 3.500000000000000000e+02
2.260294117649999919e+02 3.518529411760000016e+02
5.502999999999999545e+02 3.520000000000000000e+02
1.213260869570000011e+02 3.535000000000000000e+02
5.141000000000000227e+02 3.530000000000000000e+02
6.435714285699999948e+01 3.545714285710000127e+02
2.566428571430000147e+02 3.543095238099999733e+02
4.044333333330000073e+02 3.546999999999999886e+02
3.692777777779999724e+02 3.550000000000000000e+02
5.722222222220000276e+02 3.553888888889999862e+02
5.351363636360000555e+02 3.554090909089999855e+02
2.988461538500000003e+01 3.571153846149999822e+02
2.071153846150000106e+02 3.568846153850000178e+02
1.637142857139999990e+02 3.581428571430000147e+02
2.795000000000000000e+02 3.580000000000000000e+02
3.184166666670000154e+02 3.588333333329999846e+02
4.578571428600000104e+01 3.615714285710000127e+02
1.890000000000000000e+02 3.606999999999999886e+02
2.945000000000000000e+02 3.617105263160000277e+02
7.713636363599999868e+01 3.635000000000000000e+02
2.392222222219999992e+02 3.663888888889999862e+02
4.631666666670000154e+02 3.657666666669999813e+02
4.266250000000000000e+02 3.666250000000000000e+02
3.937222222220000276e+02 3.680000000000000000e+02
1.110454545449999983e+02 3.695454545449999841e+02
2.059090909100000033e+01 3.704090909089999855e+02
6.121428571399999896e+01 3.700000000000000000e+02
2.235769230770000036e+02 3.701923076919999858e+02
4.980294117650000203e+02 3.701470588239999984e+02
5.526176470589999781e+02 3.710882352940000146e+02
1.375000000000000000e+02 3.720000000000000000e+02
1.548076923079999858e+02 3.725769230770000036e+02
3.816052631580000138e+02 3.719210526319999985e+02
4.801000000000000227e+02 3.721000000000000227e+02
5.293823529410000219e+02 3.719117647059999854e+02
5.860000000000000000e+02 3.722777777779999724e+02
1.855000000000000000e+02 3.737105263160000277e+02
9.175000000000000000e+01 3.738333333329999846e+02
3.445000000000000000e+02 3.738333333329999846e+02
7.625000000000000000e+01 3.763500000000000227e+02
4.140294117650000203e+02 3.778529411760000016e+02
4.050000000000000000e+01 3.780000000000000000e+02
4.482647058819999870e+02 3.780882352940000146e+02
5.722500000000000000e+02 3.782500000000000000e+02
2.023421052630000077e+02 3.803421052630000077e+02
2.614444444439999984e+02 3.807222222220000276e+02
2.885909090910000145e+02 3.824090909089999855e+02
3.243888888889999862e+02 3.822222222220000276e+02
3.088846153850000178e+02 3.841153846149999822e+02
5.172857142860000295e+02 3.858571428569999853e+02
1.171250000000000000e+02 3.877500000000000000e+02
1.630000000000000000e+02 3.872142857140000274e+02
4.963000000000000114e+02 3.865000000000000000e+02
3.621000000000000227e+02 3.878999999999999773e+02
4.595000000000000000e+02 3.880000000000000000e+02
5.000000000000000000e-01 3.885000000000000000e+02
1.356538461540000071e+02 3.889615384620000214e+02
3.477500000000000000e+02 3.892500000000000000e+02
3.870000000000000000e+02 3.890000000000000000e+02
5.800000000000000000e+01 3.905000000000000000e+02
4.056578947369999923e+02 3.906578947369999923e+02
4.851666666670000154e+02 3.901666666670000154e+02
2.788846153850000178e+02 3.918846153850000178e+02
4.351153846149999822e+02 3.918846153850000178e+02
3.036176470589999781e+02 3.930882352940000146e+02
8.579999999999999716e+01 3.938999999999999773e+02
2.572500000000000000e+02 3.940625000000000000e+02
5.388999999999999773e+02 3.938999999999999773e+02
5.562777777779999724e+02 3.940000000000000000e+02
1.565000000000000000e+02 3.961666666670000154e+02
7.222222222000000080e+00 3.976111111110000138e+02
1.775000000000000000e+02 3.965000000000000000e+02
2.106999999999999886e+02 3.975000000000000000e+02
2.340000000000000000e+02 3.987222222220000276e+02
1.037000000000000028e+02 4.003000000000000114e+02
1.947500000000000000e+02 4.011666666670000154e+02
3.585000000000000000e+02 4.015000000000000000e+02
5.103000000000000114e+02 4.005000000000000000e+02
2.613636363599999868e+01 4.025909090910000145e+02
4.550000000000000000e+01 4.042647058819999870e+02
1.195000000000000000e+02 4.035000000000000000e+02
1.394000000000000057e+02 4.044499999999999886e+02
4.268999999999999773e+02 4.041000000000000227e+02
4.724523809519999986e+02 4.043095238099999733e+02
5.681153846150000390e+02 4.041153846149999822e+02
2.397857142860000010e+02 4.050000000000000000e+02
4.033999999999999773e+02 4.051999999999999886e+02
4.530000000000000000e+02 4.055000000000000000e+02
3.487727272729999868e+02 4.090000000000000000e+02
3.838333333329999846e+02 4.083888888889999862e+02
5.328571428569999853e+02 4.100714285710000127e+02
9.103333333300000163e+01 4.116333333329999959e+02
2.848529411760000016e+02 4.115000000000000000e+02
3.271153846149999822e+02 4.108846153850000178e+02
9.187500000000000000e+00 4.126875000000000000e+02
5.260000000000000142e+01 4.121999999999999886e+02
2.645000000000000000e+02 4.131666666670000154e+02
3.735000000000000000e+02 4.135000000000000000e+02
1.971999999999999886e+02 4.138999999999999773e+02
4.918888888889999862e+02 4.148333333329999846e+02
7.600000000000000000e+01 4.155000000000000000e+02
2.135000000000000000e+02 4.166739130430000273e+02
5.384444444440000552e+02 4.167222222220000276e+02
1.624090909090000139e+02 4.168636363640000013e+02
1.820000000000000000e+02 4.170000000000000000e+02
3.040000000000000000e+02 4.167857142859999726e+02
1.836666666700000050e+01 4.180333333329999732e+02
5.662500000000000000e+02 4.191666666670000154e+02
4.370000000000000000e+02 4.205000000000000000e+02
1.505000000000000000e+02 4.210000000000000000e+02
4.106052631580000138e+02 4.209210526319999985e+02
3.203666666670000041e+02 4.224333333330000073e+02
5.093999999999999773e+02 4.225500000000000114e+02
5.875000000000000000e+02 4.210000000000000000e+02
3.450000000000000000e+01 4.222142857140000274e+02
3.845000000000000000e+02 4.253000000000000114e+02
4.617500000000000000e+02 4.252500000000000000e+02
2.360294117649999919e+02 4.268529411760000016e+02
1.095526315790000069e+02 4.285526315789999785e+02
2.610517241379999973e+02 4.285689655169999810e+02
6.554999999999999716e+01 4.306000000000000227e+02
9.614705882399999837e+01 4.304411764710000057e+02
2.786250000000000000e+02 4.306250000000000000e+02
3.471000000000000227e+02 4.311000000000000227e+02
1.350000000000000000e+02 4.322272727270000132e+02
2.892142857140000274e+02 4.315000000000000000e+02
9.000000000000000222e-01 4.323000000000000114e+02
2.040000000000000000e+02 4.328333333329999846e+02
4.776578947369999923e+02 4.334473684210000215e+02
5.307941176470000073e+02 4.356176470589999781e+02
5.561363636360000555e+02 4.344090909089999855e+02
5.727307692309999538e+02 4.351153846149999822e+02
4.265000000000000000e+02 4.360000000000000000e+02
4.990000000000000000e+02 4.356999999999999886e+02
2.071428571399999896e+01 4.372857142859999726e+02
1.940000000000000000e+02 4.370000000000000000e+02
3.224499999999999886e+02 4.380500000000000114e+02
3.651666666670000154e+02 4.365833333329999846e+02
3.555000000000000000e+02 4.377857142859999726e+02
3.850000000000000000e+02 4.376999999999999886e+02
1.692222222219999992e+02 4.406111111110000138e+02
2.280384615380000071e+02 4.406538461540000071e+02
4.338888888900000040e+01 4.437777777779999724e+02
1.479000000000000057e+02 4.435666666669999927e+02
3.773181818180000278e+02 4.426818181819999722e+02
4.275000000000000000e+02 4.430000000000000000e+02
5.108846153850000178e+02 4.438846153850000178e+02
2.949117647059999854e+02 4.453823529410000219e+02
4.610000000000000000e+02 4.450000000000000000e+02
4.812500000000000000e+02 4.457500000000000000e+02
2.165999999999999943e+02 4.464499999999999886e+02
4.005000000000000000e+02 4.473333333329999846e+02
2.732142857140000274e+02 4.480000000000000000e+02
1.145000000000000000e+02 4.496739130430000273e+02
4.493888888889999862e+02 4.492222222220000276e+02
3.210000000000000142e+01 4.501000000000000227e+02
1.888888888889999862e+02 4.508333333329999846e+02
1.040000000000000036e+01 4.515500000000000114e+02
6.411111111099999960e+01 4.511666666670000154e+02
8.538235294099999351e+01 4.510882352940000146e+02
2.448333333330000130e+02 4.524166666670000154e+02
2.550000000000000000e+02 4.522142857140000274e+02
4.182647058819999870e+02 4.522647058819999870e+02
5.704090909090000423e+02 4.525909090910000145e+02
3.375909090910000145e+02 4.534090909089999855e+02
4.965000000000000000e+02 4.540000000000000000e+02
3.101153846149999822e+02 4.551153846149999822e+02
5.858999999999999773e+02 4.551000000000000227e+02
1.306578947369999923e+02 4.573421052630000077e+02
5.416250000000000000e+02 4.578750000000000000e+02
4.640000000000000000e+02 4.582777777779999724e+02
1.665000000000000000e+02 4.600000000000000000e+02
5.207222222220000276e+02 4.610000000000000000e+02
3.610000000000000000e+02 4.620000000000000000e+02
3.949705882349999797e+02 4.621470588239999984e+02
4.869375000000000000e+02 4.632500000000000000e+02
1.041153846149999964e+02 4.638846153850000178e+02
1.221153846149999964e+02 4.641153846149999822e+02
2.811923076919999858e+02 4.645769230770000036e+02
4.398529411760000016e+02 4.655000000000000000e+02
5.567777777779999724e+02 4.656111111110000138e+02
3.486818181819999722e+02 4.656818181819999722e+02
4.859090909100000033e+01 4.671363636359999987e+02
1.471153846150000106e+02 4.668846153850000178e+02
2.573666666670000041e+02 4.670333333329999732e+02
2.975000000000000000e+02 4.670000000000000000e+02
3.763000000000000114e+02 4.665000000000000000e+02
7.868181818200000066e+01 4.676818181819999722e+02
2.153823529409999935e+02 4.679117647059999854e+02
2.310333333330000016e+02 4.683666666670000041e+02
3.195000000000000000e+02 4.690000000000000000e+02
1.876999999999999886e+02 4.705000000000000000e+02
5.721000000000000227e+02 4.711000000000000227e+02
5.051153846149999822e+02 4.718846153850000178e+02
1.996666666699999837e+01 4.736333333329999959e+02
5.599999999999999645e+00 4.745500000000000114e+02
6.221428571399999896e+01 4.740000000000000000e+02
1.018529411760000016e+02 4.795000000000000000e+02
1.372894736840000007e+02 4.805000000000000000e+02
4.240000000000000000e+02 4.797857142859999726e+02
1.586333333329999959e+02 4.810333333329999732e+02
4.541153846149999822e+02 4.811153846149999822e+02
4.940000000000000000e+02 4.815000000000000000e+02
5.218636363639999445e+02 4.805909090910000145e+02
1.746578947369999923e+02 4.826578947369999923e+02
2.282500000000000000e+02 4.818333333329999846e+02
4.700000000000000000e+02 4.820000000000000000e+02
5.438529411759999448e+02 4.824411764710000057e+02
3.432894736839999723e+02 4.838684210530000200e+02
2.033181818179999993e+02 4.853181818180000278e+02
2.521250000000000000e+02 4.857500000000000000e+02
4.017500000000000000e+02 4.857500000000000000e+02
3.608333333329999846e+02 4.863888888889999862e+02
3.815625000000000000e+02 4.872500000000000000e+02
5.840000000000000000e+02 4.887222222220000276e+02
2.725000000000000000e+02 4.891470588239999984e+02
5.645000000000000000e+02 4.895000000000000000e+02
3.040000000000000000e+02 4.902142857140000274e+02
4.835714285699999948e+01 4.917857142859999726e+02
8.050000000000000000e+01 4.910000000000000000e+02
1.554090909090000139e+02 4.921363636359999987e+02
3.714705882399999837e+01 4.935000000000000000e+02
4.400000000000000000e+02 4.932142857140000274e+02
3.172500000000000000e+02 4.942500000000000000e+02
4.813823529410000219e+02 4.940882352940000146e+02
1.850000000000000000e+02 4.955000000000000000e+02
3.990555555560000016e+02 4.956111111110000138e+02
2.231153846150000106e+02 4.962692307689999893e+02
4.630000000000000000e+02 4.966428571430000147e+02
2.590000000000000000e+02 4.975000000000000000e+02
3.626818181819999722e+02 4.966818181819999722e+02
1.205625000000000000e+02 4.986875000000000000e+02
3.476538461540000071e+02 4.979615384620000214e+02
3.792500000000000000e+02 4.987500000000000000e+02
7.329999999999999716e+01 4.985000000000000000e+02
1.590000000000000036e+01 4.998999999999999773e+02
1.659615384619999929e+02 5.003461538459999929e+02
5.085000000000000000e+02 4.996999999999999886e+02
5.200000000000000000e+02 5.002142857140000274e+02
5.620000000000000000e+02 4.997857142859999726e+02
1.352333333329999903e+02 5.018333333329999846e+02
2.393461538459999929e+02 5.012692307689999893e+02
4.220000000000000000e+02 5.013571428569999853e+02
8.977777777800000081e+01 5.036111111110000138e+02
5.375000000000000000e+02 5.025000000000000000e+02
2.738999999999999773e+02 5.038999999999999773e+02
3.160000000000000000e+02 5.040000000000000000e+02
1.103421052629999934e+02 5.073421052630000077e+02
4.059090909100000033e+01 5.081363636359999987e+02
2.080000000000000000e+02 5.085000000000000000e+02
2.921999999999999886e+02 5.103999999999999773e+02
4.778999999999999773e+02 5.101000000000000227e+02
5.868076923080000142e+02 5.111923076919999858e+02
1.565000000000000000e+02 5.115000000000000000e+02
1.748846153849999894e+02 5.121153846150000390e+02
2.243181818179999993e+02 5.123181818179999709e+02
5.117105263160000277e+02 5.137631578949999493e+02
5.585000000000000000e+02 5.127857142860000295e+02
4.958999999999999773e+02 5.138999999999999773e+02
6.283333333299999879e+01 5.158888888889999862e+02
3.360000000000000000e+02 5.157857142860000295e+02
4.524090909089999855e+02 5.158636363639999445e+02
1.921470588239999984e+02 5.179705882350000365e+02
3.781153846149999822e+02 5.178846153849999610e+02
3.485000000000000000e+02 5.195000000000000000e+02
4.003421052630000077e+02 5.195526315790000353e+02
4.348846153850000178e+02 5.191153846150000390e+02
5.335000000000000000e+02 5.200000000000000000e+02
2.400000000000000000e+01 5.207857142860000295e+02
1.321428571429999863e+02 5.212857142860000295e+02
2.646999999999999886e+02 5.217000000000000455e+02
2.744583333329999846e+02 5.246250000000000000e+02
3.100789473680000015e+02 5.246052631579999570e+02
4.612500000000000000e+02 5.242500000000000000e+02
9.171052631599999927e+01 5.278684210530000200e+02
2.406764705880000008e+02 5.276764705880000292e+02
4.855000000000000000e+02 5.278529411759999448e+02
1.135000000000000000e+02 5.285000000000000000e+02
3.673888888889999862e+02 5.282222222220000276e+02
1.703181818179999993e+02 5.293181818179999709e+02
2.150000000000000000e+02 5.290000000000000000e+02
5.542142857139999705e+02 5.290000000000000000e+02
5.766578947369999923e+02 5.303421052630000077e+02
4.238571428569999853e+02 5.327142857139999705e+02
4.877777777800000081e+01 5.336111111110000138e+02
4.370294117650000203e+02 5.341470588240000552e+02
1.902500000000000000e+02 5.357500000000000000e+02
1.155000000000000071e+01 5.366000000000000227e+02
3.328947368400000073e+01 5.365000000000000000e+02
2.970000000000000000e+02 5.370000000000000000e+02
3.495555555560000016e+02 5.376111111110000138e+02
4.029615384620000214e+02 5.366538461540000071e+02
4.936578947369999923e+02 5.376578947369999923e+02
1.437857142860000010e+02 5.390000000000000000e+02
5.125000000000000000e+02 5.385000000000000000e+02
3.888750000000000000e+02 5.402500000000000000e+02
5.327941176470000073e+02 5.407352941179999561e+02
7.412500000000000000e+01 5.427500000000000000e+02
2.270000000000000000e+02 5.422777777779999724e+02
1.020000000000000000e+02 5.430000000000000000e+02
2.676538461540000071e+02 5.449615384620000214e+02
3.307105263160000277e+02 5.451315789469999800e+02
2.090000000000000000e+02 5.465000000000000000e+02
5.250000000000000000e+01 5.470000000000000000e+02
3.096818181819999722e+02 5.473181818179999709e+02
4.246333333329999959e+02 5.480333333329999732e+02
4.663333333329999846e+02 5.486666666669999586e+02
1.283421052630000077e+02 5.496578947369999923e+02
5.638636363639999445e+02 5.498636363639999445e+02
2.500000000000000000e+02 5.497500000000000000e+02
5.295000000000000000e+02 5.496666666669999586e+02
3.087500000000000000e+01 5.517500000000000000e+02
3.731000000000000227e+02 5.508999999999999773e+02
5.520217391300000145e+02 5.531086956520000513e+02
6.333333332999999676e+00 5.545000000000000000e+02
5.865714285709999558e+02 5.546428571430000147e+02
1.645000000000000000e+02 5.556176470589999781e+02
4.481153846149999822e+02 5.548846153849999610e+02
5.061000000000000227e+02 5.561000000000000227e+02
8.100000000000000000e+01 5.572142857139999705e+02
2.273000000000000114e+02 5.575000000000000000e+02
3.398529411760000016e+02 5.585000000000000000e+02
3.587666666669999813e+02 5.581666666669999586e+02
4.935909090910000145e+02 5.595909090909999577e+02
1.174333333329999931e+02 5.601000000000000227e+02
2.787222222220000276e+02 5.600000000000000000e+02
2.955000000000000000e+02 5.605000000000000000e+02
4.025000000000000000e+02 5.601666666669999586e+02
1.375000000000000000e+02 5.611250000000000000e+02
