1.227000000000000028e+02 1.100000000000000089e+00
3.463666666670000041e+02 2.033333332999999854e+00
5.716000000000000227e+02 2.549999999999999822e+00
4.602142857140000274e+02 3.000000000000000000e+00
2.245238095199999862e+01 4.309523809999999955e+00
2.755000000000000000e+02 4.500000000000000000e+00
4.055000000000000000e+02 4.000000000000000000e+00
6.583333333299999879e+01 5.250000000000000000e+00
2.175000000000000000e+02 4.500000000000000000e+00
4.200000000000000000e+01 5.785714286000000151e+00
1.470882352939999862e+02 7.382352940999999724e+00
1.928125000000000000e+02 7.625000000000000000e+00
4.967500000000000000e+02 7.250000000000000000e+00
5.535909090909999577e+02 6.863636364000000434e+00
3.868333333329999846e+02 8.000000000000000000e+00
4.806578947369999923e+02 8.657894736999999452e+00
2.100000000000000000e+02 9.500000000000000000e+00
5.334333333329999505e+02 9.433333333000000209e+00
1.284444444439999984e+02 1.072222222199999919e+01
3.675500000000000114e+02 1.075000000000000000e+01
4.475000000000000000e+02 9.500000000000000000e+00
5.160000000000000000e+02 9.785714285999999262e+00
1.721153846150000106e+02 1.088461538500000003e+01
3.230000000000000000e+02 1.109999999999999964e+01
4.384444444439999984e+02 1.127777777800000081e+01
2.331666666669999870e+02 1.176666666700000086e+01
1.055000000000000000e+02 1.314705882400000014e+01
2.505000000000000000e+02 1.428947368400000073e+01
5.070882352940000146e+02 1.438235294100000061e+01
4.212222222220000276e+02 1.561111111099999960e+01
4.680294117650000203e+02 1.585294117599999986e+01
8.173529411799999878e+01 1.626470588200000122e+01
1.549000000000000057e+02 1.610000000000000142e+01
2.957105263160000277e+02 1.613157894700000128e+01
5.504473684209999647e+02 1.655263157899999982e+01
3.434090909089999855e+02 1.859090909100000033e+01
4.861153846149999822e+02 1.811538461499999997e+01
3.695714285710000127e+02 1.985714285699999948e+01
5.450000000000000000e+01 2.414705882399999837e+01
5.660000000000000000e+02 2.500000000000000000e+01
7.350000000000000000e+01 2.550000000000000000e+01
3.226578947369999923e+02 2.534210526300000055e+01
2.628636363640000013e+02 2.559090909100000033e+01
1.140000000000000036e+01 2.755000000000000071e+01
1.172222222219999992e+02 2.733333333299999879e+01
4.040000000000000000e+02 2.721428571399999896e+01
1.010000000000000000e+02 2.750000000000000000e+01
3.000000000000000000e+00 3.000000000000000000e+01
2.518000000000000114e+02 3.019999999999999929e+01
3.846111111110000138e+02 3.016666666700000121e+01
4.208999999999999773e+02 2.989999999999999858e+01
4.457105263160000277e+02 3.013157894700000128e+01
2.791153846149999822e+02 3.111538461499999997e+01
2.985909090910000145e+02 3.086363636400000132e+01
3.582857142859999726e+02 3.114285714300000052e+01
5.280000000000000000e+02 3.200000000000000000e+01
3.705555555600000162e+01 3.327777777800000081e+01
1.991666666669999870e+02 3.275000000000000000e+01
2.295000000000000000e+02 3.300000000000000000e+01
5.533750000000000000e+02 3.418750000000000000e+01
5.810000000000000000e+02 3.450000000000000000e+01
1.726176470590000065e+02 3.508823529400000041e+01
1.353666666670000041e+02 3.596666666699999837e+01
2.119166666669999870e+02 3.625000000000000000e+01
5.201470588240000552e+02 3.650000000000000000e+01
4.985000000000000000e+02 3.750000000000000000e+01
3.325000000000000000e+02 3.800000000000000000e+01
3.951250000000000000e+02 3.875000000000000000e+01
4.660000000000000000e+02 3.800000000000000000e+01
3.741363636359999987e+02 3.895454545500000165e+01
5.712333333330000187e+02 4.050000000000000000e+01
5.700000000000000000e+01 4.078571428600000104e+01
2.959117647059999854e+02 4.138235294100000061e+01
8.119565217400000279e+01 4.523913043499999986e+01
1.079000000000000057e+02 4.410000000000000142e+01
2.673235294120000276e+02 4.532352941199999918e+01
5.377857142860000295e+02 4.500000000000000000e+01
4.134499999999999886e+02 4.639999999999999858e+01
1.560999999999999943e+02 4.689999999999999858e+01
1.804545454549999874e+02 4.777272727300000099e+01
4.365000000000000000e+02 4.666666666700000121e+01
4.580294117650000203e+02 4.785294117600000163e+01
3.403421052630000077e+02 4.834210526300000055e+01
2.389999999999999858e+01 4.889999999999999858e+01
3.638235294100000061e+01 5.008823529400000041e+01
1.397500000000000000e+02 5.175000000000000000e+01
4.918333333329999846e+02 5.096666666699999837e+01
2.175909090909999861e+02 5.259090909100000033e+01
3.221666666670000154e+02 5.161111111099999960e+01
3.571000000000000227e+02 5.189999999999999858e+01
1.965000000000000000e+02 5.385294117600000163e+01
3.029615384620000214e+02 5.434615384599999999e+01
3.905833333329999846e+02 5.416666666700000121e+01
2.534499999999999886e+02 5.560000000000000142e+01
5.572894736839999723e+02 5.650000000000000000e+01
5.250000000000000000e+02 5.678571428600000104e+01
5.494500000000000455e+02 5.775000000000000000e+01
2.752500000000000000e+02 5.787500000000000000e+01
3.360000000000000000e+02 5.800000000000000000e+01
4.735000000000000000e+02 5.795454545500000165e+01
5.080000000000000000e+02 5.821428571399999896e+01
6.105555555600000162e+01 5.961111111099999960e+01
9.911538461499999642e+01 5.911538461500000352e+01
5.741153846150000390e+02 5.911538461500000352e+01
8.421428571399999896e+01 6.000000000000000000e+01
1.141363636359999987e+02 6.059090909100000033e+01
4.450000000000000000e+01 6.350000000000000000e+01
2.393333333330000130e+02 6.338888888900000040e+01
3.717222222220000276e+02 6.400000000000000000e+01
4.431666666670000154e+02 6.361111111099999960e+01
1.350000000000000000e+02 6.550000000000000000e+01
3.970000000000000000e+02 6.672222222199999919e+01
1.619000000000000057e+02 6.690000000000000568e+01
2.578846153850000178e+02 6.711538461499999642e+01
4.210000000000000000e+02 6.700000000000000000e+01
2.188461538500000003e+01 6.811538461499999642e+01
2.090000000000000000e+02 6.978571428600000104e+01
4.857500000000000000e+02 7.043750000000000000e+01
5.840714285709999558e+02 6.978571428600000104e+01
5.096999999999999886e+02 7.223333333300000447e+01
3.100000000000000000e+02 7.300000000000000000e+01
6.616666666700000121e+01 7.450000000000000000e+01
1.876578947369999923e+02 7.434210526299999344e+01
7.735294117999999663e+00 7.597058823499999392e+01
2.946999999999999886e+02 7.500000000000000000e+01
3.402500000000000000e+02 7.525000000000000000e+01
4.648999999999999773e+02 7.543333333299999310e+01
1.045000000000000000e+02 7.729999999999999716e+01
1.208846153850000036e+02 7.711538461499999642e+01
5.316875000000000000e+02 7.675000000000000000e+01
2.320000000000000000e+02 7.800000000000000000e+01
4.156176470589999781e+02 7.891176470599999959e+01
5.680000000000000000e+02 7.900000000000000000e+01
1.712500000000000000e+02 8.075000000000000000e+01
4.769666666670000268e+02 8.036666666700000405e+01
2.760882352940000146e+02 8.138235294099999351e+01
5.796666666699999837e+01 8.236666666700000405e+01
9.261111111099999960e+01 8.222222222199999919e+01
2.534499999999999886e+02 8.275000000000000000e+01
5.419117647059999854e+02 8.261764705900000649e+01
2.150999999999999943e+02 8.309999999999999432e+01
2.900000000000000000e+01 8.472222222199999919e+01
3.263666666670000041e+02 8.396666666699999837e+01
2.065000000000000000e+02 8.550000000000000000e+01
3.552826086960000112e+02 8.571739130400000306e+01
3.070000000000000000e+02 8.578571428600000104e+01
4.265000000000000000e+02 8.650000000000000000e+01
1.522647058819999870e+02 8.726470588200000122e+01
3.813888888889999862e+02 8.777777777800000081e+01
4.395000000000000000e+02 8.700000000000000000e+01
4.947857142859999726e+02 8.785714285699999948e+01
1.011250000000000000e+02 8.975000000000000000e+01
2.925500000000000114e+02 9.040000000000000568e+01
4.660000000000000000e+02 9.000000000000000000e+01
1.701153846150000106e+02 9.111538461499999642e+01
5.785000000000000000e+02 9.214705882399999837e+01
6.795454545500000165e+01 9.313636363599999868e+01
5.577857142860000295e+02 9.488095238100000017e+01
1.808846153849999894e+02 9.488461538500000358e+01
5.140000000000000000e+02 9.521428571399999896e+01
1.267857142860000010e+02 9.600000000000000000e+01
3.191000000000000227e+02 9.709999999999999432e+01
2.910000000000000142e+01 9.890000000000000568e+01
4.040000000000000000e+02 9.950000000000000000e+01
2.731153846149999822e+02 1.001153846149999964e+02
5.068181818200000066e+01 1.006818181820000007e+02
1.445769230770000036e+02 1.008076923080000000e+02
3.376176470589999781e+02 1.010882352940000004e+02
9.444444440000000496e-01 1.032777777780000008e+02
2.393000000000000114e+02 1.035000000000000000e+02
2.219444444439999984e+02 1.056111111109999996e+02
5.441111111110000138e+02 1.057777777780000008e+02
1.958846153849999894e+02 1.058846153850000036e+02
4.442500000000000000e+02 1.061250000000000000e+02
5.100333333329999732e+02 1.063666666670000041e+02
8.543333333299999310e+01 1.067666666669999955e+02
9.890000000000000568e+01 1.069000000000000057e+02
1.546538461540000071e+02 1.070384615380000071e+02
2.980000000000000000e+02 1.077222222219999992e+02
3.865000000000000000e+02 1.067000000000000028e+02
4.809705882349999797e+02 1.070294117650000061e+02
5.962500000000000000e+01 1.099583333329999988e+02
3.690000000000000000e+02 1.092777777780000008e+02
4.700000000000000000e+02 1.090000000000000000e+02
5.610000000000000000e+02 1.082999999999999972e+02
4.250000000000000000e+02 1.105000000000000000e+02
5.801153846150000390e+02 1.098846153850000036e+02
2.811000000000000227e+02 1.130999999999999943e+02
2.597058823500000102e+01 1.141470588239999984e+02
3.952777777779999724e+02 1.140000000000000000e+02
5.329666666670000268e+02 1.146333333329999959e+02
2.541315789470000084e+02 1.152894736840000007e+02
1.130000000000000000e+02 1.155000000000000000e+02
2.884615385000000032e+00 1.181153846149999964e+02
1.365000000000000000e+02 1.188529411760000016e+02
2.371666666669999870e+02 1.196111111109999996e+02
4.375000000000000000e+02 1.195000000000000000e+02
1.786428571429999863e+02 1.215714285709999984e+02
2.197777777780000008e+02 1.216111111109999996e+02
3.361666666670000154e+02 1.205833333329999988e+02
3.452777777779999724e+02 1.210000000000000000e+02
5.705000000000000000e+02 1.226666666670000012e+02
4.178999999999999773e+02 1.240999999999999943e+02
4.965000000000000000e+02 1.245000000000000000e+02
3.950000000000000000e+01 1.260000000000000000e+02
3.689545454550000159e+02 1.256818181820000007e+02
1.620000000000000000e+02 1.272777777780000008e+02
4.560000000000000000e+02 1.270000000000000000e+02
7.661111111099999960e+01 1.281666666669999870e+02
3.140000000000000000e+02 1.282142857139999990e+02
5.190000000000000000e+02 1.292777777780000008e+02
9.550000000000000000e+01 1.305000000000000000e+02
5.492857142860000295e+02 1.298571428570000137e+02
2.242222222219999992e+02 1.313333333330000130e+02
3.812333333330000187e+02 1.318333333330000130e+02
1.995000000000000000e+02 1.325000000000000000e+02
4.718571428569999853e+02 1.322142857139999990e+02
5.958333333299999879e+01 1.328333333330000130e+02
2.492777777780000008e+02 1.330000000000000000e+02
1.421428571400000074e+01 1.340000000000000000e+02
1.164375000000000000e+02 1.343750000000000000e+02
2.711153846149999822e+02 1.338846153849999894e+02
3.317222222220000276e+02 1.360000000000000000e+02
4.368999999999999773e+02 1.359000000000000057e+02
1.760000000000000000e+02 1.370000000000000000e+02
2.264705881999999892e+00 1.397352941180000130e+02
2.880000000000000000e+02 1.395000000000000000e+02
5.540333333329999732e+02 1.396333333329999959e+02
5.718636363639999445e+02 1.384090909090000139e+02
2.825000000000000000e+01 1.400625000000000000e+02
1.844166666669999870e+02 1.401666666669999870e+02
3.532777777779999724e+02 1.400000000000000000e+02
5.278846153849999610e+02 1.402692307689999893e+02
4.079117647059999854e+02 1.423823529409999935e+02
1.565520833330000130e+02 1.478645833330000130e+02
3.076333333329999959e+02 1.430333333330000016e+02
1.375000000000000000e+02 1.440000000000000000e+02
4.485000000000000000e+02 1.440000000000000000e+02
5.006538461540000071e+02 1.439615384619999929e+02
2.081999999999999886e+02 1.458000000000000114e+02
7.771052631599999927e+01 1.475000000000000000e+02
4.255000000000000000e+02 1.473000000000000114e+02
3.314523809519999986e+02 1.486904761899999983e+02
4.665000000000000000e+02 1.495000000000000000e+02
2.372894736840000007e+02 1.504473684209999931e+02
1.076333333329999959e+02 1.509666666669999984e+02
3.877777777779999724e+02 1.513333333330000130e+02
4.130952381000000173e+01 1.526428571429999863e+02
3.021190476190000140e+02 1.525000000000000000e+02
4.155000000000000000e+02 1.513571428570000137e+02
5.197941176470000073e+02 1.523823529409999935e+02
5.613157894700000128e+01 1.532894736840000007e+02
2.517105263159999993e+02 1.535000000000000000e+02
2.183571428570000137e+02 1.546904761899999983e+02
8.945238095199999862e+01 1.553095238100000017e+02
1.277857142860000010e+02 1.580000000000000000e+02
2.800000000000000000e+02 1.585000000000000000e+02
3.721000000000000227e+02 1.585666666669999927e+02
4.932142857140000274e+02 1.591190476190000140e+02
5.329666666670000268e+02 1.606333333329999959e+02
5.670909090909999577e+02 1.611363636359999987e+02
3.642857142900000156e+01 1.612857142860000010e+02
2.643750000000000000e+02 1.606250000000000000e+02
3.993181818180000278e+02 1.613181818179999993e+02
1.250000000000000000e+01 1.625000000000000000e+02
1.500000000000000000e+02 1.620000000000000000e+02
1.840217391299999861e+02 1.641086956519999944e+02
4.341153846149999822e+02 1.628846153849999894e+02
3.441363636359999987e+02 1.634090909090000139e+02
5.082647058819999870e+02 1.647352941180000130e+02
2.115000000000000000e+02 1.645000000000000000e+02
2.788750000000000000e+02 1.647500000000000000e+02
9.306250000000000000e+01 1.662500000000000000e+02
4.554375000000000000e+02 1.666250000000000000e+02
5.496875000000000000e+02 1.671875000000000000e+02
4.232894736839999723e+02 1.695526315790000069e+02
6.325000000000000000e+01 1.706500000000000057e+02
1.957777777780000008e+02 1.706111111110000138e+02
2.437727272729999868e+02 1.720000000000000000e+02
3.710789473680000015e+02 1.713947368419999862e+02
4.668571428569999853e+02 1.717142857139999990e+02
1.170384615380000071e+02 1.726538461540000071e+02
3.200000000000000000e+02 1.730000000000000000e+02
1.653846154000000013e+00 1.740384615380000071e+02
3.497777777779999724e+02 1.746111111110000138e+02
3.836578947369999923e+02 1.746578947369999923e+02
5.375476190480000014e+02 1.747380952379999997e+02
5.001842105260000153e+02 1.760263157889999945e+02
2.783823529410000219e+02 1.760882352939999862e+02
2.152894736840000007e+02 1.775000000000000000e+02
4.383999999999999773e+02 1.775500000000000114e+02
4.600000000000000000e+01 1.780000000000000000e+02
7.500000000000000000e+01 1.777857142860000010e+02
1.690294117649999919e+02 1.798529411760000016e+02
3.274166666670000154e+02 1.791666666669999870e+02
5.734500000000000455e+02 1.794000000000000057e+02
8.750000000000000000e-01 1.805000000000000000e+02
1.250000000000000000e+01 1.815000000000000000e+02
4.594090909089999855e+02 1.818636363640000013e+02
3.978846153850000178e+02 1.831153846150000106e+02
2.996111111110000138e+02 1.842222222219999992e+02
5.175000000000000000e+02 1.845000000000000000e+02
1.458000000000000114e+02 1.854000000000000057e+02
4.805000000000000000e+02 1.860000000000000000e+02
1.027352941179999988e+02 1.885000000000000000e+02
6.862500000000000000e+01 1.898125000000000000e+02
2.410000000000000000e+02 1.900000000000000000e+02
8.250000000000000000e+00 1.901666666669999870e+02
3.097142857140000274e+02 1.912857142860000010e+02
5.690882352940000146e+02 1.913823529409999935e+02
2.191666666700000121e+01 1.927916666669999870e+02
1.785000000000000000e+02 1.916999999999999886e+02
5.452894736839999723e+02 1.921315789470000084e+02
3.445000000000000000e+02 1.930000000000000000e+02
3.642222222220000276e+02 1.933888888889999862e+02
1.232142857139999990e+02 1.940000000000000000e+02
1.330999999999999943e+02 1.940999999999999943e+02
4.938529411760000016e+02 1.945000000000000000e+02
2.680000000000000000e+02 1.945000000000000000e+02
3.861666666670000154e+02 1.962500000000000000e+02
4.220000000000000000e+02 1.962142857139999990e+02
9.718750000000000000e+01 1.976250000000000000e+02
2.040000000000000000e+02 1.985000000000000000e+02
4.441153846149999822e+02 1.991153846150000106e+02
2.823888888889999862e+02 2.002222222219999992e+02
4.601315789469999800e+02 2.007105263159999993e+02
2.140000000000000000e+02 2.010000000000000000e+02
5.134210526300000055e+01 2.026578947369999923e+02
3.313636363640000013e+02 2.041818181820000007e+02
5.299666666670000268e+02 2.033666666670000041e+02
1.661153846150000106e+02 2.038846153849999894e+02
2.869444444439999984e+02 2.046111111110000138e+02
5.800000000000000000e+02 2.042142857139999990e+02
5.630000000000000000e+02 2.055000000000000000e+02
2.368571428570000137e+02 2.057857142860000010e+02
3.133947368419999862e+02 2.069210526319999985e+02
2.437500000000000000e+02 2.082500000000000000e+02
4.748999999999999773e+02 2.081500000000000057e+02
5.073461538459999929e+02 2.090384615380000071e+02
1.750000000000000000e+01 2.110000000000000000e+02
7.750000000000000000e+01 2.109285714289999873e+02
1.823235294119999992e+02 2.114411764710000057e+02
4.074499999999999886e+02 2.114000000000000057e+02
1.555000000000000000e+02 2.120000000000000000e+02
4.305000000000000000e+02 2.116666666669999870e+02
6.657894737000000340e+00 2.133421052630000077e+02
3.756250000000000000e+02 2.123750000000000000e+02
4.088461538499999648e+01 2.141153846150000106e+02
1.291111111110000138e+02 2.148888888889999862e+02
4.520000000000000000e+02 2.140000000000000000e+02
6.450000000000000000e+01 2.150000000000000000e+02
8.850000000000000000e+01 2.155000000000000000e+02
1.069000000000000057e+02 2.150999999999999943e+02
2.631000000000000227e+02 2.155399999999999920e+02
4.909166666670000154e+02 2.152500000000000000e+02
1.725000000000000000e+02 2.170000000000000000e+02
3.555000000000000000e+02 2.178529411760000016e+02
5.455909090909999577e+02 2.171363636359999987e+02
2.779090909089999855e+02 2.222575757580000015e+02
2.208571428570000137e+02 2.197142857139999990e+02
3.424499999999999886e+02 2.195999999999999943e+02
2.013000000000000114e+02 2.205000000000000000e+02
4.000384615379999786e+02 2.213461538459999929e+02
2.392777777780000008e+02 2.230000000000000000e+02
5.276428571430000147e+02 2.233095238100000017e+02
5.845000000000000000e+02 2.225000000000000000e+02
4.175000000000000000e+02 2.261470588239999984e+02
4.847500000000000000e+02 2.267500000000000000e+02
5.135000000000000000e+02 2.275000000000000000e+02
4.831818181799999934e+01 2.276818181820000007e+02
7.322222222199999919e+01 2.293888888889999862e+02
1.341315789470000084e+02 2.297105263159999993e+02
2.184499999999999886e+02 2.294000000000000057e+02
1.590000000000000000e+02 2.305000000000000000e+02
3.062333333330000187e+02 2.305000000000000000e+02
4.381153846149999822e+02 2.301153846150000106e+02
5.606428571430000147e+02 2.318809523809999860e+02
1.165000000000000000e+02 2.325000000000000000e+02
2.535000000000000000e+02 2.325000000000000000e+02
3.206904761900000267e+02 2.324047619049999867e+02
3.807222222220000276e+02 2.330000000000000000e+02
1.876111111110000138e+02 2.342222222219999992e+02
3.512692307689999893e+02 2.356538461540000071e+02
4.578529411760000016e+02 2.359705882350000081e+02
1.100000000000000089e+00 2.376999999999999886e+02
3.310000000000000142e+01 2.370999999999999943e+02
5.428571428600000104e+01 2.378571428570000137e+02
1.003666666670000041e+02 2.379000000000000057e+02
3.410000000000000000e+02 2.375000000000000000e+02
1.697307692310000107e+02 2.407307692310000107e+02
2.061153846150000106e+02 2.421153846150000106e+02
2.621666666670000154e+02 2.428333333330000130e+02
3.755909090910000145e+02 2.418636363640000013e+02
4.247857142859999726e+02 2.420000000000000000e+02
2.845500000000000114e+02 2.434000000000000057e+02
4.411315789469999800e+02 2.447631578950000062e+02
5.240000000000000000e+02 2.445000000000000000e+02
5.522222222220000276e+02 2.446111111110000138e+02
3.948888888889999862e+02 2.457222222219999992e+02
2.300000000000000000e+01 2.472777777780000008e+02
2.392894736840000007e+02 2.475000000000000000e+02
3.575000000000000000e+02 2.466999999999999886e+02
5.114333333330000073e+02 2.470999999999999943e+02
4.061764705899999939e+01 2.479117647060000138e+02
1.097142857139999990e+02 2.488571428570000137e+02
2.974499999999999886e+02 2.494000000000000057e+02
1.480000000000000000e+02 2.510000000000000000e+02
1.865000000000000000e+02 2.525000000000000000e+02
3.188125000000000000e+02 2.526250000000000000e+02
5.705000000000000000e+02 2.520000000000000000e+02
4.628846153850000178e+02 2.528846153849999894e+02
1.270333333330000016e+02 2.556333333329999959e+02
2.783461538459999929e+02 2.550384615380000071e+02
4.810000000000000000e+02 2.560000000000000000e+02
5.307727272729999868e+02 2.564545454550000159e+02
7.964285714300000052e+01 2.576904761900000267e+02
2.235526315790000069e+02 2.581315789469999800e+02
3.770294117650000203e+02 2.588529411760000016e+02
4.228809523809999860e+02 2.582619047619999719e+02
4.083888888889999862e+02 2.606666666670000154e+02
4.925909090910000145e+02 2.604090909089999855e+02
3.500000000000000000e+00 2.610000000000000000e+02
1.410000000000000000e+02 2.607857142859999726e+02
1.646250000000000000e+02 2.614375000000000000e+02
5.142500000000000000e+02 2.619166666670000154e+02
5.636363636400000132e+01 2.641818181819999722e+02
5.538636363639999445e+02 2.629545454550000159e+02
3.487857142859999726e+02 2.640000000000000000e+02
4.550000000000000000e+02 2.637857142859999726e+02
2.443750000000000000e+02 2.653333333329999846e+02
4.675000000000000000e+02 2.660714285710000127e+02
2.561764705899999939e+01 2.670882352940000146e+02
1.762500000000000000e+02 2.677500000000000000e+02
3.159210526319999985e+02 2.683947368419999862e+02
4.903000000000000114e+02 2.684333333330000073e+02
5.765000000000000000e+02 2.680000000000000000e+02
2.958636363640000013e+02 2.694090909089999855e+02
3.705909090910000145e+02 2.701363636359999987e+02
4.417857142859999726e+02 2.701428571430000147e+02
9.186842105300000583e+01 2.717105263160000277e+02
1.127000000000000028e+02 2.705000000000000000e+02
2.061999999999999886e+02 2.713999999999999773e+02
3.941363636359999987e+02 2.719545454550000159e+02
2.683999999999999773e+02 2.734499999999999886e+02
5.275000000000000000e+02 2.726999999999999886e+02
1.259000000000000057e+02 2.738999999999999773e+02
7.362500000000000000e+01 2.758125000000000000e+02
3.323235294120000276e+02 2.753235294120000276e+02
1.676538461540000071e+02 2.764230769229999964e+02
5.018529411760000016e+02 2.760294117650000203e+02
2.303000000000000114e+02 2.765000000000000000e+02
3.413888888889999862e+02 2.783333333329999846e+02
5.672500000000000000e+02 2.778750000000000000e+02
6.513636363599999868e+01 2.794090909089999855e+02
1.735294118000000108e+00 2.814411764710000057e+02
1.515000000000000000e+02 2.816999999999999886e+02
2.500000000000000000e+02 2.827142857140000274e+02
4.032142857140000274e+02 2.838571428569999853e+02
5.452142857139999705e+02 2.840000000000000000e+02
2.180999999999999943e+02 2.848999999999999773e+02
4.137500000000000000e+02 2.854375000000000000e+02
4.696578947369999923e+02 2.853421052630000077e+02
4.825000000000000000e+02 2.858809523809999860e+02
3.889999999999999858e+01 2.858999999999999773e+02
1.060999999999999943e+02 2.858999999999999773e+02
3.068846153850000178e+02 2.858846153850000178e+02
3.780333333329999732e+02 2.864333333330000073e+02
8.328571428600000104e+01 2.868571428569999853e+02
2.040999999999999943e+02 2.874333333330000073e+02
3.631666666670000154e+02 2.872500000000000000e+02
2.780000000000000000e+02 2.880000000000000000e+02
2.702142857140000274e+02 2.885000000000000000e+02
4.307500000000000000e+02 2.901250000000000000e+02
3.238999999999999773e+02 2.908999999999999773e+02
1.164500000000000028e+02 2.923999999999999773e+02
4.526176470589999781e+02 2.920882352940000146e+02
5.247000000000000455e+02 2.926999999999999886e+02
5.584473684209999647e+02 2.931315789469999800e+02
2.402631578900000164e+01 2.938157894739999847e+02
1.835000000000000000e+02 2.930000000000000000e+02
1.635000000000000000e+02 2.950000000000000000e+02
2.352142857139999990e+02 2.960000000000000000e+02
5.835000000000000000e+02 2.960000000000000000e+02
5.411538461500000352e+01 2.981153846149999822e+02
3.967222222220000276e+02 2.985555555560000016e+02
1.457222222219999992e+02 2.995555555560000016e+02
3.822222222199999919e+01 3.003888888889999862e+02
2.720000000000000000e+02 3.005000000000000000e+02
3.146052631580000138e+02 3.015000000000000000e+02
3.590000000000000000e+02 3.012777777779999724e+02
2.085588235289999943e+02 3.026764705879999724e+02
2.970000000000000000e+02 3.032777777779999724e+02
3.776333333329999959e+02 3.030333333329999732e+02
4.974285714289999873e+02 3.033571428569999853e+02
2.500882352939999862e+02 3.043823529410000219e+02
3.428846153850000178e+02 3.038846153850000178e+02
4.762500000000000000e+02 3.041250000000000000e+02
6.800000000000000000e+01 3.050000000000000000e+02
4.381000000000000227e+02 3.048999999999999773e+02
8.778571428600000104e+01 3.070000000000000000e+02
6.342105262999999660e+00 3.086578947369999923e+02
1.377500000000000000e+02 3.093500000000000227e+02
2.361153846150000106e+02 3.101153846149999822e+02
5.677857142860000295e+02 3.100000000000000000e+02
1.893421052630000077e+02 3.113421052630000077e+02
5.465000000000000000e+02 3.115000000000000000e+02
1.062894736840000007e+02 3.124473684210000215e+02
1.696818181820000007e+02 3.117727272729999868e+02
1.546904761899999983e+02 3.144523809519999986e+02
2.650000000000000000e+02 3.155000000000000000e+02
4.911000000000000227e+02 3.151000000000000227e+02
4.503461538459999929e+02 3.159615384620000214e+02
3.872619047619999719e+02 3.178809523809999860e+02
4.325000000000000000e+01 3.181666666670000154e+02
5.228684210530000200e+02 3.197105263160000277e+02
5.996666666699999837e+01 3.206333333329999959e+02
8.672222222199999919e+01 3.200000000000000000e+02
2.904090909089999855e+02 3.204090909089999855e+02
4.220000000000000000e+02 3.200000000000000000e+02
5.122894736839999723e+02 3.215000000000000000e+02
9.285714290000000037e-01 3.222142857140000274e+02
4.088846153850000178e+02 3.222692307689999893e+02
3.271363636359999987e+02 3.224090909089999855e+02
5.812894736839999723e+02 3.231315789469999800e+02
3.042142857140000274e+02 3.240000000000000000e+02
5.696875000000000000e+02 3.246250000000000000e+02
1.215555555560000016e+02 3.252777777779999724e+02
2.466176470590000065e+02 3.249117647059999854e+02
3.555476190480000014e+02 3.253095238099999733e+02
2.140000000000000000e+02 3.260000000000000000e+02
4.410000000000000000e+02 3.265000000000000000e+02
2.535714285699999948e+01 3.273095238099999733e+02
4.628636363640000013e+02 3.285909090910000145e+02
1.475999999999999943e+02 3.308000000000000114e+02
4.813000000000000114e+02 3.306999999999999886e+02
2.316538461540000071e+02 3.314230769229999964e+02
1.702222222219999992e+02 3.326111111110000138e+02
1.915000000000000000e+02 3.320000000000000000e+02
9.900000000000000000e+01 3.332142857140000274e+02
3.160000000000000000e+02 3.330000000000000000e+02
4.047857142859999726e+02 3.330000000000000000e+02
6.188461538499999648e+01 3.341153846149999822e+02
3.000000000000000000e+02 3.340000000000000000e+02
3.749117647059999854e+02 3.343823529410000219e+02
5.330000000000000000e+02 3.357857142859999726e+02
5.433181818179999709e+02 3.363181818180000278e+02
3.365454545449999841e+02 3.378181818180000278e+02
2.713999999999999773e+02 3.384499999999999886e+02
2.705555555600000162e+01 3.400000000000000000e+02
8.727777777800000081e+01 3.405555555560000016e+02
3.850000000000000000e+02 3.402142857140000274e+02
4.555000000000000000e+02 3.410000000000000000e+02
4.958846153850000178e+02 3.412692307689999893e+02
1.690000000000000000e+02 3.425000000000000000e+02
4.783333333299999879e+01 3.427500000000000000e+02
3.550000000000000000e+02 3.432142857140000274e+02
2.081363636359999987e+02 3.445909090910000145e+02
5.127857142860000295e+02 3.460000000000000000e+02
5.669117647059999854e+02 3.460882352940000146e+02
2.476111111110000138e+02 3.477777777779999724e+02
4.245000000000000000e+02 3.475000000000000000e+02
9.500000000000000000e+00 3.485000000000000000e+02
1.443888888889999862e+02 3.486666666670000154e+02
2.223421052630000077e+02 3.483421052630000077e+02
2.789999999999999858e+01 3.511000000000000227e+02
1.268809523810000002e+02 3.512142857140000274e+02
4.367380952380000281e+02 3.518809523809999860e+02
5.813666666670000041e+02 3.509666666670000268e+02
3.320333333329999732e+02 3.526333333329999959e+02
4.002142857140000274e+02 3.520000000000000000e+02
9.556666666700000690e+01 3.526333333329999959e+02
1.866176470590000065e+02 3.530882352940000146e+02
4.783823529410000219e+02 3.530882352940000146e+02
5.471153846150000390e+02 3.528846153850000178e+02
3.666818181819999722e+02 3.543181818180000278e+02
5.100000000000000000e+02 3.540000000000000000e+02
5.800000000000000000e+01 3.552142857140000274e+02
2.512826086960000112e+02 3.558913043480000056e+02
4.881999999999999886e+02 3.556999999999999886e+02
5.301153846150000390e+02 3.567307692310000107e+02
4.216666666700000121e+01 3.582500000000000000e+02
2.092500000000000000e+02 3.578333333329999846e+02
3.880000000000000000e+02 3.603888888889999862e+02
4.251666666670000154e+02 3.602500000000000000e+02
3.145909090910000145e+02 3.611363636359999987e+02
4.580000000000000000e+02 3.610000000000000000e+02
1.839545454549999874e+02 3.621363636359999987e+02
1.304166666699999944e+01 3.634583333329999846e+02
2.911470588239999984e+02 3.629705882349999797e+02
1.578846153849999894e+02 3.638846153850000178e+02
7.406521739100000445e+01 3.653260869569999727e+02
1.276538461539999929e+02 3.669615384620000214e+02
2.725909090910000145e+02 3.671363636359999987e+02
3.602500000000000000e+02 3.669499999999999886e+02
1.055000000000000000e+02 3.685000000000000000e+02
5.827999999999999545e+02 3.683999999999999773e+02
5.080769230800000003e+01 3.695769230770000036e+02
5.686052631579999570e+02 3.690789473680000015e+02
4.715000000000000000e+02 3.710714285710000127e+02
9.068181818200000066e+01 3.740454545449999841e+02
2.347105263159999993e+02 3.745000000000000000e+02
4.386818181819999722e+02 3.762272727270000132e+02
5.417500000000000000e+02 3.753500000000000227e+02
1.507666666670000097e+02 3.761666666670000154e+02
5.190333333329999732e+02 3.766333333329999959e+02
2.834545454550000159e+02 3.772272727270000132e+02
3.366000000000000227e+02 3.775500000000000114e+02
4.977727272729999868e+02 3.780000000000000000e+02
2.933333333299999879e+01 3.786111111110000138e+02
2.200000000000000000e+02 3.782142857140000274e+02
2.569705882349999797e+02 3.788529411760000016e+02
3.028846153850000178e+02 3.781153846149999822e+02
3.810000000000000000e+02 3.792777777779999724e+02
4.086176470589999781e+02 3.799117647059999854e+02
2.002647058819999870e+02 3.822647058819999870e+02
1.848684210529999916e+02 3.832894736839999723e+02
3.139705882349999797e+02 3.868529411760000016e+02
4.248846153850000178e+02 3.861153846149999822e+02
4.752500000000000000e+02 3.862500000000000000e+02
6.785294117600000163e+01 3.870294117650000203e+02
1.614444444439999984e+02 3.877222222220000276e+02
3.560333333329999732e+02 3.876333333329999959e+02
4.966250000000000000e+02 3.883750000000000000e+02
5.704500000000000455e+02 3.893999999999999773e+02
4.578529411760000016e+02 3.900294117650000203e+02
1.146176470590000065e+02 3.909117647059999854e+02
3.342500000000000000e+02 3.913500000000000227e+02
4.026904761900000267e+02 3.916428571430000147e+02
5.180000000000000000e+02 3.917857142859999726e+02
1.059999999999999964e+01 3.935500000000000114e+02
2.712142857140000274e+02 3.930000000000000000e+02
2.063181818179999993e+02 3.936818181819999722e+02
3.830000000000000000e+02 3.942777777779999724e+02
5.227777777800000081e+01 3.950000000000000000e+02
1.338846153849999894e+02 3.948846153850000178e+02
1.670714285710000127e+02 3.947857142859999726e+02
5.306875000000000000e+02 3.953750000000000000e+02
3.836666666699999695e+01 3.959666666670000268e+02
1.524000000000000057e+02 3.974499999999999886e+02
3.006578947369999923e+02 3.976578947369999923e+02
3.630217391300000145e+02 3.978913043480000056e+02
2.486176470590000065e+02 3.980882352940000146e+02
2.315999999999999943e+02 3.990500000000000114e+02
7.770000000000000284e+01 4.000000000000000000e+02
1.030294117650000061e+02 4.001470588239999984e+02
4.411250000000000000e+02 4.022500000000000000e+02
5.484090909090000423e+02 4.024090909089999855e+02
1.883333333299999879e+01 4.023888888889999862e+02
1.868846153849999894e+02 4.031153846149999822e+02
1.198636363640000013e+02 4.049545454550000159e+02
1.349705882350000081e+02 4.051470588239999984e+02
3.851666666670000154e+02 4.047500000000000000e+02
5.035909090910000145e+02 4.061363636359999987e+02
5.262692307690000462e+02 4.066538461540000071e+02
2.380000000000000000e+02 4.070000000000000000e+02
4.631666666670000154e+02 4.080833333329999846e+02
3.270000000000000000e+02 4.087857142859999726e+02
3.371315789469999800e+02 4.092894736839999723e+02
4.045000000000000000e+02 4.090000000000000000e+02
2.760000000000000000e+02 4.105000000000000000e+02
2.996333333329999959e+02 4.099666666670000268e+02
4.190000000000000000e+02 4.097857142859999726e+02
5.678999999999999773e+02 4.101000000000000227e+02
2.545500000000000114e+02 4.113999999999999773e+02
8.600000000000000000e+01 4.120000000000000000e+02
4.871666666670000154e+02 4.138333333329999846e+02
2.211363636359999987e+02 4.149090909089999855e+02
1.788333333330000130e+02 4.145833333329999846e+02
2.012500000000000000e+02 4.158333333329999846e+02
4.408823529400000041e+01 4.173823529410000219e+02
4.312142857140000274e+02 4.180000000000000000e+02
5.350000000000000000e+02 4.180000000000000000e+02
6.780769230800000003e+01 4.185000000000000000e+02
5.565000000000000000e+02 4.185000000000000000e+02
3.159375000000000000e+02 4.202500000000000000e+02
1.115999999999999943e+02 4.215500000000000114e+02
1.662142857139999990e+02 4.220000000000000000e+02
3.677222222220000276e+02 4.220000000000000000e+02
4.053421052630000077e+02 4.223421052630000077e+02
1.381250000000000000e+01 4.246250000000000000e+02
3.050000000000000000e+01 4.232142857140000274e+02
3.890000000000000000e+02 4.235000000000000000e+02
4.713421052630000077e+02 4.243421052630000077e+02
3.387500000000000000e+02 4.269166666670000154e+02
1.303260869570000011e+02 4.285000000000000000e+02
1.502500000000000000e+02 4.278333333329999846e+02
4.251875000000000000e+02 4.283750000000000000e+02
5.109705882349999797e+02 4.290294117650000203e+02
8.991176470599999959e+01 4.302647058819999870e+02
2.921363636359999987e+02 4.299545454550000159e+02
3.620384615379999786e+02 4.296538461540000071e+02
4.517380952380000281e+02 4.311190476190000140e+02
2.063888888889999862e+02 4.321666666670000154e+02
2.607857142859999726e+02 4.319285714289999873e+02
2.356578947369999923e+02 4.336578947369999923e+02
5.690000000000000000e+02 4.330000000000000000e+02
1.855000000000000000e+02 4.363000000000000114e+02
3.833750000000000000e+02 4.366250000000000000e+02
4.920454545449999841e+02 4.371363636359999987e+02
3.865789473699999945e+01 4.386578947369999923e+02
6.100000000000000000e+01 4.379444444439999984e+02
2.775000000000000000e+02 4.370000000000000000e+02
3.200000000000000000e+02 4.380000000000000000e+02
1.492500000000000000e+02 4.405625000000000000e+02
2.258636363640000013e+02 4.400454545449999841e+02
3.460000000000000000e+02 4.405000000000000000e+02
7.861764705900000649e+01 4.419117647059999854e+02
1.685000000000000000e+02 4.428529411760000016e+02
2.311666666669999870e+02 4.413888888889999862e+02
3.980000000000000000e+02 4.415000000000000000e+02
5.298999999999999773e+02 4.421000000000000227e+02
5.517307692309999538e+02 4.423461538459999929e+02
1.563333333299999950e+01 4.460333333329999732e+02
3.000294117650000203e+02 4.461470588239999984e+02
3.736999999999999886e+02 4.460000000000000000e+02
4.285000000000000000e+02 4.456999999999999886e+02
4.621153846149999822e+02 4.458846153850000178e+02
2.053095238100000017e+02 4.484523809519999986e+02
4.450000000000000000e+02 4.482777777779999724e+02
4.780882352940000146e+02 4.486176470589999781e+02
5.088636363640000013e+02 4.474090909089999855e+02
5.597727272729999868e+02 4.490000000000000000e+02
1.095000000000000000e+02 4.505000000000000000e+02
2.500000000000000000e+02 4.515000000000000000e+02
4.980000000000000000e+02 4.515000000000000000e+02
4.169210526319999985e+02 4.536052631580000138e+02
5.809666666670000268e+02 4.536333333329999959e+02
1.830999999999999943e+02 4.541000000000000227e+02
2.415833333330000130e+02 4.543333333329999846e+02
2.751153846149999822e+02 4.538846153850000178e+02
3.063461538459999929e+02 4.549615384620000214e+02
5.307307692309999538e+02 4.551153846149999822e+02
3.400000000000000000e+01 4.557857142859999726e+02
4.513421052630000077e+02 4.566578947369999923e+02
3.270000000000000000e+02 4.572272727270000132e+02
9.511538461499999642e+01 4.578846153850000178e+02
1.272777777780000008e+02 4.590000000000000000e+02
1.679000000000000057e+02 4.618999999999999773e+02
2.252857142860000010e+02 4.618571428569999853e+02
3.621666666670000154e+02 4.622500000000000000e+02
6.150000000000000000e+01 4.631315789469999800e+02
1.396538461540000071e+02 4.630384615379999786e+02
3.398846153850000178e+02 4.628846153850000178e+02
2.783666666670000041e+02 4.650333333329999732e+02
3.934411764710000057e+02 4.659705882349999797e+02
5.158750000000000000e+02 4.667500000000000000e+02
5.527500000000000000e+02 4.667500000000000000e+02
4.860000000000000000e+02 4.672777777779999724e+02
5.040000000000000000e+02 4.677857142859999726e+02
4.365000000000000000e+02 4.690000000000000000e+02
1.800000000000000000e+01 4.697857142859999726e+02
1.180000000000000000e+02 4.695000000000000000e+02
2.107105263159999993e+02 4.715000000000000000e+02
8.150000000000000000e+01 4.720000000000000000e+02
5.670000000000000000e+02 4.730000000000000000e+02
3.700000000000000000e+01 4.742142857140000274e+02
2.519000000000000057e+02 4.738999999999999773e+02
1.885000000000000000e+02 4.746999999999999886e+02
2.899705882349999797e+02 4.752058823529999927e+02
3.750000000000000000e+02 4.750000000000000000e+02
4.682777777779999724e+02 4.751111111110000138e+02
3.880952381000000173e+00 4.772619047619999719e+02
1.265000000000000000e+02 4.775000000000000000e+02
3.110000000000000000e+02 4.775000000000000000e+02
4.438846153850000178e+02 4.778846153850000178e+02
3.330882352940000146e+02 4.803823529410000219e+02
4.286666666670000154e+02 4.793333333329999846e+02
1.542692307689999893e+02 4.812692307689999893e+02
2.285000000000000000e+02 4.810000000000000000e+02
1.730294117649999919e+02 4.828529411760000016e+02
3.945000000000000000e+02 4.824444444439999984e+02
4.141153846149999822e+02 4.818846153850000178e+02
5.910000000000000142e+01 4.841000000000000227e+02
9.655882352899999432e+01 4.856764705879999724e+02
5.315000000000000000e+02 4.851315789469999800e+02
3.193421052630000077e+02 4.866578947369999923e+02
3.738571428569999853e+02 4.865714285710000127e+02
1.990000000000000000e+02 4.865000000000000000e+02
2.960000000000000000e+02 4.875000000000000000e+02
4.948333333329999846e+02 4.872333333330000187e+02
5.203181818179999709e+02 4.873181818180000278e+02
5.655000000000000000e+02 4.875000000000000000e+02
5.744444444440000552e+02 4.887222222220000276e+02
2.610000000000000142e+01 4.891000000000000227e+02
7.662500000000000000e+01 4.904375000000000000e+02
2.452692307689999893e+02 4.906538461540000071e+02
3.592142857140000274e+02 4.895000000000000000e+02
2.770000000000000000e+02 4.910000000000000000e+02
4.528571428600000104e+01 4.922857142859999726e+02
1.177857142860000010e+02 4.930000000000000000e+02
4.316999999999999886e+02 4.943000000000000114e+02
4.757222222220000276e+02 4.944444444439999984e+02
1.883571428570000137e+02 4.955714285710000127e+02
1.456999999999999886e+02 4.955000000000000000e+02
2.166538461540000071e+02 4.969615384620000214e+02
6.650000000000000000e+01 4.975000000000000000e+02
3.438999999999999773e+02 4.984333333330000073e+02
3.887352941180000130e+02 4.989117647059999854e+02
1.500000000000000000e+01 4.995000000000000000e+02
4.176176470589999781e+02 5.003823529410000219e+02
4.511153846149999822e+02 5.001153846149999822e+02
5.578571428569999853e+02 5.017142857140000274e+02
1.635000000000000000e+02 5.026999999999999886e+02
3.586999999999999886e+02 5.025000000000000000e+02
5.355000000000000000e+02 5.026999999999999886e+02
2.771875000000000000e+02 5.046250000000000000e+02
5.050000000000000000e+02 5.037857142859999726e+02
3.819782608699999855e+02 5.058913043480000056e+02
9.850000000000000000e+01 5.067105263160000277e+02
1.319000000000000057e+02 5.058999999999999773e+02
2.288333333330000130e+02 5.060000000000000000e+02
2.027500000000000000e+02 5.071250000000000000e+02
4.654285714289999873e+02 5.082857142859999726e+02
5.832142857139999705e+02 5.080000000000000000e+02
7.900000000000000000e+01 5.090000000000000000e+02
2.550000000000000000e+02 5.090000000000000000e+02
5.198846153849999610e+02 5.092692307689999893e+02
3.102142857140000274e+02 5.110000000000000000e+02
1.474000000000000057e+02 5.127999999999999545e+02
3.527105263160000277e+02 5.135000000000000000e+02
4.490454545449999841e+02 5.135000000000000000e+02
3.616666666700000121e+01 5.136111111110000138e+02
6.139999999999999858e+01 5.144500000000000455e+02
2.941153846149999822e+02 5.151153846150000390e+02
1.235000000000000000e+02 5.156538461540000071e+02
1.741428571429999863e+02 5.157857142860000295e+02
3.243750000000000000e+02 5.156250000000000000e+02
2.187857142860000010e+02 5.170000000000000000e+02
4.243461538459999929e+02 5.170384615379999786e+02
4.866875000000000000e+02 5.186875000000000000e+02
1.862142857139999990e+02 5.205000000000000000e+02
5.505666666670000495e+02 5.198999999999999773e+02
9.200000000000000000e+01 5.210000000000000000e+02
2.551153846150000106e+02 5.212692307690000462e+02
4.037500000000000000e+02 5.211875000000000000e+02
5.301153846150000390e+02 5.208846153849999610e+02
2.762272727270000132e+02 5.233181818179999709e+02
5.098529411760000016e+02 5.230294117649999635e+02
2.743750000000000000e+01 5.241875000000000000e+02
3.747500000000000000e+02 5.248333333330000414e+02
6.299999999999999822e+00 5.270000000000000000e+02
4.543999999999999773e+02 5.274500000000000455e+02
4.600000000000000000e+01 5.285000000000000000e+02
3.618529411760000016e+02 5.285000000000000000e+02
3.138333333329999846e+02 5.295000000000000000e+02
4.835000000000000000e+02 5.310000000000000000e+02
1.605833333330000130e+02 5.318333333330000414e+02
2.385000000000000000e+02 5.320000000000000000e+02
5.811470588240000552e+02 5.335000000000000000e+02
2.112142857139999990e+02 5.340000000000000000e+02
2.289117647060000138e+02 5.353823529410000219e+02
2.871666666670000154e+02 5.347500000000000000e+02
4.418999999999999773e+02 5.348999999999999773e+02
5.521000000000000227e+02 5.361000000000000227e+02
3.221190476190000140e+02 5.377380952380000281e+02
1.053421052629999934e+02 5.381842105260000153e+02
1.387857142860000010e+02 5.380000000000000000e+02
4.156999999999999886e+02 5.382999999999999545e+02
4.973823529410000219e+02 5.379117647059999854e+02
1.808823529400000041e+01 5.396176470589999781e+02
3.966999999999999886e+02 5.385000000000000000e+02
5.118000000000000114e+02 5.397999999999999545e+02
5.313888888889999862e+02 5.412222222220000276e+02
7.250000000000000000e+01 5.420000000000000000e+02
2.589615384620000214e+02 5.416538461540000071e+02
3.414333333330000073e+02 5.418999999999999773e+02
1.177777777780000008e+02 5.433888888889999862e+02
3.801875000000000000e+02 5.436250000000000000e+02
1.796052631580000138e+02 5.439210526320000554e+02
1.988571428570000137e+02 5.462857142860000295e+02
4.242500000000000000e+02 5.461250000000000000e+02
5.648500000000000227e+02 5.481499999999999773e+02
1.010000000000000000e+02 5.490000000000000000e+02
3.040384615379999786e+02 5.488846153849999610e+02
4.714444444439999984e+02 5.502777777779999724e+02
3.357142856999999925e+00 5.515714285709999558e+02
5.162500000000000000e+01 5.506250000000000000e+02
5.466000000000000227e+02 5.514500000000000455e+02
1.590000000000000000e+02 5.522142857139999705e+02
4.412142857140000274e+02 5.520000000000000000e+02
2.295000000000000000e+02 5.540000000000000000e+02
5.257857142860000295e+02 5.540000000000000000e+02
3.221428571399999896e+01 5.554285714290000442e+02
2.505555555560000016e+02 5.552777777779999724e+02
5.823947368420000430e+02 5.550789473679999446e+02
3.273666666670000041e+02 5.570333333329999732e+02
3.707222222220000276e+02 5.575555555559999448e+02
2.796666666670000154e+02 5.593888888889999862e+02
4.844090909089999855e+02 5.595909090909999577e+02
7.734615384600000709e+01 5.599615384620000214e+02
3.513666666670000041e+02 5.610333333329999732e+02
5.090000000000000000e+02 5.612142857139999705e+02
1.069000000000000057e+02 5.622999999999999545e+02
2.977857142859999726e+02 5.620714285709999558e+02
1.745000000000000000e+02 5.625000000000000000e+02
3.115000000000000000e+02 5.625000000000000000e+02
4.555000000000000000e+02 5.625000000000000000e+02
