6.382352940999999724e+00 1.794117646999999982e+00
4.434615384599999999e+01 1.961538462000000038e+00
1.485000000000000000e+02 1.055555556000000061e+00
2.732142857140000274e+02 9.285714290000000037e-01
3.090000000000000000e+02 5.000000000000000000e-01
3.521000000000000227e+02 1.899999999999999911e+00
3.727222222220000276e+02 2.000000000000000000e+00
1.931875000000000000e+02 3.375000000000000000e+00
2.270000000000000000e+02 3.000000000000000000e+00
5.586818181820000291e+02 3.318181817999999783e+00
2.547777777780000008e+02 4.611111110999999596e+00
7.113636363599999868e+01 4.590909091000000330e+00
4.992894736839999723e+02 5.131578947000000390e+00
4.065000000000000000e+02 6.000000000000000000e+00
5.836000000000000227e+02 6.950000000000000178e+00
3.113157894700000128e+01 8.289473684000000731e+00
2.124375000000000000e+02 8.750000000000000000e+00
4.835000000000000000e+02 8.000000000000000000e+00
3.248529411760000016e+02 9.500000000000000000e+00
5.212142857139999705e+02 9.000000000000000000e+00
2.974499999999999886e+02 1.040000000000000036e+01
4.582692307689999893e+02 1.088461538500000003e+01
1.385000000000000000e+02 1.285294117599999986e+01
4.461250000000000000e+02 1.225000000000000000e+01
5.441153846150000390e+02 1.211538461499999997e+01
3.850454545449999841e+02 1.313636363600000045e+01
4.257222222220000276e+02 1.311111111099999960e+01
1.790000000000000000e+02 1.350000000000000000e+01
9.075000000000000000e+01 1.593750000000000000e+01
1.073421052629999934e+02 1.634210526300000055e+01
5.787500000000000000e+01 1.837500000000000000e+01
7.618181818200000066e+01 1.863636363599999868e+01
2.305000000000000000e+02 1.826470588200000122e+01
3.228333333329999846e+02 1.883333333299999879e+01
3.575000000000000000e+02 1.863636363599999868e+01
1.761764705899999939e+01 1.908823529400000041e+01
1.185000000000000000e+02 1.985294117600000163e+01
5.115000000000000000e+02 2.100000000000000000e+01
1.635000000000000000e+02 2.271052631599999927e+01
5.571000000000000227e+02 2.189999999999999858e+01
2.726999999999999886e+02 2.250000000000000000e+01
4.719705882349999797e+02 2.314705882399999837e+01
3.771666666670000154e+02 2.450000000000000000e+01
1.001666666670000012e+02 2.558333333299999879e+01
1.439000000000000057e+02 2.656666666699999979e+01
2.804166666670000154e+02 2.633333333299999879e+01
3.927727272729999868e+02 2.577272727300000099e+01
4.918999999999999773e+02 2.589999999999999858e+01
5.765000000000000000e+02 2.650000000000000000e+01
2.010000000000000000e+02 2.678571428600000104e+01
3.750000000000000000e+01 2.769999999999999929e+01
4.478000000000000114e+02 2.939999999999999858e+01
4.111153846149999822e+02 3.011538461499999997e+01
5.567857142860000295e+02 3.000000000000000000e+01
5.867500000000000000e+02 3.041666666700000121e+01
3.085000000000000000e+02 3.150000000000000000e+01
3.654090909089999855e+02 3.113636363599999868e+01
5.310000000000000000e+02 3.078571428600000104e+01
4.286111111110000138e+02 3.222222222199999919e+01
5.131578947000000390e+00 3.328947368400000073e+01
1.741250000000000000e+02 3.325000000000000000e+01
2.404090909090000139e+02 3.313636363599999868e+01
2.526818181820000007e+02 3.431818181799999934e+01
5.062500000000000000e+02 3.425000000000000000e+01
5.247105263160000277e+02 3.413157894700000128e+01
6.557692307700000356e+01 3.511538461500000352e+01
2.180833333330000130e+02 3.475000000000000000e+01
3.367666666669999813e+02 3.583333333299999879e+01
4.008999999999999773e+02 3.589999999999999858e+01
2.979117647059999854e+02 3.761764705899999939e+01
2.761764705899999939e+01 3.908823529400000041e+01
1.653823529409999935e+02 3.908823529400000041e+01
3.798846153850000178e+02 3.911538461500000352e+01
4.450000000000000000e+01 4.086842105299999872e+01
9.137500000000000000e+01 4.083333333299999879e+01
4.712647058819999870e+02 4.120588235299999980e+01
1.121315789469999942e+02 4.350000000000000000e+01
3.508125000000000000e+02 4.337500000000000000e+01
5.417142857139999705e+02 4.385714285699999948e+01
4.919666666670000268e+02 4.563333333300000305e+01
2.050625000000000000e+02 4.675000000000000000e+01
5.752500000000000000e+02 4.587500000000000000e+01
4.428846153850000178e+02 4.726923076900000353e+01
4.623333333329999846e+02 4.761111111099999960e+01
2.670000000000000000e+02 4.800000000000000000e+01
4.213500000000000227e+02 4.879999999999999716e+01
3.145909090910000145e+02 4.913636363599999868e+01
3.869285714289999873e+02 4.950000000000000000e+01
3.270000000000000000e+02 5.000000000000000000e+01
3.682222222220000276e+02 5.038888888900000040e+01
1.783181818179999993e+02 5.200000000000000000e+01
2.228181818179999993e+02 5.154545454499999835e+01
1.347105263159999993e+02 5.250000000000000000e+01
8.222222221999999192e+00 5.338888888900000040e+01
1.058636363640000013e+02 5.259090909100000033e+01
6.702941176500000608e+01 5.485294117600000163e+01
2.798125000000000000e+02 5.437500000000000000e+01
3.747500000000000000e+02 5.450000000000000000e+01
5.800000000000000000e+02 5.550000000000000000e+01
5.092142857140000274e+02 5.700000000000000000e+01
8.888461538500000358e+01 5.911538461500000352e+01
2.528571428600000104e+01 6.085714285699999948e+01
4.114705882399999837e+01 6.150000000000000000e+01
5.298999999999999773e+02 6.089999999999999858e+01
1.203181818179999993e+02 6.231818181799999934e+01
1.591153846150000106e+02 6.188461538499999648e+01
2.563888888889999862e+02 6.277777777800000081e+01
3.397857142859999726e+02 6.300000000000000000e+01
3.942222222220000276e+02 6.338888888900000040e+01
5.615000000000000000e+02 6.283333333299999879e+01
2.334499999999999886e+02 6.425000000000000000e+01
5.482000000000000455e+02 6.425000000000000000e+01
2.623571428569999853e+02 6.550000000000000000e+01
4.515000000000000000e+02 6.450000000000000000e+01
3.179615384620000214e+02 6.634615384600000709e+01
4.239666666670000268e+02 6.636666666700000405e+01
4.778333333329999846e+02 6.538888888900000040e+01
2.136875000000000000e+02 6.831250000000000000e+01
1.398846153849999894e+02 6.888461538500000358e+01
1.911250000000000000e+02 6.925000000000000000e+01
4.665666666669999927e+02 6.909999999999999432e+01
4.901875000000000000e+02 6.931250000000000000e+01
1.128636363640000013e+02 7.004545454499999835e+01
3.490789473680000015e+02 7.260526315799999963e+01
5.692999999999999545e+02 7.243333333299999310e+01
8.000000000000000000e+00 7.321428571399999896e+01
7.550000000000000000e+01 7.400000000000000000e+01
2.981153846149999822e+02 7.411538461499999642e+01
2.232142857139999990e+02 7.600000000000000000e+01
3.245000000000000000e+02 7.583333333299999879e+01
4.182647058819999870e+02 7.655882352899999432e+01
5.297857142860000295e+02 7.600000000000000000e+01
1.331153846150000106e+02 7.742307692299999644e+01
6.050000000000000000e+01 7.900000000000000000e+01
3.307894736800000146e+01 8.092105263199999854e+01
1.744090909090000139e+02 8.040909090899999967e+01
2.330000000000000000e+02 7.900000000000000000e+01
4.850000000000000000e+02 8.021428571399999896e+01
5.110000000000000000e+02 8.050000000000000000e+01
2.726000000000000227e+02 8.145000000000000284e+01
1.490999999999999943e+02 8.209999999999999432e+01
9.512500000000000000e+01 8.325000000000000000e+01
5.546250000000000000e+02 8.381250000000000000e+01
3.893999999999999773e+02 8.454999999999999716e+01
4.518333333329999846e+02 8.441666666700000121e+01
3.593571428569999853e+02 8.530952381000000173e+01
2.930000000000000000e+02 8.775000000000000000e+01
4.972857142859999726e+02 8.685714285699999948e+01
2.020000000000000000e+02 8.800000000000000000e+01
1.269000000000000057e+02 8.990000000000000568e+01
2.514090909090000139e+02 9.104545454499999835e+01
4.632500000000000000e+02 8.983333333299999879e+01
5.268846153849999610e+02 9.011538461499999642e+01
7.662500000000000000e+01 9.037500000000000000e+01
4.052857142859999726e+02 9.085714285699999948e+01
1.120000000000000000e+02 9.178571428600000104e+01
1.915000000000000000e+02 9.285294117600000163e+01
3.100333333329999732e+02 9.236666666700000405e+01
5.668888888889999862e+02 9.322222222199999919e+01
6.750000000000000000e+00 9.443750000000000000e+01
5.270000000000000284e+01 9.350000000000000000e+01
2.255000000000000000e+02 9.450000000000000000e+01
4.260714285710000127e+02 9.540476190500000087e+01
8.538235294099999351e+01 9.608823529400000041e+01
1.696666666669999870e+02 9.558333333299999879e+01
3.433421052630000077e+02 9.665789473700000656e+01
5.870000000000000000e+02 9.600000000000000000e+01
4.289999999999999858e+01 9.690000000000000568e+01
3.292894736839999723e+02 9.750000000000000000e+01
2.429615384619999929e+02 1.003461538460000071e+02
3.635555555560000016e+02 1.037222222219999992e+02
5.390000000000000000e+02 1.035000000000000000e+02
1.453666666670000041e+02 1.040333333330000016e+02
2.698846153850000178e+02 1.038846153850000036e+02
3.828846153850000178e+02 1.058846153850000036e+02
1.208846153850000036e+02 1.068846153850000036e+02
4.857222222220000276e+02 1.070000000000000000e+02
5.169705882350000365e+02 1.078529411760000016e+02
5.644166666669999586e+02 1.068333333329999988e+02
3.027777777800000081e+01 1.080000000000000000e+02
3.094499999999999886e+02 1.085999999999999943e+02
4.520000000000000000e+02 1.082142857139999990e+02
7.471739130400000306e+01 1.101086956519999944e+02
2.866176470589999781e+02 1.090882352940000004e+02
1.590000000000000000e+02 1.097857142860000010e+02
4.272142857140000274e+02 1.108571428569999995e+02
2.006818181820000007e+02 1.116818181820000007e+02
2.408000000000000114e+02 1.117999999999999972e+02
4.425000000000000000e+02 1.115000000000000000e+02
1.880000000000000000e+02 1.127857142860000010e+02
4.011470588239999984e+02 1.129705882349999939e+02
4.753823529410000219e+02 1.140294117650000061e+02
1.056333333329999959e+02 1.139666666669999984e+02
5.370000000000000000e+02 1.145000000000000000e+02
1.000000000000000000e+01 1.152142857139999990e+02
1.463333333330000130e+02 1.163888888890000004e+02
2.556500000000000057e+02 1.167999999999999972e+02
4.963421052630000077e+02 1.163421052629999934e+02
3.547222222220000276e+02 1.180000000000000000e+02
5.850000000000000000e+02 1.182142857139999990e+02
4.500000000000000000e+01 1.200000000000000000e+02
3.338846153850000178e+02 1.198846153850000036e+02
2.212777777780000008e+02 1.214444444439999984e+02
5.472692307690000462e+02 1.221153846149999964e+02
3.191153846149999822e+02 1.231153846149999964e+02
1.602500000000000000e+02 1.257500000000000000e+02
3.730000000000000000e+02 1.252142857139999990e+02
1.218125000000000000e+02 1.265625000000000000e+02
4.432647058819999870e+02 1.262647058820000012e+02
2.045500000000000114e+02 1.275999999999999943e+02
5.157105263160000277e+02 1.271315789469999942e+02
1.124130434780000058e+02 1.292826086960000112e+02
1.804333333330000073e+02 1.294333333330000073e+02
2.708846153850000178e+02 1.291153846150000106e+02
4.175000000000000000e+02 1.298529411760000016e+02
4.672142857140000274e+02 1.297142857139999990e+02
4.795714285710000127e+02 1.289285714289999873e+02
5.706818181820000291e+02 1.286818181820000007e+02
6.311538461500000352e+01 1.298846153849999894e+02
8.529999999999999716e+01 1.295000000000000000e+02
2.283461538459999929e+02 1.300384615380000071e+02
2.915000000000000000e+02 1.298750000000000000e+02
3.850000000000000000e+02 1.312142857139999990e+02
3.800000000000000000e+01 1.322142857139999990e+02
3.273888888889999862e+02 1.349444444439999984e+02
5.785000000000000000e+02 1.350000000000000000e+02
2.116666666700000121e+01 1.357500000000000000e+02
5.561666666669999586e+02 1.374166666669999870e+02
6.500000000000000000e+00 1.381470588239999984e+02
4.053125000000000000e+02 1.378125000000000000e+02
2.536111111110000138e+02 1.393333333330000130e+02
1.371153846150000106e+02 1.398846153849999894e+02
4.359523809499999913e+01 1.421666666669999870e+02
1.612881355929999927e+02 1.481779661019999992e+02
2.265000000000000000e+02 1.435000000000000000e+02
3.118999999999999773e+02 1.430999999999999943e+02
4.734499999999999886e+02 1.434000000000000057e+02
5.015000000000000000e+02 1.440000000000000000e+02
5.357222222220000276e+02 1.444444444439999984e+02
1.919000000000000057e+02 1.450999999999999943e+02
2.081153846150000106e+02 1.447307692310000107e+02
4.296999999999999886e+02 1.450000000000000000e+02
3.345000000000000000e+02 1.465000000000000000e+02
5.934210526300000055e+01 1.473421052630000077e+02
3.595000000000000000e+02 1.471666666669999870e+02
4.577941176470000073e+02 1.493823529409999935e+02
5.175588235290000512e+02 1.506764705880000008e+02
9.459999999999999432e+01 1.515500000000000114e+02
4.935869565219999799e+02 1.519347826089999955e+02
1.322692307689999893e+02 1.523461538459999929e+02
1.168750000000000000e+02 1.532500000000000000e+02
2.405526315790000069e+02 1.535526315790000069e+02
3.048478260869999872e+02 1.540652173910000045e+02
3.725714285710000127e+02 1.529285714289999873e+02
5.734090909090000423e+02 1.534090909090000139e+02
2.570555555560000016e+02 1.543888888889999862e+02
3.914444444439999984e+02 1.542777777780000008e+02
4.398846153850000178e+02 1.541153846150000106e+02
8.045000000000000284e+01 1.554000000000000057e+02
2.801666666670000154e+02 1.550333333330000016e+02
3.100000000000000089e+00 1.559000000000000057e+02
1.887916666669999870e+02 1.580833333330000130e+02
3.461153846149999822e+02 1.568846153849999894e+02
2.136999999999999886e+02 1.585000000000000000e+02
5.407857142860000295e+02 1.610000000000000000e+02
2.737857142859999726e+02 1.619285714289999873e+02
1.586842105300000050e+01 1.632894736840000007e+02
1.567857142860000010e+02 1.640000000000000000e+02
3.994090909089999855e+02 1.641363636359999987e+02
4.203333333300000163e+01 1.656333333329999959e+02
2.818333333329999846e+02 1.656111111110000138e+02
3.165769230770000036e+02 1.665000000000000000e+02
4.616111111110000138e+02 1.662222222219999992e+02
4.281470588239999984e+02 1.685000000000000000e+02
4.725476190480000014e+02 1.687380952379999997e+02
5.756000000000000227e+02 1.685500000000000114e+02
9.173529411799999878e+01 1.702647058819999870e+02
5.153823529410000219e+02 1.700882352939999862e+02
1.680882352939999862e+02 1.713823529409999935e+02
5.578750000000000000e+02 1.717500000000000000e+02
3.852941175999999857e+00 1.725000000000000000e+02
6.375000000000000000e+01 1.727500000000000000e+02
1.238125000000000000e+02 1.726875000000000000e+02
1.966904761899999983e+02 1.726428571429999863e+02
3.345000000000000000e+02 1.735000000000000000e+02
2.473095238100000017e+02 1.755476190480000014e+02
3.740625000000000000e+02 1.752500000000000000e+02
7.726470588200000122e+01 1.760294117649999919e+02
3.592222222220000276e+02 1.776666666669999870e+02
1.911538461499999997e+01 1.781153846150000106e+02
4.639999999999999858e+01 1.795500000000000114e+02
4.658846153850000178e+02 1.791153846150000106e+02
5.401190476189999572e+02 1.792619047620000003e+02
2.161111111110000138e+02 1.808333333330000130e+02
3.892368421049999938e+02 1.801315789470000084e+02
4.112692307689999893e+02 1.811153846150000106e+02
4.983823529410000219e+02 1.809117647060000138e+02
8.750000000000000000e-01 1.825000000000000000e+02
2.808529411760000016e+02 1.820294117649999919e+02
1.515000000000000000e+02 1.835000000000000000e+02
2.910000000000000142e+01 1.849399999999999977e+02
1.057500000000000000e+02 1.841250000000000000e+02
4.422222222220000276e+02 1.846111111110000138e+02
5.219444444440000552e+02 1.856111111110000138e+02
3.206333333329999959e+02 1.859666666669999984e+02
5.647777777779999724e+02 1.866111111110000138e+02
1.798846153849999894e+02 1.868846153849999894e+02
1.259999999999999964e+01 1.893000000000000114e+02
2.980000000000000000e+02 1.897857142860000010e+02
4.605500000000000114e+02 1.904000000000000057e+02
8.106250000000000000e+01 1.911250000000000000e+02
2.759545454550000159e+02 1.908636363640000013e+02
4.783421052630000077e+02 1.916578947369999923e+02
1.063333333329999988e+02 1.925000000000000000e+02
2.506176470590000065e+02 1.922058823529999927e+02
2.880000000000000000e+02 1.920000000000000000e+02
4.281000000000000227e+02 1.919000000000000057e+02
5.569444444440000552e+02 1.936111111110000138e+02
3.930833333329999846e+02 1.937500000000000000e+02
2.007380952379999997e+02 1.961190476190000140e+02
4.996666666670000154e+02 1.952222222219999992e+02
5.350294117649999635e+02 1.953823529409999935e+02
1.367352941180000130e+02 1.967352941180000130e+02
2.375769230770000036e+02 1.961923076920000142e+02
3.699117647059999854e+02 1.966176470590000065e+02
5.677777777800000081e+01 1.973888888889999862e+02
3.275000000000000000e+02 1.975000000000000000e+02
3.561000000000000227e+02 1.970999999999999943e+02
1.267857142860000010e+02 1.980000000000000000e+02
1.620833333330000130e+02 2.005833333330000130e+02
4.460000000000000000e+02 2.010000000000000000e+02
2.905000000000000000e+02 2.045000000000000000e+02
1.407894736799999968e+01 2.056052631580000138e+02
2.235000000000000000e+02 2.045000000000000000e+02
2.514523809519999986e+02 2.056904761899999983e+02
5.189615384620000214e+02 2.051923076920000142e+02
1.565000000000000000e+02 2.060000000000000000e+02
3.182647058819999870e+02 2.065000000000000000e+02
3.911538461500000352e+01 2.081153846150000106e+02
1.935500000000000114e+02 2.084000000000000057e+02
4.123500000000000227e+02 2.088000000000000114e+02
4.271153846149999822e+02 2.091153846150000106e+02
5.667500000000000000e+02 2.089375000000000000e+02
1.500000000000000000e+00 2.103000000000000114e+02
8.388461538500000358e+01 2.101153846150000106e+02
1.177500000000000000e+02 2.121250000000000000e+02
2.060000000000000000e+02 2.120000000000000000e+02
2.655000000000000000e+02 2.125000000000000000e+02
3.810454545449999841e+02 2.131363636359999987e+02
9.685294117600000163e+01 2.140294117649999919e+02
1.762777777780000008e+02 2.140000000000000000e+02
7.300000000000000000e+01 2.146999999999999886e+02
4.720000000000000000e+02 2.155000000000000000e+02
1.286875000000000000e+02 2.163125000000000000e+02
5.389500000000000455e+02 2.164000000000000057e+02
2.320000000000000000e+02 2.170000000000000000e+02
3.393999999999999773e+02 2.174499999999999886e+02
2.830609756100000141e+02 2.230121951220000085e+02
3.642222222220000276e+02 2.193888888889999862e+02
2.789999999999999858e+01 2.199000000000000057e+02
4.493461538459999929e+02 2.199615384619999929e+02
5.009166666670000154e+02 2.202500000000000000e+02
5.550000000000000000e+02 2.206428571429999863e+02
1.441190476190000140e+02 2.212619047620000003e+02
5.828999999999999773e+02 2.219000000000000057e+02
3.307777777779999724e+02 2.243888888889999862e+02
1.905000000000000000e+02 2.257105263159999993e+02
3.866904761900000267e+02 2.256428571429999863e+02
4.057857142859999726e+02 2.250000000000000000e+02
1.282222222219999992e+02 2.266111111110000138e+02
2.486999999999999886e+02 2.280000000000000000e+02
4.238529411760000016e+02 2.270294117649999919e+02
5.300000000000000000e+01 2.280000000000000000e+02
5.112500000000000000e+02 2.281666666669999870e+02
1.575000000000000000e+02 2.295000000000000000e+02
4.925000000000000000e+02 2.295000000000000000e+02
2.192222222219999992e+02 2.303888888889999862e+02
3.620384615379999786e+02 2.296538461540000071e+02
7.485294117600000163e+01 2.315000000000000000e+02
3.112857142859999726e+02 2.308571428570000137e+02
5.740000000000000000e+02 2.320000000000000000e+02
8.605263157999999635e+00 2.325000000000000000e+02
2.577777777779999724e+02 2.326111111110000138e+02
4.425000000000000000e+02 2.333000000000000114e+02
4.625500000000000114e+02 2.345999999999999943e+02
4.025000000000000000e+01 2.357500000000000000e+02
1.047857142860000010e+02 2.370000000000000000e+02
5.358125000000000000e+02 2.386250000000000000e+02
2.893888888889999862e+02 2.399444444439999984e+02
2.396363636359999987e+02 2.405000000000000000e+02
5.137857142860000295e+02 2.400000000000000000e+02
5.551875000000000000e+02 2.414375000000000000e+02
1.735833333330000130e+02 2.431666666669999870e+02
2.735500000000000114e+02 2.434000000000000057e+02
4.060789473680000015e+02 2.433947368419999862e+02
3.263999999999999773e+02 2.445999999999999943e+02
1.103666666670000041e+02 2.451666666669999870e+02
2.070000000000000000e+02 2.455000000000000000e+02
3.456818181819999722e+02 2.446818181820000007e+02
2.579411764700000020e+01 2.463823529409999935e+02
4.489999999999999858e+01 2.466333333329999959e+02
5.950000000000000000e+01 2.460000000000000000e+02
1.453666666670000041e+02 2.459666666669999984e+02
3.732142857140000274e+02 2.460000000000000000e+02
3.658636363640000013e+02 2.465909090909999861e+02
1.339666666669999984e+02 2.498333333330000130e+02
4.288846153850000178e+02 2.491153846150000106e+02
4.530000000000000000e+02 2.492500000000000000e+02
3.032894736839999723e+02 2.508684210529999916e+02
5.747222222220000276e+02 2.504444444439999984e+02
4.878846153850000178e+02 2.511153846150000106e+02
5.386904761900000267e+02 2.516428571429999863e+02
3.882777777779999724e+02 2.525555555560000016e+02
4.722692307689999893e+02 2.518846153849999894e+02
7.913157894699999417e+01 2.542894736840000007e+02
1.971666666669999870e+02 2.546250000000000000e+02
2.234499999999999886e+02 2.554000000000000057e+02
4.947500000000000000e+02 2.572500000000000000e+02
1.680000000000000071e+01 2.586000000000000227e+02
3.448750000000000000e+02 2.589375000000000000e+02
4.117777777779999724e+02 2.586111111110000138e+02
6.650000000000000000e+01 2.600000000000000000e+02
1.696875000000000000e+02 2.596250000000000000e+02
2.476363636359999987e+02 2.595000000000000000e+02
2.838846153850000178e+02 2.591153846149999822e+02
1.477727272729999868e+02 2.633181818180000278e+02
4.237500000000000000e+02 2.637500000000000000e+02
3.234210526300000055e+01 2.643421052630000077e+02
1.808809523809999860e+02 2.644523809519999986e+02
2.731470588239999984e+02 2.639705882349999797e+02
7.991176470599999959e+01 2.666176470589999781e+02
5.242692307690000462e+02 2.663461538459999929e+02
1.207500000000000000e+02 2.668333333329999846e+02
4.707857142859999726e+02 2.670000000000000000e+02
5.563461538459999929e+02 2.670384615379999786e+02
5.840000000000000000e+02 2.687222222220000276e+02
3.775000000000000000e+02 2.693000000000000114e+02
4.542500000000000000e+02 2.690833333329999846e+02
5.004499999999999886e+02 2.698000000000000114e+02
3.135000000000000000e+02 2.705000000000000000e+02
1.016052631579999996e+02 2.715000000000000000e+02
1.995000000000000000e+02 2.715000000000000000e+02
4.392142857140000274e+02 2.708571428569999853e+02
2.913181818180000278e+02 2.716818181819999722e+02
4.922368421049999938e+02 2.723421052630000077e+02
1.342142857139999990e+02 2.730000000000000000e+02
2.343000000000000114e+02 2.725000000000000000e+02
1.531153846150000106e+02 2.752692307689999893e+02
1.676538461540000071e+02 2.750384615379999786e+02
3.293666666670000041e+02 2.749666666670000268e+02
3.923000000000000114e+02 2.750000000000000000e+02
5.696052631579999570e+02 2.750789473680000015e+02
5.298846153849999610e+02 2.761153846149999822e+02
8.545454545000000124e+00 2.772272727270000132e+02
4.950000000000000000e+01 2.776333333329999959e+02
3.437777777779999724e+02 2.786111111110000138e+02
4.058333333329999846e+02 2.792333333330000187e+02
6.116666666700000121e+01 2.805833333329999846e+02
2.534166666669999870e+02 2.814166666670000154e+02
3.135714285710000127e+02 2.818571428569999853e+02
2.218846153849999894e+02 2.827307692310000107e+02
2.823181818180000278e+02 2.833181818180000278e+02
4.723947368419999862e+02 2.830789473680000015e+02
2.414705882399999837e+01 2.850882352940000146e+02
3.690833333329999846e+02 2.842500000000000000e+02
4.316578947369999923e+02 2.845526315789999785e+02
4.886111111110000138e+02 2.840555555560000016e+02
1.833421052630000077e+02 2.863421052630000077e+02
2.663750000000000000e+02 2.863750000000000000e+02
3.901000000000000227e+02 2.871000000000000227e+02
4.215666666669999927e+02 2.878999999999999773e+02
5.451666666669999586e+02 2.877500000000000000e+02
1.102647058820000012e+02 2.902647058819999870e+02
1.473000000000000114e+02 2.920500000000000114e+02
2.021153846150000106e+02 2.911153846149999822e+02
4.526904761900000267e+02 2.914523809519999986e+02
5.287142857139999705e+02 2.918571428569999853e+02
8.490000000000000568e+01 2.928999999999999773e+02
3.340000000000000000e+02 2.930000000000000000e+02
1.192894736840000007e+02 2.948684210530000200e+02
5.875000000000000000e+02 2.925000000000000000e+02
1.630999999999999943e+02 2.948999999999999773e+02
2.392142857139999990e+02 2.950000000000000000e+02
2.937173913039999888e+02 2.981086956519999944e+02
5.083000000000000114e+02 2.983000000000000114e+02
6.010000000000000142e+01 2.988999999999999773e+02
3.183421052630000077e+02 2.996578947369999923e+02
3.643888888889999862e+02 2.995555555560000016e+02
3.689999999999999858e+01 3.008999999999999773e+02
2.800333333329999732e+02 3.013666666670000041e+02
5.577500000000000000e+02 3.020000000000000000e+02
3.830000000000000000e+02 3.020000000000000000e+02
4.380000000000000000e+02 3.027857142859999726e+02
7.070000000000000284e+01 3.035000000000000000e+02
4.032368421049999938e+02 3.048684210530000200e+02
2.147352941180000130e+02 3.057352941180000130e+02
3.413461538459999929e+02 3.049615384620000214e+02
4.825500000000000114e+02 3.063999999999999773e+02
1.439736842110000055e+02 3.071315789469999800e+02
2.593888888889999862e+02 3.077777777779999724e+02
9.985294117600000163e+01 3.095000000000000000e+02
1.935000000000000000e+02 3.097105263160000277e+02
1.136904761899999983e+02 3.104047619049999867e+02
2.392142857139999990e+02 3.100000000000000000e+02
1.485294117599999986e+01 3.109705882349999797e+02
4.534166666670000154e+02 3.113333333329999846e+02
5.263999999999999773e+02 3.116999999999999886e+02
5.545526315790000353e+02 3.121315789469999800e+02
5.778846153849999610e+02 3.111153846149999822e+02
3.567916666670000154e+02 3.140416666670000154e+02
1.774090909090000139e+02 3.138636363640000013e+02
5.010625000000000000e+02 3.152500000000000000e+02
3.306999999999999886e+02 3.155000000000000000e+02
4.721428571399999896e+01 3.170000000000000000e+02
2.873095238099999733e+02 3.176428571430000147e+02
3.080000000000000000e+02 3.177857142859999726e+02
2.720000000000000000e+02 3.192142857140000274e+02
1.559705882350000081e+02 3.201470588239999984e+02
4.090000000000000000e+02 3.197857142859999726e+02
2.855000000000000071e+01 3.216000000000000227e+02
2.128846153849999894e+02 3.208846153850000178e+02
5.125000000000000000e+02 3.215000000000000000e+02
6.634615384600000709e+01 3.220384615379999786e+02
5.710333333329999732e+02 3.226333333329999959e+02
5.845000000000000000e+02 3.222894736839999723e+02
1.990882352939999862e+02 3.236176470589999781e+02
3.876363636359999987e+02 3.235000000000000000e+02
1.305000000000000000e+02 3.240000000000000000e+02
2.478529411760000016e+02 3.243235294120000276e+02
4.301666666670000154e+02 3.237500000000000000e+02
4.794166666670000154e+02 3.241666666670000154e+02
9.034210526299999344e+01 3.263421052630000077e+02
4.628846153850000178e+02 3.271153846149999822e+02
8.000000000000000000e+00 3.287727272729999868e+02
3.470000000000000000e+02 3.285000000000000000e+02
3.706111111110000138e+02 3.302222222220000276e+02
5.491153846150000390e+02 3.298846153850000178e+02
1.761315789470000084e+02 3.317105263160000277e+02
1.033888888890000004e+02 3.322222222220000276e+02
4.091666666670000154e+02 3.317666666669999813e+02
6.759090909100000033e+01 3.331363636359999987e+02
5.330000000000000000e+02 3.327857142859999726e+02
1.447380952379999997e+02 3.361190476190000140e+02
2.332500000000000000e+02 3.349166666670000154e+02
4.480333333329999732e+02 3.356333333329999959e+02
3.072222222199999919e+01 3.360000000000000000e+02
5.303846153799999996e+01 3.363461538459999929e+02
3.262500000000000000e+02 3.372500000000000000e+02
2.800294117650000203e+02 3.388529411760000016e+02
1.648529411760000016e+02 3.395000000000000000e+02
2.470000000000000000e+02 3.390000000000000000e+02
2.957777777779999724e+02 3.393888888889999862e+02
5.691666666669999586e+02 3.398333333329999846e+02
4.320882352940000146e+02 3.406176470589999781e+02
4.980000000000000000e+02 3.397857142859999726e+02
3.964375000000000000e+02 3.412500000000000000e+02
4.671153846149999822e+02 3.411153846149999822e+02
5.232999999999999545e+02 3.415666666669999927e+02
2.092500000000000000e+02 3.418333333329999846e+02
4.826578947369999923e+02 3.433421052630000077e+02
8.550000000000000000e+01 3.442894736839999723e+02
3.730000000000000000e+02 3.442142857140000274e+02
1.932500000000000000e+02 3.458750000000000000e+02
3.518333333329999846e+02 3.464166666670000154e+02
5.875000000000000000e+02 3.450000000000000000e+02
7.657894737000000340e+00 3.504473684210000215e+02
6.765384615399999291e+01 3.499615384620000214e+02
3.421428571399999896e+01 3.530000000000000000e+02
1.466111111110000138e+02 3.536666666670000154e+02
9.507894736800000146e+01 3.550789473680000015e+02
1.280217391299999861e+02 3.546304347829999983e+02
5.083461538459999929e+02 3.539615384620000214e+02
3.299705882349999797e+02 3.558529411760000016e+02
4.920000000000000000e+02 3.550000000000000000e+02
4.516666666700000121e+01 3.555833333329999846e+02
2.305000000000000000e+02 3.561666666670000154e+02
3.140000000000000000e+02 3.557857142859999726e+02
4.417380952380000281e+02 3.571190476190000140e+02
5.523750000000000000e+02 3.570000000000000000e+02
2.994090909089999855e+02 3.584090909089999855e+02
3.634047619049999867e+02 3.586904761900000267e+02
4.092142857140000274e+02 3.580000000000000000e+02
2.561315789469999800e+02 3.597105263160000277e+02
4.637352941180000130e+02 3.597352941180000130e+02
5.320000000000000000e+02 3.590000000000000000e+02
2.740000000000000000e+02 3.602142857140000274e+02
5.672500000000000000e+02 3.606499999999999773e+02
1.836111111110000138e+02 3.608333333329999846e+02
4.310000000000000000e+02 3.613000000000000114e+02
2.080000000000000000e+02 3.630000000000000000e+02
3.976176470589999781e+02 3.633823529410000219e+02
2.391666666700000121e+01 3.650000000000000000e+02
1.630999999999999943e+02 3.638999999999999773e+02
8.254761904800000138e+01 3.656904761900000267e+02
5.731818181799999934e+01 3.663181818180000278e+02
1.341153846150000106e+02 3.661153846149999822e+02
3.456111111110000138e+02 3.677777777779999724e+02
4.839666666670000268e+02 3.673666666670000041e+02
3.756578947369999923e+02 3.696578947369999923e+02
1.171086956519999944e+02 3.705434782610000184e+02
5.250000000000000000e+02 3.697857142859999726e+02
1.485000000000000000e+02 3.710000000000000000e+02
4.186176470589999781e+02 3.720882352940000146e+02
5.473125000000000000e+02 3.726875000000000000e+02
2.387105263159999993e+02 3.735000000000000000e+02
4.415500000000000114e+02 3.736000000000000227e+02
3.450000000000000000e+01 3.758684210530000200e+02
2.210000000000000000e+02 3.750000000000000000e+02
1.797380952379999997e+02 3.771666666670000154e+02
5.005454545449999841e+02 3.762272727270000132e+02
2.905909090910000145e+02 3.775909090910000145e+02
7.086842105300000583e+01 3.787105263160000277e+02
3.080000000000000000e+02 3.792142857140000274e+02
9.088461538500000358e+01 3.801153846149999822e+02
2.082333333329999903e+02 3.808333333329999846e+02
1.660000000000000000e+02 3.830000000000000000e+02
2.660000000000000000e+02 3.842142857140000274e+02
3.181666666670000154e+02 3.845000000000000000e+02
3.680000000000000000e+02 3.842142857140000274e+02
5.695000000000000000e+02 3.845000000000000000e+02
3.423947368419999862e+02 3.859210526319999985e+02
4.641250000000000000e+02 3.852500000000000000e+02
4.811315789469999800e+02 3.849736842109999770e+02
2.553888888889999862e+02 3.874444444439999984e+02
4.318846153850000178e+02 3.871153846149999822e+02
5.423823529410000219e+02 3.885000000000000000e+02
1.219117647059999996e+02 3.906176470589999781e+02
5.132857142860000295e+02 3.901428571430000147e+02
3.929705882349999797e+02 3.911470588239999984e+02
1.753000000000000114e+02 3.920000000000000000e+02
4.954090909089999855e+02 3.918636363640000013e+02
2.976428571430000147e+02 3.935000000000000000e+02
1.032222222219999992e+02 3.946111111110000138e+02
1.381153846150000106e+02 3.941153846149999822e+02
2.737500000000000000e+02 3.941666666670000154e+02
1.948846153849999894e+02 3.948846153850000178e+02
4.108684210530000200e+02 3.957105263160000277e+02
1.305555555599999984e+01 3.966111111110000138e+02
5.745000000000000284e+01 3.966000000000000227e+02
2.155000000000000000e+02 3.956999999999999886e+02
4.700000000000000000e+01 3.975000000000000000e+02
8.150000000000000000e+01 3.970000000000000000e+02
2.395000000000000000e+02 3.975000000000000000e+02
5.518809523810000428e+02 3.977857142859999726e+02
4.533999999999999773e+02 3.985500000000000114e+02
2.996153846200000004e+01 3.996538461540000071e+02
1.554499999999999886e+02 4.016000000000000227e+02
4.219375000000000000e+02 4.017500000000000000e+02
5.289615384620000214e+02 4.053461538459999929e+02
6.055555555999999839e+00 4.066111111110000138e+02
3.309166666670000154e+02 4.057500000000000000e+02
3.433260869569999727e+02 4.068043478260000256e+02
3.640000000000000000e+02 4.065000000000000000e+02
3.896999999999999886e+02 4.060000000000000000e+02
4.677500000000000000e+02 4.066499999999999773e+02
5.071153846149999822e+02 4.058846153850000178e+02
2.658529411760000016e+02 4.070294117650000203e+02
3.976176470589999781e+02 4.079117647059999854e+02
5.737666666669999813e+02 4.085000000000000000e+02
7.550000000000000000e+01 4.090000000000000000e+02
1.159545454550000017e+02 4.086818181819999722e+02
2.355000000000000000e+02 4.090000000000000000e+02
4.966363636359999987e+02 4.098181818180000278e+02
1.376578947369999923e+02 4.103421052630000077e+02
2.776250000000000000e+02 4.118125000000000000e+02
9.288461538500000358e+01 4.161153846149999822e+02
4.791176470599999959e+01 4.173823529410000219e+02
2.015000000000000000e+02 4.170000000000000000e+02
3.101000000000000227e+02 4.171000000000000227e+02
5.616818181820000291e+02 4.166818181819999722e+02
3.177307692310000107e+02 4.178846153850000178e+02
3.699210526319999985e+02 4.183947368419999862e+02
4.436333333329999959e+02 4.200333333329999732e+02
1.844166666669999870e+02 4.211666666670000154e+02
2.198333333330000130e+02 4.213750000000000000e+02
4.575909090910000145e+02 4.215909090910000145e+02
5.389210526320000554e+02 4.226052631580000138e+02
1.927777777800000081e+01 4.230000000000000000e+02
1.640000000000000000e+02 4.227857142859999726e+02
9.272222222199999919e+01 4.250000000000000000e+02
1.148809523810000002e+02 4.267380952380000281e+02
1.316363636359999987e+02 4.265000000000000000e+02
1.470454545450000126e+02 4.258636363640000013e+02
3.499666666670000268e+02 4.266333333329999959e+02
2.136363636000000010e+00 4.270454545449999841e+02
3.400000000000000000e+01 4.265000000000000000e+02
3.880000000000000000e+02 4.270000000000000000e+02
4.106052631580000138e+02 4.269210526319999985e+02
2.568478260869999872e+02 4.288478260869999872e+02
5.122500000000000000e+02 4.288750000000000000e+02
5.001153846149999822e+02 4.301153846149999822e+02
2.935000000000000000e+02 4.302142857140000274e+02
3.678846153850000178e+02 4.311153846149999822e+02
4.849705882349999797e+02 4.311470588239999984e+02
1.923750000000000000e+02 4.316250000000000000e+02
4.305000000000000000e+02 4.321470588239999984e+02
2.105833333330000130e+02 4.328333333329999846e+02
2.381315789470000084e+02 4.329736842109999770e+02
6.359090909100000033e+01 4.354090909089999855e+02
1.436666666700000050e+01 4.359666666670000268e+02
2.772142857140000274e+02 4.355000000000000000e+02
5.502000000000000455e+02 4.358999999999999773e+02
3.284090909089999855e+02 4.374090909089999855e+02
5.785000000000000000e+02 4.370000000000000000e+02
3.510000000000000000e+02 4.385000000000000000e+02
5.333461538459999929e+02 4.409615384620000214e+02
2.324166666669999870e+02 4.421666666670000154e+02
4.932352941199999918e+01 4.434411764710000057e+02
1.738529411760000016e+02 4.430294117650000203e+02
3.861363636359999987e+02 4.427727272729999868e+02
4.046333333329999959e+02 4.430333333329999732e+02
4.468529411760000016e+02 4.429705882349999797e+02
4.658333333329999846e+02 4.432500000000000000e+02
1.183095238100000017e+02 4.443571428569999853e+02
3.725000000000000000e+02 4.436999999999999886e+02
8.950000000000000000e+01 4.452894736839999723e+02
2.113947368419999862e+02 4.449210526319999985e+02
5.696904761900000267e+02 4.465476190480000014e+02
3.335000000000000000e+02 4.475000000000000000e+02
4.768809523809999860e+02 4.473571428569999853e+02
5.142142857139999705e+02 4.470000000000000000e+02
3.005500000000000114e+02 4.486000000000000227e+02
1.512500000000000000e+02 4.488750000000000000e+02
2.399000000000000057e+02 4.488999999999999773e+02
4.289615384620000214e+02 4.486538461540000071e+02
3.590909090999999886e+00 4.514090909089999855e+02
5.010882352940000146e+02 4.517941176470000073e+02
5.439285714290000442e+02 4.521428571430000147e+02
4.616578947369999923e+02 4.533421052630000077e+02
5.861111111099999960e+01 4.549444444439999984e+02
2.607857142859999726e+02 4.540000000000000000e+02
2.763333333329999846e+02 4.534166666670000154e+02
2.838888888900000040e+01 4.557777777779999724e+02
4.146578947369999923e+02 4.554473684210000215e+02
1.374499999999999886e+02 4.563999999999999773e+02
1.863421052630000077e+02 4.566578947369999923e+02
1.067857142860000010e+02 4.570000000000000000e+02
3.151363636359999987e+02 4.580454545449999841e+02
3.523181818180000278e+02 4.603181818180000278e+02
1.714230769229999964e+02 4.621923076919999858e+02
3.656999999999999886e+02 4.615000000000000000e+02
5.506578947369999923e+02 4.626578947369999923e+02
1.511153846150000106e+02 4.631153846149999822e+02
2.331153846150000106e+02 4.631153846149999822e+02
2.750000000000000000e+02 4.635000000000000000e+02
2.092500000000000000e+02 4.647500000000000000e+02
4.347500000000000000e+02 4.638750000000000000e+02
4.816000000000000227e+02 4.645500000000000114e+02
1.160000000000000000e+02 4.650000000000000000e+02
5.733823529410000219e+02 4.649117647059999854e+02
3.974523809519999986e+02 4.663095238099999733e+02
5.071153846149999822e+02 4.661153846149999822e+02
4.211538461500000352e+01 4.668846153850000178e+02
5.180000000000000000e+02 4.675000000000000000e+02
2.507666666670000097e+02 4.688333333329999846e+02
2.920000000000000000e+02 4.685000000000000000e+02
3.137857142859999726e+02 4.690000000000000000e+02
3.709545454550000159e+02 4.693181818180000278e+02
8.300000000000000000e+01 4.720000000000000000e+02
1.857857142860000010e+02 4.741428571430000147e+02
1.345500000000000114e+02 4.753999999999999773e+02
4.271153846149999822e+02 4.748846153850000178e+02
2.466666666700000121e+01 4.765000000000000000e+02
1.600000000000000000e+02 4.757857142859999726e+02
4.521153846149999822e+02 4.761153846149999822e+02
1.045454544999999902e+00 4.780454545449999841e+02
3.452500000000000000e+02 4.777500000000000000e+02
5.416176470589999781e+02 4.770882352940000146e+02
4.356999999999999886e+02 4.771000000000000227e+02
1.787222222219999992e+02 4.794444444439999984e+02
5.850000000000000000e+01 4.800000000000000000e+02
4.066000000000000227e+02 4.814499999999999886e+02
4.761190476190000140e+02 4.815000000000000000e+02
3.855000000000000000e+02 4.835000000000000000e+02
5.158636363639999445e+02 4.825909090910000145e+02
5.825000000000000000e+02 4.828750000000000000e+02
2.467857142860000010e+02 4.840000000000000000e+02
1.026176470590000065e+02 4.849117647059999854e+02
3.514705882399999837e+01 4.865000000000000000e+02
2.318846153849999894e+02 4.861153846149999822e+02
2.989117647059999854e+02 4.866176470589999781e+02
4.965000000000000000e+02 4.859285714289999873e+02
5.700714285709999558e+02 4.864047619049999867e+02
3.652142857140000274e+02 4.885000000000000000e+02
8.778571428600000104e+01 4.901428571430000147e+02
1.505000000000000000e+02 4.900000000000000000e+02
2.233666666670000041e+02 4.901666666670000154e+02
2.785000000000000000e+02 4.901470588239999984e+02
4.861000000000000227e+02 4.905666666669999927e+02
2.023000000000000114e+02 4.915000000000000000e+02
4.335666666669999927e+02 4.931000000000000227e+02
6.922727272699999901e+01 4.936818181819999722e+02
3.221000000000000227e+02 4.941000000000000227e+02
3.453125000000000000e+02 4.936875000000000000e+02
1.245666666670000069e+02 4.948999999999999773e+02
4.571923076919999858e+02 4.949615384620000214e+02
4.190714285710000127e+02 4.964285714289999873e+02
5.049615384620000214e+02 4.956538461540000071e+02
5.551153846150000390e+02 4.974230769229999964e+02
2.520000000000000000e+02 4.985000000000000000e+02
4.800000000000000000e+01 4.987857142859999726e+02
3.950789473680000015e+02 4.996052631580000138e+02
5.418333333330000414e+02 4.989444444439999984e+02
1.713888888889999862e+02 4.998333333329999846e+02
1.075999999999999943e+02 5.014499999999999886e+02
1.876999999999999886e+02 5.013000000000000114e+02
8.314705882399999837e+01 5.025000000000000000e+02
3.625000000000000000e+02 5.020000000000000000e+02
2.340999999999999943e+02 5.034333333330000073e+02
3.103333333329999846e+02 5.030000000000000000e+02
3.751315789469999800e+02 5.037105263160000277e+02
4.765588235289999943e+02 5.037352941180000130e+02
1.355555555599999984e+01 5.056666666670000154e+02
5.846000000000000227e+02 5.054499999999999886e+02
8.333333330000000094e-01 5.060000000000000000e+02
1.380999999999999943e+02 5.061000000000000227e+02
5.190000000000000000e+02 5.057857142859999726e+02
4.925000000000000000e+02 5.082894736839999723e+02
2.755000000000000000e+02 5.090000000000000000e+02
4.510000000000000000e+02 5.102142857140000274e+02
2.031250000000000000e+02 5.117500000000000000e+02
3.325000000000000000e+02 5.105000000000000000e+02
4.351428571430000147e+02 5.132857142860000295e+02
4.150000000000000000e+01 5.140000000000000000e+02
1.515000000000000000e+02 5.145000000000000000e+02
1.704166666669999870e+02 5.151666666669999586e+02
5.538846153849999610e+02 5.148846153849999610e+02
1.288333333330000130e+02 5.155833333330000414e+02
2.943333333329999846e+02 5.154166666669999586e+02
5.072368421049999938e+02 5.168684210530000200e+02
2.234090909090000139e+02 5.188636363639999445e+02
2.590000000000000000e+02 5.202142857139999705e+02
3.552777777779999724e+02 5.198888888889999862e+02
5.390000000000000000e+02 5.210000000000000000e+02
3.056250000000000000e+01 5.227500000000000000e+02
6.459999999999999432e+01 5.220499999999999545e+02
4.063571428569999853e+02 5.228333333330000414e+02
1.896578947369999923e+02 5.243421052630000077e+02
3.798636363640000013e+02 5.239545454550000159e+02
9.792857142900000156e+01 5.276904761900000267e+02
4.783823529410000219e+02 5.270882352940000146e+02
4.567352941180000130e+02 5.289117647059999854e+02
3.123999999999999773e+02 5.295499999999999545e+02
3.613000000000000114e+02 5.300000000000000000e+02
4.198333333329999846e+02 5.287666666669999813e+02
2.086818181820000007e+02 5.303181818179999709e+02
2.735476190480000014e+02 5.306904761900000267e+02
1.571052631599999927e+01 5.315000000000000000e+02
5.325000000000000000e+01 5.309375000000000000e+02
1.075000000000000000e+02 5.315000000000000000e+02
2.446250000000000000e+02 5.318125000000000000e+02
1.655000000000000000e+02 5.317000000000000455e+02
2.929666666670000268e+02 5.323666666670000041e+02
3.464333333330000073e+02 5.318999999999999773e+02
2.677272727300000099e+01 5.342727272729999868e+02
3.871875000000000000e+02 5.346250000000000000e+02
5.530000000000000000e+02 5.345000000000000000e+02
5.787105263160000277e+02 5.368684210530000200e+02
4.419666666670000268e+02 5.373666666670000041e+02
5.170454545449999841e+02 5.366818181820000291e+02
5.390000000000000000e+02 5.372777777779999724e+02
1.841315789470000084e+02 5.382894736839999723e+02
3.293095238099999733e+02 5.393571428569999853e+02
1.500000000000000000e+02 5.397857142860000295e+02
2.642142857140000274e+02 5.400000000000000000e+02
8.014705882399999837e+01 5.409705882350000365e+02
9.614705882399999837e+01 5.415000000000000000e+02
2.337352941180000130e+02 5.427941176470000073e+02
3.120000000000000000e+02 5.422142857139999705e+02
3.985833333329999846e+02 5.418333333330000414e+02
1.310882352939999862e+02 5.436176470589999781e+02
4.961470588239999984e+02 5.435000000000000000e+02
2.029000000000000057e+02 5.464333333329999505e+02
5.231153846150000390e+02 5.478846153849999610e+02
1.655000000000000000e+02 5.492647058820000439e+02
5.481315789469999800e+02 5.494473684209999647e+02
5.550000000000000000e+01 5.500000000000000000e+02
4.520000000000000000e+02 5.502142857139999705e+02
3.566999999999999886e+02 5.517000000000000455e+02
1.111538461499999997e+01 5.528846153849999610e+02
7.588461538500000358e+01 5.541153846150000390e+02
2.320000000000000000e+02 5.540000000000000000e+02
2.468750000000000000e+02 5.549375000000000000e+02
3.344473684210000215e+02 5.545526315790000353e+02
4.260000000000000000e+02 5.540000000000000000e+02
4.693947368419999862e+02 5.545000000000000000e+02
2.840882352940000146e+02 5.553823529410000219e+02
5.665000000000000000e+02 5.555000000000000000e+02
2.661111111099999960e+01 5.562222222220000276e+02
3.720000000000000000e+02 5.560000000000000000e+02
4.861000000000000227e+02 5.589400000000000546e+02
1.800625000000000000e+02 5.592500000000000000e+02
3.970000000000000000e+02 5.592777777779999724e+02
3.189444444439999984e+02 5.601666666669999586e+02
1.115000000000000000e+02 5.612500000000000000e+02
1.442777777780000008e+02 5.610555555559999448e+02
5.067857142859999726e+02 5.610714285709999558e+02
5.755000000000000000e+02 5.615000000000000000e+02
