7.600000000000000000e+01 5.000000000000000000e-01
8.650000000000000000e+01 5.000000000000000000e-01
1.035000000000000000e+02 5.000000000000000000e-01
1.081363636359999987e+02 1.590909091000000108e+00
1.280000000000000000e+02 5.000000000000000000e-01
1.740000000000000000e+02 5.000000000000000000e-01
3.717380952380000281e+02 2.404761904999999977e+00
4.350000000000000000e+02 5.000000000000000000e-01
5.530000000000000000e+02 5.000000000000000000e-01
5.705000000000000000e+02 1.000000000000000000e+00
4.309523809999999955e+00 3.642857143000000075e+00
2.771999999999999886e+02 3.600000000000000089e+00
4.654166666670000154e+02 2.833333333000000120e+00
4.870500000000000114e+02 3.649999999999999911e+00
5.818684210530000200e+02 3.710526316000000158e+00
2.225000000000000000e+02 4.700000000000000178e+00
5.588461538499999648e+01 7.115384614999999968e+00
3.538750000000000000e+02 7.250000000000000000e+00
1.565555555560000016e+02 9.722222221999999192e+00
1.939117647060000138e+02 9.382352941000000612e+00
2.553823529409999935e+02 9.088235294000000408e+00
4.062222222220000276e+02 1.038888888900000040e+01
5.062500000000000000e+02 1.075000000000000000e+01
5.596538461540000071e+02 9.961538462000000038e+00
3.025000000000000000e+01 1.125000000000000000e+01
3.275555555560000016e+02 1.161111111099999960e+01
5.218999999999999773e+02 1.109999999999999964e+01
7.129999999999999716e+01 1.200000000000000000e+01
9.090000000000000568e+01 1.290000000000000036e+01
3.050263157890000230e+02 1.386842105300000050e+01
3.886111111110000138e+02 1.316666666699999944e+01
4.480294117650000203e+02 1.385294117599999986e+01
5.405000000000000000e+02 1.300000000000000000e+01
1.343333333330000130e+02 1.438888888900000040e+01
4.189705882349999797e+02 1.585294117599999986e+01
1.019117647059999996e+02 1.638235294100000061e+01
1.764090909090000139e+02 1.613636363599999868e+01
5.156250000000000000e+02 1.656250000000000000e+01
4.604090909089999855e+02 1.713636363599999868e+01
5.668529411759999448e+02 1.850000000000000000e+01
2.117222222219999992e+02 2.000000000000000000e+01
3.748999999999999773e+02 1.989999999999999858e+01
4.687222222220000276e+02 2.100000000000000000e+01
1.236111111109999996e+02 2.294444444399999838e+01
2.402333333329999903e+02 2.283333333299999879e+01
5.785000000000000000e+02 2.250000000000000000e+01
3.483260869569999727e+02 2.450000000000000000e+01
1.570000000000000000e+02 2.550000000000000000e+01
2.745000000000000000e+02 2.550000000000000000e+01
4.985000000000000000e+02 2.600000000000000000e+01
2.350000000000000000e+01 2.750000000000000000e+01
5.450000000000000000e+01 2.850000000000000000e+01
3.210000000000000000e+02 2.850000000000000000e+01
3.938636363640000013e+02 2.759090909100000033e+01
4.108846153850000178e+02 2.811538461499999997e+01
7.975000000000000000e+01 3.000000000000000000e+01
2.009615384619999929e+02 2.865384615400000001e+01
2.931153846149999822e+02 3.111538461499999997e+01
5.562500000000000000e+02 3.306250000000000000e+01
1.775000000000000000e+02 3.460526315799999963e+01
5.391153846150000390e+02 3.388461538499999648e+01
1.025666666670000069e+02 3.589999999999999858e+01
2.420000000000000000e+02 3.550000000000000000e+01
5.262142857139999705e+02 3.600000000000000000e+01
5.905000000000000000e+02 3.550000000000000000e+01
2.232500000000000000e+02 3.716666666700000121e+01
3.068636363640000013e+02 3.640909090899999967e+01
3.401000000000000227e+02 3.689999999999999858e+01
3.677307692310000107e+02 3.688461538499999648e+01
4.488333333329999846e+02 3.783333333299999879e+01
4.000000000000000000e+01 3.800000000000000000e+01
1.476333333329999959e+02 3.803333333300000163e+01
2.545000000000000000e+02 3.825000000000000000e+01
3.808333333329999846e+02 3.761111111099999960e+01
1.128947368400000073e+01 3.986842105299999872e+01
4.307777777779999724e+02 4.038888888900000040e+01
5.031315789469999800e+02 4.076315789499999909e+01
4.092500000000000000e+02 4.143750000000000000e+01
6.563333333299999595e+01 4.196666666699999837e+01
4.839117647059999854e+02 4.238235294100000061e+01
5.710000000000000000e+02 4.450000000000000000e+01
2.641250000000000000e+02 4.575000000000000000e+01
2.960000000000000000e+02 4.572222222199999919e+01
3.529117647059999854e+02 4.561764705899999939e+01
1.587352941180000130e+02 4.620588235299999980e+01
8.820833333299999879e+01 4.850000000000000000e+01
1.183421052629999934e+02 4.844736842100000018e+01
3.630000000000000000e+02 4.850000000000000000e+01
3.340000000000000000e+02 4.900000000000000000e+01
4.114705882399999837e+01 5.250000000000000000e+01
1.465000000000000000e+02 5.200000000000000000e+01
4.888888889000000404e+00 5.388888888900000040e+01
2.583333333299999879e+01 5.258333333299999879e+01
2.348333333330000130e+02 5.350000000000000000e+01
5.148846153849999610e+02 5.411538461500000352e+01
5.418999999999999773e+02 5.389999999999999858e+01
6.707894736800000146e+01 5.539473684200000037e+01
1.805000000000000000e+02 5.550000000000000000e+01
1.085000000000000000e+02 5.566666666700000121e+01
2.828125000000000000e+02 5.618750000000000000e+01
4.939666666670000268e+02 5.663333333300000305e+01
2.013888888889999862e+02 5.722222222199999919e+01
3.129615384620000214e+02 5.665384615400000001e+01
3.900000000000000000e+02 5.721428571399999896e+01
4.445769230770000036e+02 5.719230769199999997e+01
3.818999999999999773e+02 5.810000000000000142e+01
5.659117647059999854e+02 5.861764705899999939e+01
9.000000000000000000e+01 5.878571428600000104e+01
5.557727272729999868e+02 6.000000000000000000e+01
2.547222222219999992e+02 6.055555555600000162e+01
4.185000000000000000e+02 6.150000000000000000e+01
4.639117647059999854e+02 6.126470588200000122e+01
5.270882352940000146e+02 6.238235294100000061e+01
3.445000000000000000e+02 6.329999999999999716e+01
1.239545454550000017e+02 6.613636363599999868e+01
2.154333333330000073e+02 6.623333333300000447e+01
2.889999999999999858e+01 6.709999999999999432e+01
1.600000000000000000e+02 6.721428571399999896e+01
4.498333333329999846e+02 6.694444444399999838e+01
5.855000000000000000e+02 6.729999999999999716e+01
2.731666666670000154e+02 6.923333333300000447e+01
3.510555555560000016e+02 6.961111111099999960e+01
1.966176470590000065e+02 6.991176470599999959e+01
4.808636363640000013e+02 6.959090909100000033e+01
2.381666666669999870e+02 7.223333333300000447e+01
2.980000000000000000e+02 7.250000000000000000e+01
4.930000000000000000e+02 7.350000000000000000e+01
4.950000000000000000e+01 7.428947368400000073e+01
1.519000000000000057e+02 7.390000000000000568e+01
4.001470588239999984e+02 7.397058823499999392e+01
4.277500000000000000e+02 7.387500000000000000e+01
8.043333333299999310e+01 7.490000000000000568e+01
1.071666666670000012e+02 7.461111111099999960e+01
3.168846153850000178e+02 7.511538461499999642e+01
4.142142857140000274e+02 7.700000000000000000e+01
4.222222222000000080e+00 7.883333333299999879e+01
2.925000000000000000e+01 8.075000000000000000e+01
2.802894736839999723e+02 8.155263157900000692e+01
3.863999999999999773e+02 8.154999999999999716e+01
2.228846153849999894e+02 8.188461538500000358e+01
4.650000000000000000e+02 8.200000000000000000e+01
5.383333333299999879e+01 8.329999999999999716e+01
1.787857142860000010e+02 8.411904761899999983e+01
5.395000000000000000e+02 8.343750000000000000e+01
5.721666666669999586e+02 8.276666666699999553e+01
5.112500000000000000e+02 8.406250000000000000e+01
1.341363636359999987e+02 8.440909090899999967e+01
2.390000000000000000e+02 8.400000000000000000e+01
2.134499999999999886e+02 8.659999999999999432e+01
3.267941176470000073e+02 8.661764705900000649e+01
1.535000000000000000e+02 8.700000000000000000e+01
9.688461538500000358e+01 8.911538461499999642e+01
4.548333333329999846e+02 8.925000000000000000e+01
4.843750000000000000e+02 8.918750000000000000e+01
3.662826086960000112e+02 9.058695652199999415e+01
5.480000000000000000e+02 9.150000000000000000e+01
2.571086956519999944e+02 9.345652173899999582e+01
5.263666666670000041e+02 9.296666666699999837e+01
7.486363636400000132e+01 9.404545454499999835e+01
3.101153846149999822e+02 9.411538461499999642e+01
5.677500000000000000e+02 9.475000000000000000e+01
1.082142857139999990e+02 9.500000000000000000e+01
4.987857142859999726e+02 9.500000000000000000e+01
1.887142857139999990e+02 9.614285714300000052e+01
4.741000000000000227e+02 9.743333333299999310e+01
2.293421052630000077e+02 9.834210526299999344e+01
4.116999999999999886e+02 9.870000000000000284e+01
4.370000000000000000e+02 9.872222222199999919e+01
5.600000000000000000e+01 9.900000000000000000e+01
1.774285714289999873e+02 9.928571428600000104e+01
3.483823529410000219e+02 9.908823529400000041e+01
5.888529411759999448e+02 9.997058823499999392e+01
1.458846153849999894e+02 1.011153846149999964e+02
4.557666666669999813e+02 1.027000000000000028e+02
1.508823529400000041e+01 1.036176470590000065e+02
1.305666666669999927e+02 1.030999999999999943e+02
2.978684210530000200e+02 1.037105263159999993e+02
3.716666666700000121e+01 1.047666666669999955e+02
9.403333333300000163e+01 1.053666666670000041e+02
2.538333333330000130e+02 1.052500000000000000e+02
3.231000000000000227e+02 1.060999999999999943e+02
5.495000000000000000e+02 1.075000000000000000e+02
2.083181818179999993e+02 1.086818181820000007e+02
4.872500000000000000e+02 1.091250000000000000e+02
5.199117647059999854e+02 1.091470588239999984e+02
2.748846153850000178e+02 1.098846153850000036e+02
3.083888888889999862e+02 1.102222222219999992e+02
3.941153846149999822e+02 1.101153846149999964e+02
1.708846153849999894e+02 1.111153846149999964e+02
3.645555555560000016e+02 1.112777777780000008e+02
4.301153846149999822e+02 1.111153846149999964e+02
1.004166666670000012e+02 1.118333333329999988e+02
1.225000000000000000e+02 1.122999999999999972e+02
6.641304347800000585e+01 1.152826086959999969e+02
2.506250000000000000e+01 1.152500000000000000e+02
5.383571428569999853e+02 1.155714285709999984e+02
4.018750000000000000e+02 1.167500000000000000e+02
1.860000000000000000e+02 1.172142857139999990e+02
4.689117647059999854e+02 1.173823529409999935e+02
5.685000000000000000e+02 1.165000000000000000e+02
2.930882352940000146e+02 1.186176470590000065e+02
4.506250000000000000e+02 1.176250000000000000e+02
2.407857142860000010e+02 1.185000000000000000e+02
2.198846153849999894e+02 1.211153846149999964e+02
2.583999999999999773e+02 1.215499999999999972e+02
5.900714285709999558e+02 1.217857142860000010e+02
1.423421052630000077e+02 1.246578947370000066e+02
3.152142857140000274e+02 1.240000000000000000e+02
3.351153846149999822e+02 1.241153846149999964e+02
4.935000000000000000e+02 1.245000000000000000e+02
1.500000000000000000e+01 1.255000000000000000e+02
3.626000000000000227e+02 1.264500000000000028e+02
8.920000000000000284e+01 1.272000000000000028e+02
4.250882352940000146e+02 1.273823529409999935e+02
1.736004098360000114e+02 1.475081967209999902e+02
5.215499999999999545e+02 1.285999999999999943e+02
4.652142857140000274e+02 1.290000000000000000e+02
5.477857142860000295e+02 1.290000000000000000e+02
1.624499999999999886e+02 1.304000000000000057e+02
5.150000000000000000e+01 1.310000000000000000e+02
5.754166666669999586e+02 1.308333333330000130e+02
2.153421052630000077e+02 1.326578947369999923e+02
1.985714285699999948e+01 1.332857142860000010e+02
2.399117647060000138e+02 1.337352941180000130e+02
3.600000000000000000e+01 1.345000000000000000e+02
3.775833333329999846e+02 1.339166666669999870e+02
1.205000000000000000e+02 1.355000000000000000e+02
3.002222222220000276e+02 1.356666666669999870e+02
4.490384615379999786e+02 1.353461538459999929e+02
7.350000000000000000e+01 1.365000000000000000e+02
3.878999999999999773e+02 1.370999999999999943e+02
1.330000000000000000e+02 1.377857142860000010e+02
8.722222221999999192e+00 1.390000000000000000e+02
3.405000000000000000e+02 1.390000000000000000e+02
4.853461538459999929e+02 1.390384615380000071e+02
2.790000000000000000e+02 1.396999999999999886e+02
5.428846153849999610e+02 1.398846153849999894e+02
2.598333333329999846e+02 1.412333333329999903e+02
4.146176470589999781e+02 1.410882352939999862e+02
1.513888888889999862e+02 1.422222222219999992e+02
1.991666666669999870e+02 1.452333333329999903e+02
5.021000000000000227e+02 1.450999999999999943e+02
5.860000000000000000e+02 1.470000000000000000e+02
1.229666666669999984e+02 1.486333333329999959e+02
3.162142857140000274e+02 1.490000000000000000e+02
5.620000000000000000e+02 1.487857142860000010e+02
1.772142857139999990e+02 1.500000000000000000e+02
3.345000000000000000e+02 1.505000000000000000e+02
4.260000000000000000e+02 1.500000000000000000e+02
8.561764705900000649e+01 1.510882352939999862e+02
3.592777777779999724e+02 1.510000000000000000e+02
3.941470588239999984e+02 1.510294117649999919e+02
4.560000000000000142e+01 1.535500000000000114e+02
2.080000000000000000e+02 1.530000000000000000e+02
1.051250000000000000e+02 1.545000000000000000e+02
4.586875000000000000e+02 1.543750000000000000e+02
4.793999999999999773e+02 1.548000000000000114e+02
7.777777777999999920e+00 1.566111111110000138e+02
7.114705882399999837e+01 1.575000000000000000e+02
4.904090909089999855e+02 1.575909090909999861e+02
1.360000000000000000e+02 1.577857142860000010e+02
5.263666666670000041e+02 1.579666666669999984e+02
2.476052631580000138e+02 1.590789473680000015e+02
4.397857142859999726e+02 1.590000000000000000e+02
5.424090909090000423e+02 1.583181818179999993e+02
2.347380952379999997e+02 1.604523809519999986e+02
2.643823529410000219e+02 1.600882352939999862e+02
2.899117647059999854e+02 1.606176470590000065e+02
3.114090909089999855e+02 1.604090909090000139e+02
1.807173913039999888e+02 1.628913043480000056e+02
2.328947368400000073e+01 1.631315789470000084e+02
3.575000000000000000e+02 1.643000000000000114e+02
5.736363636360000555e+02 1.649545454549999874e+02
4.388461538499999648e+01 1.651153846150000106e+02
3.207666666669999813e+02 1.668333333330000130e+02
6.625000000000000000e+00 1.688125000000000000e+02
6.940000000000000568e+01 1.684499999999999886e+02
3.733461538459999929e+02 1.677307692310000107e+02
5.127222222220000276e+02 1.685555555560000016e+02
2.116999999999999886e+02 1.690000000000000000e+02
2.755000000000000000e+02 1.682142857139999990e+02
4.053888888889999862e+02 1.691666666669999870e+02
4.321470588239999984e+02 1.695000000000000000e+02
5.566176470589999781e+02 1.709117647060000138e+02
1.018333333329999988e+02 1.728333333330000130e+02
5.825000000000000000e+02 1.720000000000000000e+02
4.835000000000000000e+02 1.745000000000000000e+02
1.715000000000000000e+02 1.751470588239999984e+02
2.883750000000000000e+02 1.743750000000000000e+02
4.621666666670000154e+02 1.750555555560000016e+02
8.378571428600000104e+01 1.760000000000000000e+02
4.972647058819999870e+02 1.769117647060000138e+02
1.260000000000000000e+02 1.767857142860000010e+02
1.467777777780000008e+02 1.776111111110000138e+02
5.341470588240000552e+02 1.789117647060000138e+02
2.416904761899999983e+02 1.796428571429999863e+02
2.820333333329999732e+02 1.803666666670000041e+02
4.421666666670000154e+02 1.808333333330000130e+02
8.642857143000000519e+00 1.812142857139999990e+02
3.960294117650000203e+02 1.811470588239999984e+02
2.540909090899999967e+01 1.821363636359999987e+02
4.110000000000000000e+02 1.820000000000000000e+02
2.036500000000000057e+02 1.832500000000000000e+02
3.365000000000000000e+02 1.830000000000000000e+02
2.202222222219999992e+02 1.843888888889999862e+02
3.719375000000000000e+02 1.842500000000000000e+02
3.543421052630000077e+02 1.856578947369999923e+02
5.237222222220000276e+02 1.870000000000000000e+02
5.700000000000000000e+02 1.885000000000000000e+02
1.300000000000000000e+01 1.886999999999999886e+02
4.671153846149999822e+02 1.888846153849999894e+02
2.499000000000000057e+02 1.899000000000000057e+02
5.359090909100000033e+01 1.924090909090000139e+02
1.156333333329999959e+02 1.921666666669999870e+02
2.062222222219999992e+02 1.923888888889999862e+02
4.241428571430000147e+02 1.927142857139999990e+02
3.007500000000000000e+02 1.930625000000000000e+02
2.785000000000000000e+02 1.943000000000000114e+02
3.181666666670000154e+02 1.937666666670000097e+02
3.740909090899999967e+01 1.955909090909999861e+02
3.520000000000000000e+02 1.950000000000000000e+02
8.625000000000000000e+01 1.958750000000000000e+02
1.282272727270000132e+02 1.957727272729999868e+02
1.872500000000000000e+02 1.959166666669999870e+02
4.610789473680000015e+02 1.966052631580000138e+02
4.871470588239999984e+02 1.965000000000000000e+02
1.103666666670000041e+02 1.980333333330000016e+02
1.490000000000000000e+02 1.985000000000000000e+02
5.027352941180000130e+02 1.982647058819999870e+02
5.897000000000000455e+02 1.980000000000000000e+02
8.735294118000000552e+00 1.992647058819999870e+02
1.668846153849999894e+02 1.988846153849999894e+02
3.961666666670000154e+02 1.987500000000000000e+02
4.472857142859999726e+02 1.988571428570000137e+02
2.391153846150000106e+02 2.011153846150000106e+02
2.872500000000000000e+02 2.028750000000000000e+02
3.763823529410000219e+02 2.039117647060000138e+02
5.536176470589999781e+02 2.039117647060000138e+02
3.003999999999999773e+02 2.055500000000000114e+02
5.381000000000000227e+02 2.050999999999999943e+02
6.614705882399999837e+01 2.065000000000000000e+02
2.200000000000000000e+02 2.070000000000000000e+02
2.602777777779999724e+02 2.070000000000000000e+02
3.319545454550000159e+02 2.073636363640000013e+02
4.154473684210000215e+02 2.096578947369999923e+02
5.215000000000000000e+02 2.086538461540000071e+02
4.221428571399999896e+01 2.110000000000000000e+02
2.703095238099999733e+02 2.113571428570000137e+02
2.954761904800000138e+01 2.123095238100000017e+02
3.159285714289999873e+02 2.129285714289999873e+02
8.725000000000000000e+01 2.140625000000000000e+02
1.285000000000000000e+02 2.148529411760000016e+02
1.960000000000000000e+02 2.145000000000000000e+02
3.695000000000000000e+02 2.150000000000000000e+02
3.826250000000000000e+02 2.146250000000000000e+02
4.561153846149999822e+02 2.161153846150000106e+02
5.020000000000000000e+02 2.160000000000000000e+02
5.713823529410000219e+02 2.157941176470000073e+02
1.580000000000000000e+02 2.183333333330000130e+02
7.586363636400000132e+01 2.185909090909999861e+02
6.500000000000000000e+00 2.200714285710000127e+02
1.172692307690000035e+02 2.202692307689999893e+02
1.829000000000000057e+02 2.207500000000000000e+02
2.085000000000000000e+02 2.195000000000000000e+02
3.423999999999999773e+02 2.205500000000000114e+02
4.312142857140000274e+02 2.200000000000000000e+02
4.815000000000000000e+02 2.200000000000000000e+02
5.497727272729999868e+02 2.208636363640000013e+02
2.278846153849999894e+02 2.218846153849999894e+02
2.854902912620000279e+02 2.266262135919999992e+02
5.420000000000000000e+02 2.242777777780000008e+02
9.544736842099999308e+01 2.257105263159999993e+02
2.889999999999999858e+01 2.259000000000000057e+02
5.901666666669999586e+02 2.270000000000000000e+02
4.015833333329999846e+02 2.281666666669999870e+02
4.437500000000000000e+02 2.290833333330000130e+02
1.252222222219999992e+02 2.303333333330000130e+02
2.506666666669999870e+02 2.309444444439999984e+02
5.136538461540000071e+02 2.300384615380000071e+02
5.511538461500000352e+01 2.311153846150000106e+02
4.947777777779999724e+02 2.316111111110000138e+02
3.875000000000000000e+01 2.318750000000000000e+02
1.505000000000000000e+02 2.348529411760000016e+02
3.346578947369999923e+02 2.345526315790000069e+02
4.701842105260000153e+02 2.346578947369999923e+02
5.773888888889999862e+02 2.347777777780000008e+02
1.028947368400000073e+01 2.351315789470000084e+02
1.606999999999999886e+02 2.356333333329999959e+02
2.603235294120000276e+02 2.360294117649999919e+02
2.013823529409999935e+02 2.359117647060000138e+02
8.550000000000000000e+01 2.375000000000000000e+02
3.858684210530000200e+02 2.379736842110000055e+02
4.266333333329999959e+02 2.370333333330000016e+02
3.060000000000000000e+02 2.380000000000000000e+02
3.610000000000000000e+02 2.380000000000000000e+02
3.472142857140000274e+02 2.410000000000000000e+02
2.239117647060000138e+02 2.426176470590000065e+02
2.930000000000000000e+02 2.432777777780000008e+02
5.593823529410000219e+02 2.429117647060000138e+02
6.003846153799999996e+01 2.443461538459999929e+02
1.000999999999999943e+02 2.439000000000000057e+02
4.325000000000000000e+02 2.447857142860000010e+02
3.766818181819999722e+02 2.456818181820000007e+02
1.526333333329999959e+02 2.480333333330000016e+02
2.152142857139999990e+02 2.480000000000000000e+02
4.749615384620000214e+02 2.476538461540000071e+02
1.126538461539999929e+02 2.492692307689999893e+02
4.034499999999999886e+02 2.495999999999999943e+02
5.330000000000000000e+02 2.487857142860000010e+02
8.438888888900000040e+01 2.502222222219999992e+02
1.330000000000000000e+02 2.500000000000000000e+02
1.815000000000000000e+02 2.503333333330000130e+02
5.100384615379999786e+02 2.496538461540000071e+02
2.440000000000000000e+02 2.520000000000000000e+02
2.722222222220000276e+02 2.516111111110000138e+02
4.818571428569999853e+02 2.512857142860000010e+02
2.778571428600000104e+01 2.520000000000000000e+02
5.760000000000000000e+02 2.535000000000000000e+02
3.618333333329999846e+02 2.542500000000000000e+02
5.003333333300000163e+01 2.556333333329999959e+02
3.322500000000000000e+02 2.551250000000000000e+02
4.556578947369999923e+02 2.556578947369999923e+02
2.267500000000000000e+02 2.567500000000000000e+02
4.968684210530000200e+02 2.567631578950000062e+02
5.482272727270000132e+02 2.575454545449999841e+02
3.840000000000000000e+02 2.590000000000000000e+02
1.994090909090000139e+02 2.604090909089999855e+02
2.535500000000000114e+02 2.606000000000000227e+02
3.083125000000000000e+02 2.601875000000000000e+02
1.712142857139999990e+02 2.610000000000000000e+02
2.890000000000000000e+02 2.612142857140000274e+02
3.183500000000000227e+02 2.636999999999999886e+02
4.082333333330000187e+02 2.638333333329999846e+02
4.260000000000000000e+02 2.640000000000000000e+02
1.773529411799999878e+01 2.650294117650000203e+02
1.020000000000000000e+02 2.677222222220000276e+02
1.426333333329999959e+02 2.680333333329999732e+02
1.252999999999999972e+02 2.685000000000000000e+02
4.488846153850000178e+02 2.692692307689999893e+02
9.285714290000000037e-01 2.697857142859999726e+02
3.934210526300000055e+01 2.703421052630000077e+02
4.632692307689999893e+02 2.701153846149999822e+02
4.957352941180000130e+02 2.702647058819999870e+02
6.459999999999999432e+01 2.715500000000000114e+02
1.904000000000000057e+02 2.715500000000000114e+02
5.251153846150000390e+02 2.711153846149999822e+02
3.535000000000000000e+02 2.725000000000000000e+02
5.862222222220000276e+02 2.723888888889999862e+02
8.700000000000000000e+01 2.727857142859999726e+02
3.408999999999999773e+02 2.731000000000000227e+02
5.648846153849999610e+02 2.731153846149999822e+02
3.040000000000000000e+02 2.736999999999999886e+02
2.771470588239999984e+02 2.750294117650000203e+02
3.761666666670000154e+02 2.743888888889999862e+02
4.007500000000000000e+02 2.748333333329999846e+02
4.775000000000000000e+02 2.763000000000000114e+02
5.014499999999999886e+02 2.766000000000000227e+02
1.570000000000000000e+02 2.770000000000000000e+02
5.337500000000000000e+02 2.791666666670000154e+02
2.055000000000000000e+02 2.805000000000000000e+02
2.285000000000000000e+02 2.809285714289999873e+02
2.383181818179999993e+02 2.806818181819999722e+02
1.427777777800000081e+01 2.830000000000000000e+02
1.330999999999999943e+02 2.831000000000000227e+02
5.696111111110000138e+02 2.833333333329999846e+02
3.518333333329999846e+02 2.848333333329999846e+02
2.529000000000000057e+02 2.852599999999999909e+02
4.417500000000000000e+02 2.851250000000000000e+02
4.728684210530000200e+02 2.865000000000000000e+02
7.150000000000000000e+01 2.865000000000000000e+02
1.100000000000000000e+02 2.870000000000000000e+02
1.740000000000000000e+02 2.872142857140000274e+02
2.735000000000000000e+02 2.865000000000000000e+02
5.470000000000000000e+02 2.870000000000000000e+02
4.052857142859999726e+02 2.882857142859999726e+02
4.988461538499999648e+01 2.887307692310000107e+02
9.263333333299999595e+01 2.888333333329999846e+02
2.850000000000000000e+02 2.890000000000000000e+02
3.120384615379999786e+02 2.898076923080000142e+02
3.696999999999999886e+02 2.905000000000000000e+02
1.817222222219999992e+02 2.924444444439999984e+02
3.896111111110000138e+02 2.924444444439999984e+02
4.893095238099999733e+02 2.939285714289999873e+02
1.589117647060000138e+02 2.956176470589999781e+02
4.603947368419999862e+02 2.950789473680000015e+02
5.320000000000000000e+02 2.955000000000000000e+02
2.043666666670000041e+02 2.968333333329999846e+02
2.702941176499999898e+01 2.981470588239999984e+02
5.995454545500000165e+01 2.978636363640000013e+02
2.956000000000000227e+02 2.995500000000000114e+02
3.338999999999999773e+02 2.988999999999999773e+02
4.201111111110000138e+02 3.002222222220000276e+02
3.670294117650000203e+02 3.011470588239999984e+02
4.072777777779999724e+02 3.010000000000000000e+02
5.113235294120000276e+02 3.014411764710000057e+02
7.695454545500000165e+01 3.033181818180000278e+02
1.255499999999999972e+02 3.033999999999999773e+02
1.637500000000000000e+02 3.028750000000000000e+02
2.403461538459999929e+02 3.030384615379999786e+02
3.227272726999999897e+00 3.055454545449999841e+02
2.588999999999999773e+02 3.048999999999999773e+02
5.602222222220000276e+02 3.058333333329999846e+02
4.406666666670000154e+02 3.060555555560000016e+02
3.207352941180000130e+02 3.075000000000000000e+02
5.798846153849999610e+02 3.068846153850000178e+02
2.255555555600000162e+01 3.097222222220000276e+02
1.525000000000000000e+02 3.091470588239999984e+02
4.508823529400000041e+01 3.103823529410000219e+02
2.760000000000000000e+02 3.097857142859999726e+02
2.246176470590000065e+02 3.109117647059999854e+02
4.870294117650000203e+02 3.111470588239999984e+02
9.600000000000000000e+01 3.122142857140000274e+02
1.773181818179999993e+02 3.116818181819999722e+02
3.497500000000000000e+02 3.118333333329999846e+02
3.839615384620000214e+02 3.126538461540000071e+02
2.031470588239999984e+02 3.145000000000000000e+02
4.650000000000000000e+02 3.137857142859999726e+02
5.363333333330000414e+02 3.143333333329999846e+02
4.982222222220000276e+02 3.163888888889999862e+02
1.232500000000000000e+02 3.197500000000000000e+02
1.617500000000000000e+02 3.192500000000000000e+02
2.448846153849999894e+02 3.191153846149999822e+02
4.192142857140000274e+02 3.200000000000000000e+02
5.621428571399999896e+01 3.210000000000000000e+02
8.940000000000000568e+01 3.215500000000000114e+02
5.543823529410000219e+02 3.210882352940000146e+02
3.979736842109999770e+02 3.222894736839999723e+02
4.336333333329999959e+02 3.220333333329999732e+02
8.750000000000000000e-01 3.235000000000000000e+02
2.933571428569999853e+02 3.233095238099999733e+02
2.156818181820000007e+02 3.236818181819999722e+02
5.695714285709999558e+02 3.237142857140000274e+02
5.891666666669999586e+02 3.245000000000000000e+02
6.831818181799999934e+01 3.253181818180000278e+02
3.360000000000000000e+02 3.260000000000000000e+02
3.585000000000000000e+02 3.265000000000000000e+02
4.688333333329999846e+02 3.262500000000000000e+02
4.881153846149999822e+02 3.268846153850000178e+02
2.009117647060000138e+02 3.283823529410000219e+02
6.599999999999999645e+00 3.305500000000000114e+02
2.695000000000000000e+02 3.300000000000000000e+02
3.120000000000000000e+02 3.300000000000000000e+02
5.220000000000000000e+02 3.307222222220000276e+02
1.555000000000000000e+02 3.330000000000000000e+02
1.279117647059999996e+02 3.333823529410000219e+02
3.732222222220000276e+02 3.336111111110000138e+02
3.365789473699999945e+01 3.346578947369999923e+02
2.375000000000000000e+02 3.343333333329999846e+02
2.520000000000000000e+02 3.340000000000000000e+02
3.445869565219999799e+02 3.352826086960000112e+02
1.085625000000000000e+02 3.353750000000000000e+02
1.773823529409999935e+02 3.359117647059999854e+02
3.268529411760000016e+02 3.359705882349999797e+02
4.149615384620000214e+02 3.363461538459999929e+02
5.008333333329999846e+02 3.362500000000000000e+02
5.360000000000000000e+02 3.357857142859999726e+02
3.030000000000000000e+02 3.370000000000000000e+02
4.448999999999999773e+02 3.371000000000000227e+02
5.500000000000000000e+02 3.367857142859999726e+02
7.700000000000000000e+01 3.382142857140000274e+02
5.350000000000000000e+01 3.386999999999999886e+02
2.141153846150000106e+02 3.408846153850000178e+02
2.542777777780000008e+02 3.410000000000000000e+02
3.714705882399999837e+01 3.419705882349999797e+02
2.765555555560000016e+02 3.426111111110000138e+02
4.668333333329999846e+02 3.436333333329999959e+02
3.920000000000000000e+02 3.440000000000000000e+02
9.365789473700000656e+01 3.463421052630000077e+02
4.856666666670000154e+02 3.465000000000000000e+02
4.280625000000000000e+02 3.477500000000000000e+02
1.680000000000000000e+02 3.485000000000000000e+02
5.277857142860000295e+02 3.480000000000000000e+02
3.581999999999999886e+02 3.486999999999999886e+02
5.783421052630000077e+02 3.493421052630000077e+02
3.738846153850000178e+02 3.511153846149999822e+02
1.348809523809999860e+02 3.524047619049999867e+02
1.480882352939999862e+02 3.523823529410000219e+02
1.919000000000000057e+02 3.521000000000000227e+02
4.463999999999999773e+02 3.534499999999999886e+02
3.331875000000000000e+02 3.553125000000000000e+02
5.599545454550000159e+02 3.551363636359999987e+02
3.010000000000000000e+02 3.572272727270000132e+02
4.077666666669999813e+02 3.578333333329999846e+02
1.513157894699999950e+01 3.582894736839999723e+02
5.010000000000000000e+02 3.581666666670000154e+02
2.650000000000000000e+01 3.589545454550000159e+02
6.983333333299999879e+01 3.587500000000000000e+02
1.049444444439999984e+02 3.593888888889999862e+02
9.285714290000000037e-01 3.602142857140000274e+02
5.905000000000000000e+02 3.590000000000000000e+02
2.088846153849999894e+02 3.608846153850000178e+02
5.050000000000000000e+01 3.620000000000000000e+02
8.400000000000000000e+01 3.620000000000000000e+02
2.327222222219999992e+02 3.620000000000000000e+02
2.667500000000000000e+02 3.623500000000000227e+02
2.850454545449999841e+02 3.631363636359999987e+02
5.380000000000000000e+02 3.642142857140000274e+02
1.870000000000000000e+02 3.650000000000000000e+02
5.125000000000000000e+02 3.645000000000000000e+02
3.212142857140000274e+02 3.660000000000000000e+02
3.690000000000000000e+02 3.670000000000000000e+02
3.938750000000000000e+02 3.677500000000000000e+02
4.265909090910000145e+02 3.678636363640000013e+02
1.684333333330000073e+02 3.691000000000000227e+02
5.702894736839999723e+02 3.698684210530000200e+02
4.672500000000000000e+02 3.699375000000000000e+02
1.143571428569999995e+02 3.736904761900000267e+02
3.413750000000000000e+02 3.738750000000000000e+02
1.425000000000000000e+02 3.739285714289999873e+02
4.154411764710000057e+02 3.746764705879999724e+02
5.283888888889999862e+02 3.742222222220000276e+02
5.517105263160000277e+02 3.755000000000000000e+02
4.419705882349999797e+02 3.761470588239999984e+02
4.851250000000000000e+02 3.766875000000000000e+02
2.106764705880000008e+02 3.775588235289999943e+02
1.589000000000000057e+02 3.784333333330000073e+02
6.100000000000000000e+01 3.790000000000000000e+02
9.942307692299999644e+01 3.788846153850000178e+02
2.458684210529999916e+02 3.792368421049999938e+02
3.860789473680000015e+02 3.793947368419999862e+02
4.765000000000000000e+02 3.802083333329999846e+02
2.205999999999999872e+01 3.808999999999999773e+02
3.945000000000000284e+01 3.803999999999999773e+02
2.315769230770000036e+02 3.798076923080000142e+02
5.005500000000000114e+02 3.803999999999999773e+02
2.659117647059999854e+02 3.826176470589999781e+02
1.670384615380000071e+02 3.833461538459999929e+02
8.122222222199999919e+01 3.846111111110000138e+02
3.268999999999999773e+02 3.848999999999999773e+02
1.924499999999999886e+02 3.863999999999999773e+02
2.918181818180000278e+02 3.864545454550000159e+02
3.620000000000000000e+02 3.862142857140000274e+02
4.665000000000000000e+02 3.860000000000000000e+02
3.116111111110000138e+02 3.871666666670000154e+02
3.989117647059999854e+02 3.871470588239999984e+02
4.844499999999999886e+02 3.883999999999999773e+02
5.829117647059999854e+02 3.883823529410000219e+02
2.100000000000000089e+00 3.898999999999999773e+02
4.993000000000000114e+02 3.905000000000000000e+02
1.273750000000000000e+02 3.921875000000000000e+02
4.186052631580000138e+02 3.949210526319999985e+02
2.785909090910000145e+02 3.951363636359999987e+02
3.510882352940000146e+02 3.952058823529999927e+02
6.700000000000000000e+01 3.962777777779999724e+02
5.211000000000000227e+02 3.961000000000000227e+02
1.645000000000000000e+02 3.975000000000000000e+02
2.320789473680000015e+02 3.983421052630000077e+02
3.083823529410000219e+02 3.980882352940000146e+02
5.360714285709999558e+02 3.985000000000000000e+02
1.433461538459999929e+02 3.987307692310000107e+02
1.756250000000000000e+02 3.983750000000000000e+02
5.617500000000000000e+02 3.997500000000000000e+02
2.123000000000000114e+02 4.000000000000000000e+02
1.034210526300000055e+01 4.013421052630000077e+02
4.375000000000000000e+02 4.010000000000000000e+02
4.486578947369999923e+02 4.026578947369999923e+02
9.083333333299999879e+01 4.026111111110000138e+02
3.716600000000000250e+02 4.041000000000000227e+02
4.921428571399999896e+01 4.040000000000000000e+02
1.063823529409999935e+02 4.059117647059999854e+02
1.956818181820000007e+02 4.056818181819999722e+02
4.253666666670000041e+02 4.066333333329999959e+02
5.148333333330000414e+02 4.053888888889999862e+02
5.905000000000000000e+02 4.055000000000000000e+02
2.700000000000000000e+01 4.070000000000000000e+02
1.449705882350000081e+02 4.071470588239999984e+02
3.825909090910000145e+02 4.068636363640000013e+02
5.827142857139999705e+02 4.068571428569999853e+02
1.262999999999999972e+02 4.076000000000000227e+02
4.081000000000000227e+02 4.091000000000000227e+02
3.318571428569999853e+02 4.096428571430000147e+02
3.445000000000000000e+02 4.105000000000000000e+02
2.681666666670000154e+02 4.125000000000000000e+02
2.230454545450000126e+02 4.143636363640000013e+02
5.356538461540000071e+02 4.139615384620000214e+02
1.000000000000000000e+02 4.152142857140000274e+02
2.496538461540000071e+02 4.150384615379999786e+02
4.913888888889999862e+02 4.155555555560000016e+02
4.736578947369999923e+02 4.158157894739999847e+02
1.056250000000000000e+01 4.183750000000000000e+02
7.825000000000000000e+01 4.181250000000000000e+02
1.715000000000000000e+02 4.190000000000000000e+02
1.871153846150000106e+02 4.188846153850000178e+02
2.064090909090000139e+02 4.188636363640000013e+02
3.751499999999999773e+02 4.190000000000000000e+02
5.661153846150000390e+02 4.192692307689999893e+02
5.496111111110000138e+02 4.202222222220000276e+02
5.050000000000000000e+01 4.215000000000000000e+02
2.848750000000000000e+02 4.215000000000000000e+02
4.199705882349999797e+02 4.228529411760000016e+02
4.465000000000000000e+02 4.220000000000000000e+02
3.030000000000000000e+02 4.232142857140000274e+02
3.232142857140000274e+02 4.230000000000000000e+02
5.126578947369999923e+02 4.256578947369999923e+02
4.861000000000000227e+02 4.278999999999999773e+02
2.210000000000000142e+01 4.291000000000000227e+02
3.496538461540000071e+02 4.289615384620000214e+02
1.322500000000000000e+02 4.302500000000000000e+02
3.915000000000000000e+02 4.297857142859999726e+02
4.100000000000000000e+01 4.300000000000000000e+02
1.488636363640000013e+02 4.315909090910000145e+02
2.965000000000000000e+02 4.315000000000000000e+02
8.877777777800000081e+01 4.333888888889999862e+02
1.142222222219999992e+02 4.333888888889999862e+02
2.075000000000000000e+02 4.346999999999999886e+02
2.476904761899999983e+02 4.359285714289999873e+02
2.665769230770000036e+02 4.352692307689999893e+02
4.619782608699999855e+02 4.358913043480000056e+02
3.661666666670000154e+02 4.357500000000000000e+02
6.527777777800000081e+01 4.370000000000000000e+02
2.856111111110000138e+02 4.366111111110000138e+02
3.288529411760000016e+02 4.369705882349999797e+02
9.000000000000000222e-01 4.376999999999999886e+02
1.969999999999999929e+01 4.387666666669999813e+02
4.800000000000000000e+01 4.390000000000000000e+02
3.910000000000000000e+02 4.385000000000000000e+02
5.750000000000000000e+02 4.390000000000000000e+02
1.960000000000000000e+02 4.408999999999999773e+02
5.011666666670000154e+02 4.407500000000000000e+02
2.340000000000000000e+02 4.420000000000000000e+02
4.260000000000000000e+02 4.425000000000000000e+02
5.520454545449999841e+02 4.418636363640000013e+02
5.374333333329999505e+02 4.438999999999999773e+02
5.205625000000000000e+02 4.460625000000000000e+02
1.788888888889999862e+02 4.472777777779999724e+02
2.650000000000000000e+02 4.470000000000000000e+02
3.592142857140000274e+02 4.460714285710000127e+02
5.707727272729999868e+02 4.484545454550000159e+02
1.615000000000000000e+02 4.492647058819999870e+02
2.972500000000000000e+02 4.493500000000000227e+02
4.001000000000000227e+02 4.488999999999999773e+02
4.637500000000000000e+02 4.488333333329999846e+02
8.161111111099999960e+01 4.507777777779999724e+02
4.996111111110000138e+02 4.507777777779999724e+02
1.338684210529999916e+02 4.517105263160000277e+02
2.828846153850000178e+02 4.511153846149999822e+02
4.803947368419999862e+02 4.522894736839999723e+02
3.810555555560000016e+02 4.527222222220000276e+02
1.155000000000000000e+02 4.545000000000000000e+02
2.187727272729999868e+02 4.550000000000000000e+02
4.365000000000000000e+02 4.543000000000000114e+02
5.425000000000000000e+02 4.541470588239999984e+02
3.500000000000000000e+01 4.550000000000000000e+02
4.511250000000000000e+02 4.552500000000000000e+02
1.907222222219999992e+02 4.574444444439999984e+02
2.620000000000000000e+02 4.572142857140000274e+02
5.895833333330000414e+02 4.576666666670000154e+02
2.473461538459999929e+02 4.579615384620000214e+02
3.201999999999999886e+02 4.578000000000000114e+02
4.176333333329999959e+02 4.578333333329999846e+02
7.065789473700000656e+01 4.593421052630000077e+02
1.502941176500000076e+01 4.611470588239999984e+02
9.890000000000000568e+01 4.614333333330000073e+02
3.365909090910000145e+02 4.624090909089999855e+02
3.649166666670000154e+02 4.622500000000000000e+02
1.688333333330000130e+02 4.647500000000000000e+02
3.552500000000000000e+02 4.648333333329999846e+02
4.669210526319999985e+02 4.663947368419999862e+02
8.383333333299999879e+01 4.672500000000000000e+02
1.556333333329999959e+02 4.669666666670000268e+02
2.289000000000000057e+02 4.675666666669999927e+02
5.712222222220000276e+02 4.676111111110000138e+02
4.433888888889999862e+02 4.687777777779999724e+02
4.867105263160000277e+02 4.688684210530000200e+02
5.095000000000000000e+02 4.675000000000000000e+02
5.159090909100000033e+01 4.701363636359999987e+02
2.155999999999999943e+02 4.708000000000000114e+02
4.023500000000000227e+02 4.707500000000000000e+02
5.289444444440000552e+02 4.706111111110000138e+02
3.775000000000000000e+02 4.715000000000000000e+02
2.581153846149999822e+02 4.728846153850000178e+02
5.517105263160000277e+02 4.735000000000000000e+02
2.845000000000000000e+02 4.750000000000000000e+02
4.575000000000000000e+01 4.781666666670000154e+02
3.010000000000000000e+02 4.785000000000000000e+02
1.218636363640000013e+02 4.784090909089999855e+02
3.181000000000000227e+02 4.794333333330000073e+02
3.413823529410000219e+02 4.790882352940000146e+02
2.500000000000000000e+01 4.797857142859999726e+02
7.111538461499999642e+01 4.801153846149999822e+02
1.955000000000000000e+02 4.796999999999999886e+02
3.868421053000000054e+00 4.815000000000000000e+02
1.410999999999999943e+02 4.818999999999999773e+02
1.742500000000000000e+02 4.831250000000000000e+02
2.371153846150000106e+02 4.831153846149999822e+02
1.566333333329999959e+02 4.839666666670000268e+02
4.575000000000000000e+02 4.843000000000000114e+02
4.970000000000000000e+02 4.845000000000000000e+02
5.626904761900000267e+02 4.843571428569999853e+02
4.188999999999999773e+02 4.851000000000000227e+02
5.251153846150000390e+02 4.851153846149999822e+02
4.083421052630000077e+02 4.863421052630000077e+02
5.400882352940000146e+02 4.876176470589999781e+02
1.079666666669999984e+02 4.883666666670000041e+02
4.716111111110000138e+02 4.882222222220000276e+02
3.835000000000000000e+02 4.903333333329999846e+02
3.676111111110000138e+02 4.918333333329999846e+02
5.803888888889999862e+02 4.920555555560000016e+02
2.123000000000000114e+02 4.925000000000000000e+02
4.819117647059999854e+02 4.933823529410000219e+02
2.519000000000000057e+02 4.938999999999999773e+02
5.911538461500000352e+01 4.951153846149999822e+02
8.496153846199999293e+01 4.951923076919999858e+02
3.056333333329999959e+02 4.949666666670000268e+02
1.240999999999999943e+02 4.961000000000000227e+02
2.813750000000000000e+02 4.961875000000000000e+02
1.508333333330000130e+02 4.967500000000000000e+02
3.275000000000000000e+01 4.981250000000000000e+02
3.198529411760000016e+02 4.980294117650000203e+02
5.417000000000000455e+02 4.985000000000000000e+02
7.500000000000000000e+01 5.000000000000000000e+02
2.201153846150000106e+02 5.014230769229999964e+02
4.382142857140000274e+02 5.010000000000000000e+02
2.612500000000000000e+02 5.021250000000000000e+02
4.178999999999999773e+02 5.027666666669999813e+02
5.025000000000000000e+02 5.020000000000000000e+02
5.695666666670000495e+02 5.024333333330000073e+02
1.750000000000000000e+02 5.025000000000000000e+02
3.653000000000000114e+02 5.025000000000000000e+02
4.580000000000000000e+02 5.040000000000000000e+02
5.280000000000000000e+02 5.042142857140000274e+02
5.500000000000000000e+00 5.055000000000000000e+02
3.440000000000000000e+02 5.047857142859999726e+02
3.981666666670000154e+02 5.055000000000000000e+02
1.949000000000000057e+02 5.058999999999999773e+02
2.412142857139999990e+02 5.060000000000000000e+02
1.055000000000000000e+02 5.086052631580000138e+02
3.130000000000000000e+02 5.090000000000000000e+02
9.261111111099999960e+01 5.107777777779999724e+02
1.447500000000000000e+02 5.099375000000000000e+02
4.732692307689999893e+02 5.102692307689999893e+02
2.010000000000000142e+01 5.121000000000000227e+02
3.837500000000000000e+02 5.133500000000000227e+02
4.375000000000000000e+01 5.139166666669999586e+02
2.810000000000000000e+02 5.146875000000000000e+02
4.546818181819999722e+02 5.143181818179999709e+02
3.005909090910000145e+02 5.158636363639999445e+02
3.362500000000000000e+02 5.161666666669999586e+02
3.567222222220000276e+02 5.160000000000000000e+02
4.905000000000000000e+02 5.168529411759999448e+02
1.760384615380000071e+02 5.175000000000000000e+02
5.394090909090000423e+02 5.168636363639999445e+02
2.130000000000000000e+02 5.185000000000000000e+02
4.318571428569999853e+02 5.192857142860000295e+02
5.815000000000000000e+02 5.201666666669999586e+02
6.686842105300000583e+01 5.217105263160000277e+02
1.351923076920000142e+02 5.214230769230000533e+02
2.247500000000000000e+02 5.218333333330000414e+02
5.560000000000000000e+02 5.225000000000000000e+02
1.591500000000000057e+02 5.238999999999999773e+02
9.360526315799999963e+01 5.239210526320000554e+02
3.835909090910000145e+02 5.255909090909999577e+02
5.186764705880000292e+02 5.256176470589999781e+02
2.272727273000000103e+00 5.262727272729999868e+02
2.688846153850000178e+02 5.258846153849999610e+02
3.152777777779999724e+02 5.270555555559999448e+02
3.168750000000000000e+01 5.274375000000000000e+02
2.015000000000000000e+02 5.270000000000000000e+02
4.110882352940000146e+02 5.283823529410000219e+02
2.520882352939999862e+02 5.316176470589999781e+02
5.063333333300000305e+01 5.320333333329999732e+02
1.137727272730000010e+02 5.340000000000000000e+02
5.596333333329999959e+02 5.329666666670000268e+02
5.890263157890000230e+02 5.338684210530000200e+02
4.241000000000000227e+02 5.341000000000000227e+02
5.376000000000000227e+02 5.345499999999999545e+02
2.763571428569999853e+02 5.353095238099999733e+02
4.450000000000000000e+02 5.355000000000000000e+02
2.190000000000000000e+02 5.360000000000000000e+02
3.139999999999999858e+01 5.374500000000000455e+02
4.670000000000000000e+02 5.372777777779999724e+02
4.895000000000000000e+02 5.370000000000000000e+02
1.675000000000000000e+02 5.375000000000000000e+02
3.712500000000000000e+02 5.402500000000000000e+02
1.650000000000000000e+01 5.417105263160000277e+02
3.011153846149999822e+02 5.431153846150000390e+02
5.180454545449999841e+02 5.428636363639999445e+02
2.281470588239999984e+02 5.440294117649999635e+02
3.498846153850000178e+02 5.441153846150000390e+02
3.898750000000000000e+02 5.442500000000000000e+02
5.039666666670000268e+02 5.446333333329999959e+02
1.499666666669999984e+02 5.453666666670000041e+02
3.350000000000000000e+02 5.455000000000000000e+02
2.694230769229999964e+02 5.466538461540000071e+02
7.865789473700000656e+01 5.476578947369999923e+02
1.266111111109999996e+02 5.472222222220000276e+02
4.041428571430000147e+02 5.472142857139999705e+02
1.066666666670000012e+02 5.487777777779999724e+02
5.650000000000000000e+01 5.495000000000000000e+02
1.915000000000000000e+02 5.505000000000000000e+02
3.103000000000000114e+02 5.500000000000000000e+02
2.045000000000000000e+02 5.510000000000000000e+02
4.768999999999999773e+02 5.511000000000000227e+02
2.830000000000000000e+02 5.535000000000000000e+02
1.500000000000000000e+01 5.537857142860000295e+02
4.490000000000000000e+02 5.542142857139999705e+02
3.400000000000000000e+01 5.555000000000000000e+02
2.500000000000000000e+02 5.560000000000000000e+02
5.330333333329999732e+02 5.566333333329999959e+02
3.746428571430000147e+02 5.578571428569999853e+02
5.744090909090000423e+02 5.584090909090000423e+02
2.311153846150000106e+02 5.592692307690000462e+02
4.270000000000000000e+02 5.587857142860000295e+02
5.503999999999999773e+02 5.594500000000000455e+02
8.404545454499999835e+01 5.598636363639999445e+02
3.048333333329999846e+02 5.602333333330000187e+02
1.697857142860000010e+02 5.610000000000000000e+02
3.636333333329999959e+02 5.619666666670000268e+02
4.940500000000000114e+02 5.625499999999999545e+02
1.387857142860000010e+02 5.640714285709999558e+02
5.150000000000000000e+02 5.641666666669999586e+02
3.200000000000000000e+02 5.645000000000000000e+02
