3.000000000000000000e+01 1.944444443999999939e+00
5.025000000000000000e+01 1.125000000000000000e+00
1.714333333330000073e+02 1.366666667000000057e+00
3.470000000000000000e+02 5.000000000000000000e-01
3.675000000000000000e+02 8.750000000000000000e-01
4.100000000000000000e+02 1.300000000000000044e+00
5.541363636360000555e+02 1.409090908999999892e+00
5.841153846150000390e+02 1.269230768999999981e+00
4.886000000000000227e+02 4.450000000000000178e+00
5.250625000000000000e+02 4.750000000000000000e+00
1.884411764710000057e+02 5.735294117999999663e+00
2.730625000000000000e+02 5.750000000000000000e+00
1.498888888889999862e+02 6.833333332999999676e+00
4.431000000000000227e+02 5.900000000000000355e+00
5.053421052630000077e+02 6.342105262999999660e+00
1.386176470590000065e+02 7.088235294000000408e+00
4.255000000000000000e+02 7.852941175999999857e+00
6.700000000000000000e+01 8.000000000000000000e+00
3.303823529410000219e+02 8.088235294000000408e+00
5.387857142860000295e+02 8.000000000000000000e+00
1.095000000000000000e+02 9.500000000000000000e+00
4.525909090910000145e+02 9.136363636000000454e+00
9.222222222199999919e+01 1.061111111099999960e+01
1.755000000000000000e+02 9.500000000000000000e+00
2.525000000000000000e+02 1.071052631599999927e+01
2.080000000000000000e+02 1.250000000000000000e+01
3.517727272729999868e+02 1.468181818200000066e+01
2.983999999999999773e+02 1.555000000000000071e+01
3.931666666670000154e+02 1.525000000000000000e+01
1.618750000000000000e+02 1.625000000000000000e+01
4.734499999999999886e+02 1.660000000000000142e+01
5.152999999999999545e+02 1.669999999999999929e+01
3.763888888889999862e+02 1.855555555600000162e+01
7.000000000000000000e+01 1.950000000000000000e+01
2.369444444439999984e+02 1.938888888900000040e+01
4.920000000000000000e+02 1.921428571399999896e+01
5.635000000000000000e+02 1.914705882399999837e+01
5.236666666699999695e+01 1.996666666699999837e+01
2.674090909089999855e+02 2.113636363599999868e+01
5.785499999999999545e+02 2.160000000000000142e+01
1.365789473699999945e+01 2.265789473699999945e+01
3.177777777779999724e+02 2.233333333299999879e+01
3.871363636359999987e+02 2.259090909100000033e+01
1.176578947370000066e+02 2.534210526300000055e+01
1.952142857139999990e+02 2.500000000000000000e+01
3.071363636359999987e+02 2.504545454499999835e+01
4.125000000000000000e+02 2.475000000000000000e+01
1.368571428570000137e+02 2.628571428600000104e+01
5.045000000000000000e+02 2.750000000000000000e+01
2.362500000000000000e+02 2.891666666700000121e+01
2.195000000000000000e+02 2.950000000000000000e+01
2.558846153849999894e+02 3.011538461499999997e+01
3.609166666670000154e+02 3.025000000000000000e+01
4.230000000000000000e+02 3.050000000000000000e+01
5.365833333330000414e+02 2.983333333299999879e+01
9.885714285699999948e+01 3.121428571399999896e+01
2.858333333329999846e+02 3.075000000000000000e+01
3.350000000000000000e+02 3.121428571399999896e+01
5.193823529410000219e+02 3.091176470599999959e+01
5.503666666670000041e+02 3.103333333300000163e+01
3.683333333299999879e+01 3.272222222199999919e+01
1.807222222219999992e+02 3.400000000000000000e+01
6.061764705899999939e+01 3.491176470599999959e+01
8.936363636400000132e+01 3.550000000000000000e+01
3.831666666670000154e+02 3.525000000000000000e+01
4.473947368419999862e+02 3.550000000000000000e+01
9.750000000000000000e+00 3.625000000000000000e+01
5.852647058820000439e+02 3.608823529400000041e+01
1.586176470590000065e+02 3.791176470599999959e+01
3.791176470599999959e+01 4.061764705899999939e+01
2.925000000000000000e+02 4.000000000000000000e+01
5.765000000000000000e+02 4.000000000000000000e+01
2.096666666699999837e+01 4.136666666699999695e+01
1.188750000000000000e+02 4.275000000000000000e+01
3.990000000000000000e+02 4.200000000000000000e+01
4.776176470589999781e+02 4.191176470599999959e+01
5.355625000000000000e+02 4.262500000000000000e+01
2.711000000000000227e+02 4.310000000000000142e+01
3.444473684210000215e+02 4.334210526300000055e+01
3.675000000000000000e+02 4.400000000000000000e+01
1.985000000000000000e+02 4.600000000000000000e+01
4.156176470589999781e+02 4.608823529400000041e+01
7.125000000000000000e+00 4.725000000000000000e+01
4.360000000000000000e+02 4.700000000000000000e+01
3.090000000000000000e+02 4.800000000000000000e+01
6.338235294100000061e+01 4.908823529400000041e+01
1.007000000000000028e+02 4.950000000000000000e+01
3.318333333329999846e+02 4.938888888900000040e+01
4.568529411760000016e+02 5.050000000000000000e+01
4.871666666670000154e+02 4.976666666700000263e+01
2.289782608700000139e+02 5.289130434799999847e+01
8.516666666700000121e+01 5.423333333299999737e+01
1.411190476190000140e+02 5.426190476200000035e+01
3.898333333329999846e+02 5.525000000000000000e+01
5.145000000000000000e+02 5.500000000000000000e+01
1.815999999999999943e+02 5.679999999999999716e+01
5.255000000000000000e+02 5.600000000000000000e+01
2.582647058819999870e+02 5.779411764700000020e+01
3.420000000000000000e+02 5.750000000000000000e+01
3.706578947369999923e+02 5.865789473699999945e+01
1.255000000000000000e+02 5.970000000000000284e+01
2.820000000000000000e+02 6.000000000000000000e+01
5.534090909090000423e+02 6.040909090899999967e+01
1.988461538500000003e+01 6.111538461500000352e+01
4.813888888889999862e+02 6.116666666700000121e+01
5.670000000000000000e+02 6.127777777800000081e+01
5.788076923080000142e+02 6.157692307699999645e+01
2.160882352939999862e+02 6.261764705899999939e+01
3.125000000000000000e+02 6.300000000000000000e+01
4.446999999999999886e+02 6.500000000000000000e+01
3.493421052630000077e+02 6.665789473700000656e+01
3.908823529400000041e+01 6.761764705900000649e+01
7.590000000000000568e+01 6.809999999999999432e+01
1.623461538459999929e+02 6.796153846199999293e+01
2.384411764710000057e+02 6.826470588200000122e+01
2.955000000000000000e+02 6.870000000000000284e+01
3.950000000000000000e+02 6.900000000000000000e+01
1.060000000000000000e+02 6.929999999999999716e+01
1.467857142860000010e+02 7.035714285699999948e+01
1.310000000000000000e+02 7.121428571399999896e+01
4.611153846149999822e+02 7.088461538500000358e+01
2.631000000000000227e+02 7.190000000000000568e+01
4.280000000000000000e+02 7.200000000000000000e+01
1.943888888889999862e+02 7.477777777800000081e+01
4.118333333329999846e+02 7.376666666699999553e+01
4.942857142859999726e+02 7.371428571399999896e+01
2.088235293999999964e+00 7.538235294099999351e+01
5.631000000000000227e+02 7.543333333299999310e+01
5.460000000000000142e+01 7.654999999999999716e+01
9.550000000000000000e+01 7.600000000000000000e+01
1.813181818179999993e+02 7.722727272699999901e+01
2.645238095199999862e+01 7.869047618999999827e+01
3.870294117650000203e+02 7.814705882399999837e+01
4.803000000000000114e+02 7.776666666699999553e+01
5.165714285709999558e+02 7.785714285699999948e+01
2.190000000000000000e+02 7.921428571399999896e+01
5.498333333330000414e+02 7.923333333300000447e+01
3.225000000000000000e+02 8.123333333300000447e+01
4.463181818180000278e+02 8.068181818200000066e+01
2.798684210530000200e+02 8.271052631599999927e+01
5.306333333329999959e+02 8.203333333300000163e+01
2.361666666669999870e+02 8.216666666700000121e+01
3.645000000000000000e+02 8.732608695700000112e+01
7.270000000000000284e+01 8.750000000000000000e+01
1.505000000000000000e+02 8.800000000000000000e+01
3.150000000000000000e+02 8.800000000000000000e+01
1.071153846149999964e+02 8.888461538500000358e+01
2.585500000000000114e+02 9.059999999999999432e+01
2.883888888889999862e+02 9.177777777800000081e+01
1.858846153849999894e+02 9.211538461499999642e+01
4.958999999999999773e+02 9.209999999999999432e+01
5.203666666670000041e+02 9.196666666699999837e+01
2.070000000000000000e+02 9.300000000000000000e+01
3.710000000000000142e+01 9.390000000000000568e+01
4.000000000000000000e+02 9.421428571399999896e+01
4.330789473680000015e+02 9.460526315799999963e+01
1.247857142860000010e+02 9.500000000000000000e+01
1.744333333330000073e+02 9.543333333299999310e+01
3.236176470589999781e+02 9.591176470599999959e+01
4.639615384620000214e+02 9.634615384600000709e+01
5.216666666700000121e+01 9.825000000000000000e+01
1.470384615380000071e+02 9.834615384600000709e+01
2.205500000000000114e+02 9.915000000000000568e+01
5.690000000000000000e+02 9.850000000000000000e+01
4.062500000000000000e+00 1.001250000000000000e+02
8.236666666700000405e+01 1.010333333330000016e+02
5.158529411759999448e+02 1.020294117650000061e+02
2.761153846149999822e+02 1.028846153850000036e+02
3.410882352940000146e+02 1.033823529409999935e+02
4.560333333329999732e+02 1.036333333329999959e+02
4.916578947369999923e+02 1.046578947370000066e+02
2.465000000000000000e+02 1.047000000000000028e+02
4.248846153850000178e+02 1.051153846149999964e+02
6.959090909100000033e+01 1.064090909089999997e+02
3.031470588239999984e+02 1.065000000000000000e+02
5.434500000000000455e+02 1.064000000000000057e+02
2.300000000000000000e+01 1.075000000000000000e+02
1.071153846149999964e+02 1.071153846149999964e+02
3.892692307689999893e+02 1.076538461539999929e+02
4.737500000000000000e+02 1.081250000000000000e+02
5.582500000000000000e+02 1.079166666670000012e+02
2.063181818179999993e+02 1.103181818179999993e+02
3.666176470589999781e+02 1.099117647059999996e+02
5.312333333330000187e+02 1.105666666670000069e+02
1.162500000000000000e+02 1.110833333329999988e+02
1.657307692310000107e+02 1.118846153850000036e+02
2.830000000000000000e+02 1.140000000000000000e+02
1.822692307689999893e+02 1.158846153850000036e+02
4.403750000000000000e+02 1.156250000000000000e+02
1.397777777780000008e+02 1.176111111109999996e+02
2.378000000000000114e+02 1.167999999999999972e+02
2.268750000000000000e+02 1.187500000000000000e+02
2.614523809519999986e+02 1.196904761899999983e+02
3.149615384620000214e+02 1.186538461539999929e+02
3.988999999999999773e+02 1.190999999999999943e+02
6.576923077000000006e+00 1.203461538460000071e+02
3.394090909089999855e+02 1.211363636359999987e+02
1.112777777780000008e+02 1.220000000000000000e+02
3.507105263160000277e+02 1.225000000000000000e+02
4.942272727270000132e+02 1.230000000000000000e+02
5.740000000000000000e+02 1.230000000000000000e+02
4.610000000000000142e+01 1.259000000000000057e+02
9.083333333299999879e+01 1.263888888890000004e+02
4.619615384620000214e+02 1.266538461539999929e+02
1.646176470590000065e+02 1.290882352939999862e+02
5.490000000000000000e+02 1.285000000000000000e+02
1.888461538500000003e+01 1.308846153849999894e+02
3.212500000000000000e+01 1.315000000000000000e+02
3.708846153850000178e+02 1.308846153849999894e+02
4.233750000000000000e+02 1.318125000000000000e+02
4.388750000000000000e+02 1.315000000000000000e+02
1.207500000000000000e+02 1.320625000000000000e+02
1.757142857139999990e+02 1.324285714289999873e+02
2.036052631580000138e+02 1.330789473680000015e+02
4.761000000000000227e+02 1.329000000000000057e+02
5.173421052630000077e+02 1.333421052630000077e+02
6.800000000000000000e+01 1.340000000000000000e+02
2.573666666670000041e+02 1.339666666669999984e+02
2.872500000000000000e+02 1.341250000000000000e+02
2.322777777780000008e+02 1.350000000000000000e+02
2.708636363640000013e+02 1.345909090909999861e+02
3.881153846149999822e+02 1.358846153849999894e+02
1.300000000000000044e+00 1.370000000000000000e+02
3.147500000000000000e+02 1.388333333330000130e+02
3.314473684210000215e+02 1.396578947369999923e+02
5.412692307690000462e+02 1.398846153849999894e+02
1.442857142860000010e+02 1.408571428570000137e+02
1.953750000000000000e+02 1.413125000000000000e+02
5.065000000000000000e+02 1.410000000000000000e+02
5.772500000000000000e+02 1.408333333330000130e+02
1.614491525420000073e+02 1.472966101689999903e+02
3.619117647059999854e+02 1.423823529409999935e+02
5.521153846150000390e+02 1.424230769229999964e+02
4.043571428569999853e+02 1.433095238100000017e+02
4.246999999999999886e+02 1.430000000000000000e+02
4.580000000000000000e+02 1.432142857139999990e+02
4.164999999999999858e+01 1.478000000000000114e+02
3.908571428569999853e+02 1.482142857139999990e+02
8.404999999999999716e+01 1.500999999999999943e+02
1.219117647059999996e+02 1.496176470590000065e+02
2.216250000000000000e+02 1.499583333330000130e+02
3.286499999999999773e+02 1.498000000000000114e+02
4.692500000000000000e+02 1.492500000000000000e+02
1.333333332999999898e+00 1.506666666669999870e+02
2.087857142860000010e+02 1.510000000000000000e+02
5.230000000000000000e+02 1.515000000000000000e+02
5.674090909090000423e+02 1.515909090909999861e+02
5.950000000000000000e+01 1.532894736840000007e+02
2.454444444439999984e+02 1.549444444439999984e+02
2.635000000000000000e+02 1.545000000000000000e+02
1.822272727270000132e+02 1.556818181820000007e+02
2.856333333329999959e+02 1.560333333330000016e+02
2.995000000000000000e+02 1.565000000000000000e+02
5.428999999999999773e+02 1.560999999999999943e+02
9.700000000000000000e+01 1.577222222219999992e+02
4.905000000000000000e+02 1.575000000000000000e+02
3.688999999999999773e+02 1.580999999999999943e+02
4.359285714289999873e+02 1.585000000000000000e+02
1.334333333330000073e+02 1.590999999999999943e+02
2.080000000000000000e+02 1.590000000000000000e+02
2.705000000000000000e+02 1.585000000000000000e+02
4.211538461500000352e+01 1.601153846150000106e+02
1.518846153849999894e+02 1.601153846150000106e+02
3.481153846149999822e+02 1.631153846150000106e+02
4.558529411760000016e+02 1.639705882350000081e+02
4.240000000000000000e+02 1.650000000000000000e+02
5.183823529410000219e+02 1.649117647060000138e+02
4.045000000000000000e+02 1.660000000000000000e+02
2.028947368400000073e+01 1.675000000000000000e+02
1.261153846149999964e+02 1.671153846150000106e+02
5.547857142860000295e+02 1.670000000000000000e+02
6.727777777800000081e+01 1.680000000000000000e+02
2.460000000000000000e+02 1.682272727270000132e+02
9.710526315999999269e+00 1.695000000000000000e+02
3.719666666670000268e+02 1.696333333329999959e+02
2.858333333329999846e+02 1.703888888889999862e+02
5.404047619049999867e+02 1.724047619049999867e+02
3.191153846149999822e+02 1.728846153849999894e+02
4.713999999999999773e+02 1.735500000000000114e+02
9.555555555600000162e+01 1.747222222219999992e+02
5.728684210530000200e+02 1.747105263159999993e+02
8.309999999999999432e+01 1.760999999999999943e+02
1.514545454549999874e+02 1.767727272729999868e+02
1.638750000000000000e+02 1.762500000000000000e+02
3.930000000000000000e+02 1.767222222219999992e+02
5.033999999999999773e+02 1.765500000000000114e+02
2.852058823529999927e+02 1.783823529409999935e+02
4.455000000000000000e+02 1.788529411760000016e+02
1.992777777780000008e+02 1.790000000000000000e+02
3.320000000000000000e+02 1.790000000000000000e+02
3.528999999999999773e+02 1.789000000000000057e+02
4.068333333329999846e+02 1.787500000000000000e+02
4.621428571430000147e+02 1.802142857139999990e+02
5.714285713999999849e+00 1.808571428570000137e+02
1.616666666700000121e+01 1.807500000000000000e+02
5.167777777779999724e+02 1.816111111110000138e+02
3.160000000000000000e+02 1.817857142860000010e+02
2.213823529409999935e+02 1.840882352939999862e+02
1.000000000000000000e+01 1.850000000000000000e+02
4.588095238100000017e+01 1.862619047620000003e+02
7.725000000000000000e+01 1.860625000000000000e+02
2.536764705880000008e+02 1.876764705880000008e+02
2.721363636359999987e+02 1.870454545450000126e+02
3.037941176470000073e+02 1.873823529409999935e+02
1.128125000000000000e+02 1.886250000000000000e+02
4.240000000000000000e+02 1.877857142860000010e+02
5.508684210530000200e+02 1.899736842110000055e+02
2.689999999999999858e+01 1.915399999999999920e+02
1.270000000000000000e+02 1.922142857139999990e+02
1.833000000000000114e+02 1.915000000000000000e+02
3.530000000000000000e+02 1.920000000000000000e+02
5.668529411759999448e+02 1.925000000000000000e+02
2.824375000000000000e+02 1.935000000000000000e+02
4.842777777779999724e+02 1.932777777780000008e+02
1.002333333330000045e+02 1.948333333330000130e+02
4.555000000000000000e+02 1.955000000000000000e+02
4.931250000000000000e+02 1.952500000000000000e+02
5.295000000000000000e+02 1.950000000000000000e+02
4.460000000000000000e+02 1.955000000000000000e+02
4.000000000000000000e+00 1.977222222219999992e+02
2.066578947369999923e+02 1.976578947369999923e+02
3.895000000000000000e+02 1.975000000000000000e+02
3.757500000000000000e+02 1.987500000000000000e+02
2.255000000000000000e+02 1.986999999999999886e+02
1.416176470590000065e+02 2.000882352939999862e+02
2.331153846150000106e+02 2.011153846150000106e+02
5.450000000000000000e+01 2.025000000000000000e+02
1.681153846150000106e+02 2.018846153849999894e+02
4.092894736839999723e+02 2.028684210529999916e+02
1.910000000000000000e+02 2.030000000000000000e+02
3.294499999999999886e+02 2.035999999999999943e+02
8.583333333299999879e+01 2.042333333329999903e+02
5.132142857139999705e+02 2.040000000000000000e+02
1.511923076920000142e+02 2.085769230770000036e+02
3.120000000000000000e+02 2.080000000000000000e+02
2.917105263160000277e+02 2.101315789470000084e+02
3.843750000000000000e+02 2.093750000000000000e+02
1.375000000000000000e+01 2.112500000000000000e+02
1.124333333329999931e+02 2.109000000000000057e+02
2.500294117649999919e+02 2.110294117649999919e+02
5.336578947369999923e+02 2.116578947369999923e+02
5.712500000000000000e+02 2.121250000000000000e+02
4.085714285699999948e+01 2.135714285710000127e+02
6.862500000000000000e+01 2.130000000000000000e+02
1.339117647060000138e+02 2.136176470590000065e+02
2.261666666669999870e+02 2.132500000000000000e+02
3.050000000000000000e+01 2.141250000000000000e+02
3.690000000000000000e+02 2.142777777780000008e+02
5.553461538459999929e+02 2.144230769229999964e+02
2.720000000000000000e+02 2.155000000000000000e+02
4.301666666670000154e+02 2.147500000000000000e+02
4.790333333329999732e+02 2.156333333329999959e+02
9.065000000000000568e+01 2.171999999999999886e+02
5.040000000000000000e+02 2.160000000000000000e+02
1.704473684209999931e+02 2.176578947369999923e+02
2.060000000000000000e+02 2.173000000000000114e+02
2.829204545449999841e+02 2.221136363640000013e+02
4.023461538459999929e+02 2.199615384619999929e+02
4.555833333329999846e+02 2.198333333330000130e+02
3.245500000000000114e+02 2.215999999999999943e+02
3.446428571430000147e+02 2.213095238100000017e+02
2.506052631580000138e+02 2.220789473680000015e+02
5.870714285709999558e+02 2.217857142860000010e+02
4.193823529410000219e+02 2.242058823529999927e+02
4.875000000000000000e+02 2.246428571429999863e+02
5.730000000000000000e+02 2.250000000000000000e+02
1.212333333330000045e+02 2.268333333330000130e+02
1.388684210529999916e+02 2.262368421049999938e+02
5.811538461500000352e+01 2.268846153849999894e+02
3.053461538459999929e+02 2.283461538459999929e+02
3.815000000000000000e+02 2.285000000000000000e+02
4.439166666670000154e+02 2.277500000000000000e+02
3.850000000000000000e+01 2.301666666669999870e+02
3.567500000000000000e+02 2.301666666669999870e+02
4.678750000000000000e+02 2.307500000000000000e+02
5.168333333330000414e+02 2.304166666669999870e+02
1.007857142860000010e+02 2.310000000000000000e+02
2.166666666999999880e+00 2.328333333330000130e+02
1.901666666669999870e+02 2.321666666669999870e+02
1.545625000000000000e+02 2.346250000000000000e+02
2.875500000000000114e+02 2.344000000000000057e+02
5.305000000000000000e+02 2.340000000000000000e+02
5.536176470589999781e+02 2.350882352939999862e+02
7.700000000000000000e+01 2.365000000000000000e+02
2.606578947369999923e+02 2.366578947369999923e+02
2.186111111110000138e+02 2.372222222219999992e+02
3.460000000000000000e+02 2.380000000000000000e+02
5.085714285710000127e+02 2.379285714289999873e+02
2.689499999999999886e+02 2.396999999999999886e+02
4.035000000000000000e+02 2.390000000000000000e+02
5.875000000000000000e+02 2.375000000000000000e+02
2.400000000000000000e+01 2.405000000000000000e+02
6.508823529400000041e+01 2.433823529409999935e+02
2.351666666669999870e+02 2.435000000000000000e+02
3.784090909089999855e+02 2.428636363640000013e+02
4.536578947369999923e+02 2.433421052630000077e+02
4.325666666669999927e+02 2.446333333329999959e+02
1.790384615380000071e+02 2.453461538459999929e+02
5.700000000000000000e+02 2.450000000000000000e+02
1.285000000000000000e+02 2.460000000000000000e+02
3.201250000000000000e+02 2.465000000000000000e+02
4.720384615379999786e+02 2.456538461540000071e+02
2.120000000000000000e+02 2.472142857139999990e+02
3.603000000000000114e+02 2.465000000000000000e+02
4.838333333329999846e+02 2.470000000000000000e+02
1.057857142860000010e+02 2.480000000000000000e+02
1.970000000000000000e+02 2.490000000000000000e+02
3.989999999999999858e+01 2.495666666669999927e+02
1.482692307689999893e+02 2.511153846150000106e+02
2.975500000000000114e+02 2.515999999999999943e+02
3.816578947369999923e+02 2.536578947369999923e+02
1.144999999999999929e+01 2.544000000000000057e+02
1.679000000000000057e+02 2.540999999999999943e+02
2.887857142859999726e+02 2.560000000000000000e+02
5.977272727300000099e+01 2.573181818180000278e+02
8.538235294099999351e+01 2.570882352940000146e+02
2.164499999999999886e+02 2.573999999999999773e+02
5.381086956520000513e+02 2.574565217389999816e+02
4.056176470589999781e+02 2.579117647059999854e+02
5.005000000000000000e+02 2.600000000000000000e+02
5.254285714290000442e+02 2.601428571430000147e+02
1.181363636359999987e+02 2.605909090910000145e+02
1.427857142860000010e+02 2.610000000000000000e+02
5.863750000000000000e+02 2.635000000000000000e+02
3.471470588239999984e+02 2.645000000000000000e+02
2.495000000000000000e+02 2.655000000000000000e+02
2.666000000000000227e+02 2.655500000000000114e+02
4.287500000000000000e+02 2.655500000000000114e+02
1.040000000000000000e+02 2.662500000000000000e+02
3.179705882349999797e+02 2.668529411760000016e+02
4.937500000000000000e+02 2.671250000000000000e+02
5.614230769230000533e+02 2.671923076919999858e+02
1.805000000000000000e+02 2.695000000000000000e+02
3.034210526300000055e+01 2.706578947369999923e+02
3.741666666670000154e+02 2.696111111110000138e+02
4.764285714289999873e+02 2.700714285710000127e+02
4.604166666670000154e+02 2.708333333329999846e+02
7.800000000000000000e+01 2.725000000000000000e+02
3.336999999999999886e+02 2.725666666669999927e+02
3.969615384620000214e+02 2.723461538459999929e+02
4.448846153850000178e+02 2.721153846149999822e+02
1.290000000000000000e+02 2.737857142859999726e+02
5.023666666670000041e+02 2.749666666670000268e+02
4.300000000000000000e+01 2.767857142859999726e+02
2.036052631580000138e+02 2.769210526319999985e+02
2.385909090909999861e+02 2.768636363640000013e+02
1.490000000000000000e+02 2.780000000000000000e+02
2.950000000000000000e+02 2.775000000000000000e+02
5.350000000000000000e+02 2.787857142859999726e+02
5.660000000000000000e+02 2.795000000000000000e+02
1.701153846150000106e+02 2.798846153850000178e+02
3.665833333329999846e+02 2.801666666670000154e+02
3.690476190000000045e+00 2.814523809519999986e+02
6.759090909100000033e+01 2.811363636359999987e+02
4.005666666669999927e+02 2.814333333330000073e+02
2.265000000000000000e+02 2.835000000000000000e+02
3.872777777779999724e+02 2.830000000000000000e+02
4.660789473680000015e+02 2.836052631580000138e+02
1.100000000000000000e+02 2.845000000000000000e+02
2.480454545450000126e+02 2.856363636359999987e+02
3.095000000000000000e+02 2.857500000000000000e+02
3.465000000000000000e+02 2.848333333329999846e+02
5.503461538459999929e+02 2.849615384620000214e+02
4.843421052630000077e+02 2.876578947369999923e+02
4.160000000000000000e+02 2.880000000000000000e+02
1.778333333330000130e+02 2.895000000000000000e+02
2.835000000000000000e+02 2.885000000000000000e+02
4.343421052630000077e+02 2.894473684210000215e+02
5.231000000000000227e+02 2.888999999999999773e+02
5.850000000000000000e+02 2.890000000000000000e+02
2.350000000000000000e+01 2.907352941180000130e+02
3.276764705879999724e+02 2.905588235289999943e+02
2.078846153849999894e+02 2.911153846149999822e+02
2.703750000000000000e+02 2.903750000000000000e+02
9.100000000000000000e+01 2.925000000000000000e+02
3.631250000000000000e+02 2.935000000000000000e+02
2.342142857139999990e+02 2.940000000000000000e+02
6.531818181799999934e+01 2.953181818180000278e+02
4.515952380950000133e+02 2.963095238099999733e+02
1.495625000000000000e+02 2.975000000000000000e+02
5.031000000000000227e+02 2.971000000000000227e+02
1.227727272730000010e+02 3.000000000000000000e+02
4.065000000000000000e+02 2.996052631580000138e+02
5.633095238099999733e+02 2.993571428569999853e+02
1.346153845999999987e+00 3.005000000000000000e+02
1.630000000000000000e+02 3.005000000000000000e+02
2.745000000000000000e+02 3.000000000000000000e+02
1.436500000000000057e+02 3.010500000000000114e+02
3.770000000000000000e+02 3.015000000000000000e+02
1.001153846149999964e+02 3.021153846149999822e+02
3.125555555560000016e+02 3.027222222220000276e+02
2.617777777779999724e+02 3.036111111110000138e+02
2.965000000000000000e+02 3.035000000000000000e+02
4.772777777779999724e+02 3.030000000000000000e+02
2.210625000000000000e+02 3.062500000000000000e+02
3.471000000000000227e+02 3.061000000000000227e+02
5.762142857139999705e+02 3.063571428569999853e+02
1.977777777800000081e+01 3.076111111110000138e+02
3.800000000000000000e+01 3.070000000000000000e+02
7.511538461499999642e+01 3.068846153850000178e+02
4.352222222220000276e+02 3.076111111110000138e+02
5.498529411759999448e+02 3.085000000000000000e+02
2.000555555560000016e+02 3.096111111110000138e+02
1.815000000000000000e+02 3.105000000000000000e+02
4.960000000000000000e+02 3.125000000000000000e+02
1.095000000000000000e+02 3.143636363640000013e+02
2.352142857139999990e+02 3.130000000000000000e+02
4.581250000000000000e+02 3.137500000000000000e+02
2.661000000000000227e+02 3.161000000000000227e+02
5.275000000000000000e+02 3.185000000000000000e+02
9.216666666700000121e+01 3.191666666670000154e+02
4.160000000000000000e+02 3.192142857140000274e+02
4.328846153850000178e+02 3.188846153850000178e+02
7.288461538500000358e+01 3.201153846149999822e+02
3.546904761900000267e+02 3.204523809519999986e+02
5.650333333329999732e+02 3.203666666670000041e+02
1.935000000000000000e+02 3.218529411760000016e+02
3.310384615379999786e+02 3.213461538459999929e+02
1.626578947369999923e+02 3.226578947369999923e+02
2.901818181819999722e+02 3.226363636359999987e+02
1.000000000000000000e+01 3.230000000000000000e+02
4.916666666700000121e+01 3.227500000000000000e+02
3.081428571430000147e+02 3.237857142859999726e+02
4.665909090910000145e+02 3.238636363640000013e+02
3.934090909089999855e+02 3.255909090910000145e+02
1.250000000000000000e+02 3.265000000000000000e+02
2.158846153849999894e+02 3.261153846149999822e+02
5.110000000000000000e+02 3.262777777779999724e+02
5.867727272729999868e+02 3.272272727270000132e+02
2.864285714300000052e+01 3.280238095240000007e+02
2.482222222219999992e+02 3.296111111110000138e+02
3.410000000000000000e+02 3.300454545449999841e+02
2.352142857139999990e+02 3.300000000000000000e+02
4.510000000000000000e+02 3.305000000000000000e+02
4.821363636359999987e+02 3.299545454550000159e+02
3.225000000000000000e+02 3.321666666670000154e+02
1.825000000000000000e+02 3.331666666670000154e+02
1.505999999999999943e+02 3.345500000000000114e+02
3.742222222220000276e+02 3.343888888889999862e+02
4.050882352940000146e+02 3.356176470589999781e+02
2.465789473699999945e+01 3.366578947369999923e+02
4.675000000000000000e+01 3.358333333329999846e+02
2.755000000000000000e+02 3.362894736839999723e+02
5.039666666670000268e+02 3.366333333329999959e+02
5.478846153849999610e+02 3.358846153850000178e+02
3.915666666669999927e+02 3.371000000000000227e+02
7.021428571399999896e+01 3.380000000000000000e+02
4.262500000000000000e+02 3.380625000000000000e+02
5.303461538459999929e+02 3.379615384620000214e+02
1.047857142860000010e+02 3.390000000000000000e+02
4.616538461540000071e+02 3.399615384620000214e+02
5.179166666669999586e+02 3.402500000000000000e+02
3.023888888889999862e+02 3.418333333329999846e+02
2.140000000000000000e+02 3.421666666670000154e+02
4.768684210530000200e+02 3.425000000000000000e+02
9.090000000000000568e+01 3.428999999999999773e+02
2.455555555560000016e+02 3.447222222220000276e+02
1.660333333330000016e+02 3.453666666670000041e+02
5.687105263160000277e+02 3.457631578950000062e+02
1.890999999999999943e+02 3.461000000000000227e+02
6.300000000000000000e+01 3.465000000000000000e+02
1.317173913039999888e+02 3.488913043480000056e+02
3.690333333329999732e+02 3.486333333329999959e+02
1.359999999999999964e+01 3.495500000000000114e+02
2.983333333299999879e+01 3.495833333329999846e+02
5.851875000000000000e+02 3.506250000000000000e+02
3.561153846149999822e+02 3.511153846149999822e+02
2.350000000000000000e+02 3.520000000000000000e+02
1.522777777780000008e+02 3.530000000000000000e+02
2.952500000000000000e+02 3.542500000000000000e+02
4.127142857140000274e+02 3.538571428569999853e+02
5.571363636360000555e+02 3.539545454550000159e+02
4.480000000000000000e+02 3.557222222220000276e+02
4.971363636359999987e+02 3.545909090910000145e+02
4.033333333299999879e+01 3.575000000000000000e+02
9.950000000000000000e+01 3.581666666670000154e+02
3.353571428569999853e+02 3.585714285710000127e+02
4.253750000000000000e+02 3.573750000000000000e+02
5.101153846149999822e+02 3.588846153850000178e+02
8.483333333299999879e+01 3.609285714289999873e+02
2.616000000000000227e+02 3.605500000000000114e+02
3.107500000000000000e+02 3.601666666670000154e+02
3.930000000000000000e+02 3.605000000000000000e+02
4.580000000000000000e+02 3.600000000000000000e+02
1.858333333299999879e+01 3.615833333329999846e+02
5.368333333330000414e+02 3.612500000000000000e+02
2.139545454549999874e+02 3.615000000000000000e+02
1.198333333329999988e+02 3.649166666670000154e+02
3.677222222220000276e+02 3.638888888889999862e+02
4.780000000000000000e+02 3.640000000000000000e+02
2.771666666670000154e+02 3.652500000000000000e+02
1.677307692310000107e+02 3.657307692310000107e+02
3.395000000000000000e+02 3.668529411760000016e+02
5.711315789469999800e+02 3.662894736839999723e+02
1.850000000000000000e+02 3.670000000000000000e+02
4.126764705879999724e+02 3.684411764710000057e+02
1.289000000000000057e+02 3.688999999999999773e+02
5.411538461500000352e+01 3.701153846149999822e+02
2.084473684209999931e+02 3.743421052630000077e+02
2.452500000000000000e+02 3.751999999999999886e+02
2.855869565219999799e+02 3.755000000000000000e+02
5.061111111110000138e+02 3.741111111110000138e+02
5.228750000000000000e+02 3.742500000000000000e+02
1.467666666670000097e+02 3.768333333329999846e+02
3.737500000000000000e+02 3.762500000000000000e+02
2.251153846150000106e+02 3.778846153850000178e+02
5.489210526320000554e+02 3.786052631580000138e+02
2.698750000000000000e+02 3.792500000000000000e+02
3.638999999999999773e+02 3.791000000000000227e+02
4.368000000000000114e+02 3.796000000000000227e+02
1.616176470590000065e+02 3.799117647059999854e+02
3.162500000000000000e+01 3.818125000000000000e+02
9.711538461499999642e+01 3.808846153850000178e+02
3.036538461540000071e+02 3.809615384620000214e+02
4.605000000000000000e+02 3.810000000000000000e+02
7.244444444399999838e+01 3.837777777779999724e+02
1.819444444439999984e+02 3.836111111110000138e+02
3.953823529410000219e+02 3.855588235289999943e+02
5.369666666670000268e+02 3.853666666670000041e+02
1.255000000000000000e+02 3.862647058819999870e+02
5.748333333330000414e+02 3.868888888889999862e+02
4.755526315789999785e+02 3.883421052630000077e+02
1.216666666699999944e+01 3.908333333329999846e+02
2.490000000000000000e+02 3.900000000000000000e+02
3.388157894739999847e+02 3.910263157890000230e+02
4.157500000000000000e+02 3.907500000000000000e+02
3.200000000000000000e+02 3.910000000000000000e+02
5.006111111110000138e+02 3.908333333329999846e+02
1.440000000000000000e+02 3.922142857140000274e+02
2.123000000000000114e+02 3.915000000000000000e+02
2.381315789470000084e+02 3.920263157890000230e+02
4.278846153850000178e+02 3.918846153850000178e+02
4.043750000000000000e+01 3.957500000000000000e+02
9.855882352899999432e+01 3.954411764710000057e+02
5.181153846150000390e+02 3.948846153850000178e+02
6.339999999999999858e+01 3.965500000000000114e+02
1.713750000000000000e+02 3.953750000000000000e+02
2.558333333299999879e+01 3.968333333329999846e+02
1.886999999999999886e+02 3.965000000000000000e+02
4.467222222220000276e+02 3.975555555560000016e+02
2.780000000000000000e+02 3.975000000000000000e+02
2.980000000000000000e+02 3.997222222220000276e+02
8.613636363599999868e+01 4.000454545449999841e+02
3.870000000000000000e+02 4.005000000000000000e+02
3.698999999999999773e+02 4.025400000000000205e+02
5.555499999999999545e+02 4.026000000000000227e+02
3.247500000000000000e+02 4.034166666670000154e+02
5.782999999999999545e+02 4.033000000000000114e+02
1.605000000000000000e+02 4.045000000000000000e+02
4.923947368419999862e+02 4.050789473680000015e+02
2.596176470589999781e+02 4.059117647059999854e+02
4.199375000000000000e+02 4.072500000000000000e+02
5.126111111110000138e+02 4.081666666670000154e+02
6.912500000000000000e+01 4.092500000000000000e+02
8.333333330000000094e-01 4.100000000000000000e+02
1.223181818179999993e+02 4.103181818180000278e+02
5.251153846150000390e+02 4.098846153850000178e+02
3.082142857140000274e+02 4.110000000000000000e+02
3.406818181819999722e+02 4.122272727270000132e+02
2.032272727270000132e+02 4.123181818180000278e+02
4.700000000000000000e+02 4.120000000000000000e+02
1.428809523809999860e+02 4.137380952380000281e+02
4.010000000000000000e+02 4.135000000000000000e+02
9.703333333300000163e+01 4.146333333329999959e+02
2.388636363640000013e+02 4.135909090910000145e+02
4.440000000000000000e+02 4.137857142859999726e+02
5.875000000000000000e+02 4.135000000000000000e+02
2.254090909090000139e+02 4.165909090910000145e+02
1.881153846150000106e+02 4.171153846149999822e+02
2.775000000000000000e+02 4.190000000000000000e+02
5.260526315799999963e+01 4.220789473680000015e+02
1.136052631579999996e+02 4.210789473680000015e+02
3.126538461540000071e+02 4.210384615379999786e+02
3.743500000000000227e+02 4.221999999999999886e+02
2.485714285699999948e+01 4.222857142859999726e+02
1.697857142860000010e+02 4.220000000000000000e+02
5.450000000000000000e+02 4.220000000000000000e+02
5.597000000000000455e+02 4.225000000000000000e+02
3.450384615379999786e+02 4.241923076919999858e+02
3.893333333329999846e+02 4.233333333329999846e+02
4.834333333330000073e+02 4.241000000000000227e+02
4.535000000000000000e+02 4.253260869569999727e+02
3.850000000000000000e+01 4.257857142859999726e+02
2.907500000000000000e+02 4.261250000000000000e+02
4.168529411760000016e+02 4.270294117650000203e+02
5.191470588240000552e+02 4.269705882349999797e+02
2.085000000000000000e+02 4.275000000000000000e+02
8.844444444399999838e+01 4.295000000000000000e+02
1.261315789469999942e+02 4.292894736839999723e+02
1.521666666669999870e+02 4.294166666670000154e+02
2.594166666670000154e+02 4.288333333329999846e+02
4.261000000000000227e+02 4.288999999999999773e+02
4.946538461540000071e+02 4.289615384620000214e+02
2.427666666670000097e+02 4.301666666670000154e+02
3.283999999999999773e+02 4.315500000000000114e+02
3.616818181819999722e+02 4.306818181819999722e+02
5.806333333329999959e+02 4.309666666670000268e+02
2.812142857140000274e+02 4.335000000000000000e+02
4.950000000000000000e+01 4.376176470589999781e+02
1.885000000000000000e+02 4.362142857140000274e+02
2.320454545450000126e+02 4.373181818180000278e+02
5.378999999999999773e+02 4.374333333330000073e+02
6.800000000000000000e+01 4.386999999999999886e+02
1.773421052630000077e+02 4.386578947369999923e+02
1.135000000000000000e+02 4.395000000000000000e+02
2.559000000000000057e+02 4.391000000000000227e+02
4.625909090910000145e+02 4.391363636359999987e+02
4.000000000000000000e+02 4.400000000000000000e+02
8.414705882399999837e+01 4.410294117650000203e+02
1.296666666700000015e+01 4.426333333329999959e+02
3.910000000000000000e+02 4.415000000000000000e+02
5.520454545449999841e+02 4.421363636359999987e+02
3.040000000000000000e+02 4.432777777779999724e+02
5.172692307690000462e+02 4.433461538459999929e+02
3.536250000000000000e+02 4.433750000000000000e+02
4.408999999999999773e+02 4.444333333330000073e+02
1.570000000000000000e+02 4.462142857140000274e+02
4.335000000000000000e+02 4.455000000000000000e+02
5.010000000000000000e+02 4.470000000000000000e+02
5.643999999999999773e+02 4.475500000000000114e+02
2.612857142859999726e+02 4.485714285710000127e+02
1.361999999999999886e+02 4.493999999999999773e+02
2.091190476190000140e+02 4.495476190480000014e+02
3.737500000000000000e+02 4.488333333329999846e+02
5.386333333329999959e+02 4.488999999999999773e+02
2.808846153850000178e+02 4.501153846149999822e+02
3.278333333329999846e+02 4.510833333329999846e+02
4.774090909089999855e+02 4.520000000000000000e+02
3.166999999999999886e+02 4.530000000000000000e+02
2.366538461540000071e+02 4.540384615379999786e+02
4.566578947369999923e+02 4.546578947369999923e+02
1.000000000000000000e+02 4.548333333329999846e+02
3.489999999999999858e+01 4.568999999999999773e+02
3.466818181819999722e+02 4.573181818180000278e+02
2.911764706000000036e+00 4.583823529410000219e+02
1.724166666669999870e+02 4.578333333329999846e+02
3.622142857140000274e+02 4.580000000000000000e+02
1.478333333330000130e+02 4.587500000000000000e+02
1.915000000000000000e+02 4.608529411760000016e+02
4.170000000000000000e+02 4.597857142859999726e+02
6.145000000000000284e+01 4.616000000000000227e+02
2.275909090909999861e+02 4.611363636359999987e+02
4.011315789469999800e+02 4.635000000000000000e+02
5.018846153850000178e+02 4.641153846149999822e+02
5.671250000000000000e+02 4.647500000000000000e+02
8.650000000000000000e+01 4.663000000000000114e+02
4.333888888889999862e+02 4.687777777779999724e+02
5.477777777779999724e+02 4.686111111110000138e+02
2.739666666670000268e+02 4.696333333329999959e+02
4.250000000000000000e+02 4.697857142859999726e+02
4.835500000000000114e+02 4.703999999999999773e+02
5.240000000000000000e+02 4.700000000000000000e+02
2.778571428600000104e+01 4.710000000000000000e+02
1.185000000000000000e+02 4.710000000000000000e+02
2.066111111110000138e+02 4.712222222220000276e+02
4.211538461500000352e+01 4.728846153850000178e+02
1.544411764710000057e+02 4.743235294120000276e+02
2.936176470589999781e+02 4.740882352940000146e+02
1.757500000000000000e+02 4.751250000000000000e+02
2.527857142860000010e+02 4.750000000000000000e+02
3.127857142859999726e+02 4.750000000000000000e+02
3.393888888889999862e+02 4.752222222220000276e+02
3.743000000000000114e+02 4.745000000000000000e+02
4.762222222220000276e+02 4.752222222220000276e+02
1.890000000000000000e+02 4.770000000000000000e+02
4.023823529410000219e+02 4.769117647059999854e+02
1.290000000000000000e+02 4.780000000000000000e+02
5.361470588240000552e+02 4.785000000000000000e+02
4.477500000000000000e+02 4.788333333329999846e+02
3.813666666670000041e+02 4.795666666669999927e+02
5.665434782610000184e+02 4.811086956519999944e+02
2.351666666669999870e+02 4.812500000000000000e+02
5.005769230770000036e+02 4.826538461540000071e+02
6.500000000000000000e+01 4.830000000000000000e+02
8.628571428600000104e+01 4.831428571430000147e+02
2.000000000000000000e+00 4.840000000000000000e+02
1.076333333329999959e+02 4.840333333329999732e+02
2.797500000000000000e+02 4.842500000000000000e+02
3.650000000000000000e+02 4.835000000000000000e+02
5.767352941179999561e+02 4.852647058819999870e+02
4.830000000000000000e+02 4.862142857140000274e+02
5.175000000000000000e+02 4.880000000000000000e+02
2.877777777800000081e+01 4.893888888889999862e+02
2.470000000000000000e+02 4.895000000000000000e+02
3.240000000000000000e+02 4.900000000000000000e+02
1.210000000000000000e+02 4.917857142859999726e+02
2.085909090909999861e+02 4.918636363640000013e+02
2.180000000000000000e+02 4.917857142859999726e+02
2.968846153850000178e+02 4.928846153850000178e+02
1.503181818179999993e+02 4.952272727270000132e+02
1.695000000000000000e+02 4.945000000000000000e+02
5.376111111110000138e+02 4.951666666670000154e+02
5.487500000000000000e+01 4.967500000000000000e+02
3.411153846149999822e+02 4.958846153850000178e+02
1.929375000000000000e+02 4.982500000000000000e+02
4.144411764710000057e+02 4.986764705879999724e+02
6.529999999999999716e+01 4.985000000000000000e+02
4.333000000000000114e+02 4.993000000000000114e+02
4.565833333329999846e+02 5.006666666670000154e+02
5.020000000000000000e+02 5.000000000000000000e+02
3.500000000000000000e+00 5.025000000000000000e+02
1.018499999999999943e+02 5.027500000000000000e+02
1.422222222219999992e+02 5.023888888889999862e+02
3.678636363640000013e+02 5.014090909089999855e+02
3.993823529410000219e+02 5.030882352940000146e+02
4.700000000000000000e+02 5.037857142859999726e+02
5.537500000000000000e+02 5.040625000000000000e+02
2.533666666670000041e+02 5.055666666669999927e+02
5.245000000000000000e+02 5.060000000000000000e+02
5.781666666669999586e+02 5.065000000000000000e+02
2.811153846149999822e+02 5.071153846149999822e+02
8.200000000000000000e+01 5.085000000000000000e+02
2.349000000000000057e+02 5.081000000000000227e+02
3.795000000000000000e+02 5.085000000000000000e+02
1.850000000000000000e+01 5.091470588239999984e+02
3.098636363640000013e+02 5.085909090910000145e+02
4.873333333329999846e+02 5.106111111110000138e+02
4.668181818200000066e+01 5.123181818179999709e+02
2.986818181819999722e+02 5.116818181819999722e+02
3.553999999999999773e+02 5.134500000000000455e+02
4.451999999999999886e+02 5.127999999999999545e+02
4.291000000000000227e+02 5.138999999999999773e+02
5.400454545449999841e+02 5.148636363639999445e+02
3.189999999999999858e+01 5.161000000000000227e+02
2.051875000000000000e+02 5.163750000000000000e+02
3.290454545449999841e+02 5.155000000000000000e+02
4.102647058819999870e+02 5.177352941179999561e+02
2.293461538459999929e+02 5.179615384620000214e+02
5.571666666669999586e+02 5.192500000000000000e+02
9.900000000000000000e+01 5.212500000000000000e+02
1.229000000000000057e+02 5.201000000000000227e+02
1.545000000000000000e+02 5.200000000000000000e+02
1.740000000000000000e+02 5.200000000000000000e+02
7.000000000000000000e+01 5.220000000000000000e+02
3.851153846149999822e+02 5.217307692309999538e+02
5.105000000000000000e+02 5.218333333330000414e+02
2.588999999999999773e+02 5.261000000000000227e+02
1.150000000000000000e+01 5.271666666669999586e+02
4.978571428600000104e+01 5.270000000000000000e+02
1.960882352939999862e+02 5.273823529410000219e+02
3.179210526319999985e+02 5.273947368420000430e+02
2.490000000000000000e+02 5.280000000000000000e+02
2.802500000000000000e+02 5.320000000000000000e+02
5.364500000000000455e+02 5.313999999999999773e+02
4.441000000000000227e+02 5.321000000000000227e+02
1.503750000000000000e+02 5.331875000000000000e+02
4.160333333329999732e+02 5.333666666670000041e+02
5.135000000000000000e+02 5.332999999999999545e+02
4.607222222220000276e+02 5.340000000000000000e+02
4.775000000000000000e+02 5.342894736839999723e+02
7.761111111099999960e+01 5.352222222220000276e+02
3.409666666670000268e+02 5.353666666670000041e+02
3.812647058819999870e+02 5.356764705880000292e+02
5.593666666670000041e+02 5.349666666670000268e+02
5.860789473679999446e+02 5.356052631579999570e+02
1.685000000000000000e+02 5.362999999999999545e+02
2.113181818179999993e+02 5.363181818179999709e+02
2.350000000000000000e+02 5.362777777779999724e+02
3.635000000000000000e+02 5.360000000000000000e+02
1.095476190480000014e+02 5.376904761900000267e+02
2.892692307689999893e+02 5.376538461540000071e+02
2.383333333299999879e+01 5.398333333330000414e+02
1.255000000000000000e+02 5.401666666669999586e+02
3.235526315789999785e+02 5.403421052630000077e+02
5.020000000000000000e+02 5.400000000000000000e+02
3.065000000000000000e+02 5.407000000000000455e+02
1.865000000000000000e+02 5.445000000000000000e+02
2.597857142859999726e+02 5.440000000000000000e+02
4.040000000000000000e+02 5.445000000000000000e+02
9.370000000000000284e+01 5.466333333329999959e+02
5.800000000000000000e+01 5.462999999999999545e+02
9.884615385000000032e+00 5.478846153849999610e+02
1.590000000000000000e+02 5.475000000000000000e+02
4.461666666670000154e+02 5.487500000000000000e+02
2.278333333330000130e+02 5.497500000000000000e+02
2.796176470589999781e+02 5.500882352940000146e+02
2.020714285710000127e+02 5.525714285709999558e+02
4.753888888889999862e+02 5.529444444440000552e+02
4.320000000000000000e+02 5.530000000000000000e+02
5.443823529410000219e+02 5.530882352940000146e+02
5.732916666669999586e+02 5.542916666669999586e+02
3.503000000000000114e+02 5.542999999999999545e+02
5.217857142860000295e+02 5.540000000000000000e+02
1.437916666669999870e+02 5.555000000000000000e+02
3.770000000000000000e+02 5.572142857139999705e+02
7.221428571399999896e+01 5.590000000000000000e+02
2.516176470590000065e+02 5.589117647059999854e+02
3.131250000000000000e+01 5.603125000000000000e+02
3.033666666670000041e+02 5.599666666670000268e+02
3.313125000000000000e+02 5.601875000000000000e+02
1.737727272729999868e+02 5.607727272729999868e+02
3.150000000000000000e+02 5.607000000000000455e+02
5.128636363639999445e+02 5.605909090909999577e+02
2.080000000000000000e+02 5.611666666669999586e+02
5.350000000000000000e+01 5.615000000000000000e+02
