8.750000000000000000e+01 5.000000000000000000e-01
9.450000000000000000e+01 5.000000000000000000e-01
1.100000000000000000e+02 8.333333330000000094e-01
2.235000000000000000e+02 1.590909091000000108e+00
2.420000000000000000e+02 2.500000000000000000e+00
2.953571428569999853e+02 1.428571429000000004e+00
3.088999999999999773e+02 2.100000000000000089e+00
5.461000000000000227e+02 6.999999999999999556e-01
5.715000000000000000e+02 5.000000000000000000e-01
2.860000000000000142e+01 3.549999999999999822e+00
5.600000000000000000e+01 3.214285713999999849e+00
1.325000000000000000e+02 3.852941175999999857e+00
4.048529411760000016e+02 2.970588235000000132e+00
4.662500000000000000e+02 3.166666666999999880e+00
5.030789473680000015e+02 3.394736841999999921e+00
1.605500000000000114e+02 4.400000000000000355e+00
5.570000000000000000e+02 4.785714286000000151e+00
1.141304347800000052e+01 6.717391304000000396e+00
3.334499999999999886e+02 6.400000000000000355e+00
4.839117647059999854e+02 7.617647059000000276e+00
2.011250000000000000e+02 8.250000000000000000e+00
3.470000000000000000e+02 8.500000000000000000e+00
3.665000000000000000e+02 9.500000000000000000e+00
1.064500000000000028e+02 1.040000000000000036e+01
2.763421052630000077e+02 1.134210526300000055e+01
5.877105263160000277e+02 1.113157894699999950e+01
1.358529411760000016e+02 1.250000000000000000e+01
2.175000000000000000e+02 1.328947368400000073e+01
5.242142857139999705e+02 1.300000000000000000e+01
7.188461538500000358e+01 1.388461538500000003e+01
3.975000000000000000e+02 1.350000000000000000e+01
2.591000000000000227e+02 1.610000000000000142e+01
4.388529411760000016e+02 1.597058823499999924e+01
4.196578947369999923e+02 1.834210526300000055e+01
5.381000000000000227e+02 1.789999999999999858e+01
1.758846153849999894e+02 1.888461538500000003e+01
3.518043478260000256e+02 2.019565217399999923e+01
5.083999999999999773e+02 1.955000000000000071e+01
9.200000000000000000e+01 2.050000000000000000e+01
1.621470588239999984e+02 1.997058823500000102e+01
3.069705882349999797e+02 2.014705882399999837e+01
4.575000000000000000e+02 1.950000000000000000e+01
4.747222222220000276e+02 2.100000000000000000e+01
7.545238095199999862e+01 2.269047618999999827e+01
3.800294117650000203e+02 2.238235294100000061e+01
6.091176470599999959e+01 2.361764705899999939e+01
3.290555555560000016e+02 2.338888888900000040e+01
1.602941176499999898e+01 2.485294117600000163e+01
2.365500000000000114e+02 2.460000000000000142e+01
4.980000000000000000e+02 2.421428571399999896e+01
5.585499999999999545e+02 2.460000000000000142e+01
2.882857142859999726e+02 2.585714285699999948e+01
2.755000000000000000e+02 2.730000000000000071e+01
4.131153846149999822e+02 2.711538461499999997e+01
1.203888888890000004e+02 2.822222222199999919e+01
3.081923076919999858e+02 2.896153846200000004e+01
5.315666666670000495e+02 2.956666666699999979e+01
1.422058823529999927e+02 3.020588235299999980e+01
1.835000000000000000e+02 3.100000000000000000e+01
5.787500000000000000e+02 3.125000000000000000e+01
9.500000000000000000e+00 3.300000000000000000e+01
4.350000000000000000e+01 3.150000000000000000e+01
4.280882352940000146e+02 3.238235294100000061e+01
4.555000000000000000e+02 3.250000000000000000e+01
3.878636363640000013e+02 3.259090909100000033e+01
5.550000000000000000e+02 3.350000000000000000e+01
1.039166666670000012e+02 3.575000000000000000e+01
2.230000000000000000e+02 3.600000000000000000e+01
5.113947368419999862e+02 3.692105263199999854e+01
2.022142857139999990e+02 3.700000000000000000e+01
2.361153846150000106e+02 3.711538461500000352e+01
2.510000000000000000e+02 3.729999999999999716e+01
3.646818181819999722e+02 3.831818181799999934e+01
4.063421052630000077e+02 3.871052631599999927e+01
1.152647058820000012e+02 3.926470588200000122e+01
6.389999999999999858e+01 4.036666666699999695e+01
3.866818181819999722e+02 3.968181818200000066e+01
3.339375000000000000e+02 4.125000000000000000e+01
2.721428571399999896e+01 4.300000000000000000e+01
2.711470588239999984e+02 4.350000000000000000e+01
5.237352941179999561e+02 4.350000000000000000e+01
5.770000000000000000e+02 4.321428571399999896e+01
4.738125000000000000e+02 4.437500000000000000e+01
4.563333333300000305e+01 4.496666666699999837e+01
1.680000000000000000e+02 4.550000000000000000e+01
8.573809523799999965e+01 4.711904761899999983e+01
3.029375000000000000e+02 4.625000000000000000e+01
9.099999999999999645e+00 4.789999999999999858e+01
2.058529411760000016e+02 4.850000000000000000e+01
2.345999999999999943e+02 4.979999999999999716e+01
4.963666666670000041e+02 4.896666666699999837e+01
5.461153846150000390e+02 4.911538461500000352e+01
3.473666666670000041e+02 5.096666666699999837e+01
3.717500000000000000e+02 5.212500000000000000e+01
4.139736842109999770e+02 5.323684210500000091e+01
1.831086956519999944e+02 5.402173913000000027e+01
3.962692307689999893e+02 5.288461538499999648e+01
4.466818181819999722e+02 5.331818181799999934e+01
1.447105263159999993e+02 5.686842105299999872e+01
3.111363636359999987e+02 5.540909090899999967e+01
3.325000000000000000e+02 5.550000000000000000e+01
4.682777777779999724e+02 5.655555555600000162e+01
5.111153846149999822e+02 5.611538461500000352e+01
2.915000000000000000e+02 5.800000000000000000e+01
2.611250000000000000e+02 6.025000000000000000e+01
1.045000000000000000e+02 6.050000000000000000e+01
3.748999999999999773e+02 6.156666666699999979e+01
6.173529411799999878e+01 6.273529411799999878e+01
3.379285714289999873e+02 6.350000000000000000e+01
5.891153846150000390e+02 6.288461538499999648e+01
4.855000000000000000e+02 6.350000000000000000e+01
5.563636363639999445e+02 6.495454545500000165e+01
8.855555555600000162e+01 6.661111111099999960e+01
4.311875000000000000e+02 6.637500000000000000e+01
5.657352941179999561e+02 6.673529411799999878e+01
1.255000000000000000e+02 6.650000000000000000e+01
3.191000000000000227e+02 6.709999999999999432e+01
2.358684210529999916e+02 6.871052631599999927e+01
2.680000000000000000e+02 6.850000000000000000e+01
5.280000000000000000e+02 6.778571428600000104e+01
2.911538461499999997e+01 6.911538461499999642e+01
1.430000000000000000e+02 6.921428571399999896e+01
1.687857142860000010e+02 6.900000000000000000e+01
2.206250000000000000e+02 6.931250000000000000e+01
4.992142857140000274e+02 7.000000000000000000e+01
4.545000000000000000e+02 7.078571428600000104e+01
5.175000000000000000e+01 7.187500000000000000e+01
7.996153846199999293e+01 7.334615384600000709e+01
1.089545454550000017e+02 7.368181818200000066e+01
2.040000000000000000e+02 7.427777777800000081e+01
4.000000000000000000e+02 7.400000000000000000e+01
4.690000000000000000e+02 7.378571428600000104e+01
5.744285714290000442e+02 7.371428571399999896e+01
1.338846153849999894e+02 7.573076923099999647e+01
1.737500000000000000e+02 7.625000000000000000e+01
3.030000000000000000e+02 7.600000000000000000e+01
5.900714285709999558e+02 7.621428571399999896e+01
3.488000000000000114e+02 7.840000000000000568e+01
5.328999999999999773e+02 8.056666666700000690e+01
1.291176470599999959e+01 8.161764705900000649e+01
6.173529411799999878e+01 8.273529411799999878e+01
3.266333333329999959e+02 8.203333333300000163e+01
5.182500000000000000e+02 8.183333333299999879e+01
9.013157894699999417e+01 8.471052631599999927e+01
2.868684210530000200e+02 8.576315789500000619e+01
5.496176470589999781e+02 8.491176470599999959e+01
4.473181818180000278e+02 8.631818181799999934e+01
4.870333333329999732e+02 8.763333333299999595e+01
2.253461538459999929e+02 8.803846153800000707e+01
2.410999999999999943e+02 8.729999999999999716e+01
3.710000000000000000e+02 8.900000000000000000e+01
4.141000000000000227e+02 8.809999999999999432e+01
3.413157894700000128e+01 9.128947368400000073e+01
2.526363636359999987e+02 9.150000000000000000e+01
3.894499999999999886e+02 9.140000000000000568e+01
3.171000000000000227e+02 9.263333333299999595e+01
7.550000000000000000e+01 9.270000000000000284e+01
1.572500000000000000e+02 9.312500000000000000e+01
5.051428571430000147e+02 9.278571428600000104e+01
1.292857142860000010e+02 9.385714285699999948e+01
2.067777777780000008e+02 9.461111111099999960e+01
4.651666666670000154e+02 9.375000000000000000e+01
4.038571428569999853e+02 9.771428571399999896e+01
5.742894736839999723e+02 9.850000000000000000e+01
3.763333333300000305e+01 9.896666666699999837e+01
1.093666666670000041e+02 1.000333333330000016e+02
1.748571428570000137e+02 9.978571428600000104e+01
5.249615384620000214e+02 1.003461538460000071e+02
8.703333333300000163e+01 1.016333333329999959e+02
2.510000000000000000e+02 1.005000000000000000e+02
3.263125000000000000e+02 1.010000000000000000e+02
4.308529411760000016e+02 1.010294117650000061e+02
2.982142857140000274e+02 1.028809523810000002e+02
1.890384615380000071e+02 1.033461538460000071e+02
2.800384615379999786e+02 1.036538461539999929e+02
3.924166666670000154e+02 1.041666666670000012e+02
5.900000000000000000e+01 1.047000000000000028e+02
9.111111110999999596e+00 1.065000000000000000e+02
1.428846153849999894e+02 1.061153846149999964e+02
2.255500000000000114e+02 1.074000000000000057e+02
3.522222222220000276e+02 1.073333333329999988e+02
3.632222222220000276e+02 1.083888888890000004e+02
6.993999999999999773e+01 1.105799999999999983e+02
4.541153846149999822e+02 1.105769230770000036e+02
4.885555555560000016e+02 1.106111111109999996e+02
1.040000000000000000e+02 1.105000000000000000e+02
1.618846153849999894e+02 1.108846153850000036e+02
5.110000000000000000e+02 1.115000000000000000e+02
5.462777777779999724e+02 1.110000000000000000e+02
4.730625000000000000e+02 1.131250000000000000e+02
2.647105263160000277e+02 1.155000000000000000e+02
5.686818181820000291e+02 1.146818181820000007e+02
5.891153846150000390e+02 1.148846153850000036e+02
3.550000000000000000e+01 1.160000000000000000e+02
2.042857142860000010e+02 1.161428571430000005e+02
2.252333333329999903e+02 1.165000000000000000e+02
3.076111111110000138e+02 1.160555555560000016e+02
4.220000000000000000e+02 1.162142857139999990e+02
4.471000000000000227e+02 1.167000000000000028e+02
1.190000000000000000e+02 1.192142857139999990e+02
2.478636363640000013e+02 1.195909090910000003e+02
4.942500000000000000e+02 1.217500000000000000e+02
1.625000000000000000e+01 1.221666666670000012e+02
4.090000000000000000e+02 1.220000000000000000e+02
1.892142857139999990e+02 1.230000000000000000e+02
2.907777777779999724e+02 1.233888888890000004e+02
3.427500000000000000e+02 1.231666666670000012e+02
5.496666666699999837e+01 1.256333333329999959e+02
5.351153846150000390e+02 1.251153846149999964e+02
5.685000000000000000e+02 1.272999999999999972e+02
1.467222222219999992e+02 1.285555555560000016e+02
1.736161290320000035e+02 1.479387096769999914e+02
3.573888888889999862e+02 1.297777777780000008e+02
3.221000000000000227e+02 1.304333333330000073e+02
3.780000000000000000e+02 1.295000000000000000e+02
1.689210526319999985e+02 1.313947368419999862e+02
2.350000000000000000e+02 1.315000000000000000e+02
9.400000000000000000e+01 1.320000000000000000e+02
3.950000000000000000e+02 1.332142857139999990e+02
5.533181818179999709e+02 1.333181818179999993e+02
3.936666666699999695e+01 1.350333333330000016e+02
1.113571428569999995e+02 1.359285714289999873e+02
2.568333333329999846e+02 1.347666666670000097e+02
4.251000000000000227e+02 1.359000000000000057e+02
4.627857142859999726e+02 1.360000000000000000e+02
5.195000000000000000e+02 1.367105263159999993e+02
1.588461538500000003e+01 1.368846153849999894e+02
6.713636363599999868e+01 1.364090909090000139e+02
1.460999999999999943e+02 1.369000000000000057e+02
2.118809523809999860e+02 1.387380952379999997e+02
2.922142857140000274e+02 1.380000000000000000e+02
3.318809523809999860e+02 1.384523809519999986e+02
4.470000000000000000e+02 1.377857142860000010e+02
5.056875000000000000e+02 1.386875000000000000e+02
1.750000000000000000e+02 1.392142857139999990e+02
2.765000000000000000e+02 1.386999999999999886e+02
1.288076923079999858e+02 1.395000000000000000e+02
4.848846153850000178e+02 1.421153846150000106e+02
5.875000000000000000e+02 1.420000000000000000e+02
3.655000000000000000e+02 1.460000000000000000e+02
5.600000000000000000e+02 1.447857142860000010e+02
7.323529412000000072e+00 1.465588235289999943e+02
4.313461538459999929e+02 1.469615384619999929e+02
4.578999999999999773e+02 1.469000000000000057e+02
3.193125000000000000e+02 1.483125000000000000e+02
4.145000000000000000e+02 1.483947368419999862e+02
5.377307692309999538e+02 1.481153846150000106e+02
4.427777777800000081e+01 1.490000000000000000e+02
5.275666666670000495e+02 1.519000000000000057e+02
2.103181818179999993e+02 1.533181818179999993e+02
2.596176470589999781e+02 1.529117647060000138e+02
8.754761904800000138e+01 1.549761904759999993e+02
4.929583333329999846e+02 1.545416666669999870e+02
2.900000000000000000e+02 1.555000000000000000e+02
6.999999999999999556e-01 1.560999999999999943e+02
1.200999999999999943e+02 1.570999999999999943e+02
3.406428571430000147e+02 1.573095238100000017e+02
4.694473684210000215e+02 1.576578947369999923e+02
4.390000000000000000e+02 1.582142857139999990e+02
6.472222222199999919e+01 1.590000000000000000e+02
1.081086956519999944e+02 1.599782608700000139e+02
2.268000000000000114e+02 1.595500000000000114e+02
3.925500000000000114e+02 1.595999999999999943e+02
2.476176470590000065e+02 1.599117647060000138e+02
3.563181818180000278e+02 1.596818181820000007e+02
5.440000000000000000e+02 1.595000000000000000e+02
1.360999999999999943e+02 1.619000000000000057e+02
1.906250000000000000e+02 1.648333333330000130e+02
5.749347826089999671e+02 1.646739130429999989e+02
2.181363636359999987e+02 1.644090909090000139e+02
3.723666666670000041e+02 1.649666666669999984e+02
4.096250000000000000e+02 1.643750000000000000e+02
4.685000000000000000e+02 1.635000000000000000e+02
1.930952381000000173e+01 1.665476190480000014e+02
1.375000000000000000e+01 1.674499999999999886e+02
3.073571428569999853e+02 1.678809523809999860e+02
3.978571428600000104e+01 1.690000000000000000e+02
2.733333333329999846e+02 1.683333333330000130e+02
6.528947368400000073e+01 1.718684210529999916e+02
2.420000000000000000e+02 1.715000000000000000e+02
5.200555555559999448e+02 1.716111111110000138e+02
2.915000000000000000e+02 1.725000000000000000e+02
4.634375000000000000e+02 1.728125000000000000e+02
2.007777777780000008e+02 1.746666666669999870e+02
5.406904761900000267e+02 1.744047619049999867e+02
5.538571428569999853e+02 1.742142857139999990e+02
1.744499999999999886e+02 1.754000000000000057e+02
3.228846153850000178e+02 1.751153846150000106e+02
3.721000000000000227e+02 1.750999999999999943e+02
1.277857142860000010e+02 1.760000000000000000e+02
9.434210526299999344e+01 1.776578947369999923e+02
4.294473684210000215e+02 1.776578947369999923e+02
4.786499999999999773e+02 1.782500000000000000e+02
5.062500000000000000e+02 1.787500000000000000e+02
7.900000000000000000e+01 1.790000000000000000e+02
2.841000000000000227e+02 1.789000000000000057e+02
5.780000000000000000e+02 1.797222222219999992e+02
1.444499999999999886e+02 1.805999999999999943e+02
2.256176470590000065e+02 1.800882352939999862e+02
3.964523809519999986e+02 1.803095238100000017e+02
4.475000000000000000e+02 1.805000000000000000e+02
5.445238095199999862e+01 1.822619047620000003e+02
3.408846153850000178e+02 1.831153846150000106e+02
2.450000000000000000e+01 1.836999999999999886e+02
4.150000000000000000e+02 1.840000000000000000e+02
9.179999999999999716e+00 1.866999999999999886e+02
3.601666666670000154e+02 1.861666666669999870e+02
4.636818181819999722e+02 1.863181818179999993e+02
3.240000000000000000e+02 1.870000000000000000e+02
1.095588235289999943e+02 1.886764705880000008e+02
1.903181818179999993e+02 1.903181818179999993e+02
3.070882352940000146e+02 1.903823529409999935e+02
8.036666666700000405e+01 1.909666666669999984e+02
2.790000000000000000e+02 1.930000000000000000e+02
5.000000000000000000e-01 1.955000000000000000e+02
2.545588235289999943e+02 1.958529411760000016e+02
2.907352941180000130e+02 1.957352941180000130e+02
3.755500000000000114e+02 1.957500000000000000e+02
4.651666666670000154e+02 1.953571428570000137e+02
5.197222222220000276e+02 1.950000000000000000e+02
5.717941176470000073e+02 1.962058823529999927e+02
3.110869565200000153e+01 1.972826086960000112e+02
2.109736842110000055e+02 1.978684210529999916e+02
3.574499999999999886e+02 1.974000000000000057e+02
4.821999999999999886e+02 1.976500000000000057e+02
1.236538461539999929e+02 1.980384615380000071e+02
1.422142857139999990e+02 1.980000000000000000e+02
5.331000000000000227e+02 1.980999999999999943e+02
5.503333333330000414e+02 1.983888888889999862e+02
1.738333333330000130e+02 1.992333333329999903e+02
3.970000000000000000e+02 1.985000000000000000e+02
1.116875000000000000e+02 2.018125000000000000e+02
2.422692307689999893e+02 2.008846153849999894e+02
4.289666666670000268e+02 2.013666666670000041e+02
4.431153846149999822e+02 2.021153846150000106e+02
3.294523809519999986e+02 2.043095238100000017e+02
2.280000000000000000e+02 2.070000000000000000e+02
4.998529411760000016e+02 2.069705882350000081e+02
5.731666666669999586e+02 2.077666666670000097e+02
2.500000000000000000e+01 2.090000000000000000e+02
6.250000000000000000e+01 2.095000000000000000e+02
1.606538461540000071e+02 2.104230769229999964e+02
5.151153846150000390e+02 2.108846153849999894e+02
8.900000000000000000e+01 2.122142857139999990e+02
1.348684210529999916e+02 2.119736842110000055e+02
2.632222222220000276e+02 2.123888888889999862e+02
2.786904761900000267e+02 2.135476190480000014e+02
3.014411764710000057e+02 2.136764705880000008e+02
1.945999999999999943e+02 2.154499999999999886e+02
3.880000000000000000e+02 2.146999999999999886e+02
4.765384615400000001e+01 2.159615384619999929e+02
3.235526315789999785e+02 2.171315789470000084e+02
4.102777777779999724e+02 2.160000000000000000e+02
4.568333333329999846e+02 2.164166666669999870e+02
9.115384614999999968e+00 2.177307692310000107e+02
2.106999999999999886e+02 2.175000000000000000e+02
5.518999999999999773e+02 2.179000000000000057e+02
1.792777777780000008e+02 2.200000000000000000e+02
2.272500000000000000e+02 2.198333333330000130e+02
4.769117647059999854e+02 2.203823529409999935e+02
1.160000000000000000e+02 2.207857142860000010e+02
4.308846153850000178e+02 2.208846153849999894e+02
2.389999999999999858e+01 2.220999999999999943e+02
7.531818181799999934e+01 2.220454545450000126e+02
2.858263157889999775e+02 2.264578947370000037e+02
3.636578947369999923e+02 2.224473684209999931e+02
1.013421052629999934e+02 2.244473684209999931e+02
2.525500000000000114e+02 2.244000000000000057e+02
3.488888888889999862e+02 2.247777777780000008e+02
5.025000000000000000e+02 2.245000000000000000e+02
5.400000000000000000e+02 2.262777777780000008e+02
5.165000000000000000e+02 2.276999999999999886e+02
4.622894736839999723e+02 2.310263157889999945e+02
1.426578947369999923e+02 2.326578947369999923e+02
2.263888888889999862e+02 2.322222222219999992e+02
3.848999999999999773e+02 2.330600000000000023e+02
5.695454545500000165e+01 2.328636363640000013e+02
4.045000000000000000e+02 2.325000000000000000e+02
4.418846153850000178e+02 2.328846153849999894e+02
4.194499999999999886e+02 2.345999999999999943e+02
1.687500000000000000e+02 2.350625000000000000e+02
3.333500000000000227e+02 2.352500000000000000e+02
4.856578947369999923e+02 2.353421052630000077e+02
5.752500000000000000e+02 2.352500000000000000e+02
8.536666666700000405e+01 2.360333333330000016e+02
1.245000000000000000e+02 2.370000000000000000e+02
3.581923076919999858e+02 2.374230769229999964e+02
2.710526316000000158e+00 2.381315789470000084e+02
2.606111111110000138e+02 2.382222222219999992e+02
5.348999999999999773e+02 2.384333333330000073e+02
1.960000000000000000e+02 2.395000000000000000e+02
3.110000000000000000e+02 2.400000000000000000e+02
2.933888888889999862e+02 2.417777777780000008e+02
4.065789473699999945e+01 2.426578947369999923e+02
1.047142857139999990e+02 2.430714285710000127e+02
1.762692307689999893e+02 2.436538461540000071e+02
3.421153846149999822e+02 2.438846153849999894e+02
3.836818181819999722e+02 2.443181818179999993e+02
4.095434782610000184e+02 2.458913043480000056e+02
5.170000000000000000e+02 2.450000000000000000e+02
5.505000000000000000e+02 2.452894736840000007e+02
2.470000000000000000e+02 2.480000000000000000e+02
2.008823529400000041e+01 2.486176470590000065e+02
2.167857142860000010e+02 2.480000000000000000e+02
4.370000000000000000e+02 2.477857142860000010e+02
6.687500000000000000e+01 2.497500000000000000e+02
1.090999999999999943e+02 2.490999999999999943e+02
4.770000000000000000e+02 2.492142857139999990e+02
1.327857142860000010e+02 2.500000000000000000e+02
1.551153846150000106e+02 2.498846153849999894e+02
5.866578947369999923e+02 2.503421052630000077e+02
4.823461538459999929e+02 2.509615384619999929e+02
4.900000000000000000e+01 2.522142857139999990e+02
2.705000000000000000e+02 2.528529411760000016e+02
9.165789473700000656e+01 2.546578947369999923e+02
4.548000000000000114e+02 2.555500000000000114e+02
3.288999999999999773e+02 2.561000000000000227e+02
5.050000000000000000e+02 2.563000000000000114e+02
3.673000000000000114e+02 2.565000000000000000e+02
1.265789473699999945e+01 2.583421052630000077e+02
5.706176470589999781e+02 2.579117647059999854e+02
6.169047618999999827e+01 2.593571428569999853e+02
1.966428571429999863e+02 2.603095238099999733e+02
2.902142857140000274e+02 2.610000000000000000e+02
3.020000000000000000e+02 2.610000000000000000e+02
5.483333333330000414e+02 2.633750000000000000e+02
4.264130434780000201e+02 2.637173913039999888e+02
5.293461538459999929e+02 2.630384615379999786e+02
1.662333333329999903e+02 2.665000000000000000e+02
2.282222222219999992e+02 2.663888888889999862e+02
2.581315789469999800e+02 2.667105263160000277e+02
3.512222222220000276e+02 2.666111111110000138e+02
3.866578947369999923e+02 2.663421052630000077e+02
4.156111111110000138e+02 2.667777777779999724e+02
1.242500000000000000e+02 2.668333333329999846e+02
2.743666666670000041e+02 2.669666666670000268e+02
3.210000000000000000e+02 2.675000000000000000e+02
5.000000000000000000e-01 2.675000000000000000e+02
3.348125000000000000e+02 2.693750000000000000e+02
4.728999999999999773e+02 2.698999999999999773e+02
4.911250000000000000e+02 2.702500000000000000e+02
1.460000000000000000e+02 2.712142857140000274e+02
3.950000000000000000e+02 2.716999999999999886e+02
4.485714285710000127e+02 2.720714285710000127e+02
4.632142857140000274e+02 2.720000000000000000e+02
5.650000000000000000e+02 2.720000000000000000e+02
5.890882352940000146e+02 2.723823529410000219e+02
1.042368421049999938e+02 2.758684210530000200e+02
2.375909090909999861e+02 2.751363636359999987e+02
3.608823529400000041e+01 2.766176470589999781e+02
1.896578947369999923e+02 2.761842105260000153e+02
2.035999999999999943e+02 2.764499999999999886e+02
2.951666666670000154e+02 2.766111111110000138e+02
8.150000000000000000e+01 2.781470588239999984e+02
5.079444444439999984e+02 2.783888888889999862e+02
4.911538461500000352e+01 2.792692307689999893e+02
7.150000000000000000e+01 2.793000000000000114e+02
3.786250000000000000e+02 2.783750000000000000e+02
1.369000000000000057e+02 2.808999999999999773e+02
3.481000000000000227e+02 2.811000000000000227e+02
5.334090909090000423e+02 2.808636363640000013e+02
2.250000000000000000e+02 2.827857142859999726e+02
1.556111111110000138e+02 2.838333333329999846e+02
5.482692307690000462e+02 2.841153846149999822e+02
5.775000000000000000e+02 2.845000000000000000e+02
3.913125000000000000e+02 2.853125000000000000e+02
4.120000000000000000e+02 2.852142857140000274e+02
1.750999999999999943e+02 2.871000000000000227e+02
2.923461538459999929e+02 2.869615384620000214e+02
1.013636363600000045e+01 2.885000000000000000e+02
2.763888888889999862e+02 2.891666666670000154e+02
3.712500000000000000e+02 2.888333333329999846e+02
4.957500000000000000e+02 2.888999999999999773e+02
1.059117647059999996e+02 2.906176470589999781e+02
2.603750000000000000e+02 2.920416666670000154e+02
3.180000000000000000e+02 2.916428571430000147e+02
2.051153846150000106e+02 2.918846153850000178e+02
2.311904761899999983e+01 2.940238095240000007e+02
1.518333333330000130e+02 2.938333333329999846e+02
4.415000000000000000e+02 2.932647058819999870e+02
4.768888888889999862e+02 2.932777777779999724e+02
1.263499999999999943e+02 2.946499999999999773e+02
5.905000000000000000e+02 2.940000000000000000e+02
1.903666666670000041e+02 2.948333333329999846e+02
4.602777777779999724e+02 2.950000000000000000e+02
9.019230769199999997e+01 2.975769230770000036e+02
3.270000000000000000e+02 2.970000000000000000e+02
5.645000000000000000e+02 2.980000000000000000e+02
2.422142857139999990e+02 2.990000000000000000e+02
5.237666666669999813e+02 3.001666666670000154e+02
6.013636363599999868e+01 3.015909090910000145e+02
4.233666666670000041e+02 3.020333333329999732e+02
4.100000000000000000e+01 3.035000000000000000e+02
1.650000000000000000e+02 3.035000000000000000e+02
5.045666666669999927e+02 3.043000000000000114e+02
7.368181818200000066e+01 3.046818181819999722e+02
2.170000000000000000e+02 3.050000000000000000e+02
3.620000000000000000e+02 3.052777777779999724e+02
3.027105263160000277e+02 3.062368421049999938e+02
4.085000000000000000e+02 3.067105263160000277e+02
1.982894736840000007e+02 3.075000000000000000e+02
3.490000000000000000e+02 3.072142857140000274e+02
5.789615384620000214e+02 3.073461538459999929e+02
1.059000000000000057e+02 3.091000000000000227e+02
1.494473684209999931e+02 3.095526315789999785e+02
4.392142857140000274e+02 3.090000000000000000e+02
3.881666666670000154e+02 3.103666666670000041e+02
2.567941176470000073e+02 3.117941176470000073e+02
2.808846153850000178e+02 3.121153846149999822e+02
1.408823529400000041e+01 3.136176470589999781e+02
1.753000000000000114e+02 3.125000000000000000e+02
4.612142857140000274e+02 3.130000000000000000e+02
4.794499999999999886e+02 3.146000000000000227e+02
2.434090909090000139e+02 3.161363636359999987e+02
3.188529411760000016e+02 3.160294117650000203e+02
4.142142857140000274e+02 3.170000000000000000e+02
5.493421052630000077e+02 3.176578947369999923e+02
5.411538461500000352e+01 3.188846153850000178e+02
2.905869565219999799e+02 3.202826086960000112e+02
3.575000000000000000e+02 3.206739130430000273e+02
2.190000000000000000e+02 3.210000000000000000e+02
4.965000000000000000e+02 3.210000000000000000e+02
3.403181818180000278e+02 3.223181818180000278e+02
1.172500000000000000e+02 3.237500000000000000e+02
2.649117647059999854e+02 3.236176470589999781e+02
4.342142857140000274e+02 3.230000000000000000e+02
5.363999999999999773e+02 3.234499999999999886e+02
7.121428571399999896e+01 3.260000000000000000e+02
2.543750000000000000e+02 3.261875000000000000e+02
8.650000000000000000e+01 3.275000000000000000e+02
1.626428571429999863e+02 3.276904761900000267e+02
1.931875000000000000e+02 3.276875000000000000e+02
3.190000000000000000e+02 3.275000000000000000e+02
3.906363636359999987e+02 3.275000000000000000e+02
1.459999999999999964e+01 3.285500000000000114e+02
1.826176470590000065e+02 3.279117647059999854e+02
4.898846153850000178e+02 3.281153846149999822e+02
3.825000000000000000e+01 3.307500000000000000e+02
5.227222222220000276e+02 3.300000000000000000e+02
5.758750000000000000e+02 3.317500000000000000e+02
3.475000000000000000e+02 3.325000000000000000e+02
4.695000000000000000e+02 3.326999999999999886e+02
2.312142857139999990e+02 3.340000000000000000e+02
3.800000000000000000e+02 3.342142857140000274e+02
5.544166666669999586e+02 3.341666666670000154e+02
4.535555555560000016e+02 3.363888888889999862e+02
1.337857142860000010e+02 3.370000000000000000e+02
1.533636363640000013e+02 3.381818181819999722e+02
3.295000000000000000e+02 3.385000000000000000e+02
5.398999999999999773e+02 3.381000000000000227e+02
5.165384615400000001e+01 3.390384615379999786e+02
7.088461538500000358e+01 3.391153846149999822e+02
3.960000000000000000e+02 3.402142857140000274e+02
1.146333333329999959e+02 3.410333333329999732e+02
2.556176470590000065e+02 3.420882352940000146e+02
2.118636363640000013e+02 3.425909090910000145e+02
4.165000000000000000e+02 3.430000000000000000e+02
4.348529411760000016e+02 3.435000000000000000e+02
4.978846153850000178e+02 3.428846153850000178e+02
1.692333333329999903e+02 3.451666666670000154e+02
5.202692307690000462e+02 3.448846153850000178e+02
2.788529411760000016e+02 3.465000000000000000e+02
3.013421052630000077e+02 3.464473684210000215e+02
3.734210526300000055e+01 3.473421052630000077e+02
3.708999999999999773e+02 3.478999999999999773e+02
9.144444444399999838e+01 3.493888888889999862e+02
4.628846153850000178e+02 3.488846153850000178e+02
4.803333333329999846e+02 3.507777777779999724e+02
5.723947368420000430e+02 3.500789473680000015e+02
1.477777777800000081e+01 3.510555555560000016e+02
1.919705882350000081e+02 3.518529411760000016e+02
6.616666666700000121e+01 3.515833333329999846e+02
2.387105263159999993e+02 3.550789473680000015e+02
1.071428570999999996e+00 3.549285714289999873e+02
1.344130434779999916e+02 3.567173913039999888e+02
2.993500000000000227e+02 3.570500000000000114e+02
3.561666666670000154e+02 3.555833333329999846e+02
3.748181818180000278e+02 3.575454545449999841e+02
5.595000000000000000e+02 3.565000000000000000e+02
1.531250000000000000e+02 3.582500000000000000e+02
9.800000000000000000e+01 3.600000000000000000e+02
2.582272727270000132e+02 3.610000000000000000e+02
4.151153846149999822e+02 3.602692307689999893e+02
4.957727272729999868e+02 3.596818181819999722e+02
4.886363636400000132e+01 3.605909090910000145e+02
1.702500000000000000e+02 3.614375000000000000e+02
2.805000000000000000e+02 3.610000000000000000e+02
3.153333333329999846e+02 3.610000000000000000e+02
3.374333333330000073e+02 3.623666666670000041e+02
4.482777777779999724e+02 3.620000000000000000e+02
5.128846153849999610e+02 3.641153846149999822e+02
5.380000000000000000e+02 3.642142857140000274e+02
3.142857142900000156e+01 3.648571428569999853e+02
2.165000000000000000e+02 3.653333333329999846e+02
4.689666666670000268e+02 3.666333333329999959e+02
5.710000000000000000e+02 3.662777777779999724e+02
1.863000000000000114e+02 3.665000000000000000e+02
4.841153846149999822e+02 3.668846153850000178e+02
2.446176470590000065e+02 3.693823529410000219e+02
8.450000000000000000e+01 3.700000000000000000e+02
4.313000000000000114e+02 3.705000000000000000e+02
5.045000000000000000e+02 3.717105263160000277e+02
1.146250000000000000e+02 3.728333333329999846e+02
3.944411764710000057e+02 3.724411764710000057e+02
3.511000000000000227e+02 3.734333333330000073e+02
4.171153846149999822e+02 3.728846153850000178e+02
1.941304347799999874e+01 3.745434782610000184e+02
6.383333333299999879e+01 3.747500000000000000e+02
2.288333333330000130e+02 3.747500000000000000e+02
1.501923076920000142e+02 3.765769230770000036e+02
3.773421052630000077e+02 3.766578947369999923e+02
1.369666666669999984e+02 3.786333333329999959e+02
5.585000000000000000e+02 3.792500000000000000e+02
4.508000000000000114e+02 3.806000000000000227e+02
5.278333333330000414e+02 3.801111111110000138e+02
2.873571428569999853e+02 3.818333333329999846e+02
1.675000000000000000e+02 3.830000000000000000e+02
3.708999999999999773e+02 3.841000000000000227e+02
2.063823529409999935e+02 3.859117647059999854e+02
2.728125000000000000e+02 3.863750000000000000e+02
3.136666666670000154e+02 3.860833333329999846e+02
4.656875000000000000e+02 3.861875000000000000e+02
4.325000000000000000e+01 3.881250000000000000e+02
9.816666666700000121e+01 3.877500000000000000e+02
7.850000000000000000e+01 3.897105263160000277e+02
1.880789473680000015e+02 3.893947368419999862e+02
3.308333333329999846e+02 3.915000000000000000e+02
5.024090909089999855e+02 3.908636363640000013e+02
5.810000000000000000e+02 3.912777777779999724e+02
1.206176470590000065e+02 3.930882352940000146e+02
1.378846153849999894e+02 3.931153846149999822e+02
3.927222222220000276e+02 3.945555555560000016e+02
4.076363636359999987e+02 3.950454545449999841e+02
5.425666666670000495e+02 3.938999999999999773e+02
7.450000000000000178e+00 3.953999999999999773e+02
1.790000000000000000e+02 3.956999999999999886e+02
4.392692307689999893e+02 3.958846153850000178e+02
4.853888888889999862e+02 3.972222222220000276e+02
5.238846153849999610e+02 3.971153846149999822e+02
5.850000000000000000e+01 3.987105263160000277e+02
2.132500000000000000e+02 3.981666666670000154e+02
3.465000000000000000e+02 3.985000000000000000e+02
1.642777777780000008e+02 3.990000000000000000e+02
2.831153846149999822e+02 4.001153846149999822e+02
4.535000000000000000e+02 4.010000000000000000e+02
1.095000000000000000e+02 4.020000000000000000e+02
3.005000000000000000e+02 4.025000000000000000e+02
8.479999999999999716e+01 4.038999999999999773e+02
2.550000000000000000e+01 4.055000000000000000e+02
1.938846153849999894e+02 4.048846153850000178e+02
2.365999999999999943e+02 4.055500000000000114e+02
5.617777777779999724e+02 4.063888888889999862e+02
3.310000000000000000e+02 4.072142857140000274e+02
4.752272727270000132e+02 4.084545454550000159e+02
5.111363636359999987e+02 4.079545454550000159e+02
4.237500000000000000e+01 4.091875000000000000e+02
1.474000000000000057e+02 4.091999999999999886e+02
3.695000000000000000e+02 4.095000000000000000e+02
1.281666666669999870e+02 4.102500000000000000e+02
2.613421052630000077e+02 4.103421052630000077e+02
5.350454545449999841e+02 4.101363636359999987e+02
5.731000000000000227e+02 4.104333333330000073e+02
7.300000000000000000e+01 4.112142857140000274e+02
3.878846153850000178e+02 4.121153846149999822e+02
4.999117647059999854e+02 4.126176470589999781e+02
2.878846153850000178e+02 4.128846153850000178e+02
4.246875000000000000e+02 4.128125000000000000e+02
2.410999999999999943e+02 4.155666666669999927e+02
3.521666666670000154e+02 4.158333333329999846e+02
4.024473684210000215e+02 4.153421052630000077e+02
5.739999999999999858e+01 4.175500000000000114e+02
2.294047619049999867e+02 4.176904761900000267e+02
1.892500000000000000e+02 4.181666666670000154e+02
3.500000000000000000e+00 4.200000000000000000e+02
9.557142857099999844e+01 4.202857142859999726e+02
3.033000000000000114e+02 4.203000000000000114e+02
2.027500000000000000e+02 4.208333333329999846e+02
5.658636363639999445e+02 4.204090909089999855e+02
1.975000000000000000e+01 4.227500000000000000e+02
4.387857142859999726e+02 4.220000000000000000e+02
3.803823529410000219e+02 4.229117647059999854e+02
1.734230769229999964e+02 4.246538461540000071e+02
5.214444444440000552e+02 4.242777777779999724e+02
5.415000000000000000e+02 4.238333333329999846e+02
3.160000000000000000e+02 4.250000000000000000e+02
3.778571428600000104e+01 4.255000000000000000e+02
3.906250000000000000e+02 4.263750000000000000e+02
1.104000000000000057e+02 4.284499999999999886e+02
2.415999999999999943e+02 4.304499999999999886e+02
4.571999999999999886e+02 4.306000000000000227e+02
3.445000000000000000e+02 4.310000000000000000e+02
4.156499999999999773e+02 4.321999999999999886e+02
4.869705882349999797e+02 4.328529411760000016e+02
1.556538461540000071e+02 4.329615384620000214e+02
2.122500000000000000e+02 4.322500000000000000e+02
2.996250000000000000e+02 4.323750000000000000e+02
5.011153846149999822e+02 4.328846153850000178e+02
3.720000000000000000e+02 4.340000000000000000e+02
7.339473684200000037e+01 4.350789473680000015e+02
8.900000000000000000e+01 4.350000000000000000e+02
1.398636363640000013e+02 4.358636363640000013e+02
2.630000000000000000e+02 4.352142857140000274e+02
5.836875000000000000e+02 4.363125000000000000e+02
9.000000000000000222e-01 4.363000000000000114e+02
1.951363636359999987e+02 4.370454545449999841e+02
5.341000000000000227e+02 4.371000000000000227e+02
2.835000000000000000e+02 4.377857142859999726e+02
2.600000000000000000e+02 4.412142857140000274e+02
5.254999999999999716e+01 4.426000000000000227e+02
4.310000000000000000e+02 4.420000000000000000e+02
3.005000000000000000e+02 4.435000000000000000e+02
3.281818181819999722e+02 4.434545454550000159e+02
1.730000000000000000e+02 4.447222222220000276e+02
4.663000000000000114e+02 4.440000000000000000e+02
5.591666666669999586e+02 4.442500000000000000e+02
8.550000000000000000e+01 4.448333333329999846e+02
3.543750000000000000e+02 4.443750000000000000e+02
1.519230769199999997e+01 4.464230769229999964e+02
3.897500000000000000e+02 4.458750000000000000e+02
2.347727272729999868e+02 4.473181818180000278e+02
3.755000000000000000e+02 4.490000000000000000e+02
5.148333333330000414e+02 4.494166666670000154e+02
4.049545454550000159e+02 4.498636363640000013e+02
2.775000000000000000e+02 4.510000000000000000e+02
4.807105263160000277e+02 4.511315789469999800e+02
4.969117647059999854e+02 4.513823529410000219e+02
1.580625000000000000e+02 4.522500000000000000e+02
1.147500000000000000e+02 4.537500000000000000e+02
3.738235294100000061e+01 4.549117647059999854e+02
1.925000000000000000e+02 4.557105263160000277e+02
2.395000000000000000e+02 4.550000000000000000e+02
2.620000000000000000e+02 4.555000000000000000e+02
4.318333333329999846e+02 4.545833333329999846e+02
4.504499999999999886e+02 4.553999999999999773e+02
5.445000000000000000e+02 4.550000000000000000e+02
2.135909090909999861e+02 4.565909090910000145e+02
3.305000000000000000e+02 4.572083333329999846e+02
4.190000000000000000e+02 4.570000000000000000e+02
5.680000000000000000e+02 4.572272727270000132e+02
3.208636363640000013e+02 4.574090909089999855e+02
1.376111111110000138e+02 4.617777777779999724e+02
4.610000000000000000e+02 4.625000000000000000e+02
6.690000000000000568e+01 4.648500000000000227e+02
1.487857142860000010e+02 4.640000000000000000e+02
3.476999999999999886e+02 4.645000000000000000e+02
1.144999999999999929e+01 4.663999999999999773e+02
3.678846153850000178e+02 4.658846153850000178e+02
3.975000000000000000e+02 4.665000000000000000e+02
5.558888888889999862e+02 4.668333333329999846e+02
1.710000000000000000e+02 4.670000000000000000e+02
5.212647058820000439e+02 4.677352941180000130e+02
1.035714285709999984e+02 4.678571428569999853e+02
2.779666666670000268e+02 4.683666666670000041e+02
5.710000000000000000e+02 4.687222222220000276e+02
8.100000000000000000e+01 4.720000000000000000e+02
4.383888888889999862e+02 4.720555555560000016e+02
2.300000000000000000e+02 4.725000000000000000e+02
3.048529411760000016e+02 4.735000000000000000e+02
3.000000000000000000e+01 4.742142857140000274e+02
5.072142857140000274e+02 4.750000000000000000e+02
6.700000000000000000e+01 4.760000000000000000e+02
1.211153846149999964e+02 4.758846153850000178e+02
2.100000000000000000e+02 4.765000000000000000e+02
4.862777777779999724e+02 4.765555555560000016e+02
5.188461538499999648e+01 4.768846153850000178e+02
3.167857142859999726e+02 4.780000000000000000e+02
3.726999999999999886e+02 4.775000000000000000e+02
3.462777777779999724e+02 4.794444444439999984e+02
5.309523809999999955e+00 4.806428571430000147e+02
1.624166666669999870e+02 4.798333333329999846e+02
2.570000000000000000e+02 4.810000000000000000e+02
4.576111111110000138e+02 4.811666666670000154e+02
4.730000000000000000e+02 4.810000000000000000e+02
1.941666666669999870e+02 4.817500000000000000e+02
4.160000000000000000e+02 4.817857142859999726e+02
5.395000000000000000e+02 4.821470588239999984e+02
1.033823529409999935e+02 4.830882352940000146e+02
4.018684210530000200e+02 4.832894736839999723e+02
5.688181818179999709e+02 4.836363636359999987e+02
2.380000000000000000e+02 4.842142857140000274e+02
3.861000000000000227e+02 4.841000000000000227e+02
1.806250000000000000e+02 4.878750000000000000e+02
9.150000000000000000e+01 4.880000000000000000e+02
4.970000000000000000e+02 4.880000000000000000e+02
1.356111111110000138e+02 4.890555555560000016e+02
5.188846153849999610e+02 4.901153846149999822e+02
2.753333333329999846e+02 4.916111111110000138e+02
3.030000000000000000e+02 4.910000000000000000e+02
1.560454545450000126e+02 4.931363636359999987e+02
2.125909090909999861e+02 4.928636363640000013e+02
5.856250000000000000e+02 4.938750000000000000e+02
2.520000000000000000e+02 4.940000000000000000e+02
3.650000000000000000e+02 4.935000000000000000e+02
3.247105263160000277e+02 4.955000000000000000e+02
4.431000000000000227e+02 4.948999999999999773e+02
4.897857142859999726e+02 4.950000000000000000e+02
5.863333333300000305e+01 4.960333333329999732e+02
3.687500000000000000e+01 4.989375000000000000e+02
7.250000000000000000e+01 4.975000000000000000e+02
1.955000000000000000e+02 4.986333333329999959e+02
3.490000000000000000e+02 4.985000000000000000e+02
4.034499999999999886e+02 4.996000000000000227e+02
5.411666666669999586e+02 4.989444444439999984e+02
2.212142857139999990e+02 5.000000000000000000e+02
1.217307692309999965e+02 5.008846153850000178e+02
1.751363636359999987e+02 5.014090909089999855e+02
4.252333333330000187e+02 5.028333333329999846e+02
5.038636363640000013e+02 5.025909090910000145e+02
1.085000000000000000e+02 5.053636363640000013e+02
3.656999999999999886e+02 5.040000000000000000e+02
4.647857142859999726e+02 5.040000000000000000e+02
5.241153846150000390e+02 5.038846153850000178e+02
5.590000000000000000e+02 5.042142857140000274e+02
1.677777777800000081e+01 5.066666666670000154e+02
4.778076923080000142e+02 5.070384615379999786e+02
1.449666666669999984e+02 5.085666666669999927e+02
2.841000000000000227e+02 5.098999999999999773e+02
3.803421052630000077e+02 5.115526315789999785e+02
2.448636363640000013e+02 5.119545454550000159e+02
2.577500000000000000e+02 5.120625000000000000e+02
4.916904761900000267e+02 5.129285714290000442e+02
8.900000000000000000e+01 5.145000000000000000e+02
1.576666666669999870e+02 5.150000000000000000e+02
2.072142857139999990e+02 5.140000000000000000e+02
3.170000000000000000e+02 5.142142857139999705e+02
4.515000000000000000e+02 5.145000000000000000e+02
4.400000000000000000e+01 5.167000000000000455e+02
3.506578947369999923e+02 5.175526315790000353e+02
2.961363636359999987e+02 5.185909090909999577e+02
3.383000000000000114e+02 5.185000000000000000e+02
5.580000000000000000e+02 5.190000000000000000e+02
5.820294117649999635e+02 5.198529411759999448e+02
6.592857142900000156e+01 5.208809523810000428e+02
1.349615384619999929e+02 5.196538461540000071e+02
4.045000000000000000e+02 5.215000000000000000e+02
1.000000000000000000e+02 5.220000000000000000e+02
1.768333333330000130e+02 5.244166666669999586e+02
2.291363636359999987e+02 5.234090909090000423e+02
2.651153846149999822e+02 5.237307692309999538e+02
4.332142857140000274e+02 5.240000000000000000e+02
5.421428571430000147e+02 5.252142857139999705e+02
5.135000000000000000e+02 5.270000000000000000e+02
3.450000000000000000e+01 5.270000000000000000e+02
3.202500000000000000e+02 5.272500000000000000e+02
1.929117647060000138e+02 5.286176470589999781e+02
3.839545454550000159e+02 5.291363636360000555e+02
4.616578947369999923e+02 5.296578947369999923e+02
2.765000000000000000e+02 5.325000000000000000e+02
2.447857142860000010e+02 5.330000000000000000e+02
4.801499999999999773e+02 5.335000000000000000e+02
3.633999999999999773e+02 5.344500000000000455e+02
5.566333333329999959e+02 5.340333333329999732e+02
1.134210526300000055e+01 5.366578947369999923e+02
3.470333333329999732e+02 5.363666666670000041e+02
4.398999999999999773e+02 5.361000000000000227e+02
5.161764705899999939e+01 5.369117647059999854e+02
1.204523809519999986e+02 5.377380952380000281e+02
1.517857142860000010e+02 5.370000000000000000e+02
2.317777777780000008e+02 5.376111111110000138e+02
1.675000000000000000e+02 5.382999999999999545e+02
2.193181818179999993e+02 5.376818181820000291e+02
5.161363636360000555e+02 5.375909090909999577e+02
3.005000000000000000e+02 5.385000000000000000e+02
4.183666666670000041e+02 5.390333333329999732e+02
4.996176470589999781e+02 5.390882352940000146e+02
5.870000000000000000e+02 5.392777777779999724e+02
3.828999999999999773e+02 5.404333333329999505e+02
5.390000000000000000e+02 5.437500000000000000e+02
3.388095238100000017e+01 5.447380952380000281e+02
7.155263157900000692e+01 5.446578947369999923e+02
1.306111111110000138e+02 5.447777777779999724e+02
1.923888888889999862e+02 5.457777777779999724e+02
2.658999999999999773e+02 5.454333333329999505e+02
1.556111111110000138e+02 5.480555555559999448e+02
3.095000000000000000e+02 5.475000000000000000e+02
4.047857142859999726e+02 5.480000000000000000e+02
1.047222222219999992e+02 5.500000000000000000e+02
6.050000000000000000e+01 5.505000000000000000e+02
2.126333333329999959e+02 5.519666666670000268e+02
3.313947368419999862e+02 5.530789473679999446e+02
5.518333333330000414e+02 5.531666666669999586e+02
3.800000000000000000e+02 5.552142857139999705e+02
4.560000000000000000e+02 5.550000000000000000e+02
1.088461538500000003e+01 5.561153846150000390e+02
4.351153846149999822e+02 5.561153846150000390e+02
4.781470588239999984e+02 5.570294117649999635e+02
5.243181818179999709e+02 5.563181818179999709e+02
2.341999999999999886e+02 5.577999999999999545e+02
3.538999999999999773e+02 5.588999999999999773e+02
5.130333333329999732e+02 5.593666666670000041e+02
5.706052631579999570e+02 5.589210526320000554e+02
7.588461538500000358e+01 5.608846153849999610e+02
1.620000000000000000e+02 5.625000000000000000e+02
2.516176470590000065e+02 5.625000000000000000e+02
2.996333333329999959e+02 5.620333333329999732e+02
3.350000000000000000e+01 5.636538461540000071e+02
1.191363636359999987e+02 5.635909090909999577e+02
2.835000000000000000e+02 5.636538461540000071e+02
1.380000000000000000e+02 5.645000000000000000e+02
