5.213636363599999868e+01 1.409090908999999892e+00
1.585000000000000000e+02 2.000000000000000000e+00
1.725909090909999861e+02 2.590909090999999886e+00
3.340000000000000000e+02 5.000000000000000000e-01
3.540000000000000000e+02 1.785714285999999928e+00
4.565000000000000000e+02 5.000000000000000000e-01
1.335000000000000000e+02 3.852941175999999857e+00
2.295000000000000000e+02 4.500000000000000000e+00
5.557857142860000295e+02 5.071428571000000218e+00
3.670000000000000000e+02 7.500000000000000000e+00
4.455555555560000016e+02 7.722222222000000080e+00
4.718636363640000013e+02 6.590909091000000330e+00
5.103999999999999773e+02 7.450000000000000178e+00
7.394736842000000365e+00 8.921052632000000315e+00
3.472222222199999919e+01 9.000000000000000000e+00
2.752222222220000276e+02 9.611111110999999596e+00
4.118750000000000000e+02 9.250000000000000000e+00
5.805000000000000000e+02 9.500000000000000000e+00
7.350000000000000000e+01 9.500000000000000000e+00
5.281875000000000000e+02 1.137500000000000000e+01
4.840000000000000000e+02 1.200000000000000000e+01
1.976176470590000065e+02 1.291176470599999959e+01
3.007500000000000000e+02 1.375000000000000000e+01
1.421666666669999870e+02 1.450000000000000000e+01
3.313999999999999773e+02 1.444999999999999929e+01
3.980000000000000000e+02 1.350000000000000000e+01
4.540000000000000000e+02 1.509999999999999964e+01
2.562894736839999723e+02 1.613157894700000128e+01
9.000000000000000222e-01 1.669999999999999929e+01
8.750000000000000000e+01 1.714705882399999837e+01
5.602500000000000000e+02 1.706250000000000000e+01
2.420000000000000000e+02 1.800000000000000000e+01
5.110000000000000000e+02 1.950000000000000000e+01
1.062500000000000000e+02 2.012500000000000000e+01
2.180000000000000000e+02 2.050000000000000000e+01
4.253235294120000276e+02 2.085294117600000163e+01
5.398999999999999773e+02 2.010000000000000142e+01
3.720294117650000203e+02 2.185294117600000163e+01
4.911000000000000227e+02 2.143333333300000021e+01
2.138888888900000040e+01 2.222222222199999919e+01
1.794166666669999870e+02 2.216666666700000121e+01
8.150000000000000000e+01 2.350000000000000000e+01
4.669210526319999985e+02 2.560526315799999963e+01
5.733500000000000227e+02 2.575000000000000000e+01
1.190882352940000004e+02 2.661764705899999939e+01
2.863333333329999846e+02 2.650000000000000000e+01
2.760000000000000000e+02 2.800000000000000000e+01
3.515000000000000000e+02 2.832608695700000112e+01
5.389615384620000214e+02 2.834615384599999999e+01
3.080000000000000000e+02 2.900000000000000000e+01
6.044444444399999838e+01 3.072222222199999919e+01
1.078846153850000036e+02 2.988461538500000003e+01
1.595000000000000000e+02 3.000000000000000000e+01
3.267105263160000277e+02 3.086842105299999872e+01
1.481153846150000106e+02 3.111538461499999997e+01
1.960999999999999943e+02 3.110000000000000142e+01
2.528333333330000130e+02 3.158333333299999879e+01
4.050000000000000000e+01 3.250000000000000000e+01
3.365000000000000000e+02 3.416666666700000121e+01
3.632500000000000000e+02 3.383333333299999879e+01
3.910000000000000000e+02 3.400000000000000000e+01
4.141153846149999822e+02 3.388461538499999648e+01
5.205000000000000000e+02 3.400000000000000000e+01
2.161363636359999987e+02 3.459090909100000033e+01
1.528947368400000073e+01 3.650000000000000000e+01
2.359615384619999929e+02 3.634615384599999999e+01
1.795000000000000000e+02 3.885294117600000163e+01
4.360555555560000016e+02 3.861111111099999960e+01
5.882894736839999723e+02 3.850000000000000000e+01
7.103333333300000163e+01 3.963333333300000305e+01
4.019705882349999797e+02 3.985294117600000163e+01
4.796875000000000000e+02 3.918750000000000000e+01
5.105000000000000000e+02 3.950000000000000000e+01
3.861153846149999822e+02 4.088461538499999648e+01
4.531470588239999984e+02 4.102941176499999898e+01
5.561470588240000552e+02 4.102941176499999898e+01
1.233421052629999934e+02 4.534210526300000055e+01
5.443333333330000414e+02 4.658333333299999879e+01
8.382352941000000612e+00 4.791176470599999959e+01
3.087500000000000000e+01 4.825000000000000000e+01
4.734210526300000055e+01 4.865789473699999945e+01
9.063636363599999868e+01 4.895454545500000165e+01
1.441315789470000084e+02 4.828947368400000073e+01
5.709117647059999854e+02 4.838235294100000061e+01
1.631875000000000000e+02 5.037500000000000000e+01
2.640000000000000000e+02 5.050000000000000000e+01
2.985000000000000000e+02 5.000000000000000000e+01
4.428846153850000178e+02 4.988461538499999648e+01
2.338684210529999916e+02 5.171052631599999927e+01
3.190384615379999786e+02 5.134615384599999999e+01
3.937857142859999726e+02 5.100000000000000000e+01
3.483823529410000219e+02 5.191176470599999959e+01
6.150000000000000000e+01 5.400000000000000000e+01
3.650882352940000146e+02 5.438235294100000061e+01
4.671250000000000000e+02 5.475000000000000000e+01
3.323888888889999862e+02 5.516666666700000121e+01
2.085000000000000000e+02 5.600000000000000000e+01
4.222500000000000000e+02 5.675000000000000000e+01
4.989666666670000268e+02 5.636666666699999695e+01
1.801818181820000007e+02 5.763636363599999868e+01
5.525000000000000000e+02 5.828947368400000073e+01
3.756176470589999781e+02 5.891176470599999959e+01
8.509999999999999432e+01 5.989999999999999858e+01
1.255000000000000000e+02 5.950000000000000000e+01
2.827352941180000130e+02 6.073529411799999878e+01
5.121153846150000390e+02 6.111538461500000352e+01
5.878636363639999445e+02 6.059090909100000033e+01
1.048333333329999988e+02 6.225000000000000000e+01
5.619117647059999854e+02 6.338235294100000061e+01
2.528529411760000016e+02 6.450000000000000000e+01
2.711538461499999997e+01 6.488461538500000358e+01
3.395769230770000036e+02 6.580769230800000003e+01
4.858333333329999846e+02 6.561111111099999960e+01
1.516333333329999959e+02 6.696666666699999837e+01
3.977500000000000000e+02 6.687500000000000000e+01
5.290000000000000000e+02 6.918750000000000000e+01
1.650384615380000071e+02 7.065384615399999291e+01
2.210000000000000000e+02 7.078571428600000104e+01
3.210000000000000000e+02 7.050000000000000000e+01
3.451315789469999800e+02 7.171052631599999927e+01
4.996666666699999837e+01 7.263333333299999595e+01
1.942222222219999992e+02 7.238888888900000040e+01
2.415000000000000000e+02 7.300000000000000000e+01
4.323235294120000276e+02 7.355882352899999432e+01
7.242307692299999644e+01 7.419230769199999997e+01
2.670000000000000000e+02 7.421428571399999896e+01
4.503750000000000000e+02 7.537500000000000000e+01
1.372692307689999893e+02 7.788461538500000358e+01
4.958999999999999773e+02 7.809999999999999432e+01
5.381000000000000227e+02 7.790000000000000568e+01
5.900000000000000000e+02 7.800000000000000000e+01
1.835500000000000114e+02 7.959999999999999432e+01
1.142500000000000000e+02 7.991666666700000121e+01
3.005000000000000000e+02 7.950000000000000000e+01
4.080000000000000000e+02 8.000000000000000000e+01
4.708999999999999773e+02 7.990000000000000568e+01
5.771000000000000227e+02 8.009999999999999432e+01
5.182999999999999545e+02 8.229999999999999716e+01
4.861923076919999858e+02 8.357692307700000356e+01
7.722222222000000080e+00 8.444444444399999838e+01
2.461764705899999939e+01 8.502941176500000608e+01
9.900000000000000000e+01 8.450000000000000000e+01
3.818888888889999862e+02 8.627777777800000081e+01
4.483181818180000278e+02 8.631818181799999934e+01
2.271153846150000106e+02 8.688461538500000358e+01
2.821470588239999984e+02 8.702941176500000608e+01
5.650000000000000000e+01 8.800000000000000000e+01
3.302222222220000276e+02 8.838888888900000040e+01
2.055999999999999943e+02 8.954999999999999716e+01
2.397500000000000000e+02 8.950000000000000000e+01
3.667500000000000000e+02 9.075000000000000000e+01
2.625000000000000000e+02 9.250000000000000000e+01
4.701666666670000154e+02 9.175000000000000000e+01
1.555000000000000000e+02 9.300000000000000000e+01
5.522999999999999545e+02 9.323333333300000447e+01
3.171000000000000227e+02 9.409999999999999432e+01
4.381666666670000154e+02 9.416666666700000121e+01
4.055000000000000000e+02 9.500000000000000000e+01
1.790000000000000000e+02 9.678571428600000104e+01
1.326470588199999945e+01 9.873529411799999878e+01
8.004545454499999835e+01 9.786363636400000132e+01
1.350000000000000000e+02 9.850000000000000000e+01
5.022142857140000274e+02 9.800000000000000000e+01
2.486111111110000138e+02 9.983333333299999879e+01
5.230000000000000000e+02 1.000000000000000000e+02
5.665000000000000000e+02 1.005000000000000000e+02
9.163333333299999595e+01 1.009666666669999984e+02
1.115666666670000069e+02 1.009000000000000057e+02
3.437352941180000130e+02 1.017352941179999988e+02
5.465000000000000000e+02 1.028684210530000058e+02
1.900000000000000000e+02 1.027857142860000010e+02
2.993095238099999733e+02 1.035476190480000014e+02
5.811538461500000352e+01 1.038846153850000036e+02
2.799666666670000268e+02 1.046333333329999959e+02
3.901666666670000154e+02 1.037500000000000000e+02
1.668333333330000130e+02 1.052500000000000000e+02
2.256111111110000138e+02 1.052222222219999992e+02
4.507857142859999726e+02 1.060000000000000000e+02
4.075000000000000000e+01 1.071250000000000000e+02
4.271000000000000227e+02 1.070999999999999943e+02
1.441153846150000106e+02 1.081153846149999964e+02
5.130882352940000146e+02 1.096176470590000065e+02
3.251000000000000227e+02 1.099000000000000057e+02
4.950882352940000146e+02 1.103823529409999935e+02
5.638333333330000414e+02 1.105833333329999988e+02
2.028333333330000130e+02 1.117500000000000000e+02
3.698999999999999773e+02 1.129000000000000057e+02
5.328125000000000000e+02 1.143750000000000000e+02
2.900000000000000000e+02 1.150000000000000000e+02
5.875000000000000000e+02 1.150000000000000000e+02
6.822727272699999901e+01 1.180000000000000000e+02
1.060000000000000000e+02 1.175000000000000000e+02
3.098529411760000016e+02 1.175000000000000000e+02
1.478571428599999926e+01 1.180000000000000000e+02
1.188846153850000036e+02 1.181153846149999964e+02
2.473750000000000000e+02 1.173750000000000000e+02
2.850000000000000000e+01 1.210000000000000000e+02
4.711470588239999984e+02 1.210294117650000061e+02
3.603421052630000077e+02 1.223421052629999934e+02
4.003823529410000219e+02 1.225000000000000000e+02
4.493750000000000000e+02 1.226250000000000000e+02
5.488461538499999648e+01 1.238846153850000036e+02
1.740967078189999881e+02 1.468209876539999925e+02
3.411666666670000154e+02 1.244166666670000012e+02
2.217857142860000010e+02 1.250000000000000000e+02
2.616578947369999923e+02 1.253421052629999934e+02
5.698333333330000414e+02 1.262500000000000000e+02
1.487777777780000008e+02 1.286111111110000138e+02
2.127777777780000008e+02 1.296111111110000138e+02
3.721153846149999822e+02 1.288846153849999894e+02
4.945952380950000133e+02 1.299285714289999873e+02
1.175000000000000000e+02 1.305000000000000000e+02
3.148999999999999773e+02 1.300999999999999943e+02
1.685999999999999943e+02 1.315500000000000114e+02
5.539615384620000214e+02 1.323461538459999929e+02
6.731818181799999934e+01 1.333181818179999993e+02
2.783000000000000114e+02 1.325000000000000000e+02
4.233823529410000219e+02 1.330882352939999862e+02
4.411000000000000227e+02 1.329000000000000057e+02
5.162777777779999724e+02 1.330000000000000000e+02
9.183333333299999879e+01 1.342500000000000000e+02
1.322142857139999990e+02 1.340000000000000000e+02
2.569615384620000214e+02 1.343461538459999929e+02
2.948125000000000000e+02 1.345625000000000000e+02
3.373421052630000077e+02 1.343421052630000077e+02
2.320000000000000000e+02 1.355000000000000000e+02
4.625833333329999846e+02 1.351666666669999870e+02
3.228571428600000104e+01 1.358571428570000137e+02
1.460000000000000000e+02 1.375000000000000000e+02
3.617647058999999832e+00 1.380882352939999862e+02
1.578571428599999926e+01 1.380000000000000000e+02
4.787857142859999726e+02 1.390000000000000000e+02
5.848333333330000414e+02 1.397500000000000000e+02
3.918846153850000178e+02 1.411153846150000106e+02
4.103823529410000219e+02 1.410882352939999862e+02
5.358999999999999773e+02 1.409000000000000057e+02
3.165769230770000036e+02 1.437307692310000107e+02
4.588999999999999773e+02 1.470999999999999943e+02
5.530000000000000000e+02 1.473333333330000130e+02
5.065000000000000000e+02 1.480000000000000000e+02
1.952333333329999903e+02 1.495666666669999927e+02
3.657105263160000277e+02 1.492368421049999938e+02
4.320000000000000000e+02 1.490000000000000000e+02
8.293750000000000000e+01 1.507500000000000000e+02
1.180333333330000016e+02 1.506333333329999959e+02
2.152142857139999990e+02 1.510000000000000000e+02
2.500882352939999862e+02 1.516176470590000065e+02
4.722777777779999724e+02 1.508888888889999862e+02
3.888333333329999846e+02 1.519666666669999984e+02
5.263666666670000041e+02 1.516999999999999886e+02
2.657894736999999896e+00 1.533421052630000077e+02
6.971052631599999927e+01 1.535000000000000000e+02
2.675000000000000000e+02 1.535000000000000000e+02
1.004000000000000057e+02 1.544499999999999886e+02
4.865789473699999945e+01 1.554473684209999931e+02
2.365909090909999861e+02 1.555909090909999861e+02
2.897222222220000276e+02 1.550000000000000000e+02
3.314565217389999816e+02 1.558913043480000056e+02
3.540000000000000000e+02 1.580000000000000000e+02
3.056904761900000267e+02 1.595952380950000133e+02
4.902272727270000132e+02 1.610000000000000000e+02
3.779666666670000268e+02 1.616333333329999959e+02
1.430384615380000071e+02 1.623461538459999929e+02
5.390333333329999732e+02 1.636333333329999959e+02
5.750000000000000000e+02 1.640000000000000000e+02
2.725000000000000000e+02 1.632142857139999990e+02
4.085000000000000000e+02 1.635000000000000000e+02
4.411666666670000154e+02 1.653666666670000041e+02
4.589117647059999854e+02 1.676176470590000065e+02
2.050000000000000000e+01 1.695000000000000000e+02
1.274411764710000057e+02 1.694411764710000057e+02
1.828809523809999860e+02 1.692619047620000003e+02
2.168333333330000130e+02 1.696111111110000138e+02
2.853888888889999862e+02 1.698333333330000130e+02
4.280000000000000000e+02 1.707222222219999992e+02
4.214705882399999837e+01 1.715000000000000000e+02
4.804499999999999886e+02 1.714000000000000057e+02
9.573529411799999878e+01 1.722647058819999870e+02
5.155000000000000000e+02 1.730000000000000000e+02
8.611111110999999596e+00 1.744444444439999984e+02
3.232142857140000274e+02 1.740000000000000000e+02
6.659999999999999432e+01 1.754499999999999886e+02
1.692058823529999927e+02 1.763823529409999935e+02
1.453571428570000137e+02 1.773095238100000017e+02
5.548529411759999448e+02 1.769705882350000081e+02
2.075000000000000000e+02 1.785000000000000000e+02
5.777777777779999724e+02 1.783333333330000130e+02
2.463499999999999943e+02 1.811999999999999886e+02
3.903999999999999773e+02 1.805500000000000114e+02
7.922222222199999919e+01 1.816111111110000138e+02
3.441428571430000147e+02 1.812857142860000010e+02
3.619117647059999854e+02 1.816176470590000065e+02
4.953500000000000227e+02 1.818000000000000114e+02
2.488461538500000003e+01 1.818846153849999894e+02
4.366666666999999613e+00 1.829666666669999984e+02
1.125000000000000000e+02 1.831470588239999984e+02
5.369117647059999854e+02 1.836176470590000065e+02
2.880000000000000000e+02 1.845000000000000000e+02
4.080454545449999841e+02 1.838636363640000013e+02
5.180882352940000146e+02 1.853823529409999935e+02
3.758529411760000016e+02 1.859705882350000081e+02
4.420882352940000146e+02 1.866176470590000065e+02
2.249117647060000138e+02 1.876176470590000065e+02
4.690000000000000000e+02 1.870000000000000000e+02
5.935714285699999948e+01 1.883095238100000017e+02
3.941304347799999874e+01 1.907173913039999888e+02
8.118750000000000000e+01 1.904375000000000000e+02
1.893000000000000114e+02 1.895000000000000000e+02
2.734090909089999855e+02 1.908636363640000013e+02
3.075555555560000016e+02 1.927222222219999992e+02
3.246333333329999959e+02 1.925666666669999927e+02
1.416666666699999944e+01 1.926111111110000138e+02
4.901470588239999984e+02 1.939705882350000081e+02
2.611111111000000040e+00 1.952222222219999992e+02
2.027631578950000062e+02 1.958684210529999916e+02
2.493888888889999862e+02 1.952222222219999992e+02
5.706176470589999781e+02 1.950882352939999862e+02
1.436176470590000065e+02 1.959117647060000138e+02
3.490000000000000000e+02 1.975000000000000000e+02
4.223666666670000041e+02 1.980333333330000016e+02
5.371666666669999586e+02 1.982333333329999903e+02
4.972500000000000000e+02 1.990625000000000000e+02
2.923888888889999862e+02 2.002222222219999992e+02
4.603000000000000114e+02 2.005999999999999943e+02
1.039666666669999984e+02 2.016333333329999959e+02
1.250000000000000000e+02 2.012142857139999990e+02
3.810000000000000000e+02 2.010000000000000000e+02
6.485294117600000163e+01 2.025000000000000000e+02
2.370333333330000016e+02 2.026333333329999959e+02
5.586000000000000227e+02 2.025500000000000114e+02
5.868999999999999773e+02 2.030999999999999943e+02
1.658846153849999894e+02 2.038846153849999894e+02
4.436538461540000071e+02 2.050384615380000071e+02
8.750000000000000000e+01 2.062333333329999903e+02
2.953095238099999733e+02 2.066428571429999863e+02
3.367105263160000277e+02 2.065526315790000069e+02
3.960000000000000000e+02 2.065000000000000000e+02
4.093421052630000077e+02 2.075526315790000069e+02
2.455000000000000071e+01 2.095999999999999943e+02
2.566428571430000147e+02 2.096904761899999983e+02
5.150333333329999732e+02 2.096333333329999959e+02
1.966578947369999923e+02 2.106578947369999923e+02
2.256999999999999886e+02 2.095000000000000000e+02
8.115384614999999968e+00 2.121153846150000106e+02
1.188846153850000036e+02 2.141153846150000106e+02
2.683999999999999773e+02 2.145500000000000114e+02
3.632058823529999927e+02 2.142647058819999870e+02
4.650000000000000000e+01 2.150000000000000000e+02
1.618846153849999894e+02 2.148846153849999894e+02
5.766538461540000071e+02 2.150384615380000071e+02
4.375000000000000000e+02 2.156999999999999886e+02
4.840000000000000000e+02 2.165000000000000000e+02
3.881666666670000154e+02 2.166111111110000138e+02
3.156176470589999781e+02 2.180882352939999862e+02
1.300625000000000000e+02 2.197500000000000000e+02
1.032142857139999990e+02 2.210238095240000007e+02
1.737222222219999992e+02 2.200000000000000000e+02
2.353461538459999929e+02 2.200384615380000071e+02
5.400263157890000230e+02 2.208684210529999916e+02
2.511538461499999997e+01 2.208846153849999894e+02
5.570333333329999732e+02 2.216333333329999959e+02
7.062500000000000000e+01 2.213750000000000000e+02
2.150000000000000000e+02 2.213000000000000114e+02
2.856327433629999746e+02 2.268097345129999951e+02
4.990000000000000000e+02 2.213000000000000114e+02
5.905000000000000000e+02 2.215000000000000000e+02
4.520000000000000000e+02 2.230000000000000000e+02
2.545000000000000000e+02 2.260000000000000000e+02
3.470000000000000000e+02 2.260000000000000000e+02
4.916052631580000138e+02 2.260789473680000015e+02
6.150000000000000000e+01 2.280000000000000000e+02
1.506904761899999983e+02 2.290714285710000127e+02
4.716176470589999781e+02 2.297941176470000073e+02
5.784090909090000423e+02 2.304090909090000139e+02
2.010000000000000000e+02 2.317222222219999992e+02
3.353999999999999773e+02 2.324499999999999886e+02
4.277352941180000130e+02 2.327352941180000130e+02
5.214090909090000423e+02 2.321363636359999987e+02
3.648846153850000178e+02 2.328846153849999894e+02
4.071153846149999822e+02 2.331153846150000106e+02
3.222222222000000080e+00 2.353333333330000130e+02
8.537500000000000000e+01 2.358750000000000000e+02
3.361764705899999939e+01 2.360882352939999862e+02
4.445000000000000000e+02 2.356999999999999886e+02
1.252777777780000008e+02 2.380000000000000000e+02
2.297777777780000008e+02 2.386111111110000138e+02
2.666000000000000227e+02 2.385500000000000114e+02
2.873888888889999862e+02 2.382222222219999992e+02
3.138125000000000000e+02 2.386250000000000000e+02
3.917222222220000276e+02 2.380000000000000000e+02
5.570000000000000000e+02 2.380000000000000000e+02
1.072142857139999990e+02 2.400000000000000000e+02
1.642142857139999990e+02 2.400000000000000000e+02
5.900714285709999558e+02 2.402142857139999990e+02
5.379666666670000268e+02 2.433666666670000041e+02
1.840000000000000000e+02 2.450000000000000000e+02
3.418333333329999846e+02 2.464166666669999870e+02
2.955000000000000071e+01 2.474000000000000057e+02
4.288846153850000178e+02 2.471153846150000106e+02
2.440000000000000000e+02 2.485000000000000000e+02
2.663823529410000219e+02 2.480882352939999862e+02
2.087857142860000010e+02 2.490000000000000000e+02
5.715000000000000000e+02 2.498529411760000016e+02
6.161764705899999939e+01 2.500882352939999862e+02
3.251250000000000000e+02 2.502500000000000000e+02
4.087631578950000062e+02 2.502894736840000007e+02
4.589999999999999858e+01 2.509000000000000057e+02
3.765000000000000000e+02 2.506666666669999870e+02
5.157500000000000000e+02 2.511666666669999870e+02
4.686538461540000071e+02 2.520384615380000071e+02
3.692692307689999893e+02 2.536538461540000071e+02
4.570000000000000000e+02 2.532777777780000008e+02
8.150000000000000000e+01 2.540000000000000000e+02
1.490000000000000000e+02 2.547857142860000010e+02
2.861153846149999822e+02 2.548846153849999894e+02
4.887857142859999726e+02 2.550000000000000000e+02
1.099615384619999929e+02 2.556538461540000071e+02
3.075000000000000000e+02 2.560000000000000000e+02
2.005000000000000000e+02 2.577916666670000154e+02
2.216666666669999870e+02 2.577777777779999724e+02
5.444090909090000423e+02 2.574090909089999855e+02
1.571052631599999927e+01 2.581315789469999800e+02
1.670333333330000016e+02 2.586333333329999959e+02
1.315666666669999927e+02 2.588999999999999773e+02
4.973421052630000077e+02 2.611842105260000153e+02
2.495526315790000069e+02 2.633421052630000077e+02
3.650000000000000000e+01 2.655000000000000000e+02
6.350000000000000000e+01 2.655000000000000000e+02
3.149705882349999797e+02 2.651470588239999984e+02
3.868529411760000016e+02 2.655000000000000000e+02
5.870000000000000000e+02 2.650000000000000000e+02
1.173181818179999993e+02 2.656818181819999722e+02
4.255000000000000000e+02 2.665000000000000000e+02
5.306538461540000071e+02 2.669615384620000214e+02
5.630000000000000000e+02 2.670000000000000000e+02
8.612500000000000000e+01 2.697500000000000000e+02
2.765000000000000000e+02 2.690000000000000000e+02
4.088999999999999773e+02 2.688999999999999773e+02
1.868000000000000114e+02 2.706499999999999773e+02
3.355000000000000000e+02 2.700000000000000000e+02
4.901666666670000154e+02 2.701111111110000138e+02
9.735714285699999948e+01 2.716904761900000267e+02
1.481428571429999863e+02 2.712142857140000274e+02
4.800833333329999846e+02 2.712500000000000000e+02
2.965000000000000000e+02 2.723000000000000114e+02
4.568846153850000178e+02 2.721153846149999822e+02
3.575000000000000000e+02 2.730000000000000000e+02
3.958571428569999853e+02 2.727857142859999726e+02
4.428999999999999773e+02 2.728999999999999773e+02
2.423000000000000114e+02 2.735000000000000000e+02
1.355000000000000000e+02 2.780000000000000000e+02
5.073421052630000077e+02 2.784473684210000215e+02
1.113636363600000045e+01 2.798636363640000013e+02
7.196153846199999293e+01 2.793461538459999929e+02
3.771363636359999987e+02 2.785909090910000145e+02
1.725000000000000000e+02 2.809285714289999873e+02
2.090000000000000000e+02 2.810555555560000016e+02
5.200000000000000000e+01 2.825000000000000000e+02
3.440333333329999732e+02 2.838333333329999846e+02
5.387500000000000000e+02 2.831666666670000154e+02
1.570000000000000000e+02 2.836999999999999886e+02
3.700000000000000000e+02 2.840000000000000000e+02
4.373823529410000219e+02 2.843823529410000219e+02
2.254090909090000139e+02 2.851363636359999987e+02
3.925000000000000000e+02 2.875625000000000000e+02
5.545555555559999448e+02 2.873888888889999862e+02
5.706578947369999923e+02 2.883421052630000077e+02
1.563888888889999862e+02 2.907777777779999724e+02
2.502272727270000132e+02 2.904545454550000159e+02
3.187857142859999726e+02 2.900000000000000000e+02
4.690000000000000000e+02 2.907222222220000276e+02
8.590000000000000568e+01 2.911000000000000227e+02
2.079000000000000057e+02 2.911000000000000227e+02
5.286250000000000000e+02 2.913125000000000000e+02
4.094333333330000073e+02 2.918999999999999773e+02
1.080000000000000000e+02 2.930000000000000000e+02
2.705000000000000000e+02 2.926999999999999886e+02
2.870384615379999786e+02 2.926538461540000071e+02
4.590000000000000000e+02 2.942777777779999724e+02
5.860333333329999732e+02 2.946333333329999959e+02
2.393571428570000137e+02 2.964285714289999873e+02
3.085294117600000163e+01 2.970882352940000146e+02
3.641470588239999984e+02 2.975000000000000000e+02
4.938529411760000016e+02 2.970294117650000203e+02
3.260000000000000000e+02 2.983571428569999853e+02
1.845000000000000000e+02 2.988333333329999846e+02
4.041842105260000153e+02 2.996578947369999923e+02
5.652894736839999723e+02 3.005000000000000000e+02
4.500000000000000000e+00 3.015000000000000000e+02
1.324000000000000057e+02 3.024499999999999886e+02
4.270882352940000146e+02 3.026176470589999781e+02
5.056999999999999886e+02 3.023000000000000114e+02
6.416666666700000121e+01 3.042500000000000000e+02
3.473666666670000041e+02 3.043000000000000114e+02
4.750000000000000000e+01 3.051470588239999984e+02
2.275000000000000000e+02 3.055000000000000000e+02
2.598529411760000016e+02 3.049705882349999797e+02
3.006000000000000227e+02 3.050500000000000114e+02
3.870000000000000000e+02 3.055000000000000000e+02
4.855500000000000114e+02 3.063999999999999773e+02
1.710000000000000142e+01 3.075666666669999927e+02
1.700000000000000000e+02 3.075000000000000000e+02
3.150000000000000000e+02 3.077222222220000276e+02
7.350000000000000000e+01 3.086999999999999886e+02
1.455000000000000000e+02 3.096052631580000138e+02
2.068684210529999916e+02 3.097105263160000277e+02
2.828750000000000000e+02 3.107500000000000000e+02
1.043823529409999935e+02 3.120882352940000146e+02
1.768333333330000130e+02 3.124166666670000154e+02
4.431000000000000227e+02 3.131000000000000227e+02
5.760000000000000000e+02 3.127857142859999726e+02
5.313421052630000077e+02 3.143421052630000077e+02
1.219347826089999955e+02 3.155869565219999799e+02
5.557105263160000277e+02 3.168684210530000200e+02
2.383000000000000114e+02 3.165000000000000000e+02
4.121153846149999822e+02 3.168846153850000178e+02
3.403181818180000278e+02 3.203181818180000278e+02
7.511538461499999642e+01 3.211153846149999822e+02
3.923999999999999773e+02 3.214499999999999886e+02
4.628571428569999853e+02 3.207857142859999726e+02
4.900000000000000000e+01 3.232142857140000274e+02
4.973823529410000219e+02 3.239117647059999854e+02
1.955000000000000000e+02 3.250000000000000000e+02
2.957105263160000277e+02 3.251315789469999800e+02
1.605000000000000000e+02 3.260000000000000000e+02
2.747857142859999726e+02 3.270000000000000000e+02
3.615909090910000145e+02 3.277272727270000132e+02
4.289666666670000268e+02 3.276333333329999959e+02
3.669047618999999827e+01 3.286428571430000147e+02
2.225000000000000000e+02 3.280000000000000000e+02
8.986842105300000583e+01 3.297105263160000277e+02
1.515500000000000114e+02 3.293999999999999773e+02
3.190000000000000000e+02 3.292142857140000274e+02
5.232894736839999723e+02 3.295000000000000000e+02
5.680333333329999732e+02 3.293666666670000041e+02
5.890000000000000000e+02 3.297222222220000276e+02
2.567222222220000276e+02 3.325555555560000016e+02
4.821153846149999822e+02 3.321153846149999822e+02
1.338235294100000061e+01 3.330882352940000146e+02
4.514393939390000128e+02 3.359242424239999991e+02
4.670000000000000000e+02 3.325000000000000000e+02
1.343421052630000077e+02 3.354473684210000215e+02
2.317857142860000010e+02 3.350000000000000000e+02
3.796578947369999923e+02 3.353421052630000077e+02
7.059090909100000033e+01 3.361363636359999987e+02
3.235000000000000000e+02 3.364444444439999984e+02
5.332333333330000187e+02 3.364333333330000073e+02
3.436000000000000227e+02 3.378000000000000114e+02
4.099666666670000268e+02 3.383666666670000041e+02
5.570000000000000000e+02 3.377857142859999726e+02
1.825000000000000000e+02 3.390000000000000000e+02
1.052142857139999990e+02 3.400000000000000000e+02
2.976176470589999781e+02 3.400882352940000146e+02
2.507222222219999992e+02 3.414444444439999984e+02
3.308823529400000041e+01 3.433823529410000219e+02
9.355555555600000162e+01 3.433888888889999862e+02
3.745000000000000000e+02 3.440714285710000127e+02
5.021000000000000227e+02 3.438999999999999773e+02
5.792000000000000455e+02 3.443999999999999773e+02
5.222857142860000295e+02 3.448571428569999853e+02
5.375000000000000000e+01 3.458333333329999846e+02
2.797500000000000000e+02 3.467500000000000000e+02
2.131153846150000106e+02 3.471153846149999822e+02
4.797222222220000276e+02 3.474444444439999984e+02
3.928333333329999846e+02 3.482333333330000187e+02
4.353421052630000077e+02 3.486578947369999923e+02
4.620000000000000000e+02 3.480000000000000000e+02
1.336363636359999987e+02 3.499090909089999855e+02
1.383333333300000056e+01 3.502333333330000187e+02
1.985000000000000000e+02 3.500000000000000000e+02
1.695000000000000000e+02 3.510000000000000000e+02
7.085714285699999948e+01 3.527142857140000274e+02
1.003947368420000004e+02 3.559210526319999985e+02
2.380000000000000000e+02 3.567222222220000276e+02
3.558846153850000178e+02 3.558846153850000178e+02
2.655000000000000000e+02 3.575000000000000000e+02
5.530000000000000000e+02 3.578999999999999773e+02
1.502142857139999990e+02 3.590000000000000000e+02
4.443095238099999733e+02 3.593571428569999853e+02
4.951666666670000154e+02 3.592500000000000000e+02
5.171153846150000390e+02 3.591153846149999822e+02
5.420000000000000000e+02 3.587857142859999726e+02
3.198846153850000178e+02 3.602692307689999893e+02
2.783181818180000278e+02 3.623181818180000278e+02
2.964047619049999867e+02 3.633095238099999733e+02
3.330000000000000000e+02 3.617857142859999726e+02
3.740000000000000000e+02 3.630000000000000000e+02
4.118846153850000178e+02 3.622692307689999893e+02
3.211538461500000352e+01 3.628846153850000178e+02
4.659666666670000268e+02 3.636333333329999959e+02
4.440909090899999967e+01 3.648636363640000013e+02
2.138846153849999894e+02 3.661153846149999822e+02
8.022727272699999901e+01 3.674545454550000159e+02
4.344090909089999855e+02 3.678636363640000013e+02
1.395000000000000000e+02 3.693333333329999846e+02
1.731153846150000106e+02 3.688846153850000178e+02
1.941999999999999886e+02 3.691999999999999886e+02
4.905000000000000000e+02 3.702333333330000187e+02
3.969375000000000000e+02 3.730625000000000000e+02
5.712777777779999724e+02 3.720000000000000000e+02
6.356666666699999979e+01 3.728999999999999773e+02
1.547857142860000010e+02 3.738571428569999853e+02
3.818529411760000016e+02 3.740294117650000203e+02
1.164090909089999997e+02 3.754090909089999855e+02
2.277500000000000000e+02 3.760833333329999846e+02
2.518888888889999862e+02 3.762777777779999724e+02
2.057777777780000008e+02 3.786111111110000138e+02
3.449117647059999854e+02 3.783823529410000219e+02
2.494999999999999929e+01 3.796499999999999773e+02
5.493999999999999773e+02 3.795500000000000114e+02
1.931842105259999869e+02 3.813421052630000077e+02
5.261250000000000000e+02 3.800625000000000000e+02
3.118333333329999846e+02 3.814166666670000154e+02
4.403095238099999733e+02 3.816428571430000147e+02
5.062500000000000000e+02 3.817500000000000000e+02
7.950000000000000000e+01 3.820000000000000000e+02
4.193666666670000041e+02 3.819666666670000268e+02
3.565789473699999945e+01 3.834473684210000215e+02
2.942500000000000000e+02 3.832500000000000000e+02
5.795000000000000000e+02 3.835000000000000000e+02
9.616666666700000121e+01 3.847500000000000000e+02
3.930000000000000000e+02 3.855000000000000000e+02
3.215000000000000000e+02 3.860000000000000000e+02
1.265000000000000000e+02 3.870000000000000000e+02
1.620999999999999943e+02 3.881000000000000227e+02
2.688157894739999847e+02 3.884473684210000215e+02
4.144499999999999886e+02 3.893999999999999773e+02
3.671250000000000000e+02 3.902500000000000000e+02
4.602857142859999726e+02 3.901428571430000147e+02
3.501000000000000227e+02 3.908999999999999773e+02
6.286842105299999872e+01 3.922894736839999723e+02
4.791190476190000140e+02 3.925000000000000000e+02
4.380384615379999786e+02 3.943461538459999929e+02
1.467857142860000010e+02 3.950000000000000000e+02
5.180000000000000000e+02 3.955000000000000000e+02
2.173181818179999993e+02 3.967727272729999868e+02
5.018000000000000114e+02 3.968000000000000114e+02
5.582894736839999723e+02 3.978684210530000200e+02
1.978846153849999894e+02 3.978846153850000178e+02
3.023500000000000227e+02 3.987500000000000000e+02
1.461764705899999939e+01 3.990294117650000203e+02
1.625000000000000000e+02 3.991315789469999800e+02
1.815000000000000000e+02 3.986999999999999886e+02
5.427857142860000295e+02 3.990000000000000000e+02
4.518750000000000000e+01 4.003750000000000000e+02
1.106250000000000000e+02 4.008125000000000000e+02
2.828333333329999846e+02 4.002500000000000000e+02
3.695000000000000000e+02 4.006739130430000273e+02
3.000000000000000000e+01 4.022142857140000274e+02
5.780000000000000000e+02 4.022142857140000274e+02
2.282222222219999992e+02 4.033888888889999862e+02
8.500000000000000000e+01 4.043000000000000114e+02
4.487777777779999724e+02 4.063888888889999862e+02
1.423333333330000130e+02 4.076111111110000138e+02
3.247500000000000000e+02 4.071666666670000154e+02
2.633421052630000077e+02 4.083421052630000077e+02
3.891363636359999987e+02 4.090454545449999841e+02
7.700000000000000000e+01 4.105000000000000000e+02
4.018333333329999846e+02 4.105000000000000000e+02
5.290000000000000000e+02 4.107857142859999726e+02
1.195000000000000000e+02 4.115000000000000000e+02
5.115000000000000000e+02 4.120000000000000000e+02
1.028571428599999926e+01 4.131428571430000147e+02
2.448636363640000013e+02 4.124090909089999855e+02
4.240625000000000000e+02 4.130625000000000000e+02
4.793000000000000114e+02 4.140000000000000000e+02
9.500000000000000000e+01 4.150000000000000000e+02
3.423095238099999733e+02 4.165476190480000014e+02
2.003181818179999993e+02 4.166818181819999722e+02
2.187727272729999868e+02 4.175454545449999841e+02
4.963500000000000227e+02 4.181999999999999886e+02
1.680000000000000000e+02 4.180000000000000000e+02
5.440000000000000000e+02 4.180000000000000000e+02
2.907857142859999726e+02 4.190000000000000000e+02
3.722222222220000276e+02 4.216666666670000154e+02
4.385000000000000000e+02 4.219285714289999873e+02
3.108999999999999773e+02 4.228999999999999773e+02
3.180000000000000000e+02 4.227857142859999726e+02
5.365789473699999945e+01 4.256578947369999923e+02
1.873461538459999929e+02 4.249615384620000214e+02
4.140000000000000000e+02 4.252777777779999724e+02
5.630000000000000000e+02 4.252142857140000274e+02
3.948999999999999773e+02 4.256999999999999886e+02
2.650000000000000000e+01 4.271250000000000000e+02
4.822777777779999724e+02 4.270000000000000000e+02
3.637500000000000000e+01 4.273750000000000000e+02
2.455000000000000000e+02 4.298529411760000016e+02
3.440714285710000127e+02 4.302857142859999726e+02
5.157857142860000295e+02 4.310000000000000000e+02
4.000000000000000000e+00 4.316999999999999886e+02
1.182500000000000000e+02 4.322500000000000000e+02
2.140000000000000000e+02 4.316999999999999886e+02
4.654090909089999855e+02 4.334090909089999855e+02
9.616666666700000121e+01 4.345000000000000000e+02
1.558636363640000013e+02 4.335909090910000145e+02
5.041153846149999822e+02 4.351153846149999822e+02
1.304090909090000139e+02 4.365909090910000145e+02
2.628846153850000178e+02 4.358846153850000178e+02
2.958999999999999773e+02 4.371999999999999886e+02
2.843750000000000000e+02 4.383750000000000000e+02
3.238333333329999846e+02 4.391666666670000154e+02
3.730000000000000000e+02 4.390000000000000000e+02
4.320000000000000000e+02 4.390000000000000000e+02
5.818999999999999773e+02 4.391000000000000227e+02
4.370000000000000284e+01 4.403000000000000114e+02
5.417142857139999705e+02 4.405714285710000127e+02
6.859999999999999432e+01 4.411999999999999886e+02
1.914090909090000139e+02 4.411363636359999987e+02
2.595666666669999927e+02 4.415666666669999927e+02
1.797500000000000000e+02 4.427500000000000000e+02
3.547857142859999726e+02 4.425000000000000000e+02
3.876818181819999722e+02 4.426818181819999722e+02
5.161153846150000390e+02 4.438846153850000178e+02
5.585833333330000414e+02 4.446666666670000154e+02
1.500000000000000000e+01 4.447857142859999726e+02
1.610000000000000000e+02 4.452142857140000274e+02
4.690000000000000000e+02 4.443000000000000114e+02
2.308846153849999894e+02 4.468846153850000178e+02
3.806999999999999886e+02 4.480000000000000000e+02
4.071923076919999858e+02 4.484230769229999964e+02
2.185434782609999900e+02 4.497608695650000072e+02
4.985625000000000000e+02 4.515000000000000000e+02
4.301363636359999987e+02 4.520454545449999841e+02
1.174090909089999997e+02 4.535909090910000145e+02
2.435833333330000130e+02 4.528333333329999846e+02
2.752333333330000187e+02 4.538333333329999846e+02
3.003571428569999853e+02 4.533095238099999733e+02
4.527105263160000277e+02 4.531315789469999800e+02
4.805000000000000000e+02 4.545000000000000000e+02
5.685000000000000000e+02 4.545000000000000000e+02
6.772222222199999919e+01 4.550000000000000000e+02
8.450000000000000000e+01 4.548333333329999846e+02
3.141666666670000154e+02 4.550555555560000016e+02
3.403181818180000278e+02 4.560000000000000000e+02
5.401666666669999586e+02 4.555000000000000000e+02
1.250000000000000000e+01 4.575000000000000000e+02
1.300000000000000000e+02 4.572777777779999724e+02
1.900000000000000000e+02 4.600000000000000000e+02
4.156176470589999781e+02 4.600882352940000146e+02
3.950000000000000000e+01 4.610000000000000000e+02
3.691153846149999822e+02 4.628846153850000178e+02
4.694473684210000215e+02 4.633421052630000077e+02
1.490833333330000130e+02 4.637500000000000000e+02
2.581153846149999822e+02 4.641153846149999822e+02
3.480000000000000000e+02 4.642142857140000274e+02
4.022500000000000000e+02 4.657500000000000000e+02
5.260000000000000000e+02 4.650000000000000000e+02
1.051153846149999964e+02 4.668846153850000178e+02
1.744090909090000139e+02 4.668636363640000013e+02
5.041666666670000154e+02 4.674166666670000154e+02
2.848333333329999846e+02 4.682333333330000187e+02
4.375000000000000000e+02 4.701470588239999984e+02
1.218846153850000036e+02 4.711153846149999822e+02
3.040000000000000000e+02 4.715000000000000000e+02
2.091315789470000084e+02 4.727631578950000062e+02
2.327142857139999990e+02 4.731428571430000147e+02
5.581666666669999586e+02 4.735000000000000000e+02
5.770000000000000000e+02 4.732142857140000274e+02
8.296153846199999293e+01 4.743461538459999929e+02
3.715000000000000000e+02 4.743000000000000114e+02
4.828333333329999846e+02 4.745000000000000000e+02
3.016666666700000121e+01 4.757666666669999813e+02
5.283333333299999879e+01 4.755833333329999846e+02
6.433333333299999879e+01 4.775000000000000000e+02
1.960000000000000000e+02 4.770000000000000000e+02
4.182142857140000274e+02 4.770000000000000000e+02
2.550000000000000000e+02 4.785000000000000000e+02
1.370000000000000000e+02 4.800000000000000000e+02
4.519166666670000154e+02 4.802500000000000000e+02
3.220000000000000000e+02 4.810000000000000000e+02
4.027777777779999724e+02 4.813888888889999862e+02
3.386111111110000138e+02 4.827777777779999724e+02
3.309523809999999955e+00 4.836428571430000147e+02
1.102647058820000012e+02 4.844411764710000057e+02
1.620333333330000016e+02 4.848333333329999846e+02
3.876333333329999959e+02 4.859666666670000268e+02
5.190000000000000000e+02 4.860000000000000000e+02
4.763947368419999862e+02 4.875000000000000000e+02
1.750000000000000000e+02 4.880000000000000000e+02
2.325000000000000000e+02 4.883000000000000114e+02
5.440625000000000000e+02 4.882500000000000000e+02
5.614090909090000423e+02 4.885909090910000145e+02
2.580000000000000000e+02 4.902142857140000274e+02
4.998333333329999846e+02 4.902333333330000187e+02
2.850882352940000146e+02 4.913823529410000219e+02
5.879117647059999854e+02 4.916176470589999781e+02
9.234615384600000709e+01 4.920384615379999786e+02
3.617857142859999726e+02 4.910714285710000127e+02
2.980000000000000000e+02 4.935000000000000000e+02
1.567500000000000000e+02 4.941666666670000154e+02
4.100000000000000000e+01 4.950000000000000000e+02
2.048846153849999894e+02 4.958846153850000178e+02
5.036666666699999695e+01 4.970333333329999732e+02
1.698333333330000130e+02 4.972777777779999724e+02
3.201470588239999984e+02 4.979705882349999797e+02
4.853823529410000219e+02 4.982058823529999927e+02
1.945666666669999927e+02 4.988999999999999773e+02
2.281923076920000142e+02 4.994230769229999964e+02
5.627142857139999705e+02 4.990714285710000127e+02
3.722222222000000080e+00 5.001111111110000138e+02
6.700000000000000000e+01 4.995000000000000000e+02
1.241428571430000005e+02 5.027142857140000274e+02
4.430000000000000000e+02 5.022142857140000274e+02
4.642142857140000274e+02 5.018571428569999853e+02
4.958333333299999879e+01 5.031666666670000154e+02
1.400000000000000000e+02 5.047857142859999726e+02
3.477142857140000274e+02 5.052857142859999726e+02
5.088333333329999846e+02 5.047500000000000000e+02
5.216538461540000071e+02 5.060384615379999786e+02
5.418636363639999445e+02 5.054090909089999855e+02
2.372222222199999919e+01 5.074444444439999984e+02
9.000000000000000000e+01 5.075000000000000000e+02
4.030714285710000127e+02 5.073095238099999733e+02
2.378846153849999894e+02 5.077307692310000107e+02
4.210000000000000000e+02 5.077857142859999726e+02
2.852142857140000274e+02 5.090000000000000000e+02
3.671666666670000154e+02 5.087500000000000000e+02
2.578999999999999773e+02 5.098999999999999773e+02
3.870000000000000000e+02 5.116999999999999886e+02
1.075499999999999972e+02 5.123999999999999773e+02
2.128529411760000016e+02 5.135000000000000000e+02
4.718636363640000013e+02 5.130454545449999841e+02
3.163181818180000278e+02 5.143181818179999709e+02
2.943181818180000278e+02 5.153181818179999709e+02
4.988461538499999648e+01 5.171153846150000390e+02
1.635000000000000000e+02 5.200000000000000000e+02
5.627857142860000295e+02 5.195000000000000000e+02
3.503333333300000163e+01 5.203666666670000041e+02
3.500000000000000000e+02 5.200000000000000000e+02
4.500454545449999841e+02 5.195000000000000000e+02
4.919117647059999854e+02 5.203823529410000219e+02
5.824411764709999488e+02 5.206764705880000292e+02
3.399999999999999911e+00 5.214500000000000455e+02
5.360000000000000000e+02 5.210000000000000000e+02
1.271923076920000000e+02 5.225769230769999467e+02
3.324090909089999855e+02 5.218636363639999445e+02
4.141666666670000154e+02 5.225000000000000000e+02
5.200294117649999635e+02 5.221470588240000552e+02
6.797058823499999392e+01 5.238529411759999448e+02
1.953888888889999862e+02 5.236666666669999586e+02
4.378846153850000178e+02 5.231153846150000390e+02
1.750384615380000071e+02 5.236538461540000071e+02
2.320000000000000000e+02 5.242142857139999705e+02
2.617500000000000000e+02 5.257500000000000000e+02
9.225000000000000000e+01 5.282500000000000000e+02
2.471250000000000000e+02 5.282500000000000000e+02
3.905000000000000000e+02 5.280000000000000000e+02
3.131666666670000154e+02 5.305000000000000000e+02
4.685000000000000000e+02 5.305000000000000000e+02
4.857105263160000277e+02 5.305000000000000000e+02
5.873421052630000077e+02 5.306578947369999923e+02
3.697105263160000277e+02 5.341315789469999800e+02
2.111153846150000106e+02 5.351153846150000390e+02
4.186333333329999959e+02 5.360333333329999732e+02
5.370000000000000284e+01 5.377000000000000455e+02
1.106500000000000057e+02 5.382000000000000455e+02
2.784499999999999886e+02 5.372500000000000000e+02
2.961428571430000147e+02 5.377142857139999705e+02
5.157000000000000455e+02 5.372000000000000455e+02
5.317500000000000000e+02 5.377500000000000000e+02
3.519666666670000268e+02 5.383666666670000041e+02
3.860000000000000000e+02 5.382142857139999705e+02
5.555000000000000000e+02 5.379285714290000442e+02
2.065789473699999945e+01 5.393421052630000077e+02
1.540000000000000000e+02 5.395000000000000000e+02
4.395000000000000000e+02 5.390000000000000000e+02
1.732500000000000000e+02 5.411666666669999586e+02
4.976176470589999781e+02 5.409117647059999854e+02
2.811904761899999983e+01 5.425476190480000014e+02
4.095000000000000000e+02 5.415000000000000000e+02
8.222222222199999919e+01 5.436111111110000138e+02
1.896176470590000065e+02 5.430882352940000146e+02
3.307222222220000276e+02 5.430000000000000000e+02
2.310882352939999862e+02 5.473823529410000219e+02
1.045000000000000000e+02 5.481666666669999586e+02
2.620000000000000000e+02 5.490000000000000000e+02
4.735000000000000000e+02 5.492894736839999723e+02
4.548846153850000178e+02 5.502692307690000462e+02
6.150000000000000000e+01 5.512999999999999545e+02
1.270882352940000004e+02 5.516176470589999781e+02
3.161666666670000154e+02 5.515000000000000000e+02
2.278846153849999894e+02 5.531153846150000390e+02
5.284230769230000533e+02 5.528846153849999610e+02
2.046428571429999863e+02 5.555714285709999558e+02
5.775000000000000000e+02 5.555000000000000000e+02
1.050000000000000000e+01 5.562999999999999545e+02
2.772647058819999870e+02 5.565588235290000512e+02
1.701153846150000106e+02 5.571153846150000390e+02
3.588999999999999773e+02 5.571000000000000227e+02
7.888461538500000358e+01 5.581153846150000390e+02
5.554500000000000455e+02 5.583999999999999773e+02
4.333333333329999846e+02 5.598888888889999862e+02
5.117857142859999726e+02 5.590000000000000000e+02
3.083333333299999879e+01 5.615000000000000000e+02
2.484411764710000057e+02 5.623235294119999708e+02
3.769117647059999854e+02 5.623823529410000219e+02
4.885000000000000000e+02 5.631666666669999586e+02
2.980000000000000000e+02 5.637000000000000455e+02
1.485000000000000000e+02 5.641250000000000000e+02
1.825000000000000000e+02 5.645000000000000000e+02
4.445000000000000000e+02 5.645000000000000000e+02
