9.312500000000000000e+00 1.812500000000000000e+00
1.040000000000000000e+02 8.333333330000000094e-01
1.813571428570000137e+02 1.428571429000000004e+00
2.227857142860000010e+02 1.500000000000000000e+00
2.496666666669999870e+02 1.333333332999999898e+00
2.910000000000000000e+02 8.333333330000000094e-01
4.288636363640000013e+02 1.409090908999999892e+00
4.676999999999999886e+02 9.000000000000000222e-01
5.445000000000000000e+02 5.000000000000000000e-01
5.670000000000000000e+02 8.333333330000000094e-01
2.708823529400000041e+01 3.382352941000000168e+00
3.152894736839999723e+02 4.500000000000000000e+00
4.041250000000000000e+02 4.250000000000000000e+00
1.969705882350000081e+02 5.147058824000000143e+00
2.823095238099999733e+02 5.452380952000000391e+00
5.011000000000000227e+02 5.750000000000000000e+00
5.888809523810000428e+02 5.500000000000000000e+00
3.316000000000000227e+02 6.549999999999999822e+00
3.753421052630000077e+02 6.657894737000000340e+00
1.518750000000000000e+02 7.750000000000000000e+00
4.901153846149999822e+02 7.115384614999999968e+00
5.224230769230000533e+02 7.653846154000000013e+00
2.615000000000000000e+02 8.000000000000000000e+00
3.481000000000000227e+02 7.900000000000000355e+00
5.216666666700000121e+01 9.250000000000000000e+00
1.080000000000000000e+02 1.050000000000000000e+01
5.590000000000000000e+02 1.021428571400000074e+01
1.359666666669999984e+02 1.136666666700000050e+01
3.888636363640000013e+02 1.195454545499999988e+01
5.460000000000000000e+02 1.321428571400000074e+01
7.200000000000000000e+01 1.400000000000000000e+01
4.212222222220000276e+02 1.438888888900000040e+01
1.800000000000000000e+02 1.500000000000000000e+01
2.119000000000000057e+02 1.490000000000000036e+01
9.536666666700000405e+01 1.603333333300000163e+01
4.415000000000000000e+02 1.650000000000000000e+01
3.538181818180000278e+02 1.863636363599999868e+01
4.596111111110000138e+02 1.916666666700000121e+01
1.640999999999999943e+02 2.010000000000000142e+01
3.063260869569999727e+02 2.093478260899999910e+01
5.185000000000000000e+02 2.014705882399999837e+01
2.326250000000000000e+02 2.156250000000000000e+01
3.233999999999999773e+02 2.280000000000000071e+01
5.600000000000000000e+01 2.350000000000000000e+01
4.766578947369999923e+02 2.334210526300000055e+01
2.730000000000000000e+02 2.500000000000000000e+01
3.802647058819999870e+02 2.591176470599999959e+01
5.655000000000000000e+02 2.514705882399999837e+01
1.272894736840000007e+02 2.650000000000000000e+01
4.130000000000000000e+02 2.700000000000000000e+01
5.813888888889999862e+02 2.777777777800000081e+01
3.937727272729999868e+02 2.777272727300000099e+01
7.464285714300000052e+01 2.916666666700000121e+01
4.954333333330000073e+02 2.889999999999999858e+01
1.793750000000000000e+01 2.987500000000000000e+01
1.842222222219999992e+02 3.061111111099999960e+01
1.007307692309999965e+02 3.234615384599999999e+01
4.516904761900000267e+02 3.259523809499999913e+01
2.049285714289999873e+02 3.350000000000000000e+01
4.279117647059999854e+02 3.361764705899999939e+01
7.342105262999999660e+00 3.465789473699999945e+01
5.020000000000000000e+02 3.450000000000000000e+01
5.332142857139999705e+02 3.400000000000000000e+01
5.596333333329999959e+02 3.403333333300000163e+01
2.888846153850000178e+02 3.511538461500000352e+01
3.060000000000000000e+02 3.600000000000000000e+01
3.821666666670000154e+02 3.675000000000000000e+01
4.050000000000000000e+01 3.750000000000000000e+01
1.409000000000000057e+02 3.810000000000000142e+01
2.523181818179999993e+02 3.795454545500000165e+01
3.661153846149999822e+02 3.788461538499999648e+01
6.478571428600000104e+01 3.950000000000000000e+01
8.697826086999999973e+01 4.076086956500000014e+01
2.216111111110000138e+02 3.983333333299999879e+01
1.630000000000000000e+02 4.150000000000000000e+01
2.417857142860000010e+02 4.100000000000000000e+01
3.371875000000000000e+02 4.143750000000000000e+01
1.137352941179999988e+02 4.273529411799999878e+01
3.003666666670000041e+02 4.203333333300000163e+01
5.247222222220000276e+02 4.244444444399999838e+01
2.706176470589999781e+02 4.408823529400000041e+01
5.790000000000000000e+02 4.378571428600000104e+01
4.077666666669999813e+02 4.516666666700000121e+01
3.797058823500000102e+01 4.685294117600000163e+01
3.701875000000000000e+02 4.637500000000000000e+01
2.173076923100000002e+01 4.765384615400000001e+01
4.796999999999999886e+02 4.760000000000000142e+01
3.570000000000000000e+02 4.900000000000000000e+01
1.100000000000000089e+00 5.070000000000000284e+01
3.349545454550000159e+02 4.986363636400000132e+01
4.923750000000000000e+02 5.018750000000000000e+01
2.002142857139999990e+02 5.100000000000000000e+01
5.377500000000000000e+02 5.150000000000000000e+01
1.886363636359999987e+02 5.481818181799999934e+01
3.121363636359999987e+02 5.404545454499999835e+01
4.125000000000000000e+02 5.550000000000000000e+01
2.253636363640000013e+02 5.681818181799999934e+01
5.181666666669999586e+02 5.625000000000000000e+01
1.086818181820000007e+02 5.731818181799999934e+01
1.391470588239999984e+02 5.697058823500000102e+01
2.905000000000000000e+02 5.700000000000000000e+01
3.901000000000000227e+02 5.689999999999999858e+01
4.401153846149999822e+02 5.788461538499999648e+01
4.591666666670000154e+02 5.850000000000000000e+01
2.614444444439999984e+02 6.172222222199999919e+01
5.312333333330000187e+02 6.116666666700000121e+01
1.630000000000000000e+02 6.178571428600000104e+01
5.703333333330000414e+02 6.238888888900000040e+01
6.525000000000000000e+01 6.312500000000000000e+01
2.396578947369999923e+02 6.365789473699999945e+01
3.450000000000000000e+02 6.321428571399999896e+01
3.817105263160000277e+02 6.350000000000000000e+01
9.171428571399999896e+01 6.514285714300000052e+01
1.205833333329999988e+02 6.516666666700000121e+01
2.170333333330000016e+02 6.563333333299999595e+01
5.814285714290000442e+02 6.535714285699999948e+01
4.271250000000000000e+02 6.625000000000000000e+01
4.773000000000000114e+02 6.550000000000000000e+01
5.526904761900000267e+02 6.759523809499999913e+01
4.523000000000000114e+02 6.800000000000000000e+01
4.089999999999999858e+01 6.909999999999999432e+01
3.128999999999999773e+02 7.009999999999999432e+01
4.987857142859999726e+02 7.000000000000000000e+01
2.311538461499999997e+01 7.288461538500000358e+01
1.098333333329999988e+02 7.261111111099999960e+01
2.035000000000000000e+02 7.350000000000000000e+01
3.003000000000000114e+02 7.250000000000000000e+01
1.454333333330000073e+02 7.470000000000000284e+01
2.750000000000000000e+02 7.378571428600000104e+01
3.977222222220000276e+02 7.400000000000000000e+01
3.530555555560000016e+02 7.583333333299999879e+01
5.701000000000000227e+02 7.509999999999999432e+01
1.050000000000000000e+01 7.661764705900000649e+01
4.630000000000000000e+02 7.600000000000000000e+01
5.832352941199999918e+01 7.902941176500000608e+01
7.911538461499999642e+01 7.826923076900000353e+01
1.730000000000000000e+02 7.850000000000000000e+01
2.855500000000000114e+02 7.825000000000000000e+01
2.268846153849999894e+02 7.911538461499999642e+01
3.303888888889999862e+02 7.922222222199999919e+01
5.104230769229999964e+02 7.965384615399999291e+01
1.289000000000000057e+02 8.209999999999999432e+01
3.635909090910000145e+02 8.240909090899999967e+01
2.543095238100000017e+02 8.435714285699999948e+01
4.180000000000000000e+02 8.378571428600000104e+01
5.498999999999999773e+02 8.390000000000000568e+01
8.973529411799999878e+01 8.526470588200000122e+01
1.587857142860000010e+02 8.500000000000000000e+01
2.400000000000000000e+02 8.400000000000000000e+01
5.340000000000000000e+02 8.478571428600000104e+01
3.429999999999999716e+01 8.709999999999999432e+01
3.920000000000000000e+02 8.700000000000000000e+01
4.808999999999999773e+02 8.709999999999999432e+01
3.107857142859999726e+02 8.900000000000000000e+01
5.026333333329999959e+02 9.003333333300000163e+01
7.650000000000000000e+01 9.250000000000000000e+01
1.122500000000000000e+02 9.312500000000000000e+01
2.150000000000000000e+02 9.327777777800000081e+01
4.513181818180000278e+02 9.431818181799999934e+01
2.926578947369999923e+02 9.565789473700000656e+01
5.736052631579999570e+02 9.607894736800000146e+01
5.876578947369999923e+02 9.565789473700000656e+01
1.710714285710000127e+02 9.650000000000000000e+01
1.935666666669999927e+02 9.590000000000000568e+01
5.311666666669999586e+02 9.558333333299999879e+01
4.280000000000000000e+02 9.729999999999999716e+01
4.078571428600000104e+01 9.800000000000000000e+01
6.000000000000000000e+01 9.750000000000000000e+01
1.260999999999999943e+02 9.909999999999999432e+01
2.343888888889999862e+02 1.017777777780000008e+02
3.285000000000000000e+02 1.010000000000000000e+02
4.689615384620000214e+02 1.013461538460000071e+02
1.503181818179999993e+02 1.023181818179999993e+02
3.665000000000000000e+02 1.020000000000000000e+02
4.087142857140000274e+02 1.031428571430000005e+02
2.711666666670000154e+02 1.042500000000000000e+02
4.886578947369999923e+02 1.046578947370000066e+02
7.911764705999999592e+00 1.063823529409999935e+02
3.519375000000000000e+02 1.077500000000000000e+02
4.593333333329999846e+02 1.075000000000000000e+02
8.903333333300000163e+01 1.083666666670000041e+02
2.494090909090000139e+02 1.078636363640000013e+02
5.422000000000000455e+02 1.094000000000000057e+02
7.490000000000000568e+01 1.105400000000000063e+02
1.039615384619999929e+02 1.103461538460000071e+02
3.130000000000000000e+02 1.100000000000000000e+02
3.135714285699999948e+01 1.113095238100000017e+02
3.898999999999999773e+02 1.129000000000000057e+02
4.751000000000000227e+02 1.129000000000000057e+02
2.110000000000000000e+02 1.140000000000000000e+02
5.200000000000000000e+02 1.142777777780000008e+02
1.648846153849999894e+02 1.151153846149999964e+02
1.910000000000000000e+02 1.147857142860000010e+02
1.270000000000000000e+02 1.160000000000000000e+02
2.241666666669999870e+02 1.162333333330000045e+02
2.635000000000000000e+02 1.158333333329999988e+02
4.260000000000000000e+02 1.165000000000000000e+02
2.407500000000000000e+02 1.182500000000000000e+02
4.087105263160000277e+02 1.188684210530000058e+02
4.505000000000000000e+02 1.177857142860000010e+02
5.651153846150000390e+02 1.178846153850000036e+02
3.348846153850000178e+02 1.197307692309999965e+02
1.452500000000000000e+02 1.210625000000000000e+02
5.016578947369999923e+02 1.223421052629999934e+02
5.387000000000000455e+02 1.232999999999999972e+02
2.903823529410000219e+02 1.240882352940000004e+02
5.508846153849999610e+02 1.241153846149999964e+02
5.858846153849999610e+02 1.241153846149999964e+02
1.633421052630000077e+02 1.253421052629999934e+02
3.215769230770000036e+02 1.251923076920000000e+02
1.100000000000000000e+01 1.257857142860000010e+02
4.689999999999999858e+01 1.279000000000000057e+02
9.150000000000000000e+01 1.275000000000000000e+02
1.741921487600000091e+02 1.472954545450000126e+02
4.303888888889999862e+02 1.294444444439999984e+02
3.567500000000000000e+02 1.312500000000000000e+02
4.700000000000000000e+02 1.310000000000000000e+02
3.917307692310000107e+02 1.327307692310000107e+02
5.252894736839999723e+02 1.335000000000000000e+02
5.727500000000000000e+02 1.348333333330000130e+02
2.303846153799999996e+01 1.363461538459999929e+02
3.745909090910000145e+02 1.361363636359999987e+02
2.107500000000000000e+02 1.377500000000000000e+02
7.250000000000000000e+01 1.375000000000000000e+02
1.114090909089999997e+02 1.384090909090000139e+02
2.400000000000000000e+02 1.385000000000000000e+02
4.476999999999999886e+02 1.378333333330000130e+02
2.761153846149999822e+02 1.391153846150000106e+02
5.046333333329999959e+02 1.390333333330000016e+02
1.273235294119999992e+02 1.403235294119999992e+02
3.931250000000000000e+01 1.413125000000000000e+02
2.990000000000000000e+02 1.412142857139999990e+02
4.855000000000000000e+02 1.410000000000000000e+02
3.368529411760000016e+02 1.425000000000000000e+02
2.540000000000000000e+02 1.430000000000000000e+02
8.555555555999999839e+00 1.453333333330000130e+02
3.592222222220000276e+02 1.453888888889999862e+02
4.771052631599999927e+01 1.461315789470000084e+02
1.477142857139999990e+02 1.464285714289999873e+02
5.441250000000000000e+02 1.467500000000000000e+02
5.822142857139999705e+02 1.468571428570000137e+02
2.013666666670000041e+02 1.484333333330000073e+02
4.138529411760000016e+02 1.485000000000000000e+02
3.125000000000000000e+02 1.489285714289999873e+02
4.263181818180000278e+02 1.486818181820000007e+02
2.083000000000000114e+02 1.495000000000000000e+02
3.408809523809999860e+02 1.535000000000000000e+02
4.532500000000000000e+02 1.528750000000000000e+02
5.608333333330000414e+02 1.525833333330000130e+02
1.262647058820000012e+02 1.547352941180000130e+02
1.400000000000000000e+02 1.547857142860000010e+02
4.981999999999999886e+02 1.554000000000000057e+02
2.587352941180000130e+02 1.565000000000000000e+02
5.678333333330000414e+02 1.566428571429999863e+02
2.446578947369999923e+02 1.573421052630000077e+02
3.952777777779999724e+02 1.574444444439999984e+02
5.215000000000000000e+02 1.570000000000000000e+02
8.734210526299999344e+01 1.583421052630000077e+02
4.434166666670000154e+02 1.581666666669999870e+02
2.254000000000000057e+02 1.594499999999999886e+02
6.385294117600000163e+01 1.599705882350000081e+02
1.877916666669999870e+02 1.605000000000000000e+02
2.848125000000000000e+02 1.606250000000000000e+02
4.757105263160000277e+02 1.601315789470000084e+02
5.448333333330000414e+02 1.602500000000000000e+02
3.657894736999999896e+00 1.616578947369999923e+02
1.065909090910000003e+02 1.624090909090000139e+02
2.708823529400000041e+01 1.646176470590000065e+02
2.121363636359999987e+02 1.635909090909999861e+02
3.708571428569999853e+02 1.645714285710000127e+02
3.258846153850000178e+02 1.651153846150000106e+02
5.175000000000000000e+02 1.650000000000000000e+02
1.075000000000000000e+01 1.658750000000000000e+02
4.800000000000000000e+01 1.672142857139999990e+02
3.100217391300000145e+02 1.681086956519999944e+02
3.538636363640000013e+02 1.664090909090000139e+02
2.736250000000000000e+02 1.686250000000000000e+02
4.055000000000000000e+02 1.685000000000000000e+02
7.300000000000000000e+01 1.706999999999999886e+02
2.426904761899999983e+02 1.707380952379999997e+02
5.608846153849999610e+02 1.728846153849999894e+02
5.419210526320000554e+02 1.746052631580000138e+02
1.232500000000000000e+02 1.750833333330000130e+02
2.895000000000000000e+02 1.745000000000000000e+02
4.339117647059999854e+02 1.756176470590000065e+02
4.583750000000000000e+02 1.754375000000000000e+02
5.863823529410000219e+02 1.759117647060000138e+02
3.718999999999999773e+02 1.779000000000000057e+02
4.794090909089999855e+02 1.785909090909999861e+02
5.045000000000000000e+02 1.785000000000000000e+02
1.003823529409999935e+02 1.790882352939999862e+02
1.985500000000000114e+02 1.794000000000000057e+02
2.838999999999999773e+02 1.789000000000000057e+02
3.363181818180000278e+02 1.786818181820000007e+02
2.500000000000000000e+01 1.795000000000000000e+02
8.650000000000000000e+01 1.800000000000000000e+02
2.253823529409999935e+02 1.800882352939999862e+02
3.530882352940000146e+02 1.803823529409999935e+02
4.505000000000000000e+02 1.818529411760000016e+02
9.966666667000000146e+00 1.823666666670000041e+02
1.773823529409999935e+02 1.819117647060000138e+02
3.956000000000000227e+02 1.835500000000000114e+02
1.515000000000000000e+02 1.855000000000000000e+02
4.986842105299999872e+01 1.867105263159999993e+02
4.638636363640000013e+02 1.860454545450000126e+02
3.005555555560000016e+02 1.877222222219999992e+02
4.157500000000000000e+02 1.868333333330000130e+02
5.753947368420000430e+02 1.880789473680000015e+02
1.169999999999999929e+01 1.890000000000000000e+02
2.545000000000000000e+02 1.892894736840000007e+02
3.170000000000000000e+02 1.887857142860000010e+02
4.811000000000000227e+02 1.899000000000000057e+02
1.128333333329999988e+02 1.919666666669999984e+02
2.916666666700000121e+01 1.936428571429999863e+02
1.828846153849999894e+02 1.941153846150000106e+02
4.303888888889999862e+02 1.947777777780000008e+02
5.220000000000000000e+02 1.942777777780000008e+02
5.502222222220000276e+02 1.969444444439999984e+02
1.316999999999999886e+02 1.976999999999999886e+02
2.120000000000000000e+02 1.976999999999999886e+02
2.768636363640000013e+02 1.965909090909999861e+02
2.850000000000000000e+02 1.975000000000000000e+02
8.185294117600000163e+01 1.985000000000000000e+02
3.729117647059999854e+02 1.983823529409999935e+02
3.295000000000000000e+02 1.995000000000000000e+02
3.995909090910000145e+02 1.993181818179999993e+02
4.710789473680000015e+02 1.993947368419999862e+02
1.110000000000000000e+02 2.005000000000000000e+02
1.742142857139999990e+02 2.000000000000000000e+02
3.580000000000000000e+02 2.010000000000000000e+02
2.225000000000000000e+02 2.016999999999999886e+02
4.502692307689999893e+02 2.018846153849999894e+02
1.468529411760000016e+02 2.035000000000000000e+02
4.852941175999999857e+00 2.039705882350000081e+02
5.038529411760000016e+02 2.049705882350000081e+02
5.336176470589999781e+02 2.050882352939999862e+02
2.457307692310000107e+02 2.068846153849999894e+02
4.516666666700000121e+01 2.077666666670000097e+02
5.913157894700000128e+01 2.082894736840000007e+02
5.695000000000000000e+02 2.100000000000000000e+02
2.642500000000000000e+02 2.117500000000000000e+02
1.356333333329999959e+02 2.124333333330000073e+02
3.020000000000000000e+02 2.125000000000000000e+02
8.286363636400000132e+01 2.125909090909999861e+02
3.230000000000000000e+02 2.127857142860000010e+02
3.833000000000000114e+02 2.130000000000000000e+02
5.215909090909999577e+02 2.131363636359999987e+02
1.885000000000000000e+02 2.148529411760000016e+02
2.786428571430000147e+02 2.143095238100000017e+02
4.735000000000000000e+02 2.148529411760000016e+02
1.542142857139999990e+02 2.150000000000000000e+02
2.772222222199999919e+01 2.160000000000000000e+02
4.125476190480000014e+02 2.168809523809999860e+02
4.291666666670000154e+02 2.164166666669999870e+02
3.466000000000000227e+02 2.178000000000000114e+02
2.095909090909999861e+02 2.181363636359999987e+02
4.583000000000000114e+02 2.181999999999999886e+02
5.508846153849999610e+02 2.177307692310000107e+02
2.278846153849999894e+02 2.188846153849999894e+02
5.066111111110000138e+02 2.191666666669999870e+02
1.863636363999999990e+00 2.194090909090000139e+02
7.613636363599999868e+01 2.200454545450000126e+02
9.391176470599999959e+01 2.203823529409999935e+02
1.149000000000000057e+02 2.199000000000000057e+02
2.853679245280000032e+02 2.259528301889999966e+02
3.690000000000000000e+02 2.215000000000000000e+02
1.810000000000000000e+02 2.252777777780000008e+02
4.057857142859999726e+02 2.250000000000000000e+02
5.867857142860000295e+02 2.260000000000000000e+02
5.470000000000000284e+01 2.270000000000000000e+02
2.414285714300000052e+01 2.287142857139999990e+02
2.474000000000000057e+02 2.281999999999999886e+02
5.152500000000000000e+02 2.278333333330000130e+02
4.476999999999999886e+02 2.285000000000000000e+02
1.304444444439999984e+02 2.307222222219999992e+02
3.878000000000000114e+02 2.304000000000000057e+02
5.342894736839999723e+02 2.305000000000000000e+02
1.650384615380000071e+02 2.313461538459999929e+02
1.417777777780000008e+02 2.323888888889999862e+02
2.622647058819999870e+02 2.337352941180000130e+02
3.069615384620000214e+02 2.336538461540000071e+02
4.633333333329999846e+02 2.343888888889999862e+02
3.253500000000000227e+02 2.352500000000000000e+02
2.200555555560000016e+02 2.366111111110000138e+02
3.588846153850000178e+02 2.361153846150000106e+02
4.200000000000000000e+02 2.360000000000000000e+02
4.896052631580000138e+02 2.359210526319999985e+02
5.693421052630000077e+02 2.366578947369999923e+02
4.287500000000000000e+01 2.377500000000000000e+02
1.928529411760000016e+02 2.369705882350000081e+02
7.800000000000000000e+01 2.402777777780000008e+02
9.342105263000000548e+00 2.413421052630000077e+02
9.811538461499999642e+01 2.408846153849999894e+02
6.596666666699999837e+01 2.426333333329999959e+02
4.040789473680000015e+02 2.446052631580000138e+02
5.120000000000000000e+02 2.442142857139999990e+02
5.288529411759999448e+02 2.445000000000000000e+02
2.900000000000000000e+02 2.455000000000000000e+02
3.501153846149999822e+02 2.451153846150000106e+02
3.835000000000000000e+02 2.453333333330000130e+02
5.531470588240000552e+02 2.465000000000000000e+02
1.751666666669999870e+02 2.475833333330000130e+02
4.845769230770000036e+02 2.481923076920000142e+02
2.091176470599999959e+01 2.503823529409999935e+02
1.547857142860000010e+02 2.500000000000000000e+02
3.620000000000000000e+02 2.500000000000000000e+02
4.367857142859999726e+02 2.505000000000000000e+02
4.757307692310000107e+02 2.506538461540000071e+02
1.158846153850000036e+02 2.511153846150000106e+02
2.154230769229999964e+02 2.508076923079999858e+02
5.892142857139999705e+02 2.510000000000000000e+02
1.363461538459999929e+02 2.518076923079999858e+02
2.364090909090000139e+02 2.524090909090000139e+02
4.477857142859999726e+02 2.532142857139999990e+02
2.710789473680000015e+02 2.533947368419999862e+02
9.171052631599999927e+01 2.545000000000000000e+02
5.038684210530000200e+02 2.550263157889999945e+02
3.296578947369999923e+02 2.566578947369999923e+02
1.918000000000000114e+02 2.576000000000000227e+02
3.885000000000000000e+02 2.571666666670000154e+02
4.671428571399999896e+01 2.581428571430000147e+02
5.720000000000000000e+02 2.595000000000000000e+02
3.020000000000000000e+02 2.612777777779999724e+02
2.862142857140000274e+02 2.620000000000000000e+02
4.146578947369999923e+02 2.624473684210000215e+02
4.337500000000000000e+02 2.632500000000000000e+02
1.450333333330000016e+02 2.646333333329999959e+02
2.295000000000000000e+02 2.642894736839999723e+02
5.484583333330000414e+02 2.651666666670000154e+02
1.234210526300000055e+01 2.663421052630000077e+02
3.520000000000000000e+02 2.657857142859999726e+02
1.687857142860000010e+02 2.670000000000000000e+02
2.582500000000000000e+02 2.674499999999999886e+02
5.217857142860000295e+02 2.670000000000000000e+02
3.223421052630000077e+02 2.690789473680000015e+02
5.827352941179999561e+02 2.707352941180000130e+02
1.058684210530000058e+02 2.712894736839999723e+02
2.065000000000000000e+02 2.715000000000000000e+02
4.501153846149999822e+02 2.709615384620000214e+02
5.032222222220000276e+02 2.713888888889999862e+02
5.925000000000000000e+01 2.722500000000000000e+02
1.225000000000000000e+02 2.715000000000000000e+02
5.622857142860000295e+02 2.728571428569999853e+02
1.125000000000000000e+00 2.742500000000000000e+02
3.344736842100000018e+01 2.746578947369999923e+02
3.790000000000000000e+02 2.736999999999999886e+02
4.633461538459999929e+02 2.737307692310000107e+02
4.712142857140000274e+02 2.740000000000000000e+02
4.949285714289999873e+02 2.742857142859999726e+02
2.706764705879999724e+02 2.756764705879999724e+02
7.990000000000000568e+01 2.761000000000000227e+02
3.386999999999999886e+02 2.765666666669999927e+02
1.889285714289999873e+02 2.776904761900000267e+02
5.355000000000000000e+02 2.766999999999999886e+02
1.578636363640000013e+02 2.775909090910000145e+02
2.371153846150000106e+02 2.791153846149999822e+02
3.998636363640000013e+02 2.785909090910000145e+02
3.018333333329999846e+02 2.797222222220000276e+02
1.299117647060000138e+02 2.813823529410000219e+02
5.756578947369999923e+02 2.823421052630000077e+02
2.310000000000000000e+02 2.832142857140000274e+02
4.086538461540000071e+02 2.842692307689999893e+02
2.898846153850000178e+02 2.851153846149999822e+02
3.127307692310000107e+02 2.855769230770000036e+02
5.481000000000000227e+02 2.848999999999999773e+02
4.400000000000000000e+01 2.865000000000000000e+02
6.633333333299999879e+01 2.864166666670000154e+02
1.705000000000000000e+02 2.864090909089999855e+02
4.933095238099999733e+02 2.880714285710000127e+02
9.500000000000000000e+00 2.890000000000000000e+02
1.145555555560000016e+02 2.897222222220000276e+02
1.891470588239999984e+02 2.900294117650000203e+02
2.598809523809999860e+02 2.892619047619999719e+02
3.502142857140000274e+02 2.891428571430000147e+02
3.857857142859999726e+02 2.890000000000000000e+02
2.770000000000000000e+02 2.895000000000000000e+02
3.660454545449999841e+02 2.901363636359999987e+02
2.439473684200000037e+01 2.909210526319999985e+02
4.784130434780000201e+02 2.919347826090000240e+02
4.411000000000000227e+02 2.921000000000000227e+02
9.500000000000000000e+01 2.935000000000000000e+02
2.028571428570000137e+02 2.957142857140000274e+02
6.388461538499999648e+01 2.961153846149999822e+02
4.218529411760000016e+02 2.965000000000000000e+02
2.993947368419999862e+02 2.969210526319999985e+02
1.252222222219999992e+02 2.983888888889999862e+02
1.526578947369999923e+02 2.983421052630000077e+02
5.901666666669999586e+02 2.993333333329999846e+02
4.565000000000000000e+02 3.007105263160000277e+02
5.263750000000000000e+02 3.001875000000000000e+02
1.670000000000000000e+02 3.007857142859999726e+02
5.565000000000000000e+02 3.025000000000000000e+02
2.370000000000000000e+02 3.027857142859999726e+02
3.340000000000000000e+02 3.045000000000000000e+02
9.700000000000000000e+01 3.055000000000000000e+02
2.773750000000000000e+02 3.051875000000000000e+02
7.925000000000000000e+01 3.058333333329999846e+02
3.620000000000000000e+02 3.062142857140000274e+02
4.440000000000000000e+02 3.062142857140000274e+02
2.180000000000000000e+02 3.075000000000000000e+02
5.113666666670000041e+02 3.069666666670000268e+02
4.062368421049999938e+02 3.082894736839999723e+02
3.950000000000000000e+01 3.090000000000000000e+02
5.812692307690000462e+02 3.091153846149999822e+02
3.803461538459999929e+02 3.099615384620000214e+02
1.518684210529999916e+02 3.127105263160000277e+02
1.978684210529999916e+02 3.122894736839999723e+02
2.620000000000000000e+02 3.120000000000000000e+02
1.840454545450000126e+02 3.128636363640000013e+02
3.447142857140000274e+02 3.128571428569999853e+02
3.205000000000000000e+02 3.148529411760000016e+02
4.805000000000000000e+02 3.138333333329999846e+02
2.014705882399999837e+01 3.155000000000000000e+02
2.950000000000000000e+02 3.162272727270000132e+02
4.681153846149999822e+02 3.158846153850000178e+02
3.580652173909999760e+02 3.175869565219999799e+02
5.031666666670000154e+02 3.182333333330000187e+02
5.482647058820000439e+02 3.182647058819999870e+02
1.685000000000000000e+02 3.203571428569999853e+02
6.700000000000000000e+01 3.217857142859999726e+02
9.472222222199999919e+01 3.220000000000000000e+02
2.176818181820000007e+02 3.219545454550000159e+02
2.427500000000000000e+02 3.218333333329999846e+02
5.364444444440000552e+02 3.223888888889999862e+02
3.328846153850000178e+02 3.231153846149999822e+02
5.611538461500000352e+01 3.241153846149999822e+02
1.177105263159999993e+02 3.241315789469999800e+02
2.653666666670000041e+02 3.239666666670000268e+02
4.171000000000000227e+02 3.241000000000000227e+02
8.911764705999999592e+00 3.256176470589999781e+02
4.357857142859999726e+02 3.250000000000000000e+02
5.763666666670000041e+02 3.250333333329999732e+02
3.110000000000000000e+02 3.262142857140000274e+02
5.160000000000000000e+02 3.262777777779999724e+02
3.975454545449999841e+02 3.281818181819999722e+02
1.302647058819999870e+02 3.287352941180000130e+02
2.500999999999999943e+02 3.281000000000000227e+02
4.706999999999999886e+02 3.275000000000000000e+02
1.805000000000000000e+02 3.291315789469999800e+02
3.741000000000000227e+02 3.291000000000000227e+02
4.893000000000000114e+02 3.295000000000000000e+02
4.466999999999999886e+02 3.313000000000000114e+02
2.916666666700000121e+01 3.326428571430000147e+02
1.985000000000000000e+02 3.328529411760000016e+02
5.501666666669999586e+02 3.347500000000000000e+02
3.533421052630000077e+02 3.366578947369999923e+02
5.052142857140000274e+02 3.360000000000000000e+02
1.147857142860000010e+02 3.380000000000000000e+02
1.505500000000000114e+02 3.386000000000000227e+02
2.372500000000000000e+02 3.381666666670000154e+02
5.704545454499999835e+01 3.388636363640000013e+02
7.600000000000000000e+01 3.402142857140000274e+02
2.790000000000000000e+02 3.405000000000000000e+02
3.069117647059999854e+02 3.416176470589999781e+02
3.979666666670000268e+02 3.416333333329999959e+02
4.298529411760000016e+02 3.415000000000000000e+02
2.170000000000000000e+02 3.420000000000000000e+02
4.172500000000000000e+02 3.426250000000000000e+02
1.741470588239999984e+02 3.435000000000000000e+02
3.292500000000000000e+02 3.437500000000000000e+02
5.388846153849999610e+02 3.428846153850000178e+02
4.126470588200000122e+01 3.469705882349999797e+02
4.698333333329999846e+02 3.475833333329999846e+02
2.565500000000000114e+02 3.483999999999999773e+02
5.712777777779999724e+02 3.480000000000000000e+02
8.685294117600000163e+01 3.495000000000000000e+02
1.920000000000000000e+02 3.495000000000000000e+02
3.710000000000000000e+02 3.497857142859999726e+02
1.536111111110000138e+02 3.516666666670000154e+02
4.866250000000000000e+02 3.511875000000000000e+02
5.250000000000000000e+02 3.522142857140000274e+02
3.626999999999999886e+02 3.526000000000000227e+02
4.120000000000000000e+02 3.542142857140000274e+02
4.595000000000000000e+02 3.545000000000000000e+02
4.525500000000000114e+02 3.556000000000000227e+02
5.882142857139999705e+02 3.550000000000000000e+02
2.873076923100000002e+01 3.557307692310000107e+02
3.390000000000000000e+02 3.560000000000000000e+02
2.128846153849999894e+02 3.571153846149999822e+02
1.040000000000000036e+01 3.581999999999999886e+02
6.475000000000000000e+01 3.578333333329999846e+02
2.283823529409999935e+02 3.580882352940000146e+02
5.597999999999999545e+02 3.576000000000000227e+02
3.645000000000000000e+02 3.598809523809999860e+02
1.291190476190000140e+02 3.600714285710000127e+02
3.035454545449999841e+02 3.602272727270000132e+02
5.011153846149999822e+02 3.597307692310000107e+02
5.359545454550000159e+02 3.611363636359999987e+02
1.678846153849999894e+02 3.621153846149999822e+02
5.107500000000000000e+02 3.619166666670000154e+02
1.014500000000000028e+02 3.636000000000000227e+02
1.905000000000000000e+02 3.625000000000000000e+02
4.270454545449999841e+02 3.631363636359999987e+02
5.771470588240000552e+02 3.630294117650000203e+02
2.607500000000000000e+02 3.642500000000000000e+02
1.183571428569999995e+02 3.656904761900000267e+02
5.185714285699999948e+01 3.657857142859999726e+02
8.784999999999999432e+01 3.661499999999999773e+02
3.965000000000000000e+02 3.655000000000000000e+02
2.849545454550000159e+02 3.668636363640000013e+02
3.154166666670000154e+02 3.678333333329999846e+02
3.459117647059999854e+02 3.696176470589999781e+02
4.631666666670000154e+02 3.706333333329999959e+02
2.423947368419999862e+02 3.727105263160000277e+02
4.810000000000000000e+02 3.720000000000000000e+02
5.018888888889999862e+02 3.738888888889999862e+02
1.780000000000000071e+01 3.743999999999999773e+02
4.193823529410000219e+02 3.737941176470000073e+02
4.496052631580000138e+02 3.759210526319999985e+02
5.325000000000000000e+02 3.763823529410000219e+02
5.898999999999999773e+02 3.761999999999999886e+02
5.757142857099999844e+01 3.771428571430000147e+02
5.578684210530000200e+02 3.777105263160000277e+02
1.366538461540000071e+02 3.780384615379999786e+02
2.706578947369999923e+02 3.806578947369999923e+02
3.658999999999999773e+02 3.808999999999999773e+02
1.050999999999999943e+02 3.824333333330000073e+02
1.550333333330000016e+02 3.823666666670000041e+02
2.865476190480000014e+02 3.828809523809999860e+02
2.290000000000000000e+02 3.830000000000000000e+02
3.821250000000000000e+02 3.832500000000000000e+02
2.110882352939999862e+02 3.846176470589999781e+02
4.485294117600000163e+01 3.855000000000000000e+02
1.690999999999999943e+02 3.858999999999999773e+02
1.844499999999999886e+02 3.876000000000000227e+02
3.080000000000000000e+02 3.870000000000000000e+02
4.671250000000000000e+02 3.892500000000000000e+02
7.700000000000000000e+01 3.900000000000000000e+02
5.013000000000000114e+02 3.895000000000000000e+02
2.100000000000000089e+00 3.908999999999999773e+02
3.302222222220000276e+02 3.913888888889999862e+02
5.378999999999999773e+02 3.918999999999999773e+02
1.210999999999999943e+02 3.934333333330000073e+02
3.987222222220000276e+02 3.934444444439999984e+02
5.228846153849999610e+02 3.931153846149999822e+02
5.757500000000000000e+02 3.932500000000000000e+02
7.599999999999999645e+00 3.945500000000000114e+02
1.376538461540000071e+02 3.949615384620000214e+02
2.794230769229999964e+02 3.949615384620000214e+02
4.873823529410000219e+02 3.960882352940000146e+02
1.765000000000000000e+02 3.965000000000000000e+02
2.115000000000000000e+02 3.975000000000000000e+02
3.441999999999999886e+02 3.986499999999999773e+02
4.105500000000000114e+02 3.986000000000000227e+02
4.330000000000000000e+02 4.000000000000000000e+02
6.250000000000000000e+01 4.011666666670000154e+02
2.370882352939999862e+02 4.016176470589999781e+02
1.036250000000000000e+02 4.028125000000000000e+02
3.854090909089999855e+02 4.021363636359999987e+02
4.584444444439999984e+02 4.023888888889999862e+02
3.090789473680000015e+02 4.036052631580000138e+02
9.061111111099999960e+01 4.038333333329999846e+02
2.469999999999999929e+01 4.050000000000000000e+02
1.687222222219999992e+02 4.050000000000000000e+02
1.929615384619999929e+02 4.046538461540000071e+02
5.603421052630000077e+02 4.063421052630000077e+02
4.302142857140000274e+02 4.080000000000000000e+02
4.933421052630000077e+02 4.096578947369999923e+02
5.185000000000000000e+02 4.085000000000000000e+02
4.389999999999999858e+01 4.101000000000000227e+02
3.650909090910000145e+02 4.111363636359999987e+02
4.717727272729999868e+02 4.106818181819999722e+02
1.276818181820000007e+02 4.106818181819999722e+02
3.502368421049999938e+02 4.117631578950000062e+02
5.776333333329999959e+02 4.120333333329999732e+02
1.485000000000000000e+02 4.145000000000000000e+02
3.298636363640000013e+02 4.134090909089999855e+02
4.103235294120000276e+02 4.143235294120000276e+02
2.818846153850000178e+02 4.148846153850000178e+02
5.645000000000000284e+01 4.173999999999999773e+02
2.646176470589999781e+02 4.169117647059999854e+02
5.340000000000000000e+02 4.170000000000000000e+02
7.211538461499999642e+01 4.181153846149999822e+02
1.000000000000000000e+02 4.202142857140000274e+02
1.893000000000000114e+02 4.195000000000000000e+02
2.060000000000000000e+02 4.200000000000000000e+02
2.298076923079999858e+02 4.210000000000000000e+02
2.475000000000000000e+02 4.200714285710000127e+02
3.031428571430000147e+02 4.207142857140000274e+02
3.000000000000000000e+00 4.207857142859999726e+02
3.803888888889999862e+02 4.227777777779999724e+02
5.216176470589999781e+02 4.220882352940000146e+02
5.697500000000000000e+02 4.221666666670000154e+02
1.900000000000000000e+01 4.235000000000000000e+02
5.479705882350000365e+02 4.258529411760000016e+02
5.895000000000000000e+02 4.255000000000000000e+02
1.115999999999999943e+02 4.271999999999999886e+02
1.507307692310000107e+02 4.267307692310000107e+02
1.715000000000000000e+02 4.265000000000000000e+02
4.449666666670000268e+02 4.273666666670000041e+02
3.906250000000000000e+02 4.276250000000000000e+02
8.996666666699999837e+01 4.296333333329999959e+02
3.230000000000000000e+02 4.290000000000000000e+02
4.221666666670000154e+02 4.291666666670000154e+02
4.576904761900000267e+02 4.306428571430000147e+02
4.062500000000000000e+01 4.303750000000000000e+02
1.385000000000000000e+02 4.325000000000000000e+02
2.975000000000000000e+02 4.317857142859999726e+02
6.927777777800000081e+01 4.330000000000000000e+02
3.508999999999999773e+02 4.331000000000000227e+02
5.763461538459999929e+02 4.330384615379999786e+02
2.075000000000000000e+02 4.335000000000000000e+02
2.671428571430000147e+02 4.342857142859999726e+02
3.676000000000000227e+02 4.341999999999999886e+02
2.853888888889999862e+02 4.348333333329999846e+02
2.424000000000000057e+02 4.371999999999999886e+02
4.837222222220000276e+02 4.375555555560000016e+02
4.961153846149999822e+02 4.367307692310000107e+02
5.536538461540000071e+02 4.369615384620000214e+02
4.239705882349999797e+02 4.387352941180000130e+02
5.335000000000000000e+02 4.385000000000000000e+02
1.965000000000000000e+02 4.413000000000000114e+02
3.953000000000000114e+02 4.410000000000000000e+02
3.322619047619999719e+02 4.424523809519999986e+02
2.388461538500000003e+01 4.428846153850000178e+02
2.343461538459999929e+02 4.429615384620000214e+02
3.011470588239999984e+02 4.429705882349999797e+02
5.200000000000000000e+01 4.450000000000000000e+02
8.861764705900000649e+01 4.450882352940000146e+02
1.114000000000000057e+02 4.456999999999999886e+02
1.724444444439999984e+02 4.456111111110000138e+02
4.001666666670000154e+02 4.454166666670000154e+02
3.585000000000000000e+02 4.465000000000000000e+02
4.632500000000000000e+02 4.471666666670000154e+02
2.604285714289999873e+02 4.492857142859999726e+02
5.755000000000000000e+02 4.495000000000000000e+02
5.000000000000000000e-01 4.490000000000000000e+02
5.188076923080000142e+02 4.504230769229999964e+02
4.426333333329999959e+02 4.510333333329999732e+02
4.865555555560000016e+02 4.517222222220000276e+02
3.762500000000000000e+01 4.531875000000000000e+02
1.545000000000000000e+02 4.530000000000000000e+02
3.760000000000000000e+02 4.530000000000000000e+02
2.124090909090000139e+02 4.554090909089999855e+02
1.397777777780000008e+02 4.566111111110000138e+02
2.837857142859999726e+02 4.560000000000000000e+02
4.355000000000000000e+02 4.563000000000000114e+02
1.997777777780000008e+02 4.576111111110000138e+02
1.031153846149999964e+02 4.578846153850000178e+02
3.316739130430000273e+02 4.585000000000000000e+02
5.029117647059999854e+02 4.586176470589999781e+02
2.645000000000000000e+02 4.599285714289999873e+02
3.190454545449999841e+02 4.601363636359999987e+02
4.237222222220000276e+02 4.600000000000000000e+02
1.706538461540000071e+02 4.610384615379999786e+02
2.425000000000000000e+02 4.613000000000000114e+02
4.615476190480000014e+02 4.622619047619999719e+02
5.469117647059999854e+02 4.616176470589999781e+02
3.650000000000000000e+02 4.620000000000000000e+02
6.454999999999999716e+01 4.656000000000000227e+02
5.520294117649999635e+02 4.656176470589999781e+02
5.748125000000000000e+02 4.656250000000000000e+02
1.071052631599999927e+01 4.668684210530000200e+02
2.328333333330000130e+02 4.655833333329999846e+02
8.825000000000000000e+01 4.678333333329999846e+02
3.968000000000000114e+02 4.686499999999999773e+02
3.541666666670000154e+02 4.697500000000000000e+02
1.520000000000000000e+02 4.710000000000000000e+02
4.905000000000000000e+02 4.713947368419999862e+02
3.200000000000000000e+02 4.720000000000000000e+02
4.442647058819999870e+02 4.732647058819999870e+02
5.226111111110000138e+02 4.736666666670000154e+02
4.470000000000000284e+01 4.735000000000000000e+02
5.098846153850000178e+02 4.741153846149999822e+02
2.785000000000000000e+02 4.750000000000000000e+02
2.966111111110000138e+02 4.752222222220000276e+02
2.221428571399999896e+01 4.760000000000000000e+02
2.176176470590000065e+02 4.760882352940000146e+02
2.638846153850000178e+02 4.758846153850000178e+02
3.796999999999999886e+02 4.760000000000000000e+02
4.293000000000000114e+02 4.765000000000000000e+02
1.188846153850000036e+02 4.778846153850000178e+02
1.579000000000000057e+02 4.788999999999999773e+02
5.405000000000000000e+02 4.805555555560000016e+02
1.910000000000000000e+02 4.810000000000000000e+02
4.710000000000000000e+02 4.810000000000000000e+02
1.269047619000000005e+01 4.826428571430000147e+02
1.803888888889999862e+02 4.827777777779999724e+02
3.477500000000000000e+02 4.827500000000000000e+02
5.001000000000000227e+02 4.841000000000000227e+02
6.988461538500000358e+01 4.848846153850000178e+02
5.697916666669999586e+02 4.855000000000000000e+02
1.020999999999999943e+02 4.858999999999999773e+02
2.387500000000000000e+02 4.858333333329999846e+02
3.800000000000000000e+02 4.862142857140000274e+02
4.548000000000000114e+02 4.868000000000000114e+02
5.805000000000000000e+02 4.870000000000000000e+02
8.300000000000000000e+01 4.887857142859999726e+02
1.366578947369999923e+02 4.895526315789999785e+02
4.970000000000000284e+01 4.895000000000000000e+02
3.192500000000000000e+02 4.900625000000000000e+02
4.041666666670000154e+02 4.901666666670000154e+02
4.861000000000000227e+02 4.901000000000000227e+02
2.501428571429999863e+02 4.912857142859999726e+02
5.255000000000000000e+02 4.913000000000000114e+02
2.760555555560000016e+02 4.926111111110000138e+02
3.234210526300000055e+01 4.936578947369999923e+02
3.671363636359999987e+02 4.930454545449999841e+02
4.400000000000000000e+02 4.945000000000000000e+02
1.511153846150000106e+02 4.961153846149999822e+02
2.130000000000000000e+02 4.960000000000000000e+02
1.278846153850000036e+02 4.971153846149999822e+02
2.208846153849999894e+02 4.982692307689999893e+02
5.903333333300000163e+01 4.996333333329999959e+02
3.039375000000000000e+02 4.997500000000000000e+02
4.578846153850000178e+02 4.991153846149999822e+02
3.437857142859999726e+02 4.998571428569999853e+02
4.007500000000000000e+02 5.002500000000000000e+02
4.233823529410000219e+02 4.999117647059999854e+02
5.035909090910000145e+02 5.001363636359999987e+02
5.453750000000000000e+02 4.993750000000000000e+02
3.685000000000000000e+02 5.025000000000000000e+02
7.368181818200000066e+01 5.036818181819999722e+02
1.134500000000000028e+02 5.051999999999999886e+02
1.716999999999999886e+02 5.040000000000000000e+02
3.795000000000000000e+02 5.055000000000000000e+02
1.896538461540000071e+02 5.060384615379999786e+02
2.660000000000000000e+02 5.060000000000000000e+02
1.597058823499999924e+01 5.078529411760000016e+02
3.168636363640000013e+02 5.065909090910000145e+02
5.667666666669999813e+02 5.076999999999999886e+02
1.166666667000000102e+00 5.079444444439999984e+02
5.288636363639999445e+02 5.085909090910000145e+02
2.449615384619999929e+02 5.108076923080000142e+02
5.836578947369999923e+02 5.110789473680000015e+02
4.629999999999999716e+01 5.105000000000000000e+02
1.425000000000000000e+02 5.110000000000000000e+02
2.780000000000000000e+02 5.115000000000000000e+02
4.821428571430000147e+02 5.135714285709999558e+02
4.972500000000000000e+02 5.132500000000000000e+02
8.660526315799999963e+01 5.159210526320000554e+02
4.352142857140000274e+02 5.160000000000000000e+02
3.006538461540000071e+02 5.169615384620000214e+02
4.575000000000000000e+02 5.165000000000000000e+02
7.545238095199999862e+01 5.183095238099999733e+02
2.270000000000000000e+02 5.172999999999999545e+02
3.378333333329999846e+02 5.175000000000000000e+02
1.551999999999999886e+02 5.196000000000000227e+02
1.810454545450000126e+02 5.188636363639999445e+02
2.071666666669999870e+02 5.190333333329999732e+02
3.592500000000000000e+02 5.203500000000000227e+02
5.446538461540000071e+02 5.200384615379999786e+02
5.558999999999999773e+02 5.198999999999999773e+02
3.847500000000000000e+02 5.218333333330000414e+02
1.016904761899999983e+02 5.246428571430000147e+02
4.043947368419999862e+02 5.240789473679999446e+02
2.819230769199999997e+01 5.250384615379999786e+02
5.116111111110000138e+02 5.254444444440000552e+02
1.348571428570000137e+02 5.264285714290000442e+02
2.824130434780000201e+02 5.272826086960000112e+02
3.220000000000000000e+02 5.290000000000000000e+02
5.400000000000000000e+01 5.305000000000000000e+02
2.677500000000000000e+02 5.301666666669999586e+02
1.975000000000000000e+02 5.330000000000000000e+02
1.696111111110000138e+02 5.348333333330000414e+02
2.490882352939999862e+02 5.357352941179999561e+02
1.165789473699999945e+01 5.366578947369999923e+02
5.628846153849999610e+02 5.358846153849999610e+02
1.205000000000000000e+02 5.375000000000000000e+02
2.333421052630000077e+02 5.376578947369999923e+02
4.608529411760000016e+02 5.369705882350000365e+02
4.258846153850000178e+02 5.381153846150000390e+02
2.182500000000000000e+02 5.388333333330000414e+02
4.469117647059999854e+02 5.396176470589999781e+02
5.414500000000000455e+02 5.396000000000000227e+02
9.285714290000000037e-01 5.402142857139999705e+02
3.839999999999999858e+01 5.405499999999999545e+02
4.841875000000000000e+02 5.403750000000000000e+02
5.821315789469999800e+02 5.402894736839999723e+02
3.646578947369999923e+02 5.413421052630000077e+02
1.457857142860000010e+02 5.420000000000000000e+02
3.440333333329999732e+02 5.423666666670000041e+02
7.234210526299999344e+01 5.436578947369999923e+02
5.167000000000000455e+02 5.430000000000000000e+02
1.351250000000000000e+02 5.455000000000000000e+02
4.022692307689999893e+02 5.448846153849999610e+02
2.976999999999999886e+02 5.455000000000000000e+02
3.847857142859999726e+02 5.463571428569999853e+02
3.111666666670000154e+02 5.472500000000000000e+02
5.760000000000000142e+01 5.482999999999999545e+02
5.011000000000000227e+02 5.491000000000000227e+02
2.112142857139999990e+02 5.500000000000000000e+02
2.700333333329999732e+02 5.503666666670000041e+02
1.873421052630000077e+02 5.513421052630000077e+02
3.330238095240000007e+02 5.521190476189999572e+02
5.674583333330000414e+02 5.531666666669999586e+02
4.280000000000000000e+02 5.530000000000000000e+02
4.488571428569999853e+02 5.537142857139999705e+02
5.485000000000000000e+02 5.545000000000000000e+02
3.807857142859999726e+02 5.550000000000000000e+02
2.549117647060000138e+02 5.567352941179999561e+02
5.905000000000000000e+02 5.565000000000000000e+02
1.788461538500000003e+01 5.571153846150000390e+02
1.040000000000000000e+02 5.567857142860000295e+02
2.875000000000000000e+02 5.588529411759999448e+02
3.850000000000000000e+01 5.591470588240000552e+02
4.745000000000000000e+02 5.591470588240000552e+02
1.397727272729999868e+02 5.610000000000000000e+02
1.617500000000000000e+02 5.608750000000000000e+02
2.275000000000000000e+02 5.605000000000000000e+02
5.298846153849999610e+02 5.608846153849999610e+02
3.362647058819999870e+02 5.622647058820000439e+02
3.070000000000000000e+02 5.637000000000000455e+02
8.200000000000000000e+01 5.641666666669999586e+02
1.165000000000000000e+02 5.641250000000000000e+02
3.240000000000000000e+02 5.645000000000000000e+02
