3.539999999999999858e+01 2.500000000000000000e+00
1.370000000000000000e+02 5.000000000000000000e-01
2.256666666669999870e+02 8.333333330000000094e-01
2.431999999999999886e+02 2.350000000000000089e+00
3.481363636359999987e+02 1.409090908999999892e+00
4.710000000000000000e+02 1.300000000000000044e+00
5.067777777779999724e+02 1.888888888999999960e+00
1.516111111110000138e+02 3.222222222000000080e+00
3.088999999999999773e+02 2.899999999999999911e+00
4.110000000000000000e+02 3.000000000000000000e+00
1.219999999999999929e+01 6.400000000000000355e+00
4.896153846200000004e+01 6.346153845999999987e+00
1.762272727270000132e+02 6.818181818000000227e+00
5.258750000000000000e+02 6.750000000000000000e+00
2.015000000000000000e+02 9.000000000000000000e+00
3.903181818180000278e+02 1.031818181799999934e+01
4.393823529410000219e+02 9.970588234999999244e+00
1.379000000000000057e+02 1.090000000000000036e+01
2.810882352940000146e+02 1.138235294100000061e+01
3.360000000000000000e+02 1.127777777800000081e+01
3.718500000000000227e+02 1.115000000000000036e+01
4.900000000000000000e+02 1.127777777800000081e+01
5.572999999999999545e+02 1.050000000000000000e+01
5.862500000000000000e+02 1.175000000000000000e+01
2.180000000000000000e+02 1.450000000000000000e+01
2.367666666670000097e+02 1.416666666699999944e+01
2.633421052630000077e+02 1.465789473699999945e+01
7.213636363599999868e+01 1.440909090899999967e+01
4.260882352940000146e+02 1.561764705899999939e+01
1.122500000000000000e+02 1.675000000000000000e+01
1.832500000000000000e+02 1.808333333299999879e+01
2.993571428569999853e+02 1.969047618999999827e+01
5.463666666670000041e+02 1.903333333300000163e+01
9.200000000000000000e+01 2.021428571399999896e+01
4.570833333329999846e+02 1.975000000000000000e+01
7.486842105300000583e+01 2.371052631599999927e+01
5.155000000000000000e+02 2.300000000000000000e+01
5.582222222220000276e+02 2.361111111099999960e+01
1.639999999999999858e+01 2.455000000000000071e+01
6.250000000000000000e+01 2.526470588200000122e+01
2.713181818180000278e+02 2.468181818200000066e+01
3.295000000000000000e+02 2.516666666700000121e+01
3.575909090910000145e+02 2.559090909100000033e+01
3.723888888889999862e+02 2.777777777800000081e+01
4.914285714289999873e+02 2.735714285699999948e+01
1.659375000000000000e+02 2.875000000000000000e+01
4.161153846149999822e+02 2.811538461499999997e+01
5.335833333330000414e+02 2.833333333299999879e+01
3.941363636359999987e+02 2.859090909100000033e+01
1.015833333329999988e+02 2.983333333299999879e+01
1.233421052629999934e+02 3.034210526300000055e+01
4.715000000000000000e+02 3.050000000000000000e+01
5.765499999999999545e+02 3.060000000000000142e+01
1.410000000000000000e+02 3.100000000000000000e+01
1.238235294100000061e+01 3.191176470599999959e+01
4.357777777779999724e+02 3.261111111099999960e+01
2.840000000000000000e+02 3.278571428600000104e+01
5.086000000000000227e+02 3.320000000000000284e+01
3.047857142859999726e+02 3.500000000000000000e+01
1.990000000000000000e+02 3.650000000000000000e+01
3.840000000000000000e+02 3.600000000000000000e+01
4.095454545500000165e+01 3.686363636400000132e+01
2.506999999999999886e+02 3.700000000000000000e+01
4.571470588239999984e+02 3.702941176499999898e+01
5.613750000000000000e+02 3.718750000000000000e+01
6.628571428600000104e+01 3.785714285699999948e+01
1.865500000000000114e+02 3.875000000000000000e+01
3.330000000000000000e+02 3.800000000000000000e+01
3.648846153850000178e+02 3.788461538499999648e+01
1.206333333329999959e+02 3.903333333300000163e+01
5.181315789469999800e+02 3.971052631599999927e+01
2.168846153849999894e+02 4.011538461500000352e+01
2.373461538459999929e+02 4.203846153799999996e+01
2.696153846200000004e+01 4.334615384599999999e+01
4.266666666700000121e+01 4.322222222199999919e+01
4.750882352940000146e+02 4.338235294100000061e+01
9.440909090899999967e+01 4.440909090899999967e+01
5.898333333330000414e+02 4.405555555600000162e+01
2.852941175999999857e+00 4.550000000000000000e+01
1.679375000000000000e+02 4.518750000000000000e+01
4.030000000000000000e+02 4.578571428600000104e+01
3.030000000000000000e+02 4.750000000000000000e+01
5.382692307690000462e+02 4.711538461500000352e+01
1.378684210529999916e+02 4.828947368400000073e+01
2.290000000000000000e+02 4.822727272699999901e+01
2.066111111110000138e+02 4.977777777800000081e+01
4.192894736839999723e+02 5.086842105299999872e+01
4.980000000000000000e+02 5.021428571399999896e+01
2.705000000000000000e+02 5.150000000000000000e+01
3.133461538459999929e+02 5.096153846200000004e+01
3.360000000000000000e+02 5.100000000000000000e+01
5.761000000000000227e+02 5.110000000000000142e+01
3.719375000000000000e+02 5.275000000000000000e+01
4.610000000000000000e+02 5.350000000000000000e+01
3.547352941180000130e+02 5.450000000000000000e+01
4.376538461540000071e+02 5.403846153799999996e+01
3.910000000000000000e+02 5.678571428600000104e+01
1.090000000000000000e+02 5.800000000000000000e+01
5.860000000000000142e+01 6.045000000000000284e+01
1.841190476190000140e+02 6.202380952400000069e+01
5.178846153849999610e+02 6.088461538499999648e+01
5.472894736839999723e+02 6.150000000000000000e+01
5.821000000000000227e+02 6.089999999999999858e+01
1.197000000000000028e+02 6.160000000000000142e+01
4.815833333329999846e+02 6.216666666700000121e+01
2.880333333329999732e+02 6.336666666699999695e+01
3.451153846149999822e+02 6.311538461500000352e+01
1.672142857139999990e+02 6.400000000000000000e+01
3.770000000000000000e+02 6.450000000000000000e+01
2.188461538500000003e+01 6.511538461499999642e+01
2.190333333330000016e+02 6.536666666700000405e+01
4.908823529400000041e+01 6.661764705900000649e+01
8.500000000000000000e+01 6.578571428600000104e+01
3.172142857140000274e+02 6.600000000000000000e+01
5.342142857139999705e+02 6.600000000000000000e+01
1.446333333329999959e+02 6.696666666699999837e+01
2.580555555560000016e+02 6.761111111099999960e+01
5.665000000000000000e+02 6.712500000000000000e+01
2.460000000000000000e+02 6.850000000000000000e+01
4.341000000000000227e+02 6.790000000000000568e+01
4.542777777779999724e+02 6.983333333299999879e+01
3.949375000000000000e+02 7.225000000000000000e+01
1.130454545449999983e+02 7.286363636400000132e+01
1.794523809519999986e+02 7.369047618999999827e+01
3.018333333329999846e+02 7.338888888900000040e+01
4.690000000000000000e+02 7.400000000000000000e+01
5.768999999999999773e+02 7.409999999999999432e+01
1.311153846150000106e+02 7.611538461499999642e+01
5.011000000000000227e+02 7.609999999999999432e+01
5.152999999999999545e+02 7.676666666699999553e+01
1.977352941180000130e+02 7.773529411799999878e+01
2.727307692310000107e+02 7.734615384600000709e+01
3.473421052630000077e+02 7.755263157900000692e+01
9.465789473700000656e+01 7.955263157900000692e+01
5.326764705880000292e+02 7.955882352899999432e+01
7.563333333299999595e+01 7.996666666699999837e+01
1.300000000000000000e+01 8.227777777800000081e+01
2.308846153849999894e+02 8.288461538500000358e+01
6.191176470599999959e+01 8.461764705900000649e+01
2.889210526319999985e+02 8.439473684200000037e+01
4.812142857140000274e+02 8.400000000000000000e+01
2.640714285710000127e+02 8.540476190500000087e+01
3.353888888889999862e+02 8.544444444399999838e+01
2.401666666669999870e+02 8.516666666700000121e+01
3.712826086960000112e+02 8.710869565199999442e+01
4.120000000000000000e+02 8.650000000000000000e+01
3.157307692310000107e+02 8.826923076900000353e+01
5.566176470589999781e+02 8.808823529400000041e+01
4.333421052630000077e+02 8.934210526299999344e+01
1.610000000000000000e+02 9.000000000000000000e+01
2.850000000000000000e+01 9.116666666700000121e+01
1.769000000000000057e+02 9.190000000000000568e+01
3.855000000000000000e+02 9.183333333299999879e+01
5.902142857139999705e+02 9.264285714300000052e+01
7.920000000000000284e+01 9.279999999999999716e+01
4.471153846149999822e+02 9.288461538500000358e+01
1.310000000000000000e+02 9.450000000000000000e+01
5.067142857140000274e+02 9.485714285699999948e+01
2.091470588239999984e+02 9.602941176500000608e+01
4.648333333329999846e+02 9.575000000000000000e+01
1.157857142860000010e+02 9.700000000000000000e+01
3.023636363640000013e+02 9.781818181799999934e+01
7.000000000000000000e+00 9.878571428600000104e+01
1.955000000000000000e+02 1.005769230770000036e+02
2.753461538459999929e+02 1.002692307690000035e+02
6.231818181799999934e+01 1.013181818179999993e+02
4.035000000000000000e+02 1.010000000000000000e+02
5.291153846150000390e+02 1.012692307690000035e+02
5.411190476189999572e+02 1.024523809519999986e+02
5.719210526320000554e+02 1.029736842110000055e+02
4.596666666699999837e+01 1.036333333329999959e+02
8.650000000000000000e+01 1.038529411760000016e+02
4.929117647059999854e+02 1.043823529409999935e+02
2.457307692310000107e+02 1.051153846149999964e+02
2.326111111110000138e+02 1.067777777780000008e+02
1.507857142860000010e+02 1.070000000000000000e+02
3.751470588239999984e+02 1.075000000000000000e+02
3.316578947369999923e+02 1.086578947370000066e+02
3.442058823529999927e+02 1.087352941179999988e+02
1.611153846150000106e+02 1.091153846149999964e+02
3.862142857140000274e+02 1.090000000000000000e+02
4.220000000000000000e+02 1.110000000000000000e+02
4.550000000000000000e+02 1.115000000000000000e+02
1.070000000000000000e+02 1.115000000000000000e+02
5.000000000000000000e-01 1.130000000000000000e+02
3.148999999999999773e+02 1.140999999999999943e+02
5.151000000000000227e+02 1.150999999999999943e+02
3.491176470599999959e+01 1.176176470590000065e+02
2.061153846150000106e+02 1.168846153850000036e+02
5.617000000000000455e+02 1.165000000000000000e+02
7.475925925900000379e+01 1.190925925930000062e+02
2.416538461540000071e+02 1.180384615380000071e+02
2.855555555560000016e+02 1.182777777780000008e+02
1.948846153849999894e+02 1.191153846149999964e+02
3.401363636359999987e+02 1.185909090910000003e+02
4.772647058819999870e+02 1.197352941179999988e+02
1.246818181820000007e+02 1.203181818179999993e+02
4.505000000000000000e+02 1.190000000000000000e+02
5.827857142860000295e+02 1.200000000000000000e+02
9.409090908999999670e+00 1.211363636359999987e+02
1.497500000000000000e+02 1.220625000000000000e+02
2.673888888889999862e+02 1.220555555560000016e+02
5.310000000000000000e+02 1.217857142860000010e+02
4.825000000000000000e+01 1.230625000000000000e+02
2.276333333329999959e+02 1.230333333330000016e+02
3.545000000000000000e+02 1.245000000000000000e+02
1.684499999999999886e+02 1.254000000000000057e+02
4.059117647059999854e+02 1.256176470590000065e+02
5.556333333329999959e+02 1.259666666669999984e+02
1.738866396759999873e+02 1.476781376520000038e+02
9.270000000000000284e+01 1.285000000000000000e+02
1.100714285709999984e+02 1.305952380950000133e+02
2.072619047620000003e+02 1.318809523809999860e+02
3.209666666670000268e+02 1.313666666670000041e+02
5.013571428569999853e+02 1.315000000000000000e+02
1.270333333330000016e+02 1.336333333329999959e+02
5.682692307690000462e+02 1.327307692310000107e+02
4.289117647059999854e+02 1.346176470590000065e+02
3.713666666670000041e+02 1.349666666669999984e+02
4.691153846149999822e+02 1.361153846150000106e+02
2.516250000000000000e+02 1.377500000000000000e+02
2.744090909089999855e+02 1.368636363640000013e+02
3.960000000000000000e+02 1.370000000000000000e+02
5.215000000000000000e+02 1.372894736840000007e+02
7.050000000000000000e+01 1.385000000000000000e+02
3.333125000000000000e+02 1.391875000000000000e+02
4.448333333329999846e+02 1.387666666670000097e+02
2.111538461499999997e+01 1.401153846150000106e+02
2.350000000000000000e+02 1.402142857139999990e+02
3.083333333299999879e+01 1.415000000000000000e+02
2.935000000000000000e+02 1.407500000000000000e+02
4.830000000000000000e+02 1.420000000000000000e+02
1.735294118000000108e+00 1.435588235289999943e+02
1.429000000000000057e+02 1.430999999999999943e+02
5.798999999999999773e+02 1.429000000000000057e+02
3.630789473680000015e+02 1.443421052630000077e+02
5.108125000000000000e+02 1.443125000000000000e+02
4.067857142859999726e+02 1.458809523809999860e+02
3.110000000000000000e+02 1.460000000000000000e+02
2.103461538459999929e+02 1.470384615380000071e+02
4.265000000000000000e+02 1.473000000000000114e+02
5.378333333330000414e+02 1.476333333329999959e+02
4.533750000000000000e+02 1.481875000000000000e+02
2.295000000000000000e+02 1.505000000000000000e+02
2.612894736839999723e+02 1.507631578950000062e+02
5.302941176499999898e+01 1.511470588239999984e+02
2.003461538459999929e+02 1.514230769229999964e+02
5.211428571430000147e+02 1.525714285710000127e+02
6.400000000000000000e+01 1.532777777780000008e+02
2.440999999999999943e+02 1.537500000000000000e+02
5.566764705880000292e+02 1.534411764710000057e+02
8.063636363599999868e+01 1.561818181820000007e+02
1.440000000000000000e+02 1.555000000000000000e+02
2.843888888889999862e+02 1.567777777780000008e+02
4.687631578950000062e+02 1.567105263159999993e+02
1.200000000000000000e+02 1.567857142860000010e+02
5.000000000000000000e-01 1.575000000000000000e+02
3.370238095240000007e+02 1.588809523809999860e+02
3.883823529410000219e+02 1.579117647060000138e+02
5.770714285709999558e+02 1.585952380950000133e+02
9.925000000000000000e+01 1.610000000000000000e+02
3.716333333329999959e+02 1.615000000000000000e+02
4.452142857140000274e+02 1.610000000000000000e+02
3.501153846149999822e+02 1.631153846150000106e+02
4.957500000000000000e+02 1.637500000000000000e+02
5.441153846150000390e+02 1.638846153849999894e+02
2.173000000000000114e+02 1.645000000000000000e+02
3.033999999999999773e+02 1.655500000000000114e+02
1.895416666669999870e+02 1.678333333330000130e+02
2.669999999999999929e+01 1.690000000000000000e+02
2.723750000000000000e+02 1.673750000000000000e+02
4.045000000000000000e+02 1.676999999999999886e+02
5.206111111110000138e+02 1.697777777780000008e+02
1.408823529400000041e+01 1.706176470590000065e+02
3.281666666670000154e+02 1.697500000000000000e+02
4.783333333299999879e+01 1.716333333329999959e+02
1.227857142860000010e+02 1.720000000000000000e+02
4.545000000000000000e+02 1.722894736840000007e+02
2.031500000000000057e+02 1.739000000000000057e+02
4.755500000000000114e+02 1.735999999999999943e+02
2.500000000000000000e+02 1.747222222219999992e+02
2.906111111110000138e+02 1.738333333330000130e+02
7.271052631599999927e+01 1.751315789470000084e+02
3.400000000000000000e+02 1.765000000000000000e+02
4.285000000000000000e+02 1.765000000000000000e+02
5.606333333329999959e+02 1.770333333330000016e+02
2.131818181799999934e+01 1.783181818179999993e+02
9.554999999999999716e+01 1.784000000000000057e+02
3.565000000000000000e+02 1.778750000000000000e+02
2.865000000000000000e+02 1.790000000000000000e+02
3.779117647059999854e+02 1.803823529409999935e+02
5.843823529410000219e+02 1.810882352939999862e+02
5.622727272699999901e+01 1.827272727270000132e+02
1.414090909090000139e+02 1.825909090909999861e+02
1.687631578950000062e+02 1.827105263159999993e+02
2.282222222219999992e+02 1.826111111110000138e+02
5.436499999999999773e+02 1.830000000000000000e+02
1.006250000000000000e+01 1.832500000000000000e+02
8.536666666700000405e+01 1.829666666669999984e+02
4.671000000000000227e+02 1.840999999999999943e+02
3.926052631580000138e+02 1.855000000000000000e+02
5.005500000000000114e+02 1.854000000000000057e+02
3.389999999999999858e+01 1.864600000000000080e+02
3.053888888889999862e+02 1.867777777780000008e+02
3.227857142859999726e+02 1.870000000000000000e+02
4.890882352940000146e+02 1.871470588239999984e+02
1.834166666669999870e+02 1.896666666669999870e+02
4.093181818180000278e+02 1.886818181820000007e+02
4.481315789469999800e+02 1.895000000000000000e+02
1.086363636399999955e+01 1.899545454549999874e+02
1.109117647059999996e+02 1.913823529409999935e+02
5.152777777779999724e+02 1.914444444439999984e+02
5.765526315790000353e+02 1.935526315790000069e+02
2.545000000000000000e+02 1.947105263159999993e+02
7.750000000000000000e+01 1.958529411760000016e+02
2.897142857140000274e+02 1.951428571429999863e+02
3.780882352940000146e+02 1.957352941180000130e+02
2.730000000000000000e+02 1.960000000000000000e+02
5.592500000000000000e+02 1.962500000000000000e+02
3.382826086960000112e+02 2.004130434779999916e+02
4.280000000000000000e+02 2.005000000000000000e+02
5.316176470589999781e+02 2.000882352939999862e+02
5.977777777800000081e+01 2.016111111110000138e+02
1.418750000000000000e+02 2.012500000000000000e+02
2.000000000000000000e+00 2.020000000000000000e+02
1.308571428570000137e+02 2.022857142860000010e+02
2.054000000000000057e+02 2.021999999999999886e+02
1.105000000000000000e+02 2.030000000000000000e+02
3.506666666670000154e+02 2.037777777780000008e+02
4.002692307689999893e+02 2.028846153849999894e+02
2.275000000000000000e+02 2.036999999999999886e+02
4.970333333329999732e+02 2.053666666670000041e+02
1.713823529409999935e+02 2.065000000000000000e+02
4.645500000000000114e+02 2.061999999999999886e+02
1.919210526319999985e+02 2.071842105259999869e+02
4.486999999999999886e+02 2.065000000000000000e+02
5.905000000000000000e+02 2.075000000000000000e+02
8.200000000000000000e+01 2.095000000000000000e+02
2.370000000000000000e+02 2.092142857139999990e+02
5.757000000000000455e+02 2.093000000000000114e+02
4.816578947369999923e+02 2.101842105259999869e+02
4.834615384599999999e+01 2.109615384619999929e+02
1.570000000000000000e+02 2.117857142860000010e+02
4.319666666670000268e+02 2.123666666670000041e+02
2.946176470589999781e+02 2.129117647060000138e+02
3.845000000000000000e+02 2.125000000000000000e+02
4.055000000000000000e+02 2.135000000000000000e+02
1.863636363999999990e+00 2.137727272729999868e+02
2.445238095199999862e+01 2.151666666669999870e+02
2.596111111110000138e+02 2.150555555560000016e+02
5.166818181820000291e+02 2.146818181820000007e+02
5.541000000000000227e+02 2.160999999999999943e+02
9.734210526299999344e+01 2.173421052630000077e+02
2.301153846150000106e+02 2.168846153849999894e+02
1.146333333329999959e+02 2.178333333330000130e+02
2.110454545450000126e+02 2.175000000000000000e+02
1.360294117649999919e+02 2.198529411760000016e+02
2.728999999999999773e+02 2.197400000000000091e+02
3.221000000000000227e+02 2.200999999999999943e+02
3.510652173909999760e+02 2.212391304349999928e+02
5.332826086960000112e+02 2.208913043480000056e+02
3.626176470589999781e+02 2.210882352939999862e+02
7.520000000000000284e+01 2.224000000000000057e+02
2.860370370370000046e+02 2.264444444439999984e+02
4.575909090910000145e+02 2.218636363640000013e+02
5.865000000000000000e+02 2.219375000000000000e+02
2.069999999999999929e+01 2.244333333330000073e+02
2.496176470590000065e+02 2.239117647060000138e+02
5.041153846149999822e+02 2.238846153849999894e+02
5.700000000000000000e+01 2.246999999999999886e+02
1.454000000000000057e+02 2.258000000000000114e+02
1.760999999999999943e+02 2.259000000000000057e+02
3.314090909089999855e+02 2.275909090909999861e+02
5.180000000000000000e+02 2.270000000000000000e+02
1.955000000000000000e+02 2.285000000000000000e+02
4.098846153850000178e+02 2.278846153849999894e+02
4.650294117650000203e+02 2.281470588239999984e+02
5.718809523810000428e+02 2.283095238100000017e+02
4.855000000000000000e+02 2.295000000000000000e+02
4.225000000000000000e+02 2.298333333330000130e+02
8.134210526299999344e+01 2.326578947369999923e+02
2.265000000000000000e+02 2.325000000000000000e+02
3.948636363640000013e+02 2.331363636359999987e+02
2.665000000000000000e+02 2.332894736840000007e+02
3.110000000000000000e+02 2.327857142860000010e+02
4.495909090910000145e+02 2.328636363640000013e+02
3.596999999999999886e+02 2.345000000000000000e+02
1.315000000000000000e+02 2.360000000000000000e+02
1.689000000000000057e+02 2.369000000000000057e+02
1.002142857139999990e+02 2.380000000000000000e+02
5.325000000000000000e+02 2.393666666670000041e+02
5.505555555559999448e+02 2.397222222219999992e+02
3.500000000000000000e+00 2.418684210529999916e+02
3.711111111099999960e+01 2.418333333330000130e+02
2.450000000000000000e+01 2.437352941180000130e+02
1.782500000000000000e+02 2.428333333330000130e+02
2.866111111110000138e+02 2.442222222219999992e+02
5.847352941179999561e+02 2.442647058819999870e+02
2.397222222219999992e+02 2.450000000000000000e+02
4.087777777779999724e+02 2.451666666669999870e+02
5.173666666670000041e+02 2.460333333330000016e+02
4.535000000000000000e+02 2.475000000000000000e+02
6.773529411799999878e+01 2.485000000000000000e+02
3.668333333329999846e+02 2.482500000000000000e+02
4.882857142859999726e+02 2.489285714289999873e+02
3.472142857140000274e+02 2.500000000000000000e+02
1.973000000000000114e+02 2.530200000000000102e+02
2.130000000000000000e+02 2.522142857139999990e+02
2.691250000000000000e+02 2.527500000000000000e+02
1.545000000000000000e+02 2.530000000000000000e+02
3.820000000000000000e+02 2.527857142860000010e+02
4.294375000000000000e+02 2.528125000000000000e+02
4.745769230770000036e+02 2.533461538459999929e+02
3.021111111110000138e+02 2.552222222219999992e+02
5.662222222220000276e+02 2.543888888889999862e+02
1.152142857139999990e+02 2.550000000000000000e+02
1.373000000000000114e+02 2.556333333329999959e+02
4.378571428600000104e+01 2.560000000000000000e+02
3.270000000000000000e+02 2.570000000000000000e+02
2.829666666670000268e+02 2.593666666670000041e+02
8.485294117600000163e+01 2.600294117650000203e+02
9.617647058999999388e+00 2.609117647059999854e+02
3.916333333329999959e+02 2.619666666670000268e+02
5.031315789469999800e+02 2.622894736839999723e+02
5.258333333330000414e+02 2.622500000000000000e+02
5.422272727270000132e+02 2.625454545449999841e+02
1.636333333329999959e+02 2.630333333329999732e+02
2.221666666669999870e+02 2.651666666670000154e+02
1.490000000000000000e+02 2.657857142859999726e+02
5.815000000000000000e+02 2.668529411760000016e+02
3.067647058800000082e+01 2.677352941180000130e+02
3.593666666670000041e+02 2.670333333329999732e+02
5.688095238100000017e+01 2.685000000000000000e+02
8.012500000000000000e+01 2.687500000000000000e+02
4.748846153850000178e+02 2.681153846149999822e+02
2.505000000000000000e+02 2.695000000000000000e+02
2.701315789469999800e+02 2.697631578950000062e+02
4.143823529410000219e+02 2.689117647059999854e+02
3.155000000000000000e+02 2.705000000000000000e+02
4.296428571430000147e+02 2.703095238099999733e+02
5.603461538459999929e+02 2.710384615379999786e+02
1.182142857139999990e+02 2.720000000000000000e+02
4.490714285710000127e+02 2.737142857140000274e+02
5.076176470589999781e+02 2.730882352940000146e+02
1.836500000000000057e+02 2.747500000000000000e+02
1.015000000000000000e+02 2.755000000000000000e+02
4.916176470589999781e+02 2.749117647059999854e+02
2.141315789470000084e+02 2.762368421049999938e+02
3.336428571430000147e+02 2.754285714289999873e+02
4.614166666670000154e+02 2.758333333329999846e+02
3.798636363640000013e+02 2.770454545449999841e+02
1.305625000000000000e+02 2.778125000000000000e+02
2.375000000000000000e+02 2.775000000000000000e+02
5.391666666669999586e+02 2.776111111110000138e+02
1.583461538459999929e+02 2.790384615379999786e+02
2.958846153850000178e+02 2.788846153850000178e+02
3.960000000000000000e+02 2.780000000000000000e+02
6.538888888900000040e+01 2.801666666670000154e+02
4.521428571399999896e+01 2.810000000000000000e+02
5.400000000000000355e+00 2.828000000000000114e+02
1.686538461540000071e+02 2.842692307689999893e+02
5.502857142860000295e+02 2.842857142859999726e+02
3.170000000000000000e+02 2.850000000000000000e+02
3.878999999999999773e+02 2.848999999999999773e+02
2.300000000000000000e+02 2.867857142859999726e+02
3.651153846149999822e+02 2.867307692310000107e+02
4.131666666670000154e+02 2.877500000000000000e+02
5.767105263160000277e+02 2.885000000000000000e+02
4.347500000000000000e+02 2.891250000000000000e+02
3.455555555560000016e+02 2.905000000000000000e+02
3.155000000000000071e+01 2.913999999999999773e+02
2.921153846149999822e+02 2.908846153850000178e+02
1.500000000000000000e+02 2.927222222220000276e+02
4.984499999999999886e+02 2.926000000000000227e+02
1.135625000000000000e+02 2.935000000000000000e+02
2.765000000000000000e+02 2.922142857140000274e+02
4.546578947369999923e+02 2.936578947369999923e+02
2.028846153849999894e+02 2.938846153850000178e+02
5.230000000000000000e+02 2.945000000000000000e+02
2.547916666669999870e+02 2.955000000000000000e+02
4.729499999999999886e+02 2.956000000000000227e+02
1.310000000000000000e+02 2.963999999999999773e+02
8.850000000000000000e+01 2.968750000000000000e+02
1.900625000000000000e+02 2.972500000000000000e+02
4.261000000000000227e+02 2.968999999999999773e+02
5.587380952380000281e+02 2.976904761900000267e+02
1.250000000000000000e+00 2.984166666670000154e+02
6.778571428600000104e+01 2.990000000000000000e+02
2.350000000000000000e+02 2.992142857140000274e+02
3.035526315789999785e+02 2.996578947369999923e+02
5.880384615379999786e+02 2.993461538459999929e+02
3.586250000000000000e+02 3.008125000000000000e+02
1.704375000000000000e+02 3.015000000000000000e+02
2.223823529409999935e+02 3.010882352940000146e+02
4.208823529400000041e+01 3.033823529410000219e+02
4.000625000000000000e+02 3.047500000000000000e+02
1.028333333329999988e+02 3.050333333329999732e+02
2.014000000000000057e+02 3.056999999999999886e+02
2.822500000000000000e+02 3.049375000000000000e+02
3.270000000000000000e+02 3.050000000000000000e+02
3.805000000000000000e+02 3.050000000000000000e+02
4.789210526319999985e+02 3.063947368419999862e+02
2.554473684209999931e+02 3.072894736839999723e+02
3.423571428569999853e+02 3.087857142859999726e+02
4.468999999999999773e+02 3.085666666669999927e+02
5.065000000000000000e+02 3.080000000000000000e+02
7.888461538500000358e+01 3.091153846149999822e+02
5.810000000000000000e+02 3.122142857140000274e+02
1.473529411800000055e+01 3.132647058819999870e+02
5.518750000000000000e+02 3.132500000000000000e+02
1.487105263159999993e+02 3.145000000000000000e+02
3.132777777779999724e+02 3.140000000000000000e+02
1.164130434780000058e+02 3.177173913039999888e+02
1.776999999999999886e+02 3.165000000000000000e+02
6.950000000000000000e+01 3.190000000000000000e+02
3.348333333329999846e+02 3.192500000000000000e+02
2.730333333329999732e+02 3.203666666670000041e+02
4.678846153850000178e+02 3.198846153850000178e+02
5.291315789469999800e+02 3.205000000000000000e+02
3.003095238099999733e+02 3.214523809519999986e+02
3.655869565219999799e+02 3.222826086960000112e+02
2.205000000000000000e+02 3.215000000000000000e+02
2.390999999999999943e+02 3.218999999999999773e+02
5.031470588239999984e+02 3.225000000000000000e+02
4.116538461540000071e+02 3.230384615379999786e+02
5.233999999999999773e+02 3.245500000000000114e+02
3.150384615379999786e+02 3.246538461540000071e+02
5.388461538499999648e+01 3.262692307689999893e+02
4.447222222220000276e+02 3.260000000000000000e+02
1.365789473699999945e+01 3.273421052630000077e+02
9.602941176500000608e+01 3.271470588239999984e+02
1.674000000000000057e+02 3.274499999999999886e+02
2.566176470589999781e+02 3.270882352940000146e+02
3.910909090910000145e+02 3.271818181819999722e+02
3.077272727300000099e+01 3.285454545449999841e+02
4.348846153850000178e+02 3.281153846149999822e+02
1.356111111110000138e+02 3.297777777779999724e+02
3.792647058819999870e+02 3.292647058819999870e+02
1.938125000000000000e+02 3.306875000000000000e+02
4.709615384620000214e+02 3.296538461540000071e+02
5.743666666670000041e+02 3.310333333329999732e+02
1.462272727270000132e+02 3.325454545449999841e+02
4.885000000000000000e+02 3.320000000000000000e+02
4.517857142859999726e+02 3.330000000000000000e+02
1.871315789470000084e+02 3.342894736839999723e+02
5.514230769230000533e+02 3.338076923080000142e+02
7.329999999999999716e+01 3.406999999999999886e+02
2.341153846150000106e+02 3.398846153850000178e+02
5.071153846149999822e+02 3.398846153850000178e+02
5.741000000000000227e+02 3.408500000000000227e+02
5.875000000000000000e+01 3.418333333329999846e+02
8.838888888900000040e+01 3.422222222220000276e+02
2.823421052630000077e+02 3.426578947369999923e+02
3.213999999999999773e+02 3.424499999999999886e+02
3.476428571430000147e+02 3.430714285710000127e+02
4.368888888889999862e+02 3.421111111110000138e+02
5.315000000000000000e+02 3.420000000000000000e+02
4.106176470589999781e+02 3.437941176470000073e+02
1.101666666670000012e+02 3.447666666669999813e+02
2.178846153849999894e+02 3.448846153850000178e+02
3.017941176470000073e+02 3.457352941180000130e+02
2.485000000000000000e+02 3.470000000000000000e+02
3.698333333329999846e+02 3.467500000000000000e+02
3.550000000000000000e+01 3.485000000000000000e+02
1.945000000000000000e+02 3.480000000000000000e+02
3.985625000000000000e+02 3.485000000000000000e+02
1.266904761899999983e+02 3.509285714289999873e+02
1.750999999999999943e+02 3.501000000000000227e+02
5.205000000000000000e+02 3.500000000000000000e+02
4.668333333329999846e+02 3.512500000000000000e+02
5.897000000000000455e+02 3.510000000000000000e+02
6.500000000000000000e+01 3.522142857140000274e+02
4.818684210530000200e+02 3.525526315789999785e+02
8.264705881999999448e+00 3.537352941180000130e+02
2.322222222219999992e+02 3.536666666670000154e+02
1.556578947369999923e+02 3.566578947369999923e+02
3.613000000000000114e+02 3.555000000000000000e+02
3.717222222220000276e+02 3.560000000000000000e+02
3.256250000000000000e+01 3.572500000000000000e+02
2.595909090910000145e+02 3.584090909089999855e+02
4.159285714289999873e+02 3.587142857140000274e+02
5.365909090909999577e+02 3.578636363640000013e+02
9.761764705900000649e+01 3.602058823529999927e+02
5.115000000000000000e+02 3.596999999999999886e+02
5.583181818179999709e+02 3.603181818180000278e+02
4.497777777779999724e+02 3.616666666670000154e+02
5.000000000000000000e+02 3.610000000000000000e+02
2.171666666669999870e+02 3.615833333329999846e+02
3.145000000000000000e+02 3.620000000000000000e+02
3.391470588239999984e+02 3.619705882349999797e+02
4.315000000000000000e+02 3.615000000000000000e+02
3.025000000000000000e+02 3.635000000000000000e+02
1.750000000000000000e+02 3.640000000000000000e+02
1.943000000000000114e+02 3.635000000000000000e+02
4.611000000000000227e+02 3.661000000000000227e+02
4.900000000000000000e+01 3.682142857140000274e+02
2.807500000000000000e+02 3.679166666670000154e+02
4.000000000000000000e+02 3.680000000000000000e+02
4.849615384620000214e+02 3.676538461540000071e+02
8.506521739100000445e+01 3.706739130430000273e+02
1.337666666670000097e+02 3.708333333329999846e+02
2.483947368419999862e+02 3.700789473680000015e+02
2.479166666700000121e+01 3.730000000000000000e+02
5.810000000000000142e+01 3.725666666669999927e+02
5.781315789469999800e+02 3.722894736839999723e+02
1.223636363640000013e+02 3.741818181819999722e+02
3.495000000000000000e+02 3.748529411760000016e+02
4.220000000000000000e+02 3.753125000000000000e+02
5.085909090910000145e+02 3.755909090910000145e+02
1.500999999999999943e+02 3.778999999999999773e+02
1.870294117649999919e+02 3.781470588239999984e+02
2.914090909089999855e+02 3.785909090910000145e+02
3.778333333329999846e+02 3.785000000000000000e+02
5.310882352940000146e+02 3.806176470589999781e+02
2.251428571429999863e+02 3.812857142859999726e+02
7.422222222199999919e+01 3.836111111110000138e+02
3.071923076919999858e+02 3.834230769229999964e+02
4.474523809519999986e+02 3.841190476190000140e+02
5.542777777779999724e+02 3.830000000000000000e+02
2.049117647060000138e+02 3.843823529410000219e+02
2.739705882349999797e+02 3.851470588239999984e+02
3.711000000000000227e+02 3.851000000000000227e+02
5.730882352940000146e+02 3.853823529410000219e+02
1.206333333329999959e+02 3.870333333329999732e+02
1.017307692309999965e+02 3.878846153850000178e+02
3.865789473699999945e+01 3.893421052630000077e+02
1.676333333329999959e+02 3.890333333329999732e+02
1.428846153849999894e+02 3.901153846149999822e+02
3.435000000000000000e+02 3.905000000000000000e+02
3.920000000000000000e+02 3.917222222220000276e+02
4.073636363640000013e+02 3.916363636359999987e+02
2.214285713999999849e+00 3.920000000000000000e+02
3.218684210530000200e+02 3.925000000000000000e+02
4.651000000000000227e+02 3.921000000000000227e+02
5.033000000000000114e+02 3.915000000000000000e+02
5.228846153849999610e+02 3.921153846149999822e+02
5.439615384620000214e+02 3.923461538459999929e+02
1.475000000000000000e+01 3.932500000000000000e+02
1.779444444439999984e+02 3.951666666670000154e+02
2.801153846149999822e+02 3.951153846149999822e+02
5.845000000000000284e+01 3.966000000000000227e+02
2.121999999999999886e+02 3.961999999999999886e+02
4.327500000000000000e+02 3.961666666670000154e+02
4.814090909089999855e+02 3.985909090910000145e+02
1.055555555560000016e+02 3.992777777779999724e+02
3.620217391300000145e+02 4.021086956519999944e+02
1.920000000000000000e+02 4.017857142859999726e+02
5.544090909090000423e+02 4.024090909089999855e+02
2.550000000000000000e+01 4.030000000000000000e+02
3.937500000000000000e+01 4.038750000000000000e+02
1.595999999999999943e+02 4.035500000000000114e+02
3.890000000000000000e+02 4.030000000000000000e+02
3.033823529410000219e+02 4.049117647059999854e+02
9.016666666700000121e+01 4.053888888889999862e+02
2.326578947369999923e+02 4.066578947369999923e+02
5.728571428569999853e+02 4.067142857140000274e+02
4.772894736839999723e+02 4.088684210530000200e+02
4.536052631580000138e+02 4.105000000000000000e+02
3.264705881999999892e+00 4.127352941180000130e+02
2.881000000000000227e+02 4.121000000000000227e+02
4.986578947369999923e+02 4.123421052630000077e+02
7.111538461499999642e+01 4.128846153850000178e+02
1.404473684209999931e+02 4.132894736839999723e+02
2.600882352940000146e+02 4.136176470589999781e+02
3.258333333329999846e+02 4.134166666670000154e+02
4.293666666670000041e+02 4.129666666670000268e+02
5.175000000000000000e+02 4.130000000000000000e+02
1.260000000000000000e+02 4.140000000000000000e+02
4.039666666670000268e+02 4.166333333329999959e+02
2.428076923079999858e+02 4.175769230770000036e+02
5.298999999999999773e+02 4.168999999999999773e+02
3.061428571430000147e+02 4.180714285710000127e+02
3.477500000000000000e+02 4.188500000000000227e+02
9.461764705900000649e+01 4.200882352940000146e+02
1.913181818179999993e+02 4.213181818180000278e+02
2.046111111110000138e+02 4.203888888889999862e+02
5.888571428569999853e+02 4.217142857140000274e+02
2.500000000000000000e+01 4.217857142859999726e+02
6.039999999999999858e+01 4.235500000000000114e+02
1.650999999999999943e+02 4.228999999999999773e+02
5.422894736839999723e+02 4.235000000000000000e+02
2.213260869570000011e+02 4.247608695650000072e+02
1.176904761899999983e+02 4.265476190480000014e+02
3.907857142859999726e+02 4.255000000000000000e+02
5.690000000000000000e+02 4.260000000000000000e+02
3.752368421049999938e+02 4.271315789469999800e+02
4.639347826090000240e+02 4.280652173909999760e+02
9.354999999999999716e+01 4.286000000000000227e+02
1.561363636359999987e+02 4.275909090910000145e+02
3.168999999999999773e+02 4.281000000000000227e+02
4.388846153850000178e+02 4.281153846149999822e+02
5.229500000000000455e+02 4.302500000000000000e+02
4.016666666700000121e+01 4.305000000000000000e+02
2.403499999999999943e+02 4.321999999999999886e+02
4.165000000000000000e+02 4.312894736839999723e+02
4.761000000000000227e+02 4.311000000000000227e+02
2.080000000000000000e+02 4.316999999999999886e+02
4.988846153850000178e+02 4.321153846149999822e+02
2.668846153850000178e+02 4.328846153850000178e+02
5.821153846150000390e+02 4.331153846149999822e+02
2.837857142859999726e+02 4.335000000000000000e+02
2.980000000000000000e+02 4.335000000000000000e+02
3.700000000000000000e+02 4.336999999999999886e+02
5.000000000000000000e-01 4.335000000000000000e+02
3.461000000000000227e+02 4.351000000000000227e+02
5.396875000000000000e+02 4.353750000000000000e+02
4.272857142859999726e+02 4.358571428569999853e+02
7.369047618999999827e+01 4.380714285710000127e+02
5.591666666669999586e+02 4.382500000000000000e+02
1.366052631580000138e+02 4.390789473680000015e+02
1.752222222219999992e+02 4.408333333329999846e+02
1.966250000000000000e+02 4.416250000000000000e+02
4.040000000000000000e+02 4.435000000000000000e+02
1.545000000000000000e+02 4.443823529410000219e+02
2.347500000000000000e+02 4.447500000000000000e+02
3.265000000000000000e+02 4.448333333329999846e+02
4.405555555600000162e+01 4.463888888889999862e+02
3.920555555560000016e+02 4.458333333329999846e+02
4.518529411760000016e+02 4.465000000000000000e+02
4.638636363640000013e+02 4.460454545449999841e+02
2.050000000000000000e+01 4.478529411760000016e+02
1.201315789469999942e+02 4.472894736839999723e+02
2.570000000000000000e+02 4.467857142859999726e+02
3.573000000000000114e+02 4.470000000000000000e+02
3.760384615379999786e+02 4.478076923080000142e+02
2.131086956519999944e+02 4.484565217389999816e+02
5.148333333330000414e+02 4.480000000000000000e+02
3.051315789469999800e+02 4.492894736839999723e+02
5.000000000000000000e-01 4.495000000000000000e+02
3.345000000000000000e+02 4.530000000000000000e+02
9.150000000000000000e+01 4.535000000000000000e+02
3.908823529400000041e+01 4.546176470589999781e+02
4.957105263160000277e+02 4.555000000000000000e+02
5.745000000000000000e+02 4.553260869569999727e+02
2.385000000000000000e+02 4.563000000000000114e+02
6.139999999999999858e+01 4.574499999999999886e+02
4.340000000000000000e+02 4.570000000000000000e+02
4.841111111110000138e+02 4.572777777779999724e+02
2.796333333329999959e+02 4.580333333329999732e+02
4.668000000000000114e+02 4.586000000000000227e+02
6.400000000000000355e+00 4.604499999999999886e+02
1.080000000000000000e+02 4.602142857140000274e+02
3.151666666670000154e+02 4.607500000000000000e+02
5.390000000000000000e+02 4.615000000000000000e+02
1.345000000000000000e+02 4.625000000000000000e+02
1.740000000000000000e+02 4.620000000000000000e+02
3.642142857140000274e+02 4.620000000000000000e+02
3.980714285710000127e+02 4.635952380950000133e+02
2.641153846149999822e+02 4.641153846149999822e+02
4.182894736839999723e+02 4.645000000000000000e+02
1.942777777780000008e+02 4.650000000000000000e+02
5.200000000000000000e+02 4.675000000000000000e+02
5.594500000000000455e+02 4.673999999999999773e+02
5.780000000000000000e+02 4.672142857140000274e+02
2.355000000000000000e+02 4.685000000000000000e+02
2.780333333329999732e+02 4.686333333329999959e+02
1.470000000000000000e+02 4.690000000000000000e+02
2.977777777779999724e+02 4.706111111110000138e+02
3.490384615379999786e+02 4.703461538459999929e+02
2.550000000000000000e+01 4.710000000000000000e+02
4.863333333300000305e+01 4.710333333329999732e+02
8.900000000000000000e+01 4.722142857140000274e+02
5.031363636359999987e+02 4.729545454550000159e+02
4.397352941180000130e+02 4.752058823529999927e+02
1.176818181820000007e+02 4.756818181819999722e+02
1.921153846150000106e+02 4.758846153850000178e+02
4.877105263160000277e+02 4.765000000000000000e+02
3.267142857140000274e+02 4.772857142859999726e+02
1.630000000000000000e+02 4.792142857140000274e+02
2.120000000000000000e+02 4.790000000000000000e+02
3.745000000000000000e+02 4.795000000000000000e+02
1.062500000000000000e+02 4.811250000000000000e+02
2.611000000000000227e+02 4.815666666669999927e+02
3.833666666670000041e+02 4.820333333329999732e+02
4.771470588239999984e+02 4.820294117650000203e+02
1.320000000000000000e+02 4.837222222220000276e+02
4.171153846149999822e+02 4.831153846149999822e+02
5.463666666670000041e+02 4.829666666670000268e+02
6.503846153800000707e+01 4.846538461540000071e+02
8.921428571399999896e+01 4.860000000000000000e+02
3.998999999999999773e+02 4.861000000000000227e+02
4.508846153850000178e+02 4.858846153850000178e+02
5.029285714289999873e+02 4.864285714289999873e+02
5.855000000000000000e+02 4.861666666670000154e+02
2.802222222220000276e+02 4.873888888889999862e+02
1.805000000000000000e+02 4.882647058819999870e+02
2.523125000000000000e+02 4.886875000000000000e+02
3.415000000000000000e+02 4.878333333329999846e+02
6.818181818000000227e+00 4.893636363640000013e+02
2.381153846150000106e+02 4.888846153850000178e+02
3.577777777800000081e+01 4.906111111110000138e+02
5.656428571430000147e+02 4.918333333329999846e+02
5.200384615379999786e+02 4.923461538459999929e+02
1.510999999999999943e+02 4.941000000000000227e+02
3.656250000000000000e+02 4.946250000000000000e+02
4.895000000000000000e+02 4.951470588239999984e+02
2.230000000000000000e+02 4.957857142859999726e+02
3.250000000000000000e+02 4.960000000000000000e+02
4.460000000000000000e+02 4.967857142859999726e+02
4.612142857140000274e+02 4.980000000000000000e+02
2.100000000000000000e+02 4.990000000000000000e+02
2.988333333329999846e+02 4.997666666669999813e+02
3.485000000000000000e+02 5.006176470589999781e+02
5.068846153850000178e+02 5.001153846149999822e+02
5.570000000000000284e+01 5.015666666669999927e+02
1.290000000000000000e+02 5.010000000000000000e+02
1.881153846150000106e+02 5.008846153850000178e+02
4.058000000000000114e+02 5.026000000000000227e+02
1.683000000000000114e+02 5.025000000000000000e+02
5.467000000000000455e+02 5.025000000000000000e+02
1.900000000000000000e+01 5.040000000000000000e+02
3.699615384620000214e+02 5.045769230770000036e+02
3.882826086960000112e+02 5.047173913039999888e+02
5.610000000000000000e+02 5.052142857140000274e+02
6.983333333299999879e+01 5.053888888889999862e+02
4.258999999999999773e+02 5.058999999999999773e+02
2.793823529410000219e+02 5.073823529410000219e+02
4.953999999999999915e+01 5.102200000000000273e+02
8.418750000000000000e+01 5.086250000000000000e+02
1.390333333330000016e+02 5.103666666670000041e+02
3.204090909089999855e+02 5.101363636359999987e+02
5.252500000000000000e+02 5.101666666670000154e+02
2.648750000000000000e+02 5.117500000000000000e+02
1.133095238100000017e+02 5.135476190480000014e+02
2.389166666669999870e+02 5.127500000000000000e+02
2.070000000000000000e+02 5.137857142860000295e+02
1.595000000000000000e+02 5.155000000000000000e+02
5.000000000000000000e-01 5.175000000000000000e+02
2.328846153849999894e+02 5.178846153849999610e+02
2.991153846149999822e+02 5.182692307690000462e+02
4.097500000000000000e+02 5.183500000000000227e+02
4.391153846149999822e+02 5.177307692309999538e+02
5.153421052630000077e+02 5.183421052630000077e+02
5.572857142860000295e+02 5.184285714290000442e+02
3.380000000000000000e+02 5.190000000000000000e+02
4.749615384620000214e+02 5.193461538459999929e+02
5.883999999999999773e+02 5.194500000000000455e+02
4.560000000000000000e+02 5.203333333330000414e+02
4.981470588239999984e+02 5.206764705880000292e+02
2.857142857099999844e+01 5.208571428569999853e+02
3.897857142859999726e+02 5.220000000000000000e+02
1.810999999999999943e+02 5.241000000000000227e+02
3.553421052630000077e+02 5.246578947369999923e+02
5.404166666669999586e+02 5.251666666669999586e+02
7.307142857099999844e+01 5.266904761900000267e+02
1.303571428570000137e+02 5.285714285709999558e+02
1.920882352939999862e+02 5.296176470589999781e+02
4.613999999999999773e+02 5.294500000000000455e+02
9.754545454499999835e+01 5.321818181820000291e+02
2.632142857140000274e+02 5.310000000000000000e+02
5.802000000000000455e+02 5.316000000000000227e+02
1.850000000000000000e+01 5.335000000000000000e+02
5.603333333300000163e+01 5.336333333329999959e+02
2.440882352939999862e+02 5.333823529410000219e+02
3.169499999999999886e+02 5.346000000000000227e+02
4.803750000000000000e+02 5.348750000000000000e+02
1.736999999999999886e+02 5.353999999999999773e+02
2.853095238099999733e+02 5.356428571430000147e+02
3.638684210530000200e+02 5.357105263160000277e+02
1.491250000000000000e+02 5.362500000000000000e+02
3.456176470589999781e+02 5.369117647059999854e+02
7.854999999999999716e+01 5.383999999999999773e+02
2.152500000000000000e+02 5.401666666669999586e+02
4.220000000000000000e+02 5.402142857139999705e+02
5.610000000000000000e+02 5.397857142860000295e+02
4.034230769229999964e+02 5.411923076919999858e+02
3.811153846149999822e+02 5.418846153849999610e+02
5.150454545449999841e+02 5.421363636360000555e+02
1.150714285709999984e+02 5.434047619049999867e+02
4.436176470589999781e+02 5.429117647059999854e+02
5.340294117649999635e+02 5.438529411759999448e+02
2.941363636359999987e+02 5.434090909090000423e+02
2.370000000000000000e+02 5.452777777779999724e+02
1.840555555560000016e+02 5.466111111110000138e+02
3.350000000000000000e+01 5.472894736839999723e+02
3.130000000000000000e+02 5.465000000000000000e+02
3.268333333329999846e+02 5.475000000000000000e+02
4.961470588239999984e+02 5.475000000000000000e+02
5.753750000000000000e+02 5.491666666669999586e+02
5.862500000000000000e+01 5.486250000000000000e+02
9.928947368400000073e+01 5.505000000000000000e+02
1.335000000000000000e+02 5.538529411759999448e+02
2.667857142859999726e+02 5.530000000000000000e+02
4.489615384620000214e+02 5.533461538459999929e+02
4.687777777779999724e+02 5.534444444440000552e+02
5.527999999999999545e+02 5.536499999999999773e+02
4.337666666669999813e+02 5.538999999999999773e+02
1.642142857139999990e+02 5.550000000000000000e+02
2.109666666669999984e+02 5.563666666670000041e+02
5.248846153849999610e+02 5.578846153849999610e+02
1.455869565220000084e+02 5.598478260870000440e+02
2.251153846150000106e+02 5.588846153849999610e+02
1.442307692299999999e+01 5.598846153849999610e+02
3.422058823529999927e+02 5.611470588240000552e+02
3.821000000000000227e+02 5.611000000000000227e+02
2.539705882350000081e+02 5.621470588240000552e+02
2.803823529410000219e+02 5.629117647059999854e+02
3.553823529410000219e+02 5.632058823529999927e+02
5.071153846149999822e+02 5.628846153849999610e+02
3.666666666700000121e+01 5.636666666669999586e+02
7.713636363599999868e+01 5.634090909090000423e+02
5.100000000000000000e+01 5.641666666669999586e+02
1.232999999999999972e+02 5.641000000000000227e+02
1.755000000000000000e+02 5.641250000000000000e+02
4.020000000000000000e+02 5.645000000000000000e+02
5.775000000000000000e+02 5.645000000000000000e+02
