5.433333333299999879e+01 1.333333332999999898e+00
5.950000000000000000e+01 5.000000000000000000e-01
1.030000000000000000e+02 5.000000000000000000e-01
1.284499999999999886e+02 2.600000000000000089e+00
1.822857142860000010e+02 1.285714285999999928e+00
2.295000000000000000e+02 2.299999999999999822e+00
2.916428571430000147e+02 1.428571429000000004e+00
5.455000000000000000e+02 5.000000000000000000e-01
1.601666666669999870e+02 3.642857143000000075e+00
3.696250000000000000e+02 4.166666667000000324e+00
5.837500000000000000e+02 3.250000000000000000e+00
5.131578947000000390e+00 4.710526316000000158e+00
2.747500000000000000e+02 5.750000000000000000e+00
2.514999999999999858e+01 6.950000000000000178e+00
3.290789473680000015e+02 7.605263157999999635e+00
4.720000000000000000e+02 7.000000000000000000e+00
1.940000000000000000e+02 8.277777778000000808e+00
3.518333333329999846e+02 8.233333332999999143e+00
4.043571428569999853e+02 8.309523809999999955e+00
4.832187500000000000e+02 9.968750000000000000e+00
5.032500000000000000e+02 9.750000000000000000e+00
5.557666666669999813e+02 9.166666666999999435e+00
3.940000000000000000e+02 9.500000000000000000e+00
1.047727272730000010e+02 1.200000000000000000e+01
5.273235294119999708e+02 1.167647058800000082e+01
9.050000000000000000e+01 1.200000000000000000e+01
2.545000000000000000e+02 1.250000000000000000e+01
1.419705882350000081e+02 1.314705882400000014e+01
7.326923076900000353e+01 1.473076923100000002e+01
4.485588235289999943e+02 1.567647058800000082e+01
5.134473684209999647e+02 1.555263157899999982e+01
4.541666666670000154e+02 1.561111111099999960e+01
3.070000000000000000e+02 1.750000000000000000e+01
3.515000000000000000e+02 1.850000000000000000e+01
5.385000000000000000e+02 1.800000000000000000e+01
5.665000000000000000e+02 1.800000000000000000e+01
1.600789473680000015e+02 2.039473684200000037e+01
2.117352941180000130e+02 2.102941176499999898e+01
4.242500000000000000e+02 2.125000000000000000e+01
4.748529411760000016e+02 2.097058823500000102e+01
4.921470588239999984e+02 2.097058823500000102e+01
1.228181818179999993e+02 2.240909090899999967e+01
1.772692307689999893e+02 2.188461538500000003e+01
2.344523809519999986e+02 2.330952381000000173e+01
5.785000000000000000e+02 2.350000000000000000e+01
3.800882352940000146e+02 2.461764705899999939e+01
3.210294117650000203e+02 2.685294117600000163e+01
2.350000000000000000e+01 2.785000000000000142e+01
5.525000000000000000e+01 2.775000000000000000e+01
2.898846153850000178e+02 2.688461538500000003e+01
8.250000000000000000e+01 2.832608695700000112e+01
2.692142857140000274e+02 2.800000000000000000e+01
3.934090909089999855e+02 2.813636363599999868e+01
2.030999999999999943e+02 2.889999999999999858e+01
1.080999999999999943e+02 2.989999999999999858e+01
1.795000000000000000e+02 3.250000000000000000e+01
3.051000000000000227e+02 3.189999999999999858e+01
2.507500000000000000e+02 3.283333333299999879e+01
4.148999999999999773e+02 3.310000000000000142e+01
2.167500000000000000e+02 3.408333333299999879e+01
2.401153846150000106e+02 3.457692307699999645e+01
3.622500000000000000e+02 3.508333333299999879e+01
4.490555555560000016e+02 3.594444444399999838e+01
5.378999999999999773e+02 3.510000000000000142e+01
4.000000000000000000e+01 3.700000000000000000e+01
1.481875000000000000e+02 3.762500000000000000e+01
8.754347826100000418e+01 3.945652173900000292e+01
3.400000000000000000e+02 3.872222222199999919e+01
3.861428571430000147e+02 3.778571428600000104e+01
4.034444444439999984e+02 3.827777777800000081e+01
5.283999999999999773e+02 3.845000000000000284e+01
9.642857143000000519e+00 3.930952381000000173e+01
4.285000000000000000e+02 3.950000000000000000e+01
7.136666666700000405e+01 4.003333333300000163e+01
5.044090909089999855e+02 4.159090909100000033e+01
5.560882352940000146e+02 4.138235294100000061e+01
2.688684210530000200e+02 4.255263157899999982e+01
4.830882352940000146e+02 4.238235294100000061e+01
5.767500000000000000e+02 4.287500000000000000e+01
2.960000000000000000e+02 4.527777777800000081e+01
1.168333333329999988e+02 4.783333333299999879e+01
1.596111111110000138e+02 4.794444444399999838e+01
3.486578947369999923e+02 4.755263157899999982e+01
3.635500000000000114e+02 4.739999999999999858e+01
5.461000000000000227e+02 4.889999999999999858e+01
3.187307692310000107e+02 5.026923076900000353e+01
4.448846153850000178e+02 5.088461538499999648e+01
2.661111111099999960e+01 5.277777777800000081e+01
4.250000000000000000e+01 5.250000000000000000e+01
6.450000000000000178e+00 5.339999999999999858e+01
2.235909090909999861e+02 5.340909090899999967e+01
3.352500000000000000e+02 5.308333333299999879e+01
2.873823529410000219e+02 5.508823529400000041e+01
3.902333333330000187e+02 5.570000000000000284e+01
1.890999999999999943e+02 5.653999999999999915e+01
4.916111111110000138e+02 5.622222222199999919e+01
1.405000000000000000e+02 5.750000000000000000e+01
2.026111111110000138e+02 5.705555555600000162e+01
3.796052631580000138e+02 5.707894736800000146e+01
4.671666666670000154e+02 5.750000000000000000e+01
6.840909090899999967e+01 5.859090909100000033e+01
4.142500000000000000e+02 5.875000000000000000e+01
5.666000000000000227e+02 5.845000000000000284e+01
1.102142857139999990e+02 5.900000000000000000e+01
5.110000000000000000e+02 5.900000000000000000e+01
1.261666666670000012e+02 6.025000000000000000e+01
2.593421052630000077e+02 6.044736842100000018e+01
9.300000000000000000e+01 6.150000000000000000e+01
2.378684210529999916e+02 6.371052631599999927e+01
5.891153846150000390e+02 6.311538461500000352e+01
3.441000000000000227e+02 6.409999999999999432e+01
4.160000000000000142e+01 6.654999999999999716e+01
2.209000000000000057e+02 6.709999999999999432e+01
5.537173913039999888e+02 6.758695652199999415e+01
3.965500000000000114e+02 6.859999999999999432e+01
5.256578947369999923e+02 6.834210526299999344e+01
1.597222222219999992e+02 6.944444444399999838e+01
3.515000000000000000e+02 6.950000000000000000e+01
4.960000000000000000e+02 6.950000000000000000e+01
2.015000000000000000e+02 7.000000000000000000e+01
4.841153846149999822e+02 6.988461538500000358e+01
2.089999999999999858e+01 7.209999999999999432e+01
2.660000000000000000e+02 7.250000000000000000e+01
4.252777777779999724e+02 7.200000000000000000e+01
7.296153846199999293e+01 7.365384615399999291e+01
1.512647058819999870e+02 7.426470588200000122e+01
3.173666666670000041e+02 7.403333333300000163e+01
4.535000000000000000e+02 7.400000000000000000e+01
3.029545454550000159e+02 7.650000000000000000e+01
4.156176470589999781e+02 7.597058823499999392e+01
5.905000000000000000e+02 7.450000000000000000e+01
5.599999999999999645e+00 7.954999999999999716e+01
1.143461538460000071e+02 8.003846153800000707e+01
3.293947368419999862e+02 7.992105263199999854e+01
3.213636363599999868e+01 8.195454545500000165e+01
5.350000000000000000e+01 8.185294117600000163e+01
3.691000000000000227e+02 8.154000000000000625e+01
4.651250000000000000e+02 8.125000000000000000e+01
3.880294117650000203e+02 8.214705882399999837e+01
5.713888888889999862e+02 8.277777777800000081e+01
1.360999999999999943e+02 8.309999999999999432e+01
1.760416666669999870e+02 8.337500000000000000e+01
5.392999999999999545e+02 8.370000000000000284e+01
2.785909090910000145e+02 8.427272727300000099e+01
5.481666666669999586e+02 8.450000000000000000e+01
2.244411764710000057e+02 8.526470588200000122e+01
2.535909090909999861e+02 8.540909090899999967e+01
4.871250000000000000e+02 8.525000000000000000e+01
5.160000000000000000e+02 8.550000000000000000e+01
2.110789473680000015e+02 8.639473684200000037e+01
2.410000000000000000e+02 8.550000000000000000e+01
4.526333333329999959e+02 8.603333333300000163e+01
9.059999999999999432e+01 8.845000000000000284e+01
1.521470588239999984e+02 8.850000000000000000e+01
4.990000000000000000e+02 9.300000000000000000e+01
2.949499999999999886e+02 9.459999999999999432e+01
3.131000000000000227e+02 9.509999999999999432e+01
5.230000000000000000e+02 9.550000000000000000e+01
5.704090909090000423e+02 9.540909090899999967e+01
1.708333333330000130e+02 9.636666666700000405e+01
4.741153846149999822e+02 9.611538461499999642e+01
8.070000000000000284e+01 9.650000000000000000e+01
4.105000000000000000e+02 9.700000000000000000e+01
4.283095238099999733e+02 9.735714285699999948e+01
3.861764705899999939e+01 9.838235294099999351e+01
1.091470588239999984e+02 9.897058823499999392e+01
1.881250000000000000e+02 9.925000000000000000e+01
2.255909090909999861e+02 1.004090909089999997e+02
2.521666666669999870e+02 1.004166666670000012e+02
5.585714285699999948e+01 1.017142857139999990e+02
3.275000000000000000e+02 1.012894736840000007e+02
3.681315789469999800e+02 1.019736842110000055e+02
1.291666666669999870e+02 1.017666666669999955e+02
4.562777777779999724e+02 1.025555555560000016e+02
5.901666666669999586e+02 1.023333333329999988e+02
3.525000000000000000e+02 1.035000000000000000e+02
3.931923076919999858e+02 1.045769230770000036e+02
1.430000000000000000e+02 1.052142857139999990e+02
5.157105263160000277e+02 1.058684210530000058e+02
9.505555555600000162e+01 1.066111111109999996e+02
1.166666666699999944e+01 1.072222222219999992e+02
5.461190476189999572e+02 1.075000000000000000e+02
7.345652173899999582e+01 1.095869565219999942e+02
2.070000000000000000e+02 1.085000000000000000e+02
2.778333333329999846e+02 1.087666666669999955e+02
5.641666666669999586e+02 1.104166666670000012e+02
4.937500000000000000e+02 1.117500000000000000e+02
1.211153846149999964e+02 1.118846153850000036e+02
1.698846153849999894e+02 1.118846153850000036e+02
4.725526315789999785e+02 1.126578947370000066e+02
2.581250000000000000e+01 1.133125000000000000e+02
3.073333333329999846e+02 1.143888888890000004e+02
4.300000000000000000e+02 1.145000000000000000e+02
2.224411764710000057e+02 1.163235294119999992e+02
2.596739130430000273e+02 1.170652173910000045e+02
4.055526315789999785e+02 1.163421052629999934e+02
1.063666666670000041e+02 1.169666666669999984e+02
2.423000000000000114e+02 1.165000000000000000e+02
5.900555555559999448e+02 1.172777777780000008e+02
5.400333333329999732e+02 1.186333333329999959e+02
4.501999999999999886e+02 1.187999999999999972e+02
1.696666666699999837e+01 1.203666666670000041e+02
5.030416666670000154e+02 1.212916666670000012e+02
1.862142857139999990e+02 1.220000000000000000e+02
2.932777777779999724e+02 1.220000000000000000e+02
3.161153846149999822e+02 1.238846153850000036e+02
3.380000000000000000e+02 1.255000000000000000e+02
5.539999999999999858e+01 1.275499999999999972e+02
5.738846153849999610e+02 1.271153846149999964e+02
1.453095238100000017e+02 1.283571428570000137e+02
1.743618181820000075e+02 1.477745454550000090e+02
3.721250000000000000e+02 1.282500000000000000e+02
4.232500000000000000e+02 1.279375000000000000e+02
5.205000000000000000e+02 1.295000000000000000e+02
9.416666666700000121e+01 1.310000000000000000e+02
3.615000000000000000e+02 1.315000000000000000e+02
4.618846153850000178e+02 1.318846153849999894e+02
5.482333333330000187e+02 1.317666666670000097e+02
1.655999999999999943e+02 1.335500000000000114e+02
2.312222222219999992e+02 1.333888888889999862e+02
2.773000000000000114e+02 1.325000000000000000e+02
1.576666666700000086e+01 1.341666666669999870e+02
2.990000000000000000e+02 1.350000000000000000e+02
3.875000000000000000e+02 1.351470588239999984e+02
4.411000000000000227e+02 1.349000000000000057e+02
6.700000000000000000e+01 1.370000000000000000e+02
2.131190476190000140e+02 1.372619047620000003e+02
1.503421052630000077e+02 1.383421052630000077e+02
2.610625000000000000e+02 1.382500000000000000e+02
3.405000000000000000e+02 1.382894736840000007e+02
5.426176470589999781e+02 1.390882352939999862e+02
4.788571428569999853e+02 1.405714285710000127e+02
5.021875000000000000e+02 1.405625000000000000e+02
5.860000000000000000e+02 1.402142857139999990e+02
1.039473684200000037e+01 1.410789473680000015e+02
1.136428571430000005e+02 1.413095238100000017e+02
1.300000000000000000e+02 1.407857142860000010e+02
3.836666666699999695e+01 1.419666666669999984e+02
3.183125000000000000e+02 1.446875000000000000e+02
5.550000000000000000e+02 1.455000000000000000e+02
4.535714285699999948e+01 1.472142857139999990e+02
4.155500000000000114e+02 1.474000000000000057e+02
4.286538461540000071e+02 1.470384615380000071e+02
3.361086956519999944e+02 1.487173913039999888e+02
1.236333333329999959e+02 1.490333333330000016e+02
2.150000000000000000e+02 1.510000000000000000e+02
3.620000000000000000e+02 1.512777777780000008e+02
4.610000000000000000e+02 1.512777777780000008e+02
2.502272727270000132e+02 1.524545454549999874e+02
3.957105263160000277e+02 1.535000000000000000e+02
5.291666666669999586e+02 1.535000000000000000e+02
4.995000000000000000e+02 1.550000000000000000e+02
5.710925925929999494e+02 1.547592592590000038e+02
8.837500000000000000e+01 1.561666666669999870e+02
4.790600000000000023e+02 1.553000000000000114e+02
2.911315789469999800e+02 1.567631578950000062e+02
7.000000000000000000e+00 1.582777777780000008e+02
6.640909090899999967e+01 1.595909090909999861e+02
1.083750000000000000e+02 1.601666666669999870e+02
2.644047619049999867e+02 1.599285714289999873e+02
3.560000000000000000e+02 1.590000000000000000e+02
1.818076923079999858e+02 1.620000000000000000e+02
2.264565217390000100e+02 1.621086956519999944e+02
3.775588235289999943e+02 1.616764705880000008e+02
4.399117647059999854e+02 1.632647058819999870e+02
5.387000000000000455e+02 1.633000000000000114e+02
1.427500000000000000e+02 1.638750000000000000e+02
2.718333333329999846e+02 1.632777777780000008e+02
3.125869565219999799e+02 1.652826086960000112e+02
4.607105263160000277e+02 1.668684210529999916e+02
1.940909090899999967e+01 1.674090909090000139e+02
4.055000000000000000e+02 1.665000000000000000e+02
5.342105262999999660e+00 1.686578947369999923e+02
5.131842105260000153e+02 1.684473684209999931e+02
4.200000000000000000e+01 1.687857142860000010e+02
2.108846153849999894e+02 1.688846153849999894e+02
1.280999999999999943e+02 1.699000000000000057e+02
4.353636363640000013e+02 1.711818181820000007e+02
1.014523809519999986e+02 1.717857142860000010e+02
2.920000000000000000e+02 1.720000000000000000e+02
3.208888888889999862e+02 1.722777777780000008e+02
5.795000000000000000e+02 1.725000000000000000e+02
6.486363636400000132e+01 1.739090909090000139e+02
2.412500000000000000e+02 1.737500000000000000e+02
5.392826086960000112e+02 1.736304347829999983e+02
5.540000000000000000e+02 1.740000000000000000e+02
5.033571428569999853e+02 1.763095238100000017e+02
4.821666666670000154e+02 1.773750000000000000e+02
7.926470588200000122e+01 1.787352941180000130e+02
3.700882352940000146e+02 1.793823529409999935e+02
3.904523809519999986e+02 1.803095238100000017e+02
4.504499999999999886e+02 1.814000000000000057e+02
2.100000000000000000e+01 1.822142857139999990e+02
1.783947368419999862e+02 1.825000000000000000e+02
4.966666667000000146e+00 1.836333333329999959e+02
2.886000000000000227e+02 1.834499999999999886e+02
3.425000000000000000e+02 1.830714285710000127e+02
3.605000000000000000e+02 1.835000000000000000e+02
2.025000000000000000e+02 1.845000000000000000e+02
2.209761904759999993e+02 1.858809523809999860e+02
4.151923076919999858e+02 1.850384615380000071e+02
1.097352941179999988e+02 1.862647058819999870e+02
1.460000000000000000e+02 1.877727272729999868e+02
4.635666666669999927e+02 1.880999999999999943e+02
2.493888888889999862e+02 1.895555555560000016e+02
5.252619047619999719e+02 1.894523809519999986e+02
2.745769230770000036e+02 1.901153846150000106e+02
4.795476190480000014e+02 1.907380952379999997e+02
5.684130434779999632e+02 1.914565217390000100e+02
4.268125000000000000e+02 1.913750000000000000e+02
5.191666666700000121e+01 1.928333333330000130e+02
8.438888888900000040e+01 1.927777777780000008e+02
1.910000000000000000e+02 1.920000000000000000e+02
9.045454545000000124e+00 1.931363636359999987e+02
2.104090909090000139e+02 1.944090909090000139e+02
3.027352941180000130e+02 1.945000000000000000e+02
3.196176470589999781e+02 1.940882352939999862e+02
3.095833333299999879e+01 1.957916666669999870e+02
1.083333332999999898e+00 1.967500000000000000e+02
1.488684210529999916e+02 1.972894736840000007e+02
1.710999999999999943e+02 1.970999999999999943e+02
1.242142857139999990e+02 1.980000000000000000e+02
3.575000000000000000e+02 1.985000000000000000e+02
5.514523809519999986e+02 1.992619047620000003e+02
5.892142857139999705e+02 1.980000000000000000e+02
4.707173913039999888e+02 1.995869565220000084e+02
5.046666666670000154e+02 1.992222222219999992e+02
3.297916666670000154e+02 2.005000000000000000e+02
2.875588235289999943e+02 2.026764705880000008e+02
4.430000000000000000e+02 2.022142857139999990e+02
5.385000000000000000e+02 2.025555555560000016e+02
1.058529411760000016e+02 2.030294117649999919e+02
3.747500000000000000e+02 2.032500000000000000e+02
8.831250000000000000e+01 2.066875000000000000e+02
3.960000000000000000e+02 2.065000000000000000e+02
6.060000000000000142e+01 2.088000000000000114e+02
2.448846153849999894e+02 2.081153846150000106e+02
2.645476190480000014e+02 2.087380952379999997e+02
5.188846153849999610e+02 2.081153846150000106e+02
2.822727272699999901e+01 2.097272727270000132e+02
2.220000000000000000e+02 2.095000000000000000e+02
3.027500000000000000e+02 2.102500000000000000e+02
1.322647058819999870e+02 2.117352941180000130e+02
2.788999999999999773e+02 2.119000000000000057e+02
3.187105263160000277e+02 2.115000000000000000e+02
4.170000000000000000e+02 2.122777777780000008e+02
4.203333333300000163e+01 2.146333333329999959e+02
1.180000000000000000e+02 2.140000000000000000e+02
3.692222222220000276e+02 2.144444444439999984e+02
3.873000000000000114e+02 2.138000000000000114e+02
1.896176470590000065e+02 2.150882352939999862e+02
4.740000000000000000e+02 2.157222222219999992e+02
1.050000000000000000e+01 2.159285714289999873e+02
5.010000000000000000e+02 2.162142857139999990e+02
5.698333333330000414e+02 2.162333333329999903e+02
1.590333333330000016e+02 2.186333333329999959e+02
4.378999999999999773e+02 2.180999999999999943e+02
1.751111111110000138e+02 2.197222222219999992e+02
2.150000000000000000e+02 2.190000000000000000e+02
5.575000000000000000e+02 2.190000000000000000e+02
2.350999999999999943e+02 2.199000000000000057e+02
7.200000000000000000e+01 2.223333333330000130e+02
2.857892561979999755e+02 2.261280991739999990e+02
3.427272727270000132e+02 2.239090909090000139e+02
2.812500000000000000e+01 2.243750000000000000e+02
1.031315789469999942e+02 2.240263157889999945e+02
4.520000000000000000e+02 2.236666666669999870e+02
3.875799999999999841e+02 2.286999999999999886e+02
3.959090909100000033e+01 2.295909090909999861e+02
6.114285714300000052e+01 2.297142857139999990e+02
2.535000000000000000e+02 2.301818181820000007e+02
5.213666666670000041e+02 2.300333333330000016e+02
5.350000000000000000e+02 2.310000000000000000e+02
3.246428571430000147e+02 2.318809523809999860e+02
8.181818182000000661e+00 2.331363636359999987e+02
3.635000000000000000e+02 2.325000000000000000e+02
1.602222222219999992e+02 2.333888888889999862e+02
4.037307692310000107e+02 2.328846153849999894e+02
4.428846153850000178e+02 2.328846153849999894e+02
1.235499999999999972e+02 2.344000000000000057e+02
1.442272727270000132e+02 2.356818181820000007e+02
4.935000000000000000e+02 2.355000000000000000e+02
7.654999999999999716e+01 2.365999999999999943e+02
4.671250000000000000e+02 2.367500000000000000e+02
5.693500000000000227e+02 2.368000000000000114e+02
2.880454545449999841e+02 2.380909090909999861e+02
4.226578947369999923e+02 2.376578947369999923e+02
1.943095238100000017e+02 2.383571428570000137e+02
2.653571428569999853e+02 2.403571428570000137e+02
3.115000000000000000e+02 2.400000000000000000e+02
1.056333333329999959e+02 2.409666666669999984e+02
2.240000000000000000e+02 2.426999999999999886e+02
3.808846153850000178e+02 2.428846153849999894e+02
5.937500000000000000e+01 2.448125000000000000e+02
3.418846153850000178e+02 2.441153846150000106e+02
5.581315789469999800e+02 2.455526315790000069e+02
2.659117647059999854e+02 2.483823529409999935e+02
4.367666666669999813e+02 2.488333333330000130e+02
2.082333333329999903e+02 2.498333333330000130e+02
5.105000000000000000e+02 2.490000000000000000e+02
5.351470588240000552e+02 2.495000000000000000e+02
4.806250000000000000e+01 2.507500000000000000e+02
2.375000000000000000e+02 2.506739130429999989e+02
1.807857142860000010e+02 2.510000000000000000e+02
4.043999999999999773e+02 2.511999999999999886e+02
4.473260869569999727e+02 2.519347826089999955e+02
2.355000000000000071e+01 2.525999999999999943e+02
9.050000000000000000e+01 2.521666666669999870e+02
3.244499999999999886e+02 2.525999999999999943e+02
4.681923076919999858e+02 2.520384615380000071e+02
1.100000000000000000e+02 2.527857142860000010e+02
5.014565217389999816e+02 2.541086956519999944e+02
2.870000000000000000e+02 2.540000000000000000e+02
3.675769230770000036e+02 2.556538461540000071e+02
4.869615384620000214e+02 2.546538461540000071e+02
1.500999999999999943e+02 2.559000000000000057e+02
5.768684210530000200e+02 2.567105263160000277e+02
1.905000000000000000e+02 2.576153846149999822e+02
1.308750000000000000e+02 2.582500000000000000e+02
2.305000000000000000e+02 2.603636363640000013e+02
1.813157894700000128e+01 2.622894736839999723e+02
1.711250000000000000e+02 2.627500000000000000e+02
3.056428571430000147e+02 2.623095238099999733e+02
4.097777777779999724e+02 2.623888888889999862e+02
2.584090909089999855e+02 2.634090909089999855e+02
5.504259259259999908e+02 2.640925925930000062e+02
3.841666666670000154e+02 2.641666666670000154e+02
4.341818181819999722e+02 2.645454545449999841e+02
1.183666666670000041e+02 2.650333333329999732e+02
5.885000000000000000e+02 2.655000000000000000e+02
3.232619047619999719e+02 2.668809523809999860e+02
3.520882352940000146e+02 2.666176470589999781e+02
6.400000000000000000e+01 2.675000000000000000e+02
1.015909090910000003e+02 2.674090909089999855e+02
5.634333333329999505e+02 2.668999999999999773e+02
3.378999999999999773e+02 2.688999999999999773e+02
4.910000000000000000e+02 2.692777777779999724e+02
5.280882352940000146e+02 2.706176470589999781e+02
1.459666666669999984e+02 2.713666666670000041e+02
2.065000000000000000e+02 2.715000000000000000e+02
3.971153846149999822e+02 2.711153846149999822e+02
4.068913043480000056e+02 2.728478260869999872e+02
3.697058823500000102e+01 2.738529411760000016e+02
3.018636363640000013e+02 2.724090909089999855e+02
4.430000000000000000e+02 2.730000000000000000e+02
4.570000000000000000e+02 2.732142857140000274e+02
2.780000000000000000e+02 2.746999999999999886e+02
2.387500000000000000e+02 2.747500000000000000e+02
1.913095238100000017e+02 2.763571428569999853e+02
4.751000000000000227e+02 2.761000000000000227e+02
3.751363636359999987e+02 2.764090909089999855e+02
8.200000000000000000e+01 2.777857142859999726e+02
1.361111111110000138e+02 2.795000000000000000e+02
5.026000000000000227e+02 2.790500000000000114e+02
1.580000000000000000e+02 2.800000000000000000e+02
1.710999999999999943e+02 2.808999999999999773e+02
5.717222222220000276e+02 2.810000000000000000e+02
3.462500000000000000e+02 2.821875000000000000e+02
7.300000000000000000e+01 2.827857142859999726e+02
5.373461538459999929e+02 2.830384615379999786e+02
2.248846153849999894e+02 2.841153846149999822e+02
2.571428571430000147e+02 2.861428571430000147e+02
2.853571428569999853e+02 2.857857142859999726e+02
3.711666666670000154e+02 2.852333333330000187e+02
5.541000000000000227e+02 2.858999999999999773e+02
1.354347826100000063e+01 2.882391304349999928e+02
4.058999999999999773e+02 2.871000000000000227e+02
4.763095238099999733e+02 2.874523809519999986e+02
4.420882352940000146e+02 2.886176470589999781e+02
5.100000000000000000e+01 2.887857142859999726e+02
9.138235294099999351e+01 2.889117647059999854e+02
4.905434782610000184e+02 2.897608695650000072e+02
1.077777777780000008e+02 2.906111111110000138e+02
2.359523809499999913e+01 2.923095238099999733e+02
1.835000000000000000e+02 2.918684210530000200e+02
2.050000000000000000e+02 2.910000000000000000e+02
3.163823529410000219e+02 2.916176470589999781e+02
3.908571428569999853e+02 2.912857142859999726e+02
2.710000000000000000e+02 2.930000000000000000e+02
5.866578947369999923e+02 2.936578947369999923e+02
3.293999999999999773e+02 2.964499999999999886e+02
1.569736842110000055e+02 2.978684210530000200e+02
2.411470588239999984e+02 2.970294117650000203e+02
4.543999999999999773e+02 2.994499999999999886e+02
5.315526315790000353e+02 2.994473684210000215e+02
5.093823529410000219e+02 3.003823529410000219e+02
1.253095238100000017e+02 3.034523809519999986e+02
2.984583333329999846e+02 3.039583333329999846e+02
4.257222222220000276e+02 3.045555555560000016e+02
5.647727272729999868e+02 3.050000000000000000e+02
6.200000000000000000e+01 3.047857142859999726e+02
3.662222222220000276e+02 3.053888888889999862e+02
5.000000000000000000e-01 3.055000000000000000e+02
1.692222222219999992e+02 3.073333333329999846e+02
3.881666666670000154e+02 3.075000000000000000e+02
7.313636363599999868e+01 3.074090909089999855e+02
3.518999999999999773e+02 3.081000000000000227e+02
4.074499999999999886e+02 3.083999999999999773e+02
2.250000000000000000e+01 3.105000000000000000e+02
1.457500000000000000e+02 3.107500000000000000e+02
2.207500000000000000e+02 3.102500000000000000e+02
2.554499999999999886e+02 3.101999999999999886e+02
4.508823529400000041e+01 3.113823529410000219e+02
2.800625000000000000e+02 3.122500000000000000e+02
3.222777777779999724e+02 3.120000000000000000e+02
9.990000000000000568e+01 3.128999999999999773e+02
4.420000000000000000e+02 3.130000000000000000e+02
4.827727272729999868e+02 3.140909090910000145e+02
5.772142857139999705e+02 3.130000000000000000e+02
1.838846153849999894e+02 3.148846153850000178e+02
2.017727272729999868e+02 3.158636363640000013e+02
2.396428571429999863e+02 3.154285714289999873e+02
4.156111111110000138e+02 3.157777777779999724e+02
2.938333333329999846e+02 3.176250000000000000e+02
3.570000000000000000e+02 3.185000000000000000e+02
5.379210526320000554e+02 3.183947368419999862e+02
4.604375000000000000e+02 3.203750000000000000e+02
4.965000000000000000e+02 3.205000000000000000e+02
1.595909090909999861e+02 3.214090909089999855e+02
3.986818181819999722e+02 3.222727272729999868e+02
5.496904761900000267e+02 3.213571428569999853e+02
4.900000000000000000e+01 3.222142857140000274e+02
7.600000000000000000e+01 3.222142857140000274e+02
5.700000000000000000e+02 3.225000000000000000e+02
5.902999999999999545e+02 3.221000000000000227e+02
1.221818181820000007e+02 3.244545454550000159e+02
3.400000000000000000e+02 3.237857142859999726e+02
5.170000000000000000e+02 3.242272727270000132e+02
2.007105263159999993e+02 3.258684210530000200e+02
2.238846153849999894e+02 3.258846153850000178e+02
2.655588235289999943e+02 3.266764705879999724e+02
8.675000000000000000e+01 3.272500000000000000e+02
4.295000000000000000e+02 3.280000000000000000e+02
7.880952381000000173e+00 3.320238095240000007e+02
1.777222222219999992e+02 3.315555555560000016e+02
3.166250000000000000e+02 3.311875000000000000e+02
3.786363636400000132e+01 3.326363636359999987e+02
4.700000000000000000e+02 3.320000000000000000e+02
2.330000000000000000e+02 3.335000000000000000e+02
2.513823529409999935e+02 3.329117647059999854e+02
1.115000000000000000e+02 3.348529411760000016e+02
4.838999999999999773e+02 3.338999999999999773e+02
5.551000000000000227e+02 3.338999999999999773e+02
1.312222222219999992e+02 3.363888888889999862e+02
3.025000000000000000e+02 3.361315789469999800e+02
3.757222222220000276e+02 3.360000000000000000e+02
3.541818181819999722e+02 3.373636363640000013e+02
7.103333333300000163e+01 3.386333333329999959e+02
1.540000000000000000e+02 3.390000000000000000e+02
4.165625000000000000e+02 3.387500000000000000e+02
4.469705882349999797e+02 3.386176470589999781e+02
3.960555555560000016e+02 3.410000000000000000e+02
4.245238095199999862e+01 3.423095238099999733e+02
5.010333333329999732e+02 3.423666666670000041e+02
1.739761904759999993e+02 3.431190476190000140e+02
3.727857142859999726e+02 3.430000000000000000e+02
5.380000000000000000e+02 3.437222222220000276e+02
3.290454545449999841e+02 3.443636363640000013e+02
4.646333333329999959e+02 3.440333333329999732e+02
4.836578947369999923e+02 3.444473684210000215e+02
5.265666666670000495e+02 3.448999999999999773e+02
5.321428571399999896e+01 3.460000000000000000e+02
2.125000000000000000e+02 3.460000000000000000e+02
2.565434782610000184e+02 3.488913043480000056e+02
2.775000000000000000e+02 3.483260869569999727e+02
4.290000000000000000e+02 3.483000000000000114e+02
1.980000000000000000e+02 3.497222222220000276e+02
9.000000000000000000e+01 3.500000000000000000e+02
5.717500000000000000e+02 3.499499999999999886e+02
1.571052631599999927e+01 3.522368421049999938e+02
1.481842105259999869e+02 3.544473684210000215e+02
4.463947368419999862e+02 3.540789473680000015e+02
1.409090908999999892e+00 3.561363636359999987e+02
3.330333333329999732e+02 3.563666666670000041e+02
3.549615384620000214e+02 3.563461538459999929e+02
7.090000000000000568e+01 3.578999999999999773e+02
5.527000000000000455e+02 3.578000000000000114e+02
1.290833333330000130e+02 3.596666666670000154e+02
5.171153846150000390e+02 3.591153846149999822e+02
1.056176470590000065e+02 3.599117647059999854e+02
2.807857142859999726e+02 3.600000000000000000e+02
4.076250000000000000e+02 3.603125000000000000e+02
5.421000000000000227e+02 3.598999999999999773e+02
8.454347826100000418e+01 3.621086956519999944e+02
4.980000000000000000e+02 3.610000000000000000e+02
2.363947368419999862e+02 3.620789473680000015e+02
2.967173913039999888e+02 3.629782608699999855e+02
5.776499999999999773e+02 3.628000000000000114e+02
2.654565217389999816e+02 3.641086956519999944e+02
3.681000000000000227e+02 3.634599999999999795e+02
4.400000000000000000e+01 3.646428571430000147e+02
2.093461538459999929e+02 3.639615384620000214e+02
4.682777777779999724e+02 3.640000000000000000e+02
2.938235294100000061e+01 3.650882352940000146e+02
1.202199999999999989e+02 3.666600000000000250e+02
1.680625000000000000e+02 3.665625000000000000e+02
3.210000000000000000e+02 3.660000000000000000e+02
1.936538461540000071e+02 3.700384615379999786e+02
4.322500000000000000e+02 3.699166666670000154e+02
3.932222222220000276e+02 3.722777777779999724e+02
4.453571428569999853e+02 3.728809523809999860e+02
3.408684210530000200e+02 3.737105263160000277e+02
1.529166666699999944e+01 3.754583333329999846e+02
5.548913043479999487e+02 3.742826086960000112e+02
4.872500000000000000e+02 3.754375000000000000e+02
5.261666666669999586e+02 3.755000000000000000e+02
5.897727272729999868e+02 3.757727272729999868e+02
6.400000000000000000e+01 3.760000000000000000e+02
1.593125000000000000e+02 3.768750000000000000e+02
2.307857142860000010e+02 3.760000000000000000e+02
3.860500000000000114e+02 3.772500000000000000e+02
4.997857142859999726e+02 3.781190476190000140e+02
1.400999999999999943e+02 3.781000000000000227e+02
2.134000000000000057e+02 3.785500000000000114e+02
2.445500000000000114e+02 3.786000000000000227e+02
9.885714285699999948e+01 3.795714285710000127e+02
4.300000000000000000e+01 3.817222222220000276e+02
4.198809523809999860e+02 3.814523809519999986e+02
2.663999999999999773e+02 3.835500000000000114e+02
3.133666666670000041e+02 3.830333333329999732e+02
2.869399999999999977e+02 3.858999999999999773e+02
1.851190476190000140e+02 3.867380952380000281e+02
1.627777777780000008e+02 3.876111111110000138e+02
3.626176470589999781e+02 3.869117647059999854e+02
3.998750000000000000e+02 3.872500000000000000e+02
8.059999999999999432e+01 3.885500000000000114e+02
3.306052631580000138e+02 3.879210526319999985e+02
4.601842105260000153e+02 3.903421052630000077e+02
4.863999999999999773e+02 3.905500000000000114e+02
5.787500000000000000e+02 3.930000000000000000e+02
1.261315789469999942e+02 3.937105263160000277e+02
5.228125000000000000e+02 3.936250000000000000e+02
1.333333332999999898e+00 3.943333333329999846e+02
4.406999999999999886e+02 3.956999999999999886e+02
2.163181818179999993e+02 3.963181818180000278e+02
2.823666666670000041e+02 3.959666666670000268e+02
3.074090909089999855e+02 3.965909090910000145e+02
7.500000000000000000e+00 3.975000000000000000e+02
6.659090909100000033e+01 3.975909090910000145e+02
1.813000000000000114e+02 3.965000000000000000e+02
2.320652173910000045e+02 3.976739130430000273e+02
4.164090909089999855e+02 3.975909090910000145e+02
5.027857142859999726e+02 3.970000000000000000e+02
5.361000000000000227e+02 3.968999999999999773e+02
1.390000000000000000e+02 3.977857142859999726e+02
1.975000000000000000e+02 3.980000000000000000e+02
3.462894736839999723e+02 3.995000000000000000e+02
2.988461538500000003e+01 4.021153846149999822e+02
4.585476190480000014e+02 4.026904761900000267e+02
1.102894736840000007e+02 4.041315789469999800e+02
5.626904761900000267e+02 4.046428571430000147e+02
8.786363636400000132e+01 4.054090909089999855e+02
1.665000000000000000e+02 4.068809523809999860e+02
3.241153846149999822e+02 4.068846153850000178e+02
4.734210526300000055e+01 4.083421052630000077e+02
3.475000000000000000e+02 4.093636363640000013e+02
4.076578947369999923e+02 4.083421052630000077e+02
4.230000000000000000e+02 4.087222222220000276e+02
2.683095238099999733e+02 4.094523809519999986e+02
5.825000000000000000e+02 4.089285714289999873e+02
3.867142857140000274e+02 4.101428571430000147e+02
5.101153846149999822e+02 4.098846153850000178e+02
5.317500000000000000e+02 4.099375000000000000e+02
3.658076923080000142e+02 4.116153846149999822e+02
1.198846153850000036e+02 4.118846153850000178e+02
1.484090909090000139e+02 4.145909090910000145e+02
7.900000000000000000e+01 4.155000000000000000e+02
2.511153846150000106e+02 4.151153846149999822e+02
4.733095238099999733e+02 4.156428571430000147e+02
1.000000000000000000e+02 4.160000000000000000e+02
4.913571428569999853e+02 4.166904761900000267e+02
5.439999999999999858e+01 4.174499999999999886e+02
2.010000000000000000e+02 4.180000000000000000e+02
2.305000000000000000e+02 4.186739130430000273e+02
5.499210526320000554e+02 4.196052631580000138e+02
4.424444444439999984e+02 4.207222222220000276e+02
2.833823529410000219e+02 4.209117647059999854e+02
3.800000000000000000e+02 4.211111111110000138e+02
5.176000000000000227e+02 4.215500000000000114e+02
6.264705882000000337e+00 4.222647058819999870e+02
3.128999999999999773e+02 4.228999999999999773e+02
3.235000000000000000e+02 4.236333333329999959e+02
4.204499999999999886e+02 4.233999999999999773e+02
1.729375000000000000e+02 4.242500000000000000e+02
1.882142857139999990e+02 4.250000000000000000e+02
3.948750000000000000e+02 4.252500000000000000e+02
5.628999999999999773e+02 4.248999999999999773e+02
1.928947368400000073e+01 4.285000000000000000e+02
3.467142857140000274e+02 4.278571428569999853e+02
1.105909090910000003e+02 4.294090909089999855e+02
1.344130434779999916e+02 4.302826086960000112e+02
2.626578947369999923e+02 4.296578947369999923e+02
3.900000000000000000e+01 4.311666666670000154e+02
2.098846153849999894e+02 4.311153846149999822e+02
4.578913043480000056e+02 4.312826086960000112e+02
2.299999999999999822e+00 4.313999999999999773e+02
2.479117647060000138e+02 4.333823529410000219e+02
9.634210526299999344e+01 4.343421052630000077e+02
6.554347826100000418e+01 4.358913043480000056e+02
1.521666666669999870e+02 4.345833333329999846e+02
2.813750000000000000e+02 4.343750000000000000e+02
2.970000000000000000e+02 4.355000000000000000e+02
3.296000000000000227e+02 4.368000000000000114e+02
3.741153846149999822e+02 4.361153846149999822e+02
4.836499999999999773e+02 4.378000000000000114e+02
3.905000000000000000e+02 4.385000000000000000e+02
1.700000000000000000e+01 4.397857142859999726e+02
5.775000000000000000e+02 4.395000000000000000e+02
1.970000000000000000e+02 4.412142857140000274e+02
4.312222222220000276e+02 4.413888888889999862e+02
5.018846153850000178e+02 4.407307692310000107e+02
5.350000000000000000e+02 4.415000000000000000e+02
4.650000000000000000e+02 4.432142857140000274e+02
1.123095238100000017e+02 4.445476190480000014e+02
2.641153846149999822e+02 4.441153846149999822e+02
5.197058823500000102e+01 4.451470588239999984e+02
8.572222222199999919e+01 4.450000000000000000e+02
2.970000000000000000e+02 4.450000000000000000e+02
3.554090909089999855e+02 4.448636363640000013e+02
5.540000000000000000e+02 4.450000000000000000e+02
2.340000000000000000e+02 4.472142857140000274e+02
4.435000000000000000e+02 4.480000000000000000e+02
5.217500000000000000e+02 4.470000000000000000e+02
1.753499999999999943e+02 4.487500000000000000e+02
4.067500000000000000e+02 4.491250000000000000e+02
5.680000000000000000e+02 4.501923076919999858e+02
5.000000000000000000e-01 4.510000000000000000e+02
2.781000000000000227e+02 4.511000000000000227e+02
4.865909090910000145e+02 4.515909090910000145e+02
1.337500000000000000e+02 4.522500000000000000e+02
1.546176470590000065e+02 4.527941176470000073e+02
3.800333333329999732e+02 4.538333333329999846e+02
2.151956521740000028e+02 4.560217391300000145e+02
3.142692307689999893e+02 4.553461538459999929e+02
4.304166666670000154e+02 4.553333333329999846e+02
2.468076923079999858e+02 4.566538461540000071e+02
1.996428571429999863e+02 4.583095238099999733e+02
5.893461538459999929e+02 4.579615384620000214e+02
3.922222222199999919e+01 4.596111111110000138e+02
5.000000000000000000e+02 4.600000000000000000e+02
5.473125000000000000e+02 4.598125000000000000e+02
3.364130434780000201e+02 4.617173913039999888e+02
3.648999999999999773e+02 4.608999999999999773e+02
4.227941176470000073e+02 4.609117647059999854e+02
3.517857142859999726e+02 4.630000000000000000e+02
6.676315789500000619e+01 4.648684210530000200e+02
1.530000000000000000e+02 4.637857142859999726e+02
2.597352941180000130e+02 4.657352941180000130e+02
4.632272727270000132e+02 4.654545454550000159e+02
1.186842105300000050e+01 4.677105263160000277e+02
4.411315789469999800e+02 4.672368421049999938e+02
1.000000000000000000e+02 4.680000000000000000e+02
1.729000000000000057e+02 4.678999999999999773e+02
4.835000000000000000e+02 4.695000000000000000e+02
5.109666666670000268e+02 4.693666666670000041e+02
2.137222222219999992e+02 4.710000000000000000e+02
3.747500000000000000e+02 4.711666666670000154e+02
3.985500000000000114e+02 4.713999999999999773e+02
5.282894736839999723e+02 4.711315789469999800e+02
5.504090909090000423e+02 4.714090909089999855e+02
8.214285714300000052e+01 4.722857142859999726e+02
1.210000000000000000e+02 4.715000000000000000e+02
2.300999999999999943e+02 4.726333333329999959e+02
3.207307692310000107e+02 4.718846153850000178e+02
2.575555555560000016e+02 4.737222222220000276e+02
2.857857142859999726e+02 4.740000000000000000e+02
3.048333333329999846e+02 4.745000000000000000e+02
5.754500000000000455e+02 4.746000000000000227e+02
6.563333333299999595e+01 4.760333333329999732e+02
5.057692307699999645e+01 4.781923076919999858e+02
4.177857142859999726e+02 4.800000000000000000e+02
4.546818181819999722e+02 4.803181818180000278e+02
2.710000000000000142e+01 4.811000000000000227e+02
1.931250000000000000e+02 4.817500000000000000e+02
5.380294117649999635e+02 4.818529411760000016e+02
5.677307692309999538e+02 4.822692307689999893e+02
1.753888888889999862e+02 4.822222222220000276e+02
3.481818181819999722e+02 4.823636363640000013e+02
1.340909090899999967e+01 4.844090909089999855e+02
1.570000000000000000e+02 4.840000000000000000e+02
4.082647058819999870e+02 4.842647058819999870e+02
4.694499999999999886e+02 4.848000000000000114e+02
5.234166666669999586e+02 4.848333333329999846e+02
1.406111111110000138e+02 4.867777777779999724e+02
2.321153846150000106e+02 4.885769230770000036e+02
1.067941176469999931e+02 4.890882352940000146e+02
3.858999999999999773e+02 4.898999999999999773e+02
4.979375000000000000e+02 4.901250000000000000e+02
2.582222222220000276e+02 4.913333333329999846e+02
3.241190476190000140e+02 4.914523809519999986e+02
3.011470588239999984e+02 4.919705882349999797e+02
1.548846153849999894e+02 4.931153846149999822e+02
5.856764705880000292e+02 4.937352941180000130e+02
3.632500000000000000e+02 4.932500000000000000e+02
4.812894736839999723e+02 4.948684210530000200e+02
5.063333333300000305e+01 4.959666666670000268e+02
8.736666666700000405e+01 4.958333333329999846e+02
2.044166666669999870e+02 4.952500000000000000e+02
2.793999999999999773e+02 4.965500000000000114e+02
4.034210526300000055e+01 4.976578947369999923e+02
6.788461538500000358e+01 4.981153846149999822e+02
1.708636363640000013e+02 4.975909090910000145e+02
2.281428571429999863e+02 4.987142857140000274e+02
4.373000000000000114e+02 4.993000000000000114e+02
5.691875000000000000e+02 4.993125000000000000e+02
4.202333333330000187e+02 5.008333333329999846e+02
1.228846153850000036e+02 5.008846153850000178e+02
1.969000000000000057e+02 5.021000000000000227e+02
2.586499999999999773e+02 5.033999999999999773e+02
3.418750000000000000e+02 5.026875000000000000e+02
3.973999999999999773e+02 5.024499999999999886e+02
3.181818182000000217e+00 5.047727272729999868e+02
1.110000000000000000e+02 5.050000000000000000e+02
1.402500000000000000e+02 5.040625000000000000e+02
4.630000000000000000e+02 5.040000000000000000e+02
5.090000000000000000e+02 5.037857142859999726e+02
5.221000000000000227e+02 5.038999999999999773e+02
3.786428571430000147e+02 5.058333333329999846e+02
5.419615384620000214e+02 5.056538461540000071e+02
5.442857142900000156e+01 5.082857142859999726e+02
2.456333333329999959e+02 5.081666666670000154e+02
3.681153846149999822e+02 5.078846153850000178e+02
1.775000000000000000e+01 5.114499999999999886e+02
4.823421052630000077e+02 5.123421052630000077e+02
4.966578947369999923e+02 5.126578947369999923e+02
5.876052631579999570e+02 5.120789473679999446e+02
3.136428571430000147e+02 5.130000000000000000e+02
2.841000000000000227e+02 5.138999999999999773e+02
9.071052631599999927e+01 5.155000000000000000e+02
3.518999999999999773e+02 5.165399999999999636e+02
5.400000000000000000e+02 5.160000000000000000e+02
2.134444444439999984e+02 5.190000000000000000e+02
2.960000000000000000e+02 5.177857142860000295e+02
4.497500000000000000e+02 5.181666666669999586e+02
5.600882352940000146e+02 5.182647058820000439e+02
7.575000000000000000e+01 5.194500000000000455e+02
1.750000000000000000e+02 5.190000000000000000e+02
3.408823529400000041e+01 5.216176470589999781e+02
1.282333333329999903e+02 5.214333333329999505e+02
1.002083333329999988e+02 5.232083333330000414e+02
3.344166666670000154e+02 5.221666666669999586e+02
1.585909090909999861e+02 5.244090909090000423e+02
2.283571428570000137e+02 5.246428571430000147e+02
2.631153846149999822e+02 5.237307692309999538e+02
4.342142857140000274e+02 5.238571428569999853e+02
5.122894736839999723e+02 5.261315789469999800e+02
2.015000000000000000e+02 5.273947368420000430e+02
4.076499999999999773e+02 5.272500000000000000e+02
2.839545454550000159e+02 5.283636363639999445e+02
3.205000000000000000e+02 5.283260869570000295e+02
2.520789473680000015e+02 5.306052631579999570e+02
3.901000000000000227e+02 5.298999999999999773e+02
1.187083333329999988e+02 5.340833333330000414e+02
4.213666666670000041e+02 5.329666666670000268e+02
4.900882352940000146e+02 5.346176470589999781e+02
5.386250000000000000e+02 5.348333333330000414e+02
5.548888888889999862e+02 5.348888888889999862e+02
2.119615384619999929e+02 5.353461538459999929e+02
5.165789473699999945e+01 5.373421052630000077e+02
2.979666666670000268e+02 5.373666666670000041e+02
4.406176470589999781e+02 5.369117647059999854e+02
4.669210526319999985e+02 5.373947368420000430e+02
1.225000000000000000e+01 5.387500000000000000e+02
3.550000000000000000e+01 5.385000000000000000e+02
2.316578947369999923e+02 5.386578947369999923e+02
3.720000000000000000e+02 5.397222222220000276e+02
5.009117647059999854e+02 5.403823529410000219e+02
5.144090909090000423e+02 5.401363636360000555e+02
5.833636363639999445e+02 5.405000000000000000e+02
1.728846153849999894e+02 5.421153846150000390e+02
3.902333333330000187e+02 5.428333333330000414e+02
4.105666666669999927e+02 5.422333333330000187e+02
1.514444444439999984e+02 5.447222222220000276e+02
1.336500000000000057e+02 5.457500000000000000e+02
3.497500000000000000e+02 5.449375000000000000e+02
7.522222222199999919e+01 5.466111111110000138e+02
1.924090909090000139e+02 5.464090909090000423e+02
2.630882352940000146e+02 5.476176470589999781e+02
2.063666666670000041e+02 5.480333333329999732e+02
3.431818181799999934e+01 5.493181818179999709e+02
3.358181818180000278e+02 5.494545454550000159e+02
6.083333333299999879e+01 5.493888888889999862e+02
3.168333333329999846e+02 5.497500000000000000e+02
5.676304347830000552e+02 5.533695652169999448e+02
2.851315789469999800e+02 5.537105263160000277e+02
4.488999999999999773e+02 5.531000000000000227e+02
1.200000000000000000e+01 5.537857142860000295e+02
3.769117647059999854e+02 5.556176470589999781e+02
5.330714285709999558e+02 5.555000000000000000e+02
3.354999999999999716e+01 5.566000000000000227e+02
2.241153846150000106e+02 5.558846153849999610e+02
2.474523809519999986e+02 5.570238095239999438e+02
5.901250000000000000e+02 5.575000000000000000e+02
1.021666666670000012e+02 5.581666666669999586e+02
4.755500000000000114e+02 5.586000000000000227e+02
8.421428571399999896e+01 5.590000000000000000e+02
3.650000000000000000e+02 5.602777777779999724e+02
5.503095238099999733e+02 5.603571428569999853e+02
2.990882352940000146e+02 5.616176470589999781e+02
4.280000000000000000e+02 5.610000000000000000e+02
5.160000000000000000e+02 5.615000000000000000e+02
1.630999999999999943e+02 5.631000000000000227e+02
4.962777777779999724e+02 5.640555555559999448e+02
4.580000000000000000e+02 5.645000000000000000e+02
