2.400000000000000000e+01 1.785714285999999928e+00
1.485000000000000000e+02 2.500000000000000000e+00
3.450000000000000000e+02 2.000000000000000000e+00
4.685000000000000000e+02 1.214285714000000072e+00
4.478571428600000104e+01 3.000000000000000000e+00
3.753095238099999733e+02 3.642857143000000075e+00
5.081315789469999800e+02 3.289473683999999842e+00
5.852894736839999723e+02 3.500000000000000000e+00
2.719117647059999854e+02 4.617647059000000276e+00
3.302222222220000276e+02 4.611111110999999596e+00
5.528999999999999773e+02 4.099999999999999645e+00
2.233181818179999993e+02 5.318181818000000227e+00
4.378529411760000016e+02 5.500000000000000000e+00
6.657692307700000356e+01 6.192307691999999975e+00
1.055526315790000069e+02 6.657894737000000340e+00
1.891250000000000000e+02 6.750000000000000000e+00
2.513823529409999935e+02 7.088235294000000408e+00
4.828999999999999773e+02 8.900000000000000355e+00
5.191000000000000227e+02 8.900000000000000355e+00
5.427142857139999705e+02 9.714285714000000738e+00
9.203333333300000163e+01 1.136666666700000050e+01
2.365000000000000000e+02 1.100000000000000000e+01
1.791666666669999870e+02 1.225000000000000000e+01
3.950000000000000000e+02 1.150000000000000000e+01
1.339117647060000138e+02 1.338235294100000061e+01
2.073888888889999862e+02 1.377777777800000081e+01
3.039117647059999854e+02 1.561764705899999939e+01
4.263888888889999862e+02 1.594444444400000016e+01
4.680294117650000203e+02 1.514705882400000014e+01
4.558636363640000013e+02 1.540909090899999967e+01
1.550625000000000000e+02 1.725000000000000000e+01
1.434210526300000055e+01 1.934210526300000055e+01
6.975000000000000000e+01 1.975000000000000000e+01
3.475000000000000000e+02 2.036363636400000132e+01
3.698888888889999862e+02 1.983333333299999879e+01
5.161764705899999939e+01 2.008823529400000041e+01
4.911428571430000147e+02 2.028571428600000104e+01
5.629117647059999854e+02 2.061764705899999939e+01
1.169705882349999939e+02 2.185294117600000163e+01
3.182333333330000187e+02 2.183333333299999879e+01
5.150000000000000000e+02 2.100000000000000000e+01
5.785000000000000000e+02 2.250000000000000000e+01
2.723000000000000114e+02 2.250000000000000000e+01
1.370000000000000000e+02 2.521428571399999896e+01
3.860000000000000000e+02 2.510000000000000142e+01
1.030384615380000071e+02 2.565384615400000001e+01
3.034230769229999964e+02 2.580769230800000003e+01
5.026363636359999987e+02 2.695454545500000165e+01
5.366666666669999586e+02 2.650000000000000000e+01
1.940000000000000000e+02 2.678571428600000104e+01
2.808846153850000178e+02 2.711538461499999997e+01
1.830882352939999862e+02 3.038235294100000061e+01
2.400000000000000000e+02 2.978571428600000104e+01
2.498636363640000013e+02 2.995454545500000165e+01
4.080000000000000000e+02 3.078571428600000104e+01
5.175000000000000000e+02 3.114705882399999837e+01
3.316176470589999781e+02 3.191176470599999959e+01
5.583125000000000000e+02 3.262500000000000000e+01
3.800000000000000000e+02 3.300000000000000000e+01
3.900000000000000000e+01 3.370000000000000284e+01
1.065000000000000036e+01 3.620000000000000284e+01
2.165909090909999861e+02 3.513636363599999868e+01
3.621666666670000154e+02 3.558333333299999879e+01
3.995000000000000000e+02 3.644444444399999838e+01
1.590999999999999943e+02 3.689999999999999858e+01
4.245000000000000000e+02 3.700000000000000000e+01
4.497105263160000277e+02 3.713157894700000128e+01
2.683999999999999773e+02 3.854999999999999716e+01
5.710333333329999732e+02 3.863333333300000305e+01
6.490000000000000568e+01 3.889999999999999858e+01
1.205000000000000000e+02 3.914705882399999837e+01
5.872999999999999545e+02 3.889999999999999858e+01
3.838888888900000040e+01 4.077777777800000081e+01
8.171739130400000306e+01 4.058695652200000126e+01
2.200000000000000000e+01 4.078571428600000104e+01
2.917777777779999724e+02 4.138888888900000040e+01
3.485000000000000000e+02 4.200000000000000000e+01
4.793823529410000219e+02 4.208823529400000041e+01
2.235952380950000133e+02 4.392857142900000156e+01
3.673750000000000000e+02 4.356250000000000000e+01
1.987500000000000000e+02 4.493750000000000000e+01
3.308000000000000114e+02 4.520000000000000284e+01
5.428846153849999610e+02 4.488461538499999648e+01
1.428888888889999862e+02 4.788888888900000040e+01
4.431666666670000154e+02 4.725000000000000000e+01
4.634499999999999886e+02 4.739999999999999858e+01
9.029411765000000756e+00 4.985294117600000163e+01
1.857500000000000000e+02 4.925000000000000000e+01
4.130000000000000000e+02 4.972222222199999919e+01
6.127777777800000081e+01 5.000000000000000000e+01
4.868999999999999773e+02 5.010000000000000142e+01
9.786363636400000132e+01 5.404545454499999835e+01
2.535000000000000000e+02 5.400000000000000000e+01
3.131153846149999822e+02 5.388461538499999648e+01
5.506904761900000267e+02 5.464285714300000052e+01
8.328571428600000104e+01 5.528571428600000104e+01
3.400000000000000000e+02 5.521428571399999896e+01
3.907857142859999726e+02 5.500000000000000000e+01
5.795769230769999467e+02 5.519230769199999997e+01
3.708999999999999773e+02 5.589999999999999858e+01
5.088846153850000178e+02 5.811538461500000352e+01
5.301875000000000000e+02 5.931250000000000000e+01
1.178846153850000036e+02 5.988461538499999648e+01
2.434473684209999931e+02 6.165789473699999945e+01
2.870000000000000000e+02 6.100000000000000000e+01
5.670294117649999635e+02 6.185294117600000163e+01
1.589000000000000057e+02 6.310000000000000142e+01
2.110999999999999943e+02 6.289999999999999858e+01
3.125666666669999927e+02 6.289999999999999858e+01
3.975555555560000016e+02 6.338888888900000040e+01
4.813000000000000114e+02 6.400000000000000000e+01
2.618846153850000178e+02 6.511538461499999642e+01
3.475000000000000000e+02 6.616666666700000121e+01
4.938235294100000061e+01 6.691176470599999959e+01
2.386363636400000132e+01 6.859090909100000033e+01
1.488571428570000137e+02 6.928571428600000104e+01
4.317500000000000000e+02 7.012500000000000000e+01
4.483750000000000000e+02 7.062500000000000000e+01
4.600000000000000000e+02 7.078571428600000104e+01
1.808684210529999916e+02 7.397368421100000546e+01
2.914090909089999855e+02 7.313636363599999868e+01
4.971000000000000227e+02 7.309999999999999432e+01
5.652333333330000187e+02 7.383333333299999879e+01
9.297058823499999392e+01 7.414705882399999837e+01
1.334166666669999870e+02 7.383333333299999879e+01
1.986111111110000138e+02 7.405555555600000162e+01
4.096000000000000227e+02 7.454999999999999716e+01
7.203846153800000707e+01 7.534615384600000709e+01
1.135000000000000000e+02 7.450000000000000000e+01
2.500000000000000000e+00 7.685294117600000163e+01
5.508823529400000041e+01 7.638235294099999351e+01
2.210999999999999943e+02 7.609999999999999432e+01
3.863421052630000077e+02 7.865789473700000656e+01
3.608809523809999860e+02 7.973809523799999965e+01
5.158999999999999773e+02 7.956666666700000690e+01
2.407894736800000146e+01 8.060526315799999963e+01
2.557727272729999868e+02 8.150000000000000000e+01
4.490454545449999841e+02 8.086363636400000132e+01
4.847857142859999726e+02 8.135714285699999948e+01
5.301428571430000147e+02 8.128571428600000104e+01
2.379000000000000057e+02 8.129999999999999716e+01
2.762894736839999723e+02 8.286842105300000583e+01
3.302500000000000000e+02 8.306250000000000000e+01
5.450000000000000000e+02 8.400000000000000000e+01
1.490000000000000000e+02 8.521428571399999896e+01
4.306428571430000147e+02 8.630952381000000173e+01
1.735666666669999927e+02 8.929999999999999716e+01
5.230000000000000000e+02 8.921428571399999896e+01
1.113823529409999935e+02 8.991176470599999959e+01
1.886875000000000000e+02 9.118750000000000000e+01
3.134090909089999855e+02 9.086363636400000132e+01
7.504545454499999835e+01 9.286363636400000132e+01
2.058684210529999916e+02 9.328947368400000073e+01
4.010000000000000000e+02 9.321428571399999896e+01
1.246538461539999929e+02 9.434615384600000709e+01
2.976578947369999923e+02 9.465789473700000656e+01
4.983571428569999853e+02 9.442857142900000156e+01
5.175000000000000000e+01 9.516666666700000121e+01
4.628846153850000178e+02 9.511538461499999642e+01
2.222222222219999992e+02 9.638888888900000040e+01
5.706578947369999923e+02 9.834210526299999344e+01
3.389999999999999858e+01 1.000999999999999943e+02
2.418636363640000013e+02 1.002272727269999990e+02
8.200000000000000000e+01 1.010000000000000000e+02
3.200882352940000146e+02 1.013823529409999935e+02
5.478500000000000227e+02 1.020999999999999943e+02
4.554285714289999873e+02 1.026428571430000005e+02
9.611111110999999596e+00 1.037777777780000008e+02
1.466999999999999886e+02 1.035000000000000000e+02
2.732142857140000274e+02 1.050000000000000000e+02
3.747105263160000277e+02 1.055000000000000000e+02
4.230000000000000000e+02 1.052142857139999990e+02
4.851000000000000227e+02 1.059000000000000057e+02
3.072500000000000000e+02 1.070625000000000000e+02
3.447222222220000276e+02 1.070000000000000000e+02
3.847500000000000000e+02 1.071666666670000012e+02
2.210000000000000142e+01 1.080999999999999943e+02
6.454000000000000625e+01 1.090999999999999943e+02
1.169615384619999929e+02 1.076538461539999929e+02
5.179117647059999854e+02 1.083823529409999935e+02
5.649166666669999586e+02 1.077500000000000000e+02
4.680000000000000000e+02 1.090000000000000000e+02
1.671153846150000106e+02 1.101153846149999964e+02
5.280000000000000000e+02 1.115000000000000000e+02
2.056818181820000007e+02 1.116818181820000007e+02
1.010000000000000000e+02 1.125000000000000000e+02
1.850000000000000000e+02 1.132142857139999990e+02
2.243125000000000000e+02 1.136875000000000000e+02
1.446578947369999923e+02 1.156578947370000066e+02
1.000000000000000000e+01 1.157857142860000010e+02
5.871666666669999586e+02 1.160000000000000000e+02
2.843888888889999862e+02 1.172222222219999992e+02
2.650000000000000000e+02 1.187222222219999992e+02
4.405000000000000000e+02 1.175000000000000000e+02
2.391363636359999987e+02 1.184090909089999997e+02
3.144166666670000154e+02 1.195000000000000000e+02
4.378571428600000104e+01 1.210000000000000000e+02
4.004444444439999984e+02 1.216111111109999996e+02
3.362142857140000274e+02 1.223571428569999995e+02
5.011363636359999987e+02 1.231363636359999987e+02
8.770000000000000284e+01 1.225000000000000000e+02
1.102000000000000028e+02 1.244000000000000057e+02
3.747857142859999726e+02 1.250000000000000000e+02
3.522894736839999723e+02 1.265000000000000000e+02
5.464230769230000533e+02 1.260384615380000071e+02
1.610000000000000000e+02 1.280000000000000000e+02
2.289375000000000000e+02 1.287500000000000000e+02
5.732999999999999545e+02 1.275000000000000000e+02
7.016666666700000121e+01 1.287500000000000000e+02
4.664166666670000154e+02 1.288333333330000130e+02
2.740000000000000000e+02 1.295000000000000000e+02
4.466333333329999959e+02 1.310333333330000016e+02
5.156176470589999781e+02 1.310882352939999862e+02
1.826333333329999959e+02 1.320333333330000016e+02
4.823181818180000278e+02 1.323181818179999993e+02
1.260999999999999943e+02 1.330999999999999943e+02
2.871000000000000227e+02 1.330999999999999943e+02
4.213333333329999846e+02 1.332222222219999992e+02
2.085999999999999943e+02 1.345500000000000114e+02
5.776538461540000071e+02 1.350384615380000071e+02
2.069999999999999929e+01 1.355000000000000000e+02
3.900000000000000000e+02 1.357857142860000010e+02
2.570000000000000000e+02 1.370000000000000000e+02
5.048846153850000178e+02 1.378846153849999894e+02
5.415625000000000000e+02 1.380625000000000000e+02
5.579166666669999586e+02 1.382500000000000000e+02
8.333333330000000094e-01 1.390000000000000000e+02
3.225000000000000000e+01 1.391250000000000000e+02
3.293181818180000278e+02 1.404090909090000139e+02
1.377500000000000000e+02 1.411250000000000000e+02
1.602815126049999890e+02 1.473571428570000137e+02
1.942142857139999990e+02 1.430000000000000000e+02
3.100000000000000000e+02 1.440000000000000000e+02
2.128333333330000130e+02 1.443888888889999862e+02
3.610294117650000203e+02 1.451470588239999984e+02
3.893823529410000219e+02 1.450882352939999862e+02
4.076000000000000227e+02 1.464499999999999886e+02
4.581250000000000000e+02 1.467500000000000000e+02
7.875000000000000000e+01 1.468750000000000000e+02
1.211875000000000000e+02 1.476250000000000000e+02
4.246000000000000227e+02 1.479000000000000057e+02
4.850000000000000000e+01 1.505000000000000000e+02
2.410789473680000015e+02 1.513947368419999862e+02
5.192142857139999705e+02 1.510000000000000000e+02
3.284090909089999855e+02 1.525909090909999861e+02
1.320333333330000016e+02 1.533666666670000041e+02
2.653999999999999773e+02 1.535500000000000114e+02
6.354999999999999716e+01 1.545999999999999943e+02
3.752333333330000187e+02 1.541666666669999870e+02
4.746052631580000138e+02 1.545000000000000000e+02
1.021666666670000012e+02 1.568750000000000000e+02
1.795869565220000084e+02 1.567173913039999888e+02
2.275909090909999861e+02 1.564090909090000139e+02
3.455000000000000000e+02 1.560000000000000000e+02
2.821000000000000227e+02 1.570999999999999943e+02
4.417857142859999726e+02 1.570000000000000000e+02
2.997500000000000000e+02 1.587500000000000000e+02
4.976363636359999987e+02 1.595000000000000000e+02
2.085000000000000000e+02 1.595000000000000000e+02
5.384230769230000533e+02 1.601923076920000142e+02
5.685000000000000000e+02 1.606363636359999987e+02
1.650000000000000000e+01 1.615000000000000000e+02
8.777777778000000808e+00 1.643888888889999862e+02
4.234615384599999999e+01 1.639615384619999929e+02
1.561153846150000106e+02 1.638846153849999894e+02
4.055000000000000000e+02 1.635000000000000000e+02
4.222894736839999723e+02 1.645000000000000000e+02
2.700000000000000000e+02 1.645000000000000000e+02
5.192894736839999723e+02 1.655000000000000000e+02
2.413636363640000013e+02 1.668181818179999993e+02
4.633666666670000041e+02 1.670333333330000016e+02
2.815000000000000000e+02 1.695000000000000000e+02
3.165000000000000000e+02 1.702142857139999990e+02
3.688529411760000016e+02 1.705000000000000000e+02
5.355499999999999545e+02 1.704000000000000057e+02
5.589666666670000268e+02 1.703666666670000041e+02
6.375000000000000000e+01 1.727500000000000000e+02
5.005500000000000114e+02 1.724000000000000057e+02
5.720882352940000146e+02 1.723823529409999935e+02
1.225714285709999984e+02 1.728571428570000137e+02
3.331153846149999822e+02 1.741153846150000106e+02
4.395000000000000000e+02 1.745000000000000000e+02
7.696666666699999837e+01 1.756333333329999959e+02
9.472222222199999919e+01 1.750000000000000000e+02
3.591250000000000000e+02 1.755000000000000000e+02
4.751470588239999984e+02 1.755000000000000000e+02
3.871999999999999886e+02 1.774000000000000057e+02
2.780882352940000146e+02 1.786176470590000065e+02
1.990263157889999945e+02 1.791315789470000084e+02
1.930000000000000071e+01 1.795000000000000000e+02
1.141250000000000000e+02 1.802500000000000000e+02
1.720999999999999943e+02 1.799000000000000057e+02
1.414523809519999986e+02 1.842619047620000003e+02
3.158999999999999773e+02 1.829000000000000057e+02
5.130789473679999446e+02 1.836052631580000138e+02
2.227222222219999992e+02 1.840000000000000000e+02
4.038846153850000178e+02 1.848846153849999894e+02
4.638846153850000178e+02 1.848846153849999894e+02
4.847941176470000073e+02 1.852647058819999870e+02
1.131818181799999934e+01 1.863181818179999993e+02
7.950000000000000000e+01 1.861470588239999984e+02
4.654999999999999716e+01 1.875999999999999943e+02
4.227500000000000000e+02 1.871250000000000000e+02
1.804090909090000139e+02 1.881363636359999987e+02
2.533888888889999862e+02 1.880555555560000016e+02
3.015000000000000000e+02 1.900000000000000000e+02
5.642500000000000000e+02 1.905500000000000114e+02
2.831000000000000227e+02 1.920999999999999943e+02
3.202173913000000027e+01 1.938913043480000056e+02
2.107500000000000000e+02 1.932500000000000000e+02
2.743000000000000114e+02 1.925000000000000000e+02
3.926999999999999886e+02 1.935000000000000000e+02
3.399999999999999911e+00 1.955500000000000114e+02
3.467777777779999724e+02 1.953888888889999862e+02
5.286250000000000000e+02 1.951875000000000000e+02
5.467777777779999724e+02 1.963888888889999862e+02
1.270000000000000000e+02 1.970000000000000000e+02
1.718846153849999894e+02 1.968846153849999894e+02
3.762500000000000000e+02 1.970625000000000000e+02
1.077352941179999988e+02 1.982647058819999870e+02
4.917857142859999726e+02 1.980000000000000000e+02
1.417352941180000130e+02 1.997352941180000130e+02
2.262500000000000000e+02 1.998333333330000130e+02
3.364545454550000159e+02 2.008181818179999993e+02
4.471153846149999822e+02 1.998846153849999894e+02
4.633095238099999733e+02 2.014047619049999867e+02
5.726470588200000122e+01 2.032647058819999870e+02
4.067777777779999724e+02 2.036111111110000138e+02
5.162500000000000000e+02 2.038333333330000130e+02
2.406538461540000071e+02 2.050384615380000071e+02
1.325000000000000000e+01 2.067500000000000000e+02
1.853888888889999862e+02 2.075555555560000016e+02
4.783888888889999862e+02 2.072222222219999992e+02
1.312777777780000008e+02 2.080000000000000000e+02
1.513571428570000137e+02 2.085714285710000127e+02
3.803750000000000000e+02 2.073750000000000000e+02
8.263333333299999595e+01 2.099666666669999984e+02
2.750000000000000000e+02 2.120500000000000114e+02
2.947500000000000000e+02 2.112500000000000000e+02
5.720333333329999732e+02 2.116333333329999959e+02
3.900000000000000000e+01 2.117857142860000010e+02
3.111000000000000227e+02 2.119000000000000057e+02
9.587500000000000000e+01 2.137500000000000000e+02
2.523636363640000013e+02 2.134545454549999874e+02
1.771666666669999870e+02 2.143571428570000137e+02
3.680000000000000000e+02 2.140000000000000000e+02
4.281000000000000227e+02 2.139000000000000057e+02
4.495000000000000000e+02 2.136999999999999886e+02
3.011538461499999997e+01 2.148846153849999894e+02
2.108636363640000013e+02 2.145909090909999861e+02
1.160000000000000000e+02 2.157857142860000010e+02
5.036818181819999722e+02 2.163181818179999993e+02
2.824382716050000113e+02 2.232654320990000087e+02
7.029999999999999716e+01 2.185000000000000000e+02
2.299000000000000057e+02 2.207666666670000097e+02
3.413095238099999733e+02 2.204523809519999986e+02
5.293999999999999773e+02 2.205500000000000114e+02
5.507307692309999538e+02 2.198846153849999894e+02
5.135000000000000000e+02 2.235000000000000000e+02
5.858846153849999610e+02 2.231153846150000106e+02
1.236578947370000066e+02 2.246578947369999923e+02
2.502500000000000000e+02 2.242500000000000000e+02
4.052333333330000187e+02 2.241666666669999870e+02
4.825000000000000000e+02 2.255000000000000000e+02
4.158333333329999846e+02 2.261666666669999870e+02
5.200000000000000000e+01 2.270000000000000000e+02
8.138888888900000040e+01 2.287777777780000008e+02
4.670000000000000000e+02 2.285000000000000000e+02
3.527777777800000081e+01 2.294444444439999984e+02
5.653999999999999773e+02 2.295500000000000114e+02
4.976190476000000196e+00 2.301190476190000140e+02
3.223999999999999773e+02 2.301999999999999886e+02
1.416428571429999863e+02 2.315000000000000000e+02
2.582222222220000276e+02 2.313333333330000130e+02
3.118999999999999773e+02 2.310999999999999943e+02
3.855500000000000114e+02 2.335999999999999943e+02
4.428333333329999846e+02 2.327500000000000000e+02
1.965000000000000000e+02 2.340000000000000000e+02
3.606818181819999722e+02 2.336818181820000007e+02
5.320333333329999732e+02 2.353666666670000041e+02
5.530000000000000000e+02 2.353750000000000000e+02
1.048571428569999995e+02 2.377142857139999990e+02
1.570000000000000000e+02 2.370000000000000000e+02
2.184499999999999886e+02 2.375999999999999943e+02
3.768846153850000178e+02 2.371153846150000106e+02
5.850000000000000000e+02 2.380000000000000000e+02
2.126470588200000122e+01 2.397352941180000130e+02
4.035952380950000133e+02 2.394047619049999867e+02
5.090384615379999786e+02 2.396538461540000071e+02
4.260000000000000000e+02 2.415000000000000000e+02
2.072692307689999893e+02 2.421153846150000106e+02
2.887500000000000000e+02 2.422500000000000000e+02
4.446818181819999722e+02 2.431818181820000007e+02
6.496666666699999837e+01 2.433666666670000041e+02
3.458846153850000178e+02 2.428846153849999894e+02
1.811153846150000106e+02 2.441153846150000106e+02
1.507857142860000010e+02 2.450000000000000000e+02
1.122142857139999990e+02 2.456428571429999863e+02
3.650000000000000000e+02 2.460000000000000000e+02
5.670000000000000000e+02 2.465000000000000000e+02
4.650000000000000000e+01 2.470000000000000000e+02
2.416904761899999983e+02 2.485952380950000133e+02
2.675526315789999785e+02 2.493421052630000077e+02
3.294499999999999886e+02 2.494000000000000057e+02
1.888043478259999972e+02 2.517608695650000072e+02
8.900000000000000000e+01 2.520000000000000000e+02
3.850000000000000000e+02 2.520000000000000000e+02
1.335000000000000000e+02 2.530000000000000000e+02
1.655000000000000000e+02 2.534375000000000000e+02
4.690454545449999841e+02 2.531363636359999987e+02
1.377777777800000081e+01 2.546111111110000138e+02
4.820384615379999786e+02 2.536538461540000071e+02
2.975000000000000000e+02 2.550000000000000000e+02
5.036052631580000138e+02 2.559210526319999985e+02
6.300000000000000000e+01 2.572500000000000000e+02
4.293421052630000077e+02 2.576578947369999923e+02
2.812142857140000274e+02 2.580000000000000000e+02
2.171315789470000084e+02 2.597105263160000277e+02
5.395000000000000000e+02 2.595000000000000000e+02
4.050000000000000000e+02 2.600000000000000000e+02
1.473461538459999929e+02 2.610384615379999786e+02
5.258846153849999610e+02 2.611153846149999822e+02
3.157500000000000000e+02 2.627500000000000000e+02
3.541000000000000227e+02 2.618999999999999773e+02
2.690000000000000000e+02 2.645000000000000000e+02
5.547000000000000455e+02 2.640000000000000000e+02
4.545909090910000145e+02 2.651363636359999987e+02
1.025999999999999943e+02 2.665500000000000114e+02
2.543095238100000017e+02 2.663571428569999853e+02
4.398333333329999846e+02 2.672500000000000000e+02
1.191666666670000012e+02 2.687500000000000000e+02
3.765909090910000145e+02 2.691363636359999987e+02
4.780000000000000000e+02 2.690000000000000000e+02
3.723684210500000091e+01 2.701315789469999800e+02
2.106904761899999983e+02 2.703571428569999853e+02
5.820882352940000146e+02 2.702647058819999870e+02
1.835000000000000000e+02 2.711666666670000154e+02
2.411363636359999987e+02 2.704090909089999855e+02
4.933823529410000219e+02 2.710882352940000146e+02
1.330333333330000016e+02 2.723666666670000041e+02
5.003823529410000219e+02 2.729117647059999854e+02
5.305000000000000000e+02 2.730000000000000000e+02
1.690000000000000000e+02 2.740000000000000000e+02
8.167647058800000082e+01 2.754411764710000057e+02
3.942500000000000000e+02 2.748333333329999846e+02
4.450000000000000000e+01 2.756428571430000147e+02
3.327142857140000274e+02 2.760714285710000127e+02
2.956999999999999886e+02 2.770000000000000000e+02
3.448529411760000016e+02 2.775000000000000000e+02
2.221428571429999863e+02 2.817142857140000274e+02
1.508636363640000013e+02 2.814090909089999855e+02
4.001999999999999886e+02 2.821999999999999886e+02
5.666578947369999923e+02 2.823421052630000077e+02
6.350000000000000000e+01 2.826999999999999886e+02
2.721666666670000154e+02 2.826111111110000138e+02
3.125000000000000000e+02 2.825833333329999846e+02
3.878999999999999773e+02 2.828999999999999773e+02
5.431000000000000227e+02 2.831000000000000227e+02
3.688999999999999773e+02 2.851000000000000227e+02
4.211470588239999984e+02 2.850294117650000203e+02
5.880952381000000173e+00 2.866428571430000147e+02
2.028846153849999894e+02 2.861153846149999822e+02
4.658684210530000200e+02 2.862894736839999723e+02
2.485000000000000000e+02 2.892083333329999846e+02
4.403421052630000077e+02 2.885526315789999785e+02
1.112058823530000069e+02 2.892647058819999870e+02
2.875000000000000000e+02 2.891250000000000000e+02
5.208750000000000000e+02 2.897500000000000000e+02
1.778333333330000130e+02 2.905000000000000000e+02
3.050000000000000000e+01 2.910000000000000000e+02
3.310000000000000000e+02 2.907857142859999726e+02
4.855500000000000114e+02 2.913999999999999773e+02
3.604411764710000057e+02 2.921470588239999984e+02
9.009999999999999432e+01 2.928999999999999773e+02
4.593333333329999846e+02 2.938888888889999862e+02
1.479000000000000057e+02 2.944333333330000073e+02
1.648846153849999894e+02 2.938846153850000178e+02
2.409666666669999984e+02 2.953666666670000041e+02
5.875000000000000000e+02 2.935000000000000000e+02
1.833333332999999898e+00 2.985000000000000000e+02
5.850000000000000000e+01 2.976999999999999886e+02
4.000000000000000000e+02 2.983999999999999773e+02
5.068333333329999846e+02 2.977500000000000000e+02
1.245000000000000000e+02 2.995000000000000000e+02
2.792857142859999726e+02 3.001428571430000147e+02
2.960000000000000000e+02 3.017222222220000276e+02
5.616176470589999781e+02 3.009117647059999854e+02
3.828999999999999773e+02 3.021000000000000227e+02
4.409666666670000268e+02 3.026333333329999959e+02
7.050000000000000000e+01 3.030000000000000000e+02
2.209705882350000081e+02 3.031470588239999984e+02
1.005000000000000000e+02 3.040000000000000000e+02
4.744473684210000215e+02 3.043421052630000077e+02
3.131250000000000000e+02 3.057500000000000000e+02
1.889999999999999858e+01 3.071000000000000227e+02
3.710000000000000142e+01 3.068999999999999773e+02
1.425000000000000000e+02 3.081499999999999773e+02
3.441666666670000154e+02 3.067500000000000000e+02
1.741666666669999870e+02 3.077500000000000000e+02
2.021666666669999870e+02 3.088333333329999846e+02
2.406538461540000071e+02 3.097307692310000107e+02
2.583823529410000219e+02 3.100882352940000146e+02
5.458529411759999448e+02 3.115000000000000000e+02
4.526538461540000071e+02 3.122692307689999893e+02
5.751153846150000390e+02 3.118846153850000178e+02
5.002857142859999726e+02 3.131428571430000147e+02
4.808333333299999879e+01 3.167500000000000000e+02
1.112368421049999938e+02 3.178684210530000200e+02
3.293181818180000278e+02 3.173181818180000278e+02
5.338529411759999448e+02 3.175000000000000000e+02
2.200000000000000000e+02 3.182142857140000274e+02
2.945000000000000000e+02 3.185000000000000000e+02
3.080000000000000000e+02 3.202142857140000274e+02
4.096818181819999722e+02 3.203181818180000278e+02
6.421428571399999896e+01 3.210000000000000000e+02
2.640000000000000000e+02 3.212142857140000274e+02
3.625000000000000000e+02 3.223636363640000013e+02
5.638999999999999773e+02 3.208999999999999773e+02
2.766666666700000121e+01 3.230000000000000000e+02
1.613888888889999862e+02 3.222222222220000276e+02
1.940000000000000000e+02 3.220000000000000000e+02
4.263333333329999846e+02 3.225000000000000000e+02
4.623181818180000278e+02 3.223181818180000278e+02
1.077777777800000081e+01 3.233888888889999862e+02
4.856818181819999722e+02 3.233181818180000278e+02
9.100000000000000000e+01 3.247222222220000276e+02
1.299000000000000057e+02 3.238999999999999773e+02
5.185000000000000000e+02 3.248529411760000016e+02
3.934090909089999855e+02 3.255909090910000145e+02
1.502777777780000008e+02 3.280000000000000000e+02
1.835000000000000000e+02 3.310000000000000000e+02
2.511470588239999984e+02 3.310294117650000203e+02
4.506250000000000000e+02 3.321875000000000000e+02
7.233333333299999879e+01 3.335000000000000000e+02
2.341666666669999870e+02 3.344166666670000154e+02
3.716111111110000138e+02 3.342222222220000276e+02
5.547500000000000000e+02 3.338333333329999846e+02
2.273529411799999878e+01 3.370294117650000203e+02
3.180294117650000203e+02 3.368529411760000016e+02
8.955263157900000692e+01 3.374473684210000215e+02
3.421818181819999722e+02 3.373636363640000013e+02
4.266764705879999724e+02 3.375588235289999943e+02
1.083235294119999992e+02 3.384411764710000057e+02
2.793947368419999862e+02 3.380789473680000015e+02
5.396176470589999781e+02 3.383823529410000219e+02
5.366666666700000121e+01 3.395000000000000000e+02
4.052142857140000274e+02 3.390000000000000000e+02
4.656538461540000071e+02 3.394230769229999964e+02
5.207142857139999705e+02 3.391428571430000147e+02
2.996578947369999923e+02 3.406578947369999923e+02
4.980000000000000000e+02 3.402142857140000274e+02
3.869117647059999854e+02 3.413823529410000219e+02
2.096999999999999886e+02 3.415000000000000000e+02
1.733823529409999935e+02 3.439117647059999854e+02
4.780625000000000000e+02 3.442500000000000000e+02
2.530000000000000000e+02 3.460000000000000000e+02
5.743421052630000077e+02 3.466578947369999923e+02
5.870714285709999558e+02 3.462142857140000274e+02
6.486363636400000132e+01 3.464090909089999855e+02
1.947777777780000008e+02 3.496111111110000138e+02
9.388888889000000404e+00 3.502222222220000276e+02
3.563461538459999929e+02 3.504230769229999964e+02
4.957500000000000000e+02 3.498333333329999846e+02
1.208913043480000056e+02 3.523695652170000017e+02
5.110454545449999841e+02 3.523181818180000278e+02
3.357692307699999645e+01 3.528076923080000142e+02
2.344000000000000057e+02 3.545500000000000114e+02
3.626904761900000267e+02 3.544523809519999986e+02
3.711363636359999987e+02 3.534090909089999855e+02
1.503823529409999935e+02 3.550882352940000146e+02
4.121923076919999858e+02 3.554230769229999964e+02
4.483571428569999853e+02 3.556904761900000267e+02
5.500000000000000000e+02 3.553750000000000000e+02
4.604545454499999835e+01 3.568636363640000013e+02
5.327999999999999545e+02 3.568000000000000114e+02
9.992105263199999854e+01 3.583947368419999862e+02
2.625526315789999785e+02 3.588684210530000200e+02
3.346875000000000000e+02 3.594375000000000000e+02
8.502631578899999454e+01 3.601842105260000153e+02
1.856818181820000007e+02 3.596818181819999722e+02
2.973999999999999773e+02 3.605500000000000114e+02
3.113000000000000114e+02 3.598000000000000114e+02
4.638750000000000000e+02 3.602500000000000000e+02
3.966176470589999781e+02 3.610882352940000146e+02
5.773095238099999733e+02 3.616428571430000147e+02
1.390000000000000036e+01 3.631800000000000068e+02
2.761153846149999822e+02 3.621153846149999822e+02
4.318636363640000013e+02 3.620454545449999841e+02
2.121153846150000106e+02 3.631153846149999822e+02
1.104090909089999997e+02 3.644090909089999855e+02
1.695714285710000127e+02 3.637142857140000274e+02
4.808846153850000178e+02 3.648846153850000178e+02
5.861250000000000000e+02 3.657500000000000000e+02
5.600000000000000000e+01 3.662142857140000274e+02
3.395000000000000000e+02 3.668529411760000016e+02
5.072777777779999724e+02 3.700000000000000000e+02
5.219117647059999854e+02 3.706176470589999781e+02
2.057500000000000000e+02 3.727500000000000000e+02
2.470000000000000000e+02 3.720000000000000000e+02
1.300000000000000000e+02 3.730000000000000000e+02
3.745526315789999785e+02 3.743421052630000077e+02
2.204230769229999964e+02 3.751923076919999858e+02
1.470000000000000000e+02 3.757857142859999726e+02
4.173888888889999862e+02 3.762222222220000276e+02
3.082857142859999726e+02 3.777142857140000274e+02
2.835000000000000000e+02 3.795000000000000000e+02
3.637857142859999726e+02 3.790000000000000000e+02
2.695000000000000000e+02 3.805000000000000000e+02
5.503823529410000219e+02 3.800882352940000146e+02
9.690000000000000568e+01 3.811000000000000227e+02
1.895000000000000000e+02 3.818684210530000200e+02
4.382500000000000000e+02 3.812500000000000000e+02
1.251250000000000000e+02 3.837500000000000000e+02
5.790882352940000146e+02 3.833823529410000219e+02
7.673529411799999878e+01 3.840882352940000146e+02
3.450000000000000000e+01 3.848333333329999846e+02
3.941470588239999984e+02 3.855588235289999943e+02
5.361470588240000552e+02 3.855000000000000000e+02
1.653666666670000041e+02 3.860333333329999732e+02
4.290000000000000000e+02 3.870000000000000000e+02
4.632500000000000000e+02 3.870625000000000000e+02
2.493888888889999862e+02 3.887777777779999724e+02
4.956999999999999886e+02 3.875000000000000000e+02
8.388888889000000404e+00 3.897777777779999724e+02
1.441153846150000106e+02 3.891153846149999822e+02
4.165000000000000000e+02 3.903260869569999727e+02
2.371470588239999984e+02 3.909705882349999797e+02
3.255000000000000000e+02 3.910000000000000000e+02
4.762727272729999868e+02 3.925909090910000145e+02
3.427105263160000277e+02 3.948684210530000200e+02
8.750000000000000000e+01 3.945000000000000000e+02
2.800000000000000000e+02 3.947857142859999726e+02
3.647173913039999888e+02 3.955869565219999799e+02
5.161363636360000555e+02 3.945909090910000145e+02
6.445000000000000284e+01 3.963999999999999773e+02
1.045000000000000000e+02 3.960000000000000000e+02
1.603888888889999862e+02 3.967777777779999724e+02
2.965000000000000000e+02 3.973571428569999853e+02
1.766250000000000000e+02 3.976250000000000000e+02
2.113000000000000114e+02 3.975000000000000000e+02
1.961923076920000142e+02 3.994230769229999964e+02
3.750000000000000000e+01 4.000000000000000000e+02
5.585526315790000353e+02 4.014473684210000215e+02
1.197999999999999972e+02 4.018000000000000114e+02
5.769666666670000268e+02 4.026333333329999959e+02
2.750000000000000000e+01 4.025000000000000000e+02
1.444000000000000057e+02 4.049499999999999886e+02
2.609210526319999985e+02 4.046052631580000138e+02
4.196333333329999959e+02 4.040333333329999732e+02
4.455500000000000114e+02 4.053999999999999773e+02
5.075000000000000000e+02 4.050000000000000000e+02
4.943888888889999862e+02 4.062222222220000276e+02
5.301153846150000390e+02 4.058846153850000178e+02
3.305909090910000145e+02 4.068636363640000013e+02
3.885000000000000000e+02 4.065000000000000000e+02
6.938888888900000040e+01 4.084444444439999984e+02
2.205000000000000000e+02 4.103260869569999727e+02
3.993235294120000276e+02 4.123235294120000276e+02
4.710217391300000145e+02 4.125434782610000184e+02
1.978636363640000013e+02 4.130454545449999841e+02
2.390384615380000071e+02 4.133461538459999929e+02
8.750000000000000000e-01 4.145000000000000000e+02
9.678571428600000104e+01 4.140000000000000000e+02
3.434499999999999886e+02 4.156000000000000227e+02
4.452142857140000274e+02 4.150000000000000000e+02
1.700714285710000127e+02 4.165000000000000000e+02
5.629545454550000159e+02 4.158636363640000013e+02
3.046999999999999886e+02 4.165000000000000000e+02
1.810000000000000000e+02 4.180000000000000000e+02
2.514705882399999837e+01 4.195000000000000000e+02
1.089736842110000055e+02 4.197631578950000062e+02
2.790000000000000000e+02 4.197857142859999726e+02
3.771315789469999800e+02 4.207105263160000277e+02
5.622222222199999919e+01 4.216666666670000154e+02
5.447352941179999561e+02 4.217941176470000073e+02
3.121428571430000147e+02 4.222857142859999726e+02
5.178684210530000200e+02 4.227105263160000277e+02
3.883750000000000000e+02 4.223750000000000000e+02
3.850000000000000000e+01 4.237857142859999726e+02
3.491153846149999822e+02 4.248846153850000178e+02
9.465789473700000656e+01 4.263421052630000077e+02
2.372222222219999992e+02 4.266111111110000138e+02
2.568846153850000178e+02 4.258846153850000178e+02
4.165000000000000000e+02 4.265000000000000000e+02
4.749444444439999984e+02 4.266111111110000138e+02
1.484090909090000139e+02 4.291363636359999987e+02
4.978846153850000178e+02 4.287307692310000107e+02
2.028000000000000114e+02 4.298999999999999773e+02
2.487307692310000107e+02 4.298846153850000178e+02
3.294499999999999886e+02 4.306000000000000227e+02
4.583999999999999773e+02 4.308000000000000114e+02
1.255499999999999972e+02 4.313999999999999773e+02
4.312500000000000000e+02 4.308750000000000000e+02
1.500000000000000000e+00 4.322142857140000274e+02
2.895000000000000000e+02 4.322142857140000274e+02
5.811000000000000227e+02 4.328999999999999773e+02
5.381153846150000390e+02 4.342692307689999893e+02
7.040000000000000568e+01 4.364499999999999886e+02
1.752647058819999870e+02 4.367352941180000130e+02
2.763750000000000000e+02 4.356250000000000000e+02
3.650454545449999841e+02 4.361363636359999987e+02
4.289999999999999858e+01 4.375666666669999927e+02
1.885000000000000000e+02 4.365000000000000000e+02
1.263333333299999950e+01 4.390333333329999732e+02
1.530625000000000000e+02 4.388750000000000000e+02
2.278846153849999894e+02 4.387307692310000107e+02
3.007777777779999724e+02 4.393888888889999862e+02
3.558333333329999846e+02 4.389444444439999984e+02
5.498636363639999445e+02 4.389545454550000159e+02
4.271153846149999822e+02 4.418846153850000178e+02
5.168846153849999610e+02 4.418846153850000178e+02
3.896428571430000147e+02 4.422142857140000274e+02
4.033666666670000041e+02 4.430333333329999732e+02
4.605000000000000000e+02 4.435000000000000000e+02
7.914705882399999837e+01 4.449705882349999797e+02
5.690000000000000000e+02 4.457727272729999868e+02
1.340000000000000000e+02 4.473000000000000114e+02
1.097222222219999992e+02 4.488888888889999862e+02
3.725000000000000000e+02 4.485000000000000000e+02
4.833095238099999733e+02 4.493571428569999853e+02
3.250000000000000000e+01 4.508750000000000000e+02
1.925000000000000000e+02 4.508333333329999846e+02
2.112500000000000000e+02 4.512500000000000000e+02
4.469375000000000000e+02 4.527500000000000000e+02
2.360000000000000000e+02 4.532142857140000274e+02
4.960000000000000000e+02 4.535000000000000000e+02
4.220000000000000000e+02 4.540000000000000000e+02
2.558846153849999894e+02 4.548846153850000178e+02
2.776333333329999959e+02 4.549666666670000268e+02
5.340000000000000000e+02 4.555000000000000000e+02
1.057857142860000010e+02 4.560000000000000000e+02
3.114090909089999855e+02 4.581363636359999987e+02
3.326000000000000227e+02 4.581999999999999886e+02
3.493000000000000114e+02 4.575000000000000000e+02
3.642500000000000000e+02 4.581666666670000154e+02
7.657894737000000340e+00 4.596578947369999923e+02
6.769047618999999827e+01 4.594523809519999986e+02
1.501153846150000106e+02 4.591153846149999822e+02
4.566000000000000227e+02 4.595500000000000114e+02
4.028809523809999860e+02 4.615000000000000000e+02
1.200833333329999988e+02 4.622500000000000000e+02
1.704166666669999870e+02 4.621666666670000154e+02
2.330384615380000071e+02 4.616538461540000071e+02
5.005000000000000000e+02 4.653000000000000114e+02
4.339117647059999854e+02 4.676176470589999781e+02
4.111538461500000352e+01 4.678846153850000178e+02
2.070882352939999862e+02 4.686176470589999781e+02
5.269117647059999854e+02 4.686176470589999781e+02
5.476666666669999586e+02 4.682222222220000276e+02
5.748750000000000000e+02 4.682500000000000000e+02
4.824444444439999984e+02 4.697222222220000276e+02
2.740000000000000000e+02 4.697857142859999726e+02
2.916764705879999724e+02 4.706764705879999724e+02
4.170000000000000000e+02 4.697857142859999726e+02
2.494333333330000073e+02 4.726999999999999886e+02
8.303846153800000707e+01 4.726538461540000071e+02
1.928846153849999894e+02 4.728846153850000178e+02
3.725000000000000000e+02 4.725000000000000000e+02
2.825000000000000000e+01 4.739375000000000000e+02
1.543666666670000041e+02 4.739666666670000268e+02
1.740000000000000000e+02 4.755000000000000000e+02
3.188846153850000178e+02 4.751153846149999822e+02
4.510000000000000000e+02 4.760000000000000000e+02
4.697222222220000276e+02 4.760000000000000000e+02
9.261904762000000346e+00 4.778809523809999860e+02
4.048684210530000200e+02 4.777105263160000277e+02
4.355000000000000000e+02 4.775000000000000000e+02
3.841153846149999822e+02 4.801153846149999822e+02
5.863333333300000305e+01 4.810333333329999732e+02
3.360000000000000000e+02 4.812777777779999724e+02
1.086250000000000000e+02 4.828125000000000000e+02
1.304000000000000057e+02 4.825500000000000114e+02
2.767352941180000130e+02 4.822647058819999870e+02
5.622500000000000000e+02 4.822500000000000000e+02
5.808999999999999773e+02 4.828999999999999773e+02
8.821428571399999896e+01 4.840000000000000000e+02
2.285000000000000000e+02 4.840000000000000000e+02
3.608636363640000013e+02 4.840454545449999841e+02
2.502857142860000010e+02 4.851428571430000147e+02
5.375555555559999448e+02 4.853888888889999862e+02
4.848125000000000000e+02 4.866250000000000000e+02
4.970000000000000000e+02 4.857857142859999726e+02
3.308823529400000041e+01 4.876176470589999781e+02
3.000000000000000000e+02 4.870000000000000000e+02
5.160000000000000000e+02 4.870000000000000000e+02
2.015000000000000000e+02 4.880000000000000000e+02
1.555000000000000000e+02 4.925000000000000000e+02
4.734615384599999999e+01 4.940384615379999786e+02
1.249000000000000057e+02 4.941000000000000227e+02
2.247857142860000010e+02 4.940000000000000000e+02
3.188333333329999846e+02 4.942333333330000187e+02
3.412142857140000274e+02 4.941428571430000147e+02
7.095454545500000165e+01 4.951363636359999987e+02
4.560833333329999846e+02 4.964166666670000154e+02
3.404761904999999977e+00 4.989285714289999873e+02
4.151000000000000227e+02 4.981000000000000227e+02
5.083181818180000278e+02 4.983181818180000278e+02
2.134210526300000055e+01 5.006578947369999923e+02
1.908571428570000137e+02 5.012857142859999726e+02
4.350000000000000000e+02 5.005000000000000000e+02
5.410000000000000000e+02 5.006999999999999886e+02
1.691363636359999987e+02 5.019545454550000159e+02
3.623000000000000114e+02 5.015000000000000000e+02
3.996875000000000000e+02 5.023125000000000000e+02
5.528999999999999773e+02 5.021000000000000227e+02
2.520000000000000000e+02 5.030000000000000000e+02
3.846904761900000267e+02 5.035476190480000014e+02
1.362500000000000000e+02 5.054375000000000000e+02
3.096538461540000071e+02 5.060384615379999786e+02
2.387307692310000107e+02 5.077307692310000107e+02
5.190000000000000000e+02 5.077857142859999726e+02
1.037000000000000028e+02 5.096000000000000227e+02
2.780000000000000000e+02 5.100000000000000000e+02
2.926999999999999886e+02 5.100000000000000000e+02
4.706176470589999781e+02 5.106176470589999781e+02
8.685294117600000163e+01 5.115000000000000000e+02
4.330000000000000000e+02 5.122142857139999705e+02
4.515000000000000000e+02 5.115000000000000000e+02
3.986363636400000132e+01 5.125909090909999577e+02
5.588333333330000414e+02 5.127500000000000000e+02
6.700000000000000000e+01 5.140000000000000000e+02
4.067941176470000073e+02 5.142647058820000439e+02
5.397307692309999538e+02 5.145000000000000000e+02
5.848333333330000414e+02 5.141666666669999586e+02
1.298846153849999894e+02 5.148846153849999610e+02
3.358000000000000114e+02 5.147999999999999545e+02
2.050000000000000000e+02 5.157857142860000295e+02
2.230000000000000000e+02 5.170000000000000000e+02
3.570000000000000000e+02 5.182777777779999724e+02
4.917222222220000276e+02 5.180000000000000000e+02
5.155555555559999448e+02 5.191111111110000138e+02
1.536739130429999989e+02 5.197608695650000072e+02
1.721666666669999870e+02 5.190000000000000000e+02
9.214705882399999837e+01 5.199705882350000365e+02
2.590000000000000000e+02 5.202142857139999705e+02
2.806499999999999773e+02 5.232000000000000455e+02
3.175000000000000000e+02 5.230000000000000000e+02
2.965789473699999945e+01 5.246578947369999923e+02
1.979117647060000138e+02 5.256176470589999781e+02
3.784090909089999855e+02 5.251363636360000555e+02
2.485999999999999943e+02 5.275499999999999545e+02
5.843333333330000414e+02 5.281666666669999586e+02
5.868421052999999610e+00 5.292894736839999723e+02
2.131666666669999870e+02 5.286111111110000138e+02
5.350000000000000000e+01 5.300000000000000000e+02
1.661999999999999886e+02 5.302000000000000455e+02
4.157142857140000274e+02 5.311428571430000147e+02
5.345526315790000353e+02 5.313421052630000077e+02
4.766875000000000000e+02 5.321875000000000000e+02
7.527777777800000081e+01 5.330000000000000000e+02
2.286578947369999923e+02 5.336578947369999923e+02
2.923000000000000114e+02 5.335000000000000000e+02
3.420000000000000000e+02 5.340000000000000000e+02
4.634499999999999886e+02 5.343999999999999773e+02
5.533750000000000000e+02 5.345625000000000000e+02
1.512142857139999990e+02 5.350000000000000000e+02
3.833750000000000000e+02 5.355625000000000000e+02
1.148809523810000002e+02 5.367857142860000295e+02
3.622500000000000000e+02 5.362500000000000000e+02
4.440000000000000000e+02 5.365000000000000000e+02
5.108636363640000013e+02 5.370454545449999841e+02
1.826904761899999983e+02 5.393571428569999853e+02
2.640000000000000000e+02 5.392142857139999705e+02
3.991153846149999822e+02 5.401153846150000390e+02
5.001250000000000000e+02 5.429375000000000000e+02
3.225000000000000000e+02 5.436428571430000147e+02
2.597619047599999931e+01 5.441190476189999572e+02
5.400000000000000000e+01 5.450000000000000000e+02
1.208529411760000016e+02 5.470882352940000146e+02
3.116666666670000154e+02 5.465000000000000000e+02
4.730882352940000146e+02 5.463823529410000219e+02
5.688333333330000414e+02 5.466250000000000000e+02
5.857857142860000295e+02 5.492619047619999719e+02
1.025000000000000000e+02 5.495000000000000000e+02
4.461000000000000227e+02 5.495666666670000495e+02
2.785000000000000000e+02 5.500000000000000000e+02
3.521000000000000227e+02 5.511000000000000227e+02
9.269230768999999981e+00 5.526538461540000071e+02
5.448333333330000414e+02 5.528888888889999862e+02
1.580000000000000000e+02 5.530000000000000000e+02
2.032692307689999893e+02 5.532692307690000462e+02
3.790000000000000000e+02 5.527857142860000295e+02
1.415000000000000000e+02 5.545000000000000000e+02
4.300000000000000000e+02 5.545000000000000000e+02
5.222142857139999705e+02 5.540000000000000000e+02
2.335000000000000000e+02 5.550000000000000000e+02
3.340000000000000000e+02 5.555000000000000000e+02
7.336666666700000405e+01 5.570333333329999732e+02
1.817500000000000000e+02 5.585625000000000000e+02
2.480294117649999919e+02 5.583823529410000219e+02
3.166999999999999886e+02 5.590000000000000000e+02
3.000000000000000000e+01 5.600000000000000000e+02
5.085000000000000000e+02 5.615000000000000000e+02
