8.277777778000000808e+00 2.000000000000000000e+00
1.255000000000000000e+02 5.000000000000000000e-01
1.725588235289999943e+02 1.735294118000000108e+00
3.266176470589999781e+02 1.911764706000000036e+00
3.628529411760000016e+02 2.029411764999999868e+00
4.003823529410000219e+02 1.911764706000000036e+00
4.690000000000000000e+02 8.333333330000000094e-01
4.845000000000000000e+02 1.055555556000000061e+00
4.996875000000000000e+02 1.687500000000000000e+00
4.500000000000000000e+01 2.785714286000000151e+00
1.974499999999999886e+02 3.399999999999999911e+00
2.265000000000000000e+02 3.700000000000000178e+00
5.185000000000000000e+02 4.071428571000000218e+00
1.546176470590000065e+02 5.088235294000000408e+00
2.716578947369999923e+02 5.342105262999999660e+00
2.444736842100000018e+01 6.342105262999999660e+00
3.476111111110000138e+02 6.555555555999999839e+00
5.517857142860000295e+02 5.642857142999999631e+00
5.847999999999999545e+02 6.650000000000000355e+00
6.713636363599999868e+01 7.045454545000000124e+00
3.908636363640000013e+02 6.590909091000000330e+00
4.166052631580000138e+02 7.921052632000000315e+00
9.972222222199999919e+01 9.444444444000000161e+00
4.540454545449999841e+02 9.136363636000000454e+00
5.368750000000000000e+02 9.500000000000000000e+00
2.153823529409999935e+02 1.008823529400000041e+01
2.528684210529999916e+02 1.171052631599999927e+01
1.371315789470000084e+02 1.271052631599999927e+01
1.716818181820000007e+02 1.168181818200000066e+01
3.064090909089999855e+02 1.259090909100000033e+01
4.387222222220000276e+02 1.400000000000000000e+01
2.392142857139999990e+02 1.500000000000000000e+01
5.100000000000000000e+02 1.521428571400000074e+01
9.000000000000000000e+01 1.650000000000000000e+01
4.646578947369999923e+02 1.665789473699999945e+01
7.435714285699999948e+01 1.830952381000000173e+01
5.850000000000000000e+01 1.916666666700000121e+01
1.533421052630000077e+02 1.934210526300000055e+01
3.254473684210000215e+02 1.928947368400000073e+01
3.696764705879999724e+02 1.932352941199999918e+01
1.365789473699999945e+01 2.065789473699999945e+01
3.453750000000000000e+02 2.216666666700000121e+01
5.563333333330000414e+02 2.177777777800000081e+01
1.162222222219999992e+02 2.361111111099999960e+01
1.400000000000000000e+02 2.500000000000000000e+01
4.917142857140000274e+02 2.528571428600000104e+01
1.046818181820000007e+02 2.568181818200000066e+01
1.760882352939999862e+02 2.673529411799999878e+01
2.685909090910000145e+02 2.613636363599999868e+01
2.890000000000000000e+02 2.700000000000000000e+01
4.244473684210000215e+02 2.755263157899999982e+01
5.278999999999999773e+02 2.710000000000000142e+01
5.754090909090000423e+02 2.759090909100000033e+01
3.018571428569999853e+02 2.871428571399999896e+01
3.900000000000000000e+01 2.830000000000000071e+01
2.345000000000000000e+02 2.950000000000000000e+01
4.505555555560000016e+02 2.927777777800000081e+01
5.000000000000000000e+00 3.072222222199999919e+01
3.636999999999999886e+02 2.950000000000000000e+01
5.090238095240000007e+02 3.083333333299999879e+01
2.015000000000000000e+02 3.100000000000000000e+01
3.870000000000000000e+02 3.050000000000000000e+01
4.101153846149999822e+02 3.088461538500000003e+01
2.545909090909999861e+02 3.186363636400000132e+01
3.797500000000000000e+02 3.283333333299999879e+01
5.571250000000000000e+02 3.475000000000000000e+01
6.688461538500000358e+01 3.488461538499999648e+01
2.138636363640000013e+02 3.440909090899999967e+01
1.109444444439999984e+02 3.638888888900000040e+01
9.123913043500000697e+01 3.754347826099999708e+01
3.325000000000000000e+02 3.800000000000000000e+01
5.230000000000000000e+02 3.800000000000000000e+01
2.627222222220000276e+02 3.955555555600000162e+01
2.541666666700000121e+01 3.966666666700000121e+01
1.640999999999999943e+02 4.010000000000000142e+01
2.992857142859999726e+02 4.014285714300000052e+01
5.682333333330000187e+02 4.083333333299999879e+01
4.450000000000000000e+01 4.200000000000000000e+01
3.457777777779999724e+02 4.261111111099999960e+01
4.051666666670000154e+02 4.236666666699999695e+01
4.712222222220000276e+02 4.238888888900000040e+01
1.413888888889999862e+02 4.577777777800000081e+01
2.043823529409999935e+02 4.491176470599999959e+01
4.928999999999999773e+02 4.510000000000000142e+01
3.902857142859999726e+02 4.585714285699999948e+01
8.500000000000000000e+00 4.828947368400000073e+01
3.323888888889999862e+02 4.816666666700000121e+01
3.691000000000000227e+02 4.889999999999999858e+01
5.131153846150000390e+02 4.911538461500000352e+01
5.370384615379999786e+02 4.934615384599999999e+01
2.226818181820000007e+02 5.100000000000000000e+01
3.156818181819999722e+02 4.968181818200000066e+01
2.858529411760000016e+02 5.250000000000000000e+01
5.487999999999999545e+02 5.339999999999999858e+01
2.526111111110000138e+02 5.477777777800000081e+01
4.137380952380000281e+02 5.511904761899999983e+01
4.386818181819999722e+02 5.368181818200000066e+01
4.615000000000000000e+02 5.585294117600000163e+01
6.213157894700000128e+01 5.771052631599999927e+01
1.180000000000000000e+02 5.700000000000000000e+01
1.834090909090000139e+02 5.740909090899999967e+01
3.721000000000000227e+02 5.743333333300000021e+01
1.030000000000000000e+02 5.800000000000000000e+01
5.227777777779999724e+02 5.838888888900000040e+01
1.963333333299999950e+01 5.996666666699999837e+01
8.800000000000000000e+01 6.121428571399999896e+01
2.143750000000000000e+02 6.118750000000000000e+01
3.350000000000000000e+02 6.178571428600000104e+01
4.267500000000000000e+02 6.206250000000000000e+01
4.823000000000000114e+02 6.200000000000000000e+01
5.606578947369999923e+02 6.244736842100000018e+01
3.877777777800000081e+01 6.338888888900000040e+01
3.940882352940000146e+02 6.338235294100000061e+01
5.838846153849999610e+02 6.311538461500000352e+01
3.173666666670000041e+02 6.403333333300000163e+01
1.393461538459999929e+02 6.503846153800000707e+01
4.446111111110000138e+02 6.483333333299999879e+01
4.941470588239999984e+02 6.550000000000000000e+01
1.628333333330000130e+02 6.625000000000000000e+01
1.984333333330000073e+02 6.690000000000000568e+01
2.411666666669999870e+02 6.883333333299999879e+01
2.700000000000000000e+02 6.921428571399999896e+01
2.946818181819999722e+02 6.868181818200000066e+01
4.660000000000000000e+02 6.978571428600000104e+01
5.710000000000000000e+02 7.200000000000000000e+01
1.132999999999999972e+02 7.400000000000000000e+01
1.331666666669999870e+02 7.358333333299999879e+01
3.470789473680000015e+02 7.434210526299999344e+01
7.203333333300000163e+01 7.536666666700000405e+01
1.706904761899999983e+02 7.535714285699999948e+01
1.034210526300000055e+01 7.634210526299999344e+01
5.290000000000000000e+02 7.650000000000000000e+01
6.010000000000000142e+01 7.790000000000000568e+01
5.144285714290000442e+02 7.964285714300000052e+01
2.391666666669999870e+02 7.983333333299999879e+01
3.586363636359999987e+02 8.195454545500000165e+01
4.477307692310000107e+02 8.088461538500000358e+01
2.191153846150000106e+02 8.211538461499999642e+01
4.147777777779999724e+02 8.238888888900000040e+01
8.975000000000000000e+01 8.312500000000000000e+01
2.796111111110000138e+02 8.305555555600000162e+01
4.788125000000000000e+02 8.362500000000000000e+01
3.256176470589999781e+02 8.408823529400000041e+01
3.313157894700000128e+01 8.571052631599999927e+01
5.448888888889999862e+02 8.572222222199999919e+01
2.594090909089999855e+02 8.759090909100000033e+01
3.887631578950000062e+02 8.728947368400000073e+01
5.011153846149999822e+02 8.688461538500000358e+01
1.269375000000000000e+02 8.975000000000000000e+01
1.513666666670000041e+02 8.870000000000000284e+01
2.029117647060000138e+02 8.961764705900000649e+01
2.917222222220000276e+02 8.900000000000000000e+01
1.060000000000000000e+02 9.050000000000000000e+01
3.141000000000000227e+02 9.009999999999999432e+01
4.332894736839999723e+02 9.013157894699999417e+01
4.624166666670000154e+02 9.016666666700000121e+01
1.758846153849999894e+02 9.088461538500000358e+01
4.021000000000000227e+02 9.209999999999999432e+01
5.712222222220000276e+02 9.261111111099999960e+01
7.638888888900000040e+01 9.316666666700000121e+01
5.210000000000000000e+02 9.300000000000000000e+01
1.845000000000000000e+02 9.592857142900000156e+01
8.350000000000000000e+01 9.800000000000000000e+01
1.416538461540000071e+02 9.757692307700000356e+01
5.250000000000000000e+01 9.900000000000000000e+01
2.205000000000000000e+02 9.950000000000000000e+01
4.864473684210000215e+02 9.934210526299999344e+01
2.505000000000000000e+02 1.002999999999999972e+02
3.499705882349999797e+02 1.001470588239999984e+02
1.150000000000000000e+01 1.010000000000000000e+02
5.470882352940000146e+02 1.016176470590000065e+02
3.478571428600000104e+01 1.020000000000000000e+02
2.770000000000000000e+02 1.032142857139999990e+02
3.216250000000000000e+02 1.038125000000000000e+02
5.111470588239999984e+02 1.035000000000000000e+02
3.915909090910000145e+02 1.048636363640000013e+02
1.587857142860000010e+02 1.070000000000000000e+02
4.510384615379999786e+02 1.073461538460000071e+02
3.034375000000000000e+02 1.083750000000000000e+02
3.689444444439999984e+02 1.093888888890000004e+02
1.152272727269999990e+02 1.103181818179999993e+02
3.126470588200000122e+01 1.112058823530000069e+02
2.576499999999999773e+02 1.117999999999999972e+02
4.435000000000000000e+02 1.105000000000000000e+02
6.210000000000000142e+01 1.130600000000000023e+02
2.019615384619999929e+02 1.123461538460000071e+02
4.660000000000000000e+02 1.127222222219999992e+02
2.438750000000000000e+02 1.132500000000000000e+02
4.215666666669999927e+02 1.135666666670000069e+02
1.028846153850000036e+02 1.138846153850000036e+02
5.601666666669999586e+02 1.142500000000000000e+02
5.875000000000000000e+02 1.135000000000000000e+02
2.190000000000000000e+02 1.147857142860000010e+02
2.921315789469999800e+02 1.152368421049999938e+02
4.068999999999999773e+02 1.150999999999999943e+02
1.820000000000000000e+02 1.175000000000000000e+02
5.348999999999999773e+02 1.189000000000000057e+02
1.402222222219999992e+02 1.203888888890000004e+02
3.386538461540000071e+02 1.209615384619999929e+02
5.700000000000000000e+02 1.210000000000000000e+02
1.657077151340000114e+02 1.463842729970000107e+02
1.112500000000000000e+01 1.232500000000000000e+02
8.850000000000000000e+01 1.230000000000000000e+02
3.601315789469999800e+02 1.247105263159999993e+02
3.191153846149999822e+02 1.248846153850000036e+02
5.036666666699999695e+01 1.260333333330000016e+02
4.416999999999999886e+02 1.262999999999999972e+02
4.955000000000000000e+02 1.275000000000000000e+02
2.726818181819999722e+02 1.276818181820000007e+02
3.895000000000000000e+02 1.280000000000000000e+02
4.597857142859999726e+02 1.280000000000000000e+02
1.640999999999999943e+02 1.290999999999999943e+02
2.118684210529999916e+02 1.297105263159999993e+02
5.468999999999999773e+02 1.290999999999999943e+02
1.534615384599999999e+01 1.300384615380000071e+02
3.774166666670000154e+02 1.298333333330000130e+02
4.206111111110000138e+02 1.307777777780000008e+02
2.372142857139999990e+02 1.310000000000000000e+02
1.104090909089999997e+02 1.324090909090000139e+02
4.778636363640000013e+02 1.314090909090000139e+02
5.153888888889999862e+02 1.322222222219999992e+02
7.000000000000000000e+01 1.330000000000000000e+02
1.297857142860000010e+02 1.330000000000000000e+02
1.820000000000000000e+02 1.330000000000000000e+02
2.888999999999999773e+02 1.330999999999999943e+02
2.921428571399999896e+01 1.340000000000000000e+02
2.577500000000000000e+02 1.341250000000000000e+02
3.284499999999999886e+02 1.354000000000000057e+02
1.467857142860000010e+02 1.370000000000000000e+02
4.995000000000000000e+02 1.370714285710000127e+02
4.108333333329999846e+02 1.391666666669999870e+02
5.868421052999999610e+00 1.427105263159999993e+02
1.959000000000000057e+02 1.429000000000000057e+02
3.083666666670000041e+02 1.430333333330000016e+02
5.802142857139999705e+02 1.430000000000000000e+02
2.100000000000000000e+02 1.440000000000000000e+02
4.570000000000000000e+02 1.445000000000000000e+02
7.990000000000000568e+01 1.458000000000000114e+02
3.622777777779999724e+02 1.450000000000000000e+02
4.245000000000000000e+02 1.450000000000000000e+02
5.358529411759999448e+02 1.449705882350000081e+02
5.581428571430000147e+02 1.467142857139999990e+02
2.422894736840000007e+02 1.495000000000000000e+02
4.675000000000000000e+02 1.495000000000000000e+02
5.697083333330000414e+02 1.504583333330000130e+02
4.650000000000000000e+01 1.507105263159999993e+02
5.257666666669999813e+02 1.501666666669999870e+02
1.034090909089999997e+02 1.514090909090000139e+02
1.379666666669999984e+02 1.516333333329999959e+02
2.561315789469999800e+02 1.512894736840000007e+02
3.387500000000000000e+02 1.511500000000000057e+02
6.740000000000000568e+01 1.524499999999999886e+02
1.162647058820000012e+02 1.525000000000000000e+02
2.314090909090000139e+02 1.555909090909999861e+02
2.875555555560000016e+02 1.557222222219999992e+02
3.748636363640000013e+02 1.545909090909999861e+02
3.910000000000000000e+02 1.550000000000000000e+02
4.427142857140000274e+02 1.568571428570000137e+02
5.362307692309999538e+02 1.602692307689999893e+02
1.887916666669999870e+02 1.595000000000000000e+02
2.146818181820000007e+02 1.590454545450000126e+02
3.068461538459999929e+02 1.601538461540000071e+02
2.200000000000000000e+01 1.600000000000000000e+02
3.921428571399999896e+01 1.600000000000000000e+02
2.740000000000000000e+02 1.595000000000000000e+02
4.030000000000000000e+02 1.600000000000000000e+02
4.899444444439999984e+02 1.606111111110000138e+02
6.147058824000000143e+00 1.619705882350000081e+02
3.546538461540000071e+02 1.619615384619999929e+02
6.450000000000000000e+01 1.645000000000000000e+02
5.170000000000000000e+02 1.675000000000000000e+02
5.528999999999999773e+02 1.669000000000000057e+02
1.190000000000000000e+02 1.685000000000000000e+02
3.168846153850000178e+02 1.701153846150000106e+02
9.122222222199999919e+01 1.716111111110000138e+02
1.521153846150000106e+02 1.711153846150000106e+02
1.976111111110000138e+02 1.710555555560000016e+02
2.851666666670000154e+02 1.703888888889999862e+02
4.561250000000000000e+02 1.717500000000000000e+02
8.100000000000000000e+01 1.717857142860000010e+02
2.367857142860000010e+02 1.734523809519999986e+02
4.782500000000000000e+02 1.722500000000000000e+02
4.981999999999999886e+02 1.724499999999999886e+02
4.279117647059999854e+02 1.733823529409999935e+02
5.320238095239999438e+02 1.738809523809999860e+02
3.660000000000000000e+02 1.747222222219999992e+02
4.371842105260000153e+02 1.745526315790000069e+02
5.734444444440000552e+02 1.742777777780000008e+02
2.200294117649999919e+02 1.758529411760000016e+02
1.651470588239999984e+02 1.775000000000000000e+02
3.883421052630000077e+02 1.786578947369999923e+02
1.508333333300000056e+01 1.787500000000000000e+02
5.054761904800000138e+01 1.793095238100000017e+02
5.000000000000000000e-01 1.785000000000000000e+02
3.340000000000000000e+02 1.805000000000000000e+02
4.046818181819999722e+02 1.813181818179999993e+02
2.815000000000000000e+02 1.820000000000000000e+02
3.517777777779999724e+02 1.826111111110000138e+02
1.496578947369999923e+02 1.846578947369999923e+02
1.100000000000000000e+01 1.846999999999999886e+02
8.050000000000000000e+01 1.858529411760000016e+02
3.210000000000000000e+02 1.850000000000000000e+02
4.630000000000000000e+02 1.846999999999999886e+02
1.143235294119999992e+02 1.876764705880000008e+02
3.033421052630000077e+02 1.883421052630000077e+02
2.063095238100000017e+02 1.893571428570000137e+02
4.851000000000000227e+02 1.890999999999999943e+02
1.872500000000000000e+02 1.898333333330000130e+02
5.654523809519999986e+02 1.903095238100000017e+02
1.246538461539999929e+02 1.909615384619999929e+02
5.205499999999999545e+02 1.914000000000000057e+02
3.432608695700000112e+01 1.929347826089999955e+02
1.671363636359999987e+02 1.920454545450000126e+02
2.512777777780000008e+02 1.920000000000000000e+02
2.881250000000000000e+02 1.923750000000000000e+02
1.033888888890000004e+02 1.934444444439999984e+02
2.718846153850000178e+02 1.931153846150000106e+02
3.468529411760000016e+02 1.930294117649999919e+02
3.705500000000000114e+02 1.935999999999999943e+02
1.380625000000000000e+02 1.942500000000000000e+02
4.438333333329999846e+02 1.945833333330000130e+02
5.325588235290000512e+02 1.953235294119999992e+02
4.264375000000000000e+02 1.966250000000000000e+02
4.572619047619999719e+02 1.998809523809999860e+02
5.492894736839999723e+02 2.001315789470000084e+02
3.941363636359999987e+02 2.010454545450000126e+02
5.001470588239999984e+02 2.015000000000000000e+02
6.328947368400000073e+01 2.021315789470000084e+02
2.327500000000000000e+02 2.028333333330000130e+02
1.924444444439999984e+02 2.043888888889999862e+02
2.244090909090000139e+02 2.038636363640000013e+02
2.586578947369999923e+02 2.043421052630000077e+02
2.983999999999999773e+02 2.045500000000000114e+02
3.335000000000000000e+02 2.045000000000000000e+02
2.711000000000000227e+02 2.055399999999999920e+02
5.681000000000000227e+02 2.050999999999999943e+02
8.000000000000000000e+01 2.065000000000000000e+02
5.130384615379999786e+02 2.056538461540000071e+02
1.270999999999999943e+02 2.080999999999999943e+02
1.567857142860000010e+02 2.080000000000000000e+02
3.805000000000000000e+02 2.081666666669999870e+02
2.219999999999999929e+01 2.095500000000000114e+02
1.171153846149999964e+02 2.111153846150000106e+02
3.207500000000000000e+02 2.112500000000000000e+02
4.150000000000000000e+01 2.126333333329999959e+02
4.086499999999999773e+02 2.128000000000000114e+02
4.810000000000000000e+02 2.120000000000000000e+02
5.312333333330000187e+02 2.131666666669999870e+02
6.970000000000000284e+01 2.135000000000000000e+02
4.266538461540000071e+02 2.140384615380000071e+02
2.475000000000000000e+01 2.158333333330000130e+02
2.040000000000000000e+02 2.170000000000000000e+02
2.310333333330000016e+02 2.176333333329999959e+02
8.333333330000000094e-01 2.180000000000000000e+02
2.820199999999999818e+02 2.229300000000000068e+02
4.476333333329999959e+02 2.179666666669999984e+02
3.620000000000000000e+02 2.197222222219999992e+02
5.000000000000000000e+02 2.203333333330000130e+02
9.300000000000000000e+01 2.215000000000000000e+02
5.531153846150000390e+02 2.208846153849999894e+02
1.765500000000000114e+02 2.224000000000000057e+02
2.509347826089999955e+02 2.228478260869999872e+02
3.246904761900000267e+02 2.229285714289999873e+02
3.440000000000000000e+02 2.220555555560000016e+02
5.195454545500000165e+01 2.231363636359999987e+02
5.702777777779999724e+02 2.234444444439999984e+02
3.988636363640000013e+02 2.234090909090000139e+02
4.418846153850000178e+02 2.237307692310000107e+02
1.210000000000000000e+02 2.285000000000000000e+02
2.225000000000000000e+02 2.292894736840000007e+02
3.607500000000000000e+02 2.291666666669999870e+02
1.453421052630000077e+02 2.303421052630000077e+02
1.636875000000000000e+02 2.303750000000000000e+02
2.622777777779999724e+02 2.301111111110000138e+02
4.600000000000000000e+02 2.300000000000000000e+02
5.140000000000000000e+02 2.300000000000000000e+02
2.289473683999999842e+00 2.317631578950000062e+02
7.438235294099999351e+01 2.320882352939999862e+02
1.984444444439999984e+02 2.322777777780000008e+02
3.846999999999999886e+02 2.340000000000000000e+02
4.196176470589999781e+02 2.333823529409999935e+02
3.038333333329999846e+02 2.340000000000000000e+02
4.863999999999999773e+02 2.344499999999999886e+02
9.490000000000000568e+01 2.350999999999999943e+02
5.332142857139999705e+02 2.350000000000000000e+02
3.423461538459999929e+02 2.369615384619999929e+02
3.838888888900000040e+01 2.382222222219999992e+02
4.295625000000000000e+02 2.381875000000000000e+02
3.730000000000000000e+02 2.387857142860000010e+02
2.350999999999999943e+02 2.414499999999999886e+02
2.849444444439999984e+02 2.402777777780000008e+02
1.733000000000000114e+02 2.410000000000000000e+02
4.522500000000000000e+02 2.417500000000000000e+02
5.128846153849999610e+02 2.408846153849999894e+02
2.685000000000000000e+02 2.420000000000000000e+02
4.059444444439999984e+02 2.426111111110000138e+02
3.254444444439999984e+02 2.432777777780000008e+02
5.496666666669999586e+02 2.430555555560000016e+02
8.359999999999999432e+01 2.455500000000000114e+02
2.061428571429999863e+02 2.454285714289999873e+02
6.328571428600000104e+01 2.458571428570000137e+02
1.450333333330000016e+02 2.473666666670000041e+02
4.881153846149999822e+02 2.468846153849999894e+02
1.861764705899999939e+01 2.477941176470000073e+02
1.948333333330000130e+02 2.483571428570000137e+02
5.867000000000000455e+02 2.480000000000000000e+02
1.115000000000000000e+02 2.500000000000000000e+02
3.598333333329999846e+02 2.507500000000000000e+02
4.678571428569999853e+02 2.507857142860000010e+02
4.982777777779999724e+02 2.520000000000000000e+02
4.563333333300000305e+01 2.530333333330000016e+02
5.457608695650000072e+02 2.535434782609999900e+02
1.165789473699999945e+01 2.543421052630000077e+02
6.100000000000000000e+01 2.547727272729999868e+02
1.323666666670000041e+02 2.539666666669999984e+02
5.707105263160000277e+02 2.555000000000000000e+02
2.807857142859999726e+02 2.560000000000000000e+02
3.801470588239999984e+02 2.565000000000000000e+02
3.031000000000000227e+02 2.571000000000000227e+02
2.555000000000000000e+02 2.585000000000000000e+02
2.284523809519999986e+02 2.611190476190000140e+02
3.130000000000000000e+02 2.612272727270000132e+02
4.135000000000000000e+02 2.610000000000000000e+02
1.658750000000000000e+02 2.627500000000000000e+02
5.267857142860000295e+02 2.620000000000000000e+02
2.716176470589999781e+02 2.629117647059999854e+02
1.396538461540000071e+02 2.640384615379999786e+02
5.572142857139999705e+02 2.640000000000000000e+02
5.805000000000000000e+02 2.640000000000000000e+02
3.530000000000000000e+02 2.655000000000000000e+02
4.915588235289999943e+02 2.653235294120000276e+02
1.885000000000000000e+02 2.672272727270000132e+02
4.273888888889999862e+02 2.660555555560000016e+02
4.696875000000000000e+02 2.663125000000000000e+02
3.791176470599999959e+01 2.683823529410000219e+02
1.159166666670000012e+02 2.682500000000000000e+02
3.958636363640000013e+02 2.680454545449999841e+02
3.343461538459999929e+02 2.689615384620000214e+02
4.541363636359999987e+02 2.695909090910000145e+02
1.014090909089999997e+02 2.715909090910000145e+02
4.388999999999999773e+02 2.711000000000000227e+02
8.409999999999999432e+01 2.721000000000000227e+02
5.336250000000000000e+02 2.716250000000000000e+02
2.920000000000000000e+02 2.740000000000000000e+02
3.735000000000000000e+02 2.735000000000000000e+02
2.098809523809999860e+02 2.753571428569999853e+02
5.016111111110000138e+02 2.757777777779999724e+02
4.756250000000000000e+01 2.762500000000000000e+02
1.698333333330000130e+02 2.757500000000000000e+02
2.270000000000000000e+02 2.772142857140000274e+02
2.385000000000000000e+02 2.765000000000000000e+02
5.735499999999999545e+02 2.783999999999999773e+02
6.975000000000000000e+01 2.789166666670000154e+02
1.300000000000000000e+02 2.792142857140000274e+02
1.553181818179999993e+02 2.786818181819999722e+02
3.510000000000000000e+02 2.810000000000000000e+02
4.080384615379999786e+02 2.806538461540000071e+02
2.871363636359999987e+02 2.814090909089999855e+02
3.892857142859999726e+02 2.825714285710000127e+02
1.192857142899999978e+01 2.841190476190000140e+02
1.060999999999999943e+02 2.831000000000000227e+02
4.388125000000000000e+02 2.838125000000000000e+02
4.907500000000000000e+02 2.835500000000000114e+02
2.575909090910000145e+02 2.865909090910000145e+02
3.621363636359999987e+02 2.855909090910000145e+02
4.741470588239999984e+02 2.870294117650000203e+02
5.491428571430000147e+02 2.872142857140000274e+02
2.666250000000000000e+02 2.876250000000000000e+02
3.102692307689999893e+02 2.878846153850000178e+02
1.480999999999999943e+02 2.891000000000000227e+02
1.885000000000000000e+02 2.903947368419999862e+02
3.271470588239999984e+02 2.909705882349999797e+02
6.011538461500000352e+01 2.918846153850000178e+02
1.216578947370000066e+02 2.925526315789999785e+02
2.035666666669999927e+02 2.921000000000000227e+02
2.639473684200000037e+01 2.929210526319999985e+02
8.657142857099999844e+01 2.927142857140000274e+02
4.158999999999999773e+02 2.935666666669999927e+02
4.503999999999999773e+02 2.944499999999999886e+02
1.683888888889999862e+02 2.953333333329999846e+02
5.856875000000000000e+02 2.955625000000000000e+02
4.024499999999999886e+02 2.973999999999999773e+02
5.260000000000000000e+02 2.970000000000000000e+02
5.632500000000000000e+02 2.977500000000000000e+02
5.020882352940000146e+02 2.983823529410000219e+02
2.352142857139999990e+02 2.990000000000000000e+02
3.836666666699999695e+01 3.010333333329999732e+02
2.130882352939999862e+02 3.013823529410000219e+02
2.541666666669999870e+02 3.015000000000000000e+02
7.616666666700000121e+01 3.022500000000000000e+02
3.603888888889999862e+02 3.029444444439999984e+02
2.955000000000000000e+02 3.035000000000000000e+02
1.391250000000000000e+02 3.040625000000000000e+02
1.923888888889999862e+02 3.052222222220000276e+02
2.732500000000000000e+02 3.048750000000000000e+02
4.421000000000000227e+02 3.048999999999999773e+02
1.019444444439999984e+02 3.063888888889999862e+02
3.488999999999999773e+02 3.063666666670000041e+02
4.617142857140000274e+02 3.067142857140000274e+02
3.206578947369999923e+02 3.076578947369999923e+02
3.789615384620000214e+02 3.076538461540000071e+02
1.118750000000000000e+01 3.103750000000000000e+02
4.800000000000000000e+02 3.117222222220000276e+02
5.741153846150000390e+02 3.111153846149999822e+02
4.943823529410000219e+02 3.120882352940000146e+02
1.787500000000000000e+02 3.131666666670000154e+02
5.353095238099999733e+02 3.143571428569999853e+02
6.478571428600000104e+01 3.150000000000000000e+02
4.160000000000000000e+02 3.147857142859999726e+02
2.400000000000000000e+02 3.162142857140000274e+02
5.487222222220000276e+02 3.170000000000000000e+02
8.672222222199999919e+01 3.180000000000000000e+02
1.186818181820000007e+02 3.182727272729999868e+02
5.411538461500000352e+01 3.191153846149999822e+02
5.123999999999999773e+02 3.208000000000000114e+02
1.562826086960000112e+02 3.214130434780000201e+02
2.942083333329999846e+02 3.219583333329999846e+02
1.922500000000000000e+02 3.220625000000000000e+02
2.498750000000000000e+02 3.220625000000000000e+02
3.341153846149999822e+02 3.222692307689999893e+02
3.572826086960000112e+02 3.234130434780000201e+02
4.663000000000000114e+02 3.225000000000000000e+02
2.128846153849999894e+02 3.238846153850000178e+02
3.881666666670000154e+02 3.243750000000000000e+02
4.271153846149999822e+02 3.238846153850000178e+02
1.014705882400000014e+01 3.260294117650000203e+02
1.506428571429999863e+02 3.266904761900000267e+02
1.763333333330000130e+02 3.262222222220000276e+02
2.650000000000000000e+02 3.262142857140000274e+02
4.790000000000000000e+02 3.260000000000000000e+02
3.122692307689999893e+02 3.271153846149999822e+02
5.730000000000000000e+02 3.267857142859999726e+02
2.327307692310000107e+02 3.288846153850000178e+02
3.169047618999999827e+01 3.304523809519999986e+02
1.259117647059999996e+02 3.303823529410000219e+02
4.978846153850000178e+02 3.321153846149999822e+02
1.104285714290000016e+02 3.333571428569999853e+02
3.745000000000000000e+02 3.331470588239999984e+02
3.188684210530000200e+02 3.339736842109999770e+02
4.497857142859999726e+02 3.340000000000000000e+02
3.400000000000000000e+02 3.350000000000000000e+02
4.146250000000000000e+02 3.358125000000000000e+02
5.296250000000000000e+02 3.354375000000000000e+02
2.138333333330000130e+02 3.364166666670000154e+02
5.476818181820000291e+02 3.356818181819999722e+02
7.371428571399999896e+01 3.368571428569999853e+02
9.016666666700000121e+01 3.382333333330000187e+02
2.742894736839999723e+02 3.395000000000000000e+02
4.314444444439999984e+02 3.396111111110000138e+02
5.200000000000000000e+02 3.392142857140000274e+02
3.440476190500000087e+01 3.410714285710000127e+02
5.400000000000000000e+01 3.405000000000000000e+02
4.602692307689999893e+02 3.402692307689999893e+02
2.962500000000000000e+02 3.417500000000000000e+02
2.450294117649999919e+02 3.428529411760000016e+02
3.888999999999999773e+02 3.418999999999999773e+02
1.947500000000000000e+02 3.441250000000000000e+02
4.763888888889999862e+02 3.445555555560000016e+02
5.753421052630000077e+02 3.453421052630000077e+02
3.728846153850000178e+02 3.462692307689999893e+02
1.698125000000000000e+02 3.473750000000000000e+02
6.500000000000000000e+01 3.477857142859999726e+02
1.326818181820000007e+02 3.494090909089999855e+02
1.467647058800000082e+01 3.492647058819999870e+02
3.525000000000000000e+02 3.499285714289999873e+02
5.106666666670000154e+02 3.525833333329999846e+02
2.485714285699999948e+01 3.544285714289999873e+02
9.475000000000000000e+01 3.550000000000000000e+02
2.350263157889999945e+02 3.548684210530000200e+02
4.982500000000000000e+02 3.538333333329999846e+02
5.331000000000000227e+02 3.541000000000000227e+02
1.486578947369999923e+02 3.555526315789999785e+02
2.561818181819999722e+02 3.564545454550000159e+02
3.120000000000000000e+02 3.560000000000000000e+02
3.767173913039999888e+02 3.571086956519999944e+02
5.500000000000000000e+02 3.558999999999999773e+02
3.313823529410000219e+02 3.579117647059999854e+02
4.108999999999999773e+02 3.578999999999999773e+02
4.435000000000000000e+02 3.585000000000000000e+02
1.654375000000000000e+02 3.592500000000000000e+02
1.891666666669999870e+02 3.604166666670000154e+02
2.822142857140000274e+02 3.600000000000000000e+02
2.975434782610000184e+02 3.611086956519999944e+02
2.127307692310000107e+02 3.623461538459999929e+02
4.221363636359999987e+02 3.622272727270000132e+02
4.611538461500000352e+01 3.628846153850000178e+02
3.891250000000000000e+02 3.635000000000000000e+02
4.826333333329999959e+02 3.640333333329999732e+02
8.254545454499999835e+01 3.657727272729999868e+02
1.196739130429999989e+02 3.665000000000000000e+02
5.752500000000000000e+02 3.667500000000000000e+02
4.625000000000000000e+02 3.670000000000000000e+02
2.386333333329999959e+02 3.678333333329999846e+02
4.986000000000000227e+02 3.694499999999999886e+02
3.473823529410000219e+02 3.699117647059999854e+02
1.485000000000000000e+02 3.710000000000000000e+02
3.731666666670000154e+02 3.718333333329999846e+02
5.532058823529999927e+02 3.710882352940000146e+02
2.000000000000000000e+01 3.735000000000000000e+02
5.757142857099999844e+01 3.737857142859999726e+02
1.385666666669999927e+02 3.743666666670000041e+02
2.278846153849999894e+02 3.741153846149999822e+02
4.466000000000000227e+02 3.741999999999999886e+02
5.227500000000000000e+02 3.738750000000000000e+02
4.175555555560000016e+02 3.767222222220000276e+02
4.113157894700000128e+01 3.807105263160000277e+02
1.888333333330000130e+02 3.801666666670000154e+02
5.767105263160000277e+02 3.808684210530000200e+02
7.826470588200000122e+01 3.810882352940000146e+02
2.043888888889999862e+02 3.812222222220000276e+02
2.864499999999999886e+02 3.816000000000000227e+02
3.676250000000000000e+02 3.818125000000000000e+02
2.696578947369999923e+02 3.826578947369999923e+02
9.288461538500000358e+01 3.828846153850000178e+02
3.273421052630000077e+02 3.836578947369999923e+02
3.077500000000000000e+02 3.859375000000000000e+02
1.646176470590000065e+02 3.869117647059999854e+02
4.607222222220000276e+02 3.894444444439999984e+02
5.390000000000000000e+02 3.892142857140000274e+02
1.182647058820000012e+02 3.902647058819999870e+02
4.845000000000000000e+02 3.905000000000000000e+02
1.347307692310000107e+02 3.908846153850000178e+02
3.911666666670000154e+02 3.915000000000000000e+02
3.472894736839999723e+02 3.925000000000000000e+02
2.801153846149999822e+02 3.927307692310000107e+02
4.066000000000000227e+02 3.934499999999999886e+02
1.962500000000000000e+02 3.941666666670000154e+02
4.967500000000000000e+02 3.939166666670000154e+02
5.175000000000000000e+02 3.945000000000000000e+02
5.538888888900000040e+01 3.952222222220000276e+02
3.833333333000000120e+00 3.965000000000000000e+02
1.720000000000000000e+02 3.953000000000000114e+02
2.160000000000000000e+02 3.956666666670000154e+02
3.662083333329999846e+02 3.965000000000000000e+02
2.972500000000000000e+02 3.972500000000000000e+02
4.321153846149999822e+02 3.971153846149999822e+02
5.603823529410000219e+02 3.979117647059999854e+02
2.931818181799999934e+01 3.986818181819999722e+02
8.738888888900000040e+01 3.988333333329999846e+02
1.003888888890000004e+02 4.006666666670000154e+02
2.353823529409999935e+02 4.010882352940000146e+02
1.595000000000000000e+02 4.025000000000000000e+02
5.140000000000000000e+02 4.016999999999999886e+02
3.816999999999999886e+02 4.030000000000000000e+02
4.449117647059999854e+02 4.033823529410000219e+02
4.403333333300000163e+01 4.043666666670000041e+02
4.703095238099999733e+02 4.049761904759999993e+02
2.616578947369999923e+02 4.053421052630000077e+02
4.205000000000000000e+02 4.071470588239999984e+02
7.136666666700000405e+01 4.080333333329999732e+02
1.162500000000000000e+02 4.081666666670000154e+02
3.486999999999999886e+02 4.090000000000000000e+02
4.975000000000000000e+02 4.085000000000000000e+02
5.718333333330000414e+02 4.079666666670000268e+02
2.833750000000000000e+02 4.098125000000000000e+02
1.352500000000000000e+02 4.102500000000000000e+02
3.987857142859999726e+02 4.100000000000000000e+02
2.186904761899999983e+02 4.113571428569999853e+02
2.382500000000000000e+02 4.111666666670000154e+02
3.264285714289999873e+02 4.110714285710000127e+02
5.075000000000000000e+01 4.122500000000000000e+02
2.020454545450000126e+02 4.118636363640000013e+02
5.320000000000000000e+02 4.120000000000000000e+02
3.757500000000000000e+02 4.137500000000000000e+02
1.683181818179999993e+02 4.143181818180000278e+02
4.410000000000000000e+02 4.152142857140000274e+02
6.099999999999999645e+00 4.161000000000000227e+02
9.228571428600000104e+01 4.161428571430000147e+02
5.125000000000000000e+02 4.171666666670000154e+02
3.146999999999999886e+02 4.183000000000000114e+02
1.673529411799999878e+01 4.207352941180000130e+02
1.840999999999999943e+02 4.206000000000000227e+02
3.902142857140000274e+02 4.205000000000000000e+02
5.384444444440000552e+02 4.212777777779999724e+02
5.687500000000000000e+02 4.208333333329999846e+02
3.250000000000000000e+01 4.233000000000000114e+02
3.041000000000000227e+02 4.236333333329999959e+02
4.766176470589999781e+02 4.229117647059999854e+02
5.865000000000000000e+02 4.230000000000000000e+02
2.417777777780000008e+02 4.257777777779999724e+02
2.915000000000000000e+02 4.247500000000000000e+02
3.430000000000000000e+02 4.250000000000000000e+02
9.412500000000000000e+01 4.276875000000000000e+02
1.096500000000000057e+02 4.278000000000000114e+02
4.116578947369999923e+02 4.274473684210000215e+02
2.200000000000000178e+00 4.278000000000000114e+02
1.364000000000000057e+02 4.288000000000000114e+02
6.689130434800000558e+01 4.292826086960000112e+02
1.488636363640000013e+02 4.284090909089999855e+02
2.040000000000000000e+02 4.283000000000000114e+02
4.981153846149999822e+02 4.291153846149999822e+02
4.566428571430000147e+02 4.308333333329999846e+02
2.650454545449999841e+02 4.313181818180000278e+02
3.627500000000000000e+02 4.310833333329999846e+02
1.925000000000000000e+02 4.325000000000000000e+02
2.756428571430000147e+02 4.322142857140000274e+02
5.801923076919999858e+02 4.345769230770000036e+02
4.228750000000000000e+02 4.367500000000000000e+02
5.301428571430000147e+02 4.360714285710000127e+02
4.260000000000000142e+01 4.371999999999999886e+02
2.308333333330000130e+02 4.377500000000000000e+02
1.563000000000000114e+02 4.394333333330000073e+02
2.075000000000000000e+02 4.395000000000000000e+02
2.619166666670000154e+02 4.394166666670000154e+02
3.270000000000000000e+02 4.391000000000000227e+02
1.171428571400000074e+01 4.400714285710000127e+02
1.152894736840000007e+02 4.408684210530000200e+02
1.708529411760000016e+02 4.425000000000000000e+02
2.939705882349999797e+02 4.428529411760000016e+02
4.453888888889999862e+02 4.422222222220000276e+02
5.520454545449999841e+02 4.418636363640000013e+02
3.556111111110000138e+02 4.428333333329999846e+02
3.871363636359999987e+02 4.425909090910000145e+02
3.971363636359999987e+02 4.424090909089999855e+02
4.601363636359999987e+02 4.424090909089999855e+02
3.721153846149999822e+02 4.451153846149999822e+02
5.122500000000000000e+02 4.451666666670000154e+02
7.871052631599999927e+01 4.465000000000000000e+02
2.792142857140000274e+02 4.470000000000000000e+02
4.342500000000000000e+02 4.468333333329999846e+02
5.646904761900000267e+02 4.496428571430000147e+02
2.377500000000000000e+02 4.500833333329999846e+02
2.148809523809999860e+02 4.520238095240000007e+02
5.360000000000000000e+02 4.507857142859999726e+02
5.002500000000000000e+02 4.521250000000000000e+02
4.795000000000000000e+02 4.540000000000000000e+02
6.840000000000000568e+01 4.564499999999999886e+02
3.291363636359999987e+02 4.560454545449999841e+02
1.275000000000000000e+01 4.572500000000000000e+02
1.355500000000000114e+02 4.576000000000000227e+02
1.667500000000000000e+02 4.571666666670000154e+02
3.113181818180000278e+02 4.566818181819999722e+02
3.471153846149999822e+02 4.581153846149999822e+02
3.083333333299999879e+01 4.591666666670000154e+02
9.534615384600000709e+01 4.590384615379999786e+02
1.891999999999999886e+02 4.596499999999999773e+02
2.584285714289999873e+02 4.591428571430000147e+02
1.491153846150000106e+02 4.598846153850000178e+02
4.160000000000000000e+02 4.600000000000000000e+02
3.659166666670000154e+02 4.615000000000000000e+02
4.620789473680000015e+02 4.616052631580000138e+02
5.512500000000000000e+02 4.624499999999999886e+02
8.183333333299999879e+01 4.632500000000000000e+02
1.175000000000000000e+02 4.640000000000000000e+02
2.260000000000000000e+02 4.640000000000000000e+02
2.748999999999999773e+02 4.645666666669999927e+02
5.173888888889999862e+02 4.647777777779999724e+02
3.952272727270000132e+02 4.654545454550000159e+02
4.350000000000000000e+02 4.655000000000000000e+02
5.747857142860000295e+02 4.670000000000000000e+02
2.061470588239999984e+02 4.705000000000000000e+02
4.813421052630000077e+02 4.703421052630000077e+02
5.066538461540000071e+02 4.700384615379999786e+02
2.711538461499999997e+01 4.727307692310000107e+02
2.978750000000000000e+02 4.732500000000000000e+02
3.703000000000000114e+02 4.730000000000000000e+02
4.514285714300000052e+01 4.747142857140000274e+02
1.945000000000000000e+02 4.745000000000000000e+02
1.596333333329999959e+02 4.761666666670000154e+02
2.510999999999999943e+02 4.758999999999999773e+02
3.195000000000000000e+02 4.770384615379999786e+02
3.362500000000000000e+02 4.787500000000000000e+02
4.023421052630000077e+02 4.783421052630000077e+02
6.783333333299999879e+01 4.785833333329999846e+02
4.670000000000000000e+02 4.795000000000000000e+02
9.944117647100000568e+01 4.807352941180000130e+02
4.971000000000000227e+02 4.801000000000000227e+02
3.839285714289999873e+02 4.810714285710000127e+02
4.171153846149999822e+02 4.811153846149999822e+02
4.513000000000000114e+02 4.825000000000000000e+02
5.604090909090000423e+02 4.832727272729999868e+02
1.368529411760000016e+02 4.840294117650000203e+02
1.797105263159999993e+02 4.845000000000000000e+02
2.490000000000000000e+02 4.837857142859999726e+02
5.383333333330000414e+02 4.847777777779999724e+02
4.450000000000000178e+00 4.853999999999999773e+02
3.656250000000000000e+02 4.843750000000000000e+02
8.900000000000000000e+01 4.862142857140000274e+02
2.302142857139999990e+02 4.860000000000000000e+02
5.157000000000000455e+02 4.855000000000000000e+02
5.779117647059999854e+02 4.893823529410000219e+02
2.012142857139999990e+02 4.900000000000000000e+02
2.737105263160000277e+02 4.902368421049999938e+02
4.373823529410000219e+02 4.902058823529999927e+02
4.870000000000000000e+02 4.907857142859999726e+02
1.190000000000000000e+02 4.922142857140000274e+02
3.030000000000000000e+02 4.926428571430000147e+02
2.818421052600000110e+01 4.933421052630000077e+02
1.495000000000000000e+02 4.943333333329999846e+02
2.250000000000000000e+02 4.937857142859999726e+02
3.140000000000000000e+02 4.940000000000000000e+02
4.714285714300000052e+01 4.952857142859999726e+02
3.455714285710000127e+02 4.950714285710000127e+02
3.989375000000000000e+02 4.967500000000000000e+02
1.942142857139999990e+02 4.970000000000000000e+02
4.211000000000000227e+02 4.978999999999999773e+02
5.068636363640000013e+02 4.975909090910000145e+02
3.688636363640000013e+02 4.985909090910000145e+02
7.150000000000000000e+01 5.000000000000000000e+02
1.660833333330000130e+02 4.995833333329999846e+02
5.557857142860000295e+02 5.000000000000000000e+02
4.581000000000000227e+02 5.018999999999999773e+02
5.257857142860000295e+02 5.020000000000000000e+02
5.408636363639999445e+02 5.019545454550000159e+02
2.411666666669999870e+02 5.030000000000000000e+02
1.342142857139999990e+02 5.040000000000000000e+02
1.032500000000000000e+02 5.063500000000000227e+02
2.523823529409999935e+02 5.057941176470000073e+02
3.859347826090000240e+02 5.070652173909999760e+02
5.840000000000000000e+02 5.060000000000000000e+02
4.270000000000000284e+01 5.065000000000000000e+02
2.061764705899999939e+01 5.079117647059999854e+02
8.890000000000000568e+01 5.081000000000000227e+02
2.810000000000000000e+02 5.085000000000000000e+02
2.027857142860000010e+02 5.100000000000000000e+02
2.978846153850000178e+02 5.101153846149999822e+02
3.108846153850000178e+02 5.098846153850000178e+02
4.686538461540000071e+02 5.100384615379999786e+02
1.527272727270000132e+02 5.122272727270000132e+02
3.534499999999999886e+02 5.116000000000000227e+02
2.221153846150000106e+02 5.128846153849999610e+02
3.288636363640000013e+02 5.129545454550000159e+02
4.275000000000000000e+02 5.160000000000000000e+02
4.533000000000000114e+02 5.155000000000000000e+02
4.891315789469999800e+02 5.162894736839999723e+02
5.000000000000000000e-01 5.170000000000000000e+02
2.400000000000000000e+01 5.185000000000000000e+02
3.813750000000000000e+02 5.190000000000000000e+02
4.009705882349999797e+02 5.198529411759999448e+02
9.086842105300000583e+01 5.202368421050000507e+02
1.727500000000000000e+02 5.198333333330000414e+02
5.150000000000000000e+02 5.200000000000000000e+02
5.562142857139999705e+02 5.200000000000000000e+02
5.399615384620000214e+02 5.211923076919999858e+02
7.030952381000000173e+01 5.226428571430000147e+02
3.131470588239999984e+02 5.219705882350000365e+02
1.318846153849999894e+02 5.231153846150000390e+02
1.893750000000000000e+02 5.234375000000000000e+02
2.641153846149999822e+02 5.251153846150000390e+02
4.582894736839999723e+02 5.265000000000000000e+02
5.843095238099999733e+02 5.266428571430000147e+02
4.689999999999999858e+01 5.281000000000000227e+02
4.768684210530000200e+02 5.287631578949999493e+02
1.147222222219999992e+02 5.290000000000000000e+02
2.088846153849999894e+02 5.291153846150000390e+02
2.818500000000000227e+02 5.298500000000000227e+02
4.410000000000000000e+02 5.295000000000000000e+02
5.603666666670000041e+02 5.290333333329999732e+02
1.696999999999999886e+02 5.295000000000000000e+02
3.606052631580000138e+02 5.309210526320000554e+02
2.425000000000000000e+02 5.311470588240000552e+02
3.440333333329999732e+02 5.326333333329999959e+02
4.157857142859999726e+02 5.330000000000000000e+02
1.501875000000000000e+02 5.343750000000000000e+02
9.763157895000000863e+00 5.361315789469999800e+02
3.822777777779999724e+02 5.364444444440000552e+02
2.261315789470000084e+02 5.372894736839999723e+02
4.022500000000000000e+02 5.368333333330000414e+02
5.116818181819999722e+02 5.370454545449999841e+02
5.020000000000000000e+02 5.385000000000000000e+02
5.367500000000000000e+02 5.387500000000000000e+02
2.960333333329999732e+02 5.406333333329999959e+02
3.465789473699999945e+01 5.416578947369999923e+02
7.161764705900000649e+01 5.429117647059999854e+02
5.550000000000000000e+01 5.440000000000000000e+02
3.123461538459999929e+02 5.439615384620000214e+02
2.077142857139999990e+02 5.449285714290000442e+02
4.737105263160000277e+02 5.458684210530000200e+02
1.225499999999999972e+02 5.463999999999999773e+02
1.907500000000000000e+02 5.467500000000000000e+02
2.668999999999999773e+02 5.468999999999999773e+02
3.316818181819999722e+02 5.481818181820000291e+02
9.306250000000000000e+01 5.487500000000000000e+02
5.505526315790000353e+02 5.483421052630000077e+02
9.214285714000000738e+00 5.490000000000000000e+02
5.745000000000000000e+02 5.495000000000000000e+02
3.741000000000000227e+02 5.498999999999999773e+02
4.540000000000000000e+02 5.507857142860000295e+02
5.217142857139999705e+02 5.511428571430000147e+02
3.523666666670000041e+02 5.530333333329999732e+02
4.309117647059999854e+02 5.546176470589999781e+02
7.325000000000000000e+01 5.558333333330000414e+02
2.263181818179999993e+02 5.563181818179999709e+02
2.464499999999999886e+02 5.573999999999999773e+02
3.013666666670000041e+02 5.569666666670000268e+02
2.823888888889999862e+02 5.587777777779999724e+02
2.913157894700000128e+01 5.592894736839999723e+02
1.620000000000000000e+02 5.595000000000000000e+02
1.150454545449999983e+02 5.601363636360000555e+02
5.123461538459999929e+02 5.599615384620000214e+02
4.941470588239999984e+02 5.605588235290000512e+02
4.550000000000000000e+01 5.615000000000000000e+02
5.750000000000000000e+02 5.615000000000000000e+02
