1.283000000000000114e+02 1.100000000000000089e+00
1.446428571429999863e+02 1.428571429000000004e+00
1.820999999999999943e+02 6.999999999999999556e-01
2.667727272729999868e+02 1.227272726999999897e+00
3.860454545449999841e+02 1.863636363999999990e+00
4.153571428569999853e+02 1.428571429000000004e+00
4.372142857140000274e+02 9.285714290000000037e-01
4.975000000000000000e+02 1.346153845999999987e+00
5.460000000000000000e+02 5.000000000000000000e-01
3.218157894739999847e+02 3.342105263000000104e+00
5.302142857139999705e+02 3.000000000000000000e+00
6.583333333299999879e+01 3.388888888999999960e+00
8.509999999999999432e+01 4.900000000000000355e+00
1.031111111109999996e+02 5.166666667000000324e+00
1.666818181820000007e+02 4.681818181999999773e+00
2.016176470590000065e+02 6.088235294000000408e+00
2.457105263159999993e+02 6.500000000000000000e+00
4.443000000000000114e+02 7.000000000000000000e+00
2.907500000000000000e+02 8.250000000000000000e+00
3.473636363640000013e+02 9.181818182000000661e+00
5.090000000000000000e+02 1.000000000000000000e+01
1.560000000000000000e+02 1.268750000000000000e+01
6.328260869599999694e+01 1.363043478300000011e+01
5.565000000000000000e+02 1.300000000000000000e+01
4.491176470599999959e+01 1.438235294100000061e+01
2.270000000000000000e+02 1.450000000000000000e+01
3.709666666670000268e+02 1.463333333299999950e+01
4.672894736839999723e+02 1.450000000000000000e+01
3.113333333329999846e+02 1.538888888900000040e+01
4.866538461540000071e+02 1.603846153799999996e+01
5.711666666669999586e+02 1.616666666700000121e+01
5.500000000000000000e+00 1.750000000000000000e+01
4.024230769229999964e+02 1.819230769199999997e+01
1.893666666670000041e+02 1.896666666699999837e+01
2.645000000000000000e+02 1.930000000000000071e+01
1.115526315790000069e+02 2.034210526300000055e+01
1.297857142860000010e+02 2.100000000000000000e+01
4.983421052630000077e+02 2.165789473699999945e+01
2.096818181820000007e+02 2.231818181799999934e+01
2.458571428570000137e+02 2.178571428600000104e+01
2.951153846149999822e+02 2.211538461499999997e+01
2.283461538459999929e+02 2.303846153799999996e+01
3.793750000000000000e+02 2.237500000000000000e+01
2.810000000000000000e+02 2.421428571399999896e+01
5.126578947369999923e+02 2.434210526300000055e+01
5.281666666669999586e+02 2.441666666700000121e+01
3.461111111099999960e+01 2.483333333299999879e+01
3.285625000000000000e+02 2.518750000000000000e+01
4.150000000000000000e+02 2.500000000000000000e+01
9.500000000000000000e+01 2.621428571399999896e+01
3.529666666670000268e+02 2.763333333299999950e+01
3.730000000000000000e+02 2.700000000000000000e+01
1.733421052630000077e+02 2.834210526300000055e+01
4.391666666670000154e+02 2.850000000000000000e+01
5.430833333330000414e+02 2.875000000000000000e+01
5.779117647059999854e+02 2.938235294100000061e+01
2.549999999999999822e+00 3.039999999999999858e+01
5.306250000000000000e+01 3.175000000000000000e+01
8.377272727300000099e+01 3.300000000000000000e+01
1.510882352939999862e+02 3.238235294100000061e+01
2.860882352940000146e+02 3.338235294100000061e+01
1.390000000000000036e+01 3.510000000000000142e+01
3.089999999999999858e+01 3.489999999999999858e+01
4.710625000000000000e+02 3.587500000000000000e+01
5.700000000000000000e+02 3.650000000000000000e+01
1.115000000000000000e+02 3.700000000000000000e+01
3.936176470589999781e+02 3.708823529400000041e+01
3.375555555560000016e+02 3.872222222199999919e+01
3.596333333329999959e+02 3.796666666699999837e+01
5.275833333330000414e+02 3.816666666700000121e+01
2.629117647059999854e+02 3.961764705899999939e+01
1.915000000000000000e+02 4.014705882399999837e+01
3.236250000000000000e+02 3.962500000000000000e+01
4.100555555560000016e+02 4.038888888900000040e+01
9.285714290000000037e-01 4.121428571399999896e+01
5.660000000000000142e+01 4.379999999999999716e+01
3.860000000000000000e+02 4.300000000000000000e+01
4.798571428569999853e+02 4.328571428600000104e+01
4.280000000000000000e+02 4.350000000000000000e+01
3.011666666670000154e+02 4.525000000000000000e+01
2.165909090909999861e+02 4.640909090899999967e+01
4.496666666670000154e+02 4.722222222199999919e+01
5.072142857140000274e+02 4.700000000000000000e+01
1.315999999999999943e+02 4.854999999999999716e+01
1.715833333330000130e+02 4.900000000000000000e+01
7.900000000000000000e+01 4.921428571399999896e+01
9.300000000000000000e+01 4.900000000000000000e+01
5.171000000000000227e+02 5.056666666699999979e+01
1.180000000000000000e+02 5.100000000000000000e+01
3.296538461540000071e+02 5.096153846200000004e+01
2.519117647060000138e+02 5.361764705899999939e+01
1.680769230800000003e+01 5.442307692300000355e+01
2.748529411760000016e+02 5.450000000000000000e+01
3.641250000000000000e+02 5.406250000000000000e+01
4.743000000000000114e+02 5.400000000000000000e+01
2.043750000000000000e+02 5.556250000000000000e+01
5.606176470589999781e+02 5.491176470599999959e+01
5.457999999999999545e+02 5.639999999999999858e+01
3.261764705899999939e+01 5.691176470599999959e+01
5.733666666670000041e+02 5.696666666699999837e+01
3.060000000000000000e+02 5.778571428600000104e+01
2.276764705880000008e+02 6.067647058800000082e+01
6.580769230800000003e+01 6.103846153799999996e+01
3.425000000000000000e+02 6.100000000000000000e+01
1.570000000000000000e+02 6.221428571399999896e+01
3.917352941180000130e+02 6.373529411799999878e+01
4.383000000000000114e+02 6.400000000000000000e+01
4.200333333329999732e+02 6.563333333299999595e+01
4.536666666670000154e+02 6.500000000000000000e+01
1.234166666670000012e+02 6.566666666700000121e+01
1.390999999999999943e+02 6.590000000000000568e+01
2.591428571430000147e+02 6.671428571399999896e+01
2.847500000000000000e+02 6.583333333299999879e+01
4.870000000000000000e+02 6.650000000000000000e+01
1.866111111110000138e+02 6.766666666700000121e+01
4.046875000000000000e+02 6.700000000000000000e+01
9.737500000000000000e+01 6.737500000000000000e+01
4.728947368400000073e+01 7.050000000000000000e+01
5.570000000000000000e+02 7.000000000000000000e+01
8.934210526299999344e+01 7.165789473700000656e+01
5.096333333329999959e+02 7.096666666699999837e+01
2.019999999999999929e+01 7.234999999999999432e+01
1.735000000000000000e+02 7.250000000000000000e+01
3.152777777779999724e+02 7.200000000000000000e+01
3.805000000000000000e+02 7.300000000000000000e+01
4.708999999999999773e+02 7.336666666700000405e+01
2.112692307689999893e+02 7.434615384600000709e+01
2.311666666669999870e+02 7.283333333299999879e+01
5.458999999999999773e+02 7.409999999999999432e+01
4.387857142859999726e+02 7.500000000000000000e+01
5.238076923080000142e+02 7.557692307700000356e+01
2.742894736839999723e+02 7.686842105300000583e+01
3.527083333329999846e+02 7.991666666700000121e+01
1.462142857139999990e+02 8.200000000000000000e+01
2.843095238099999733e+02 8.235714285699999948e+01
3.080000000000000000e+02 8.200000000000000000e+01
6.361111111099999960e+01 8.316666666700000121e+01
9.850000000000000000e+01 8.400000000000000000e+01
2.481999999999999886e+02 8.534999999999999432e+01
4.890000000000000000e+02 8.578571428600000104e+01
1.782333333329999903e+02 8.783333333299999879e+01
2.005999999999999943e+02 8.720000000000000284e+01
5.131428571430000147e+02 8.771428571399999896e+01
3.211538461500000352e+01 8.788461538500000358e+01
1.172142857139999990e+02 8.900000000000000000e+01
3.931153846149999822e+02 8.911538461499999642e+01
1.651428571429999863e+02 9.021428571399999896e+01
3.192777777779999724e+02 9.000000000000000000e+01
4.217222222220000276e+02 9.000000000000000000e+01
1.383333333330000130e+02 9.041666666700000121e+01
4.565833333329999846e+02 9.116666666700000121e+01
5.607222222220000276e+02 9.100000000000000000e+01
4.616666666700000121e+01 9.325000000000000000e+01
2.143235294119999992e+02 9.373529411799999878e+01
7.518750000000000000e+01 9.568750000000000000e+01
2.701428571430000147e+02 9.528571428600000104e+01
3.333888888889999862e+02 9.577777777800000081e+01
5.066578947369999923e+02 9.565789473700000656e+01
4.847777777779999724e+02 9.638888888900000040e+01
2.418846153849999894e+02 9.811538461499999642e+01
4.497857142859999726e+02 9.850000000000000000e+01
9.588461538500000358e+01 9.911538461499999642e+01
4.190000000000000000e+02 9.921428571399999896e+01
6.485999999999999943e+01 1.007399999999999949e+02
3.837307692310000107e+02 1.002692307690000035e+02
5.345555555559999448e+02 1.006111111109999996e+02
1.676666666699999908e+01 1.011666666670000012e+02
2.950294117650000203e+02 1.011470588239999984e+02
3.568999999999999773e+02 1.010999999999999943e+02
1.995000000000000000e+02 1.042999999999999972e+02
4.686666666670000154e+02 1.042222222219999992e+02
5.251153846150000390e+02 1.038846153850000036e+02
5.503181818179999709e+02 1.043181818179999993e+02
1.086818181820000007e+02 1.063181818179999993e+02
1.581153846150000106e+02 1.058846153850000036e+02
2.758125000000000000e+02 1.064375000000000000e+02
5.812500000000000000e+02 1.065000000000000000e+02
4.383888888889999862e+02 1.101666666670000012e+02
1.752500000000000000e+02 1.111666666670000012e+02
2.366111111110000138e+02 1.111666666670000012e+02
3.917857142859999726e+02 1.120000000000000000e+02
1.330882352939999862e+02 1.133823529409999935e+02
3.088571428569999853e+02 1.127857142860000010e+02
4.863095238099999733e+02 1.135476190480000014e+02
2.531315789470000084e+02 1.139736842110000055e+02
3.330000000000000000e+02 1.140000000000000000e+02
3.442894736839999723e+02 1.148684210530000058e+02
1.044090909089999997e+02 1.155909090910000003e+02
2.181153846150000106e+02 1.148846153850000036e+02
1.227272726999999897e+00 1.167727272730000010e+02
5.665000000000000000e+02 1.157000000000000028e+02
8.050000000000000000e+01 1.165000000000000000e+02
4.096666666699999837e+01 1.206333333329999959e+02
4.532692307689999893e+02 1.211153846149999964e+02
1.589117647060000138e+02 1.226176470590000065e+02
5.425666666670000495e+02 1.229000000000000057e+02
2.821428571399999896e+01 1.240000000000000000e+02
6.400000000000000000e+01 1.240000000000000000e+02
4.177777777779999724e+02 1.246111111109999996e+02
9.884615385000000032e+00 1.248846153850000036e+02
1.137857142860000010e+02 1.250000000000000000e+02
1.961666666669999870e+02 1.258888888890000004e+02
3.658846153850000178e+02 1.258846153850000036e+02
4.805000000000000000e+02 1.245000000000000000e+02
2.502142857139999990e+02 1.270000000000000000e+02
5.115555555560000016e+02 1.276111111109999996e+02
2.279000000000000057e+02 1.280999999999999943e+02
2.808529411760000016e+02 1.285000000000000000e+02
1.688846153849999894e+02 1.292692307689999893e+02
4.350000000000000000e+02 1.287857142860000010e+02
4.714230769229999964e+02 1.292692307689999893e+02
2.661363636359999987e+02 1.295909090909999861e+02
3.800000000000000000e+02 1.295000000000000000e+02
3.050000000000000000e+02 1.317857142860000010e+02
1.386111111110000138e+02 1.333333333330000130e+02
3.245952380950000133e+02 1.342619047620000003e+02
1.883666666670000041e+02 1.349666666669999984e+02
3.546578947369999923e+02 1.354473684209999931e+02
3.967380952380000281e+02 1.361190476190000140e+02
5.342142857139999705e+02 1.348571428570000137e+02
1.546040000000000134e+02 1.417400000000000091e+02
4.990000000000000000e+02 1.365000000000000000e+02
5.720000000000000000e+02 1.360000000000000000e+02
4.492142857140000274e+02 1.370000000000000000e+02
3.438235294100000061e+01 1.390882352939999862e+02
5.461000000000000227e+02 1.389000000000000057e+02
2.155999999999999943e+02 1.409499999999999886e+02
4.617777777779999724e+02 1.413888888889999862e+02
3.837500000000000000e+02 1.425000000000000000e+02
4.176999999999999886e+02 1.415000000000000000e+02
1.150882352940000004e+02 1.436176470590000065e+02
3.216000000000000227e+02 1.431999999999999886e+02
2.036666666669999870e+02 1.445000000000000000e+02
5.175000000000000000e+02 1.447666666670000097e+02
5.150000000000000000e+01 1.456052631580000138e+02
2.402222222219999992e+02 1.462222222219999992e+02
5.643181818179999709e+02 1.457727272729999868e+02
7.671052631599999927e+01 1.468684210529999916e+02
4.835000000000000000e+02 1.476363636359999987e+02
2.557500000000000000e+02 1.490000000000000000e+02
2.936000000000000227e+02 1.493499999999999943e+02
1.750000000000000000e+02 1.492272727270000132e+02
2.799117647059999854e+02 1.493823529409999935e+02
5.338333333330000414e+02 1.487500000000000000e+02
8.913157894699999417e+01 1.512894736840000007e+02
2.015000000000000000e+02 1.523000000000000114e+02
3.383333333299999879e+01 1.532500000000000000e+02
1.285000000000000000e+02 1.540000000000000000e+02
1.432142857139999990e+02 1.550000000000000000e+02
2.610000000000000000e+02 1.546250000000000000e+02
3.637500000000000000e+02 1.549375000000000000e+02
3.976250000000000000e+02 1.543750000000000000e+02
4.308846153850000178e+02 1.558846153849999894e+02
5.106578947369999923e+02 1.573421052630000077e+02
2.795000000000000000e+02 1.572142857139999990e+02
3.434090909089999855e+02 1.581363636359999987e+02
4.180000000000000000e+02 1.580000000000000000e+02
1.591176470599999959e+01 1.596176470590000065e+02
5.971052631599999927e+01 1.598684210529999916e+02
1.173461538460000071e+02 1.600384615380000071e+02
4.478999999999999773e+02 1.605666666669999927e+02
5.464333333329999505e+02 1.605666666669999927e+02
2.398809523809999860e+02 1.635000000000000000e+02
2.062500000000000000e+00 1.642500000000000000e+02
3.661000000000000227e+02 1.649000000000000057e+02
4.649705882349999797e+02 1.658529411760000016e+02
1.583421052630000077e+02 1.663421052630000077e+02
3.127857142859999726e+02 1.670000000000000000e+02
3.846578947369999923e+02 1.678157894740000131e+02
7.756250000000000000e+01 1.687500000000000000e+02
5.340882352940000146e+02 1.686176470590000065e+02
2.762647058819999870e+02 1.692647058819999870e+02
8.814705882399999837e+01 1.699705882350000081e+02
5.670000000000000000e+02 1.700000000000000000e+02
1.916500000000000057e+02 1.731999999999999886e+02
4.947500000000000000e+02 1.727500000000000000e+02
1.388461538500000003e+01 1.728846153849999894e+02
4.026818181819999722e+02 1.733181818179999993e+02
3.258571428569999853e+02 1.747142857139999990e+02
3.441470588239999984e+02 1.739705882350000081e+02
4.555000000000000000e+02 1.740000000000000000e+02
1.451190476190000140e+02 1.757857142860000010e+02
4.385000000000000000e+02 1.755000000000000000e+02
5.105500000000000114e+02 1.754000000000000057e+02
1.080999999999999943e+02 1.769000000000000057e+02
3.087142857140000274e+02 1.768571428570000137e+02
2.137222222219999992e+02 1.780000000000000000e+02
3.858695652200000126e+01 1.799347826089999955e+02
7.000000000000000000e+01 1.805000000000000000e+02
2.971470588239999984e+02 1.805000000000000000e+02
1.953999999999999915e+01 1.830999999999999943e+02
2.460294117649999919e+02 1.821470588239999984e+02
2.635000000000000000e+02 1.823000000000000114e+02
4.173823529410000219e+02 1.820882352939999862e+02
5.454500000000000455e+02 1.835999999999999943e+02
2.000000000000000000e+00 1.840000000000000000e+02
1.781666666669999870e+02 1.852500000000000000e+02
1.181363636359999987e+02 1.855909090909999861e+02
4.500000000000000000e+02 1.866999999999999886e+02
2.750882352940000146e+02 1.876176470590000065e+02
5.610882352940000146e+02 1.868529411760000016e+02
3.474444444439999984e+02 1.883888888889999862e+02
4.736176470589999781e+02 1.880882352939999862e+02
4.868999999999999773e+02 1.880999999999999943e+02
5.226764705880000292e+02 1.886764705880000008e+02
4.377500000000000000e+02 1.888333333330000130e+02
2.280333333330000016e+02 1.916333333329999959e+02
1.977380952379999997e+02 1.928809523809999860e+02
9.485294117600000163e+01 1.929705882350000081e+02
2.183181818179999993e+02 1.926818181820000007e+02
3.685000000000000000e+02 1.935000000000000000e+02
3.835000000000000000e+02 1.933000000000000114e+02
4.791176470599999959e+01 1.946176470590000065e+02
1.341666666669999870e+02 1.946333333329999959e+02
3.201956521739999744e+02 1.951521739130000128e+02
7.690000000000000568e+01 1.960999999999999943e+02
1.602857142860000010e+02 1.968571428570000137e+02
4.032058823529999927e+02 1.970882352939999862e+02
5.058846153850000178e+02 1.978846153849999894e+02
1.880294117649999919e+02 1.998529411760000016e+02
3.059444444439999984e+02 2.013888888889999862e+02
3.733750000000000000e+02 2.021250000000000000e+02
1.451153846150000106e+02 2.028846153849999894e+02
2.840789473680000015e+02 2.033947368419999862e+02
2.420000000000000000e+02 2.040000000000000000e+02
8.500000000000000000e+00 2.060000000000000000e+02
2.120588235299999980e+01 2.062058823529999927e+02
3.472222222199999919e+01 2.065555555560000016e+02
5.631000000000000227e+02 2.060999999999999943e+02
1.048571428569999995e+02 2.075714285710000127e+02
1.260294117650000061e+02 2.090882352939999862e+02
3.615000000000000000e+02 2.088529411760000016e+02
5.300789473679999446e+02 2.083947368419999862e+02
5.438571428569999853e+02 2.077857142860000010e+02
2.168846153849999894e+02 2.098846153849999894e+02
2.636428571430000147e+02 2.103095238100000017e+02
4.240000000000000000e+02 2.093000000000000114e+02
4.491153846149999822e+02 2.101153846150000106e+02
4.975000000000000000e+02 2.096999999999999886e+02
6.137500000000000000e+01 2.106250000000000000e+02
4.683235294120000276e+02 2.109705882350000081e+02
2.031363636359999987e+02 2.119545454549999874e+02
2.757558139529999721e+02 2.170116279069999905e+02
8.397058823499999392e+01 2.138529411760000016e+02
1.641470588239999984e+02 2.145000000000000000e+02
3.389210526319999985e+02 2.146578947369999923e+02
3.928846153850000178e+02 2.141153846150000106e+02
2.425000000000000000e+02 2.155000000000000000e+02
5.815000000000000000e+02 2.145000000000000000e+02
3.218529411760000016e+02 2.160294117649999919e+02
5.150000000000000000e+01 2.180000000000000000e+02
1.320882352939999862e+02 2.183823529409999935e+02
4.139117647059999854e+02 2.186176470590000065e+02
4.826111111110000138e+02 2.182222222219999992e+02
3.758000000000000114e+02 2.204000000000000057e+02
4.365000000000000000e+02 2.203000000000000114e+02
5.115909090910000145e+02 2.198636363640000013e+02
1.137352941179999988e+02 2.222647058819999870e+02
5.678684210530000200e+02 2.227105263159999993e+02
3.091176470599999959e+01 2.236176470590000065e+02
1.830000000000000000e+02 2.245000000000000000e+02
2.967857142859999726e+02 2.240000000000000000e+02
9.100000000000000000e+01 2.250000000000000000e+02
4.610000000000000000e+02 2.252777777780000008e+02
6.786842105300000583e+01 2.267105263159999993e+02
1.482857142860000010e+02 2.281428571429999863e+02
2.778500000000000227e+02 2.285000000000000000e+02
3.496999999999999886e+02 2.275000000000000000e+02
5.227857142860000295e+02 2.280000000000000000e+02
2.561315789469999800e+02 2.295000000000000000e+02
5.476578947369999923e+02 2.293421052630000077e+02
2.115000000000000000e+02 2.311470588239999984e+02
3.373000000000000114e+02 2.305000000000000000e+02
2.306578947369999923e+02 2.336578947369999923e+02
3.964523809519999986e+02 2.331190476190000140e+02
5.011153846149999822e+02 2.328846153849999894e+02
5.815000000000000000e+02 2.325000000000000000e+02
1.800000000000000000e+01 2.352777777780000008e+02
2.593750000000000000e+02 2.368750000000000000e+02
5.821428571399999896e+01 2.370000000000000000e+02
2.060384615380000071e+02 2.383461538459999929e+02
3.710000000000000000e+02 2.380000000000000000e+02
4.621666666670000154e+02 2.387500000000000000e+02
5.633888888889999862e+02 2.397777777780000008e+02
1.711153846150000106e+02 2.398846153849999894e+02
4.476764705879999724e+02 2.405588235289999943e+02
4.251153846149999822e+02 2.408846153849999894e+02
1.191153846149999964e+02 2.421153846150000106e+02
3.525000000000000000e+02 2.423000000000000114e+02
1.450000000000000000e+02 2.435000000000000000e+02
4.741363636359999987e+02 2.425909090909999861e+02
2.920000000000000000e+02 2.445000000000000000e+02
1.005000000000000000e+02 2.449285714289999873e+02
1.905869565220000084e+02 2.462826086960000112e+02
3.141000000000000227e+02 2.449000000000000057e+02
3.300000000000000000e+01 2.467857142860000010e+02
3.794117647000000204e+00 2.487352941180000130e+02
2.803666666670000041e+02 2.479666666669999984e+02
3.740882352940000146e+02 2.486176470590000065e+02
1.610999999999999943e+02 2.490999999999999943e+02
2.105909090909999861e+02 2.504090909090000139e+02
5.308750000000000000e+02 2.510416666669999870e+02
7.638235294099999351e+01 2.510882352939999862e+02
5.161111111099999960e+01 2.520555555560000016e+02
3.995000000000000000e+02 2.520000000000000000e+02
5.181153846150000390e+02 2.531153846150000106e+02
4.922500000000000000e+02 2.542500000000000000e+02
1.078636363640000013e+02 2.544090909090000139e+02
5.770882352940000146e+02 2.553823529409999935e+02
1.343666666670000041e+02 2.560333333329999732e+02
2.416999999999999886e+02 2.580000000000000000e+02
3.379375000000000000e+02 2.582500000000000000e+02
2.587777777779999724e+02 2.596111111110000138e+02
5.548846153849999610e+02 2.588846153850000178e+02
4.182894736839999723e+02 2.601315789469999800e+02
2.150000000000000000e+01 2.618529411760000016e+02
9.766666666700000121e+01 2.612222222220000276e+02
4.548999999999999773e+02 2.608999999999999773e+02
4.852857142859999726e+02 2.610714285710000127e+02
1.730500000000000114e+02 2.626000000000000227e+02
3.102500000000000000e+02 2.626499999999999773e+02
4.383666666670000041e+02 2.630333333329999732e+02
7.085294117600000163e+01 2.645000000000000000e+02
3.270000000000000000e+02 2.640000000000000000e+02
3.663000000000000114e+02 2.650000000000000000e+02
3.896818181819999722e+02 2.653181818180000278e+02
4.687857142859999726e+02 2.650000000000000000e+02
2.345000000000000000e+02 2.673000000000000114e+02
1.938499999999999943e+02 2.687500000000000000e+02
1.208333333329999988e+02 2.698999999999999773e+02
4.959666666670000268e+02 2.696333333329999959e+02
3.542307692300000355e+01 2.708076923080000142e+02
5.298846153849999610e+02 2.708846153850000178e+02
2.881363636359999987e+02 2.715909090910000145e+02
5.590882352940000146e+02 2.726176470589999781e+02
1.660000000000000000e+02 2.730000000000000000e+02
6.150000000000000000e+01 2.743000000000000114e+02
1.455000000000000000e+02 2.753000000000000114e+02
3.568636363640000013e+02 2.744090909089999855e+02
3.940000000000000000e+02 2.750000000000000000e+02
5.418333333330000414e+02 2.754166666670000154e+02
2.210000000000000000e+02 2.760000000000000000e+02
3.804285714289999873e+02 2.761428571430000147e+02
1.013750000000000000e+02 2.778125000000000000e+02
2.415399999999999920e+02 2.783799999999999955e+02
4.597222222220000276e+02 2.770000000000000000e+02
3.422500000000000000e+02 2.788750000000000000e+02
4.785000000000000000e+02 2.805000000000000000e+02
2.000000000000000000e+02 2.812142857140000274e+02
2.755000000000000000e+02 2.813333333329999846e+02
3.028999999999999773e+02 2.811000000000000227e+02
1.600000000000000000e+01 2.827222222220000276e+02
4.256764705879999724e+02 2.825588235289999943e+02
1.705000000000000000e+02 2.840000000000000000e+02
2.666250000000000000e+02 2.826250000000000000e+02
4.081000000000000227e+02 2.835666666669999927e+02
5.176176470589999781e+02 2.829117647059999854e+02
3.199375000000000000e+02 2.851250000000000000e+02
5.761000000000000227e+02 2.851000000000000227e+02
8.400000000000000000e+01 2.865000000000000000e+02
5.800000000000000000e+01 2.872142857140000274e+02
4.438529411760000016e+02 2.870294117650000203e+02
2.261153846150000106e+02 2.878846153850000178e+02
3.578999999999999773e+02 2.888999999999999773e+02
1.430555555560000016e+02 2.916111111110000138e+02
5.568684210530000200e+02 2.912894736839999723e+02
4.950000000000000000e+02 2.917857142859999726e+02
1.158888888890000004e+02 2.938333333329999846e+02
1.345000000000000000e+02 2.945000000000000000e+02
9.223333333300000447e+01 2.958333333329999846e+02
1.590000000000000000e+02 2.955000000000000000e+02
2.662142857140000274e+02 2.950000000000000000e+02
3.058157894739999847e+02 2.960789473680000015e+02
3.990882352940000146e+02 2.966176470589999781e+02
2.901499999999999773e+02 2.975000000000000000e+02
3.690333333329999732e+02 2.976333333329999959e+02
4.713888888889999862e+02 2.972222222220000276e+02
3.418846153850000178e+02 2.991153846149999822e+02
6.970000000000000284e+01 2.995000000000000000e+02
2.132777777780000008e+02 3.004444444439999984e+02
5.661666666669999586e+02 3.004166666670000154e+02
1.208823529400000041e+01 3.013823529410000219e+02
3.100000000000000000e+01 3.010000000000000000e+02
2.516111111110000138e+02 3.025555555560000016e+02
1.922500000000000000e+02 3.037500000000000000e+02
5.442777777779999724e+02 3.030000000000000000e+02
4.305000000000000000e+02 3.040000000000000000e+02
4.530333333329999732e+02 3.056333333329999959e+02
1.037999999999999972e+02 3.073999999999999773e+02
1.708846153849999894e+02 3.081153846149999822e+02
4.883666666670000041e+02 3.079666666670000268e+02
2.290000000000000000e+02 3.090000000000000000e+02
3.477380952380000281e+02 3.108809523809999860e+02
5.189761904760000562e+02 3.108809523809999860e+02
6.603846153800000707e+01 3.106538461540000071e+02
8.365789473700000656e+01 3.113421052630000077e+02
2.603823529410000219e+02 3.110882352940000146e+02
4.091428571430000147e+02 3.117142857140000274e+02
4.232333333330000187e+02 3.115000000000000000e+02
2.813181818180000278e+02 3.137727272729999868e+02
5.587857142860000295e+02 3.143571428569999853e+02
3.000000000000000000e+00 3.160000000000000000e+02
1.550714285710000127e+02 3.165476190480000014e+02
1.862647058819999870e+02 3.162058823529999927e+02
3.251153846149999822e+02 3.158846153850000178e+02
4.565000000000000000e+02 3.157500000000000000e+02
5.044090909089999855e+02 3.165909090910000145e+02
4.413636363599999868e+01 3.165909090910000145e+02
2.128846153849999894e+02 3.181153846149999822e+02
3.865434782610000184e+02 3.188913043480000056e+02
3.028571428569999853e+02 3.187857142859999726e+02
5.792500000000000000e+02 3.207500000000000000e+02
3.370000000000000000e+02 3.222272727270000132e+02
4.791153846149999822e+02 3.219615384620000214e+02
2.244999999999999929e+01 3.232500000000000000e+02
1.178529411760000016e+02 3.230294117650000203e+02
2.276333333329999959e+02 3.231666666670000154e+02
2.409000000000000057e+02 3.228999999999999773e+02
4.437857142859999726e+02 3.240000000000000000e+02
3.184499999999999886e+02 3.277500000000000000e+02
6.700000000000000000e+01 3.282142857140000274e+02
1.736176470590000065e+02 3.279117647059999854e+02
3.687500000000000000e+02 3.281250000000000000e+02
3.987777777779999724e+02 3.283888888889999862e+02
4.968846153850000178e+02 3.278846153850000178e+02
5.250000000000000000e+02 3.277857142859999726e+02
1.425000000000000000e+02 3.295000000000000000e+02
1.787500000000000000e+01 3.307500000000000000e+02
2.671250000000000000e+02 3.317500000000000000e+02
3.867307692310000107e+02 3.316538461540000071e+02
5.461000000000000227e+02 3.308999999999999773e+02
3.868181818200000066e+01 3.323181818180000278e+02
4.188157894739999847e+02 3.324473684210000215e+02
9.650000000000000000e+01 3.330000000000000000e+02
2.077500000000000000e+02 3.341666666670000154e+02
4.533666666670000041e+02 3.345666666669999927e+02
2.382058823529999927e+02 3.356176470589999781e+02
2.952222222220000276e+02 3.353888888889999862e+02
5.098846153850000178e+02 3.351153846149999822e+02
1.570999999999999943e+02 3.368999999999999773e+02
8.161764705900000649e+01 3.382058823529999927e+02
4.681000000000000227e+02 3.381000000000000227e+02
5.617999999999999545e+02 3.386499999999999773e+02
6.611111110999999596e+00 3.417777777779999724e+02
5.416666666700000121e+01 3.415833333329999846e+02
1.822058823529999927e+02 3.428529411760000016e+02
4.895000000000000000e+02 3.440000000000000000e+02
1.983333333299999879e+01 3.447666666669999813e+02
2.283888888889999862e+02 3.454444444439999984e+02
3.491923076919999858e+02 3.449615384620000214e+02
3.661666666670000154e+02 3.452500000000000000e+02
5.486111111110000138e+02 3.451666666670000154e+02
1.450000000000000000e+02 3.460000000000000000e+02
5.791428571430000147e+02 3.472857142859999726e+02
1.216304347829999983e+02 3.487173913039999888e+02
4.058846153850000178e+02 3.477307692310000107e+02
2.857631578950000062e+02 3.498684210530000200e+02
4.415000000000000000e+02 3.493947368419999862e+02
9.300000000000000000e+01 3.520000000000000000e+02
3.287500000000000000e+02 3.521250000000000000e+02
5.318571428569999853e+02 3.522142857140000274e+02
4.163000000000000114e+02 3.525000000000000000e+02
5.058846153850000178e+02 3.528846153850000178e+02
3.340909090899999967e+01 3.541363636359999987e+02
7.797826086999999973e+01 3.545869565219999799e+02
2.546428571429999863e+02 3.551190476190000140e+02
3.038846153850000178e+02 3.542692307689999893e+02
1.359090909100000033e+01 3.555909090910000145e+02
2.073181818179999993e+02 3.546818181819999722e+02
3.843823529410000219e+02 3.555000000000000000e+02
3.625869565219999799e+02 3.570652173909999760e+02
4.506176470589999781e+02 3.560882352940000146e+02
4.709117647059999854e+02 3.583823529410000219e+02
5.609285714290000442e+02 3.590238095240000007e+02
1.599285714289999873e+02 3.595714285710000127e+02
2.731153846149999822e+02 3.591153846149999822e+02
3.326111111110000138e+02 3.603333333329999846e+02
1.810000000000000000e+02 3.610000000000000000e+02
1.116666666670000012e+02 3.630000000000000000e+02
1.239000000000000057e+02 3.618999999999999773e+02
4.039117647059999854e+02 3.656176470589999781e+02
4.821428571399999896e+01 3.660000000000000000e+02
2.015000000000000000e+02 3.688529411760000016e+02
2.799347826090000240e+02 3.686739130430000273e+02
4.983500000000000227e+02 3.691999999999999886e+02
2.376578947369999923e+02 3.696578947369999923e+02
5.161000000000000227e+02 3.688999999999999773e+02
2.195000000000000000e+02 3.700000000000000000e+02
3.673999999999999773e+02 3.704499999999999886e+02
1.402142857139999990e+02 3.710000000000000000e+02
5.406578947369999923e+02 3.713421052630000077e+02
2.625555555560000016e+02 3.722777777779999724e+02
4.301999999999999886e+02 3.723999999999999773e+02
3.568999999999999773e+02 3.731000000000000227e+02
2.450000000000000000e+01 3.740000000000000000e+02
9.075000000000000000e+01 3.741666666670000154e+02
6.391176470599999959e+01 3.763823529410000219e+02
1.525000000000000000e+02 3.760000000000000000e+02
1.726578947369999923e+02 3.763421052630000077e+02
2.970000000000000000e+02 3.770000000000000000e+02
4.502142857140000274e+02 3.770000000000000000e+02
1.177105263159999993e+02 3.805000000000000000e+02
3.889375000000000000e+02 3.807500000000000000e+02
4.695000000000000000e+02 3.805000000000000000e+02
5.280000000000000000e+02 3.800000000000000000e+02
4.931153846149999822e+02 3.811153846149999822e+02
5.645000000000000000e+02 3.815000000000000000e+02
3.318684210530000200e+02 3.827631578950000062e+02
3.115500000000000114e+02 3.833999999999999773e+02
2.424411764710000057e+02 3.843235294120000276e+02
5.642857142999999631e+00 3.856904761900000267e+02
4.082500000000000000e+02 3.857500000000000000e+02
1.358846153849999894e+02 3.861153846149999822e+02
2.025909090909999861e+02 3.861363636359999987e+02
2.315000000000000000e+02 3.865000000000000000e+02
2.731363636359999987e+02 3.874090909089999855e+02
4.213461538459999929e+02 3.880384615379999786e+02
5.120000000000000000e+02 3.882142857140000274e+02
3.500000000000000000e+01 3.892142857140000274e+02
5.660000000000000142e+01 3.905500000000000114e+02
8.050000000000000000e+01 3.895000000000000000e+02
4.431666666670000154e+02 3.907666666669999813e+02
9.131250000000000000e+01 3.921875000000000000e+02
1.670000000000000000e+02 3.920000000000000000e+02
1.650000000000000000e+01 3.933000000000000114e+02
2.914499999999999886e+02 3.936000000000000227e+02
1.825000000000000000e+02 3.945000000000000000e+02
3.780000000000000000e+02 3.945000000000000000e+02
5.472777777779999724e+02 3.960000000000000000e+02
1.495000000000000000e+02 3.975000000000000000e+02
3.611000000000000227e+02 3.985400000000000205e+02
5.715000000000000000e+02 3.980000000000000000e+02
3.162142857140000274e+02 3.995000000000000000e+02
4.853947368419999862e+02 3.995000000000000000e+02
2.520999999999999943e+02 4.001000000000000227e+02
5.075000000000000000e+02 4.003000000000000114e+02
1.170000000000000000e+02 4.005000000000000000e+02
4.140294117650000203e+02 4.021470588239999984e+02
6.192857142900000156e+01 4.044285714289999873e+02
3.333421052630000077e+02 4.046578947369999923e+02
1.312500000000000000e+02 4.057500000000000000e+02
1.918846153849999894e+02 4.048846153850000178e+02
4.627727272729999868e+02 4.054545454550000159e+02
5.194285714290000442e+02 4.057857142859999726e+02
2.318846153849999894e+02 4.072692307689999893e+02
2.968999999999999773e+02 4.068999999999999773e+02
3.955000000000000000e+02 4.070000000000000000e+02
4.360000000000000000e+02 4.072142857140000274e+02
9.023333333300000447e+01 4.088333333329999846e+02
5.800000000000000000e+02 4.085000000000000000e+02
1.790000000000000000e+02 4.090000000000000000e+02
2.174545454549999874e+02 4.127727272729999868e+02
2.700882352940000146e+02 4.126176470589999781e+02
1.070000000000000000e+02 4.157222222220000276e+02
5.379117647059999854e+02 4.156176470589999781e+02
3.653421052630000077e+02 4.163421052630000077e+02
3.787857142859999726e+02 4.155000000000000000e+02
1.710000000000000142e+01 4.171000000000000227e+02
2.916666666700000121e+01 4.163888888889999862e+02
4.372222222199999919e+01 4.170000000000000000e+02
1.617500000000000000e+02 4.171666666670000154e+02
3.058846153850000178e+02 4.168846153850000178e+02
4.476999999999999886e+02 4.176499999999999773e+02
3.361000000000000227e+02 4.191000000000000227e+02
5.550000000000000000e+02 4.187857142859999726e+02
4.099705882349999797e+02 4.208529411760000016e+02
4.780882352940000146e+02 4.206176470589999781e+02
1.194130434780000058e+02 4.220652173909999760e+02
2.357500000000000000e+02 4.210625000000000000e+02
5.110000000000000000e+02 4.210000000000000000e+02
2.813888888889999862e+02 4.221666666670000154e+02
1.460000000000000000e+02 4.227857142859999726e+02
4.172777777779999724e+02 4.235555555560000016e+02
4.873461538459999929e+02 4.230384615379999786e+02
1.975000000000000000e+02 4.235000000000000000e+02
5.732142857139999705e+02 4.240000000000000000e+02
2.532500000000000000e+02 4.249166666670000154e+02
3.214130434780000201e+02 4.259347826090000240e+02
8.300000000000000000e+01 4.270000000000000000e+02
2.685000000000000000e+02 4.277857142859999726e+02
3.548846153850000178e+02 4.288846153850000178e+02
1.866999999999999886e+02 4.310000000000000000e+02
2.548846153849999894e+02 4.318846153850000178e+02
6.039473684200000037e+01 4.329210526319999985e+02
1.698809523809999860e+02 4.337380952380000281e+02
2.207500000000000000e+02 4.328333333329999846e+02
5.301000000000000227e+02 4.328999999999999773e+02
4.297058823500000102e+01 4.348529411760000016e+02
3.918846153850000178e+02 4.341153846149999822e+02
8.000000000000000000e+01 4.350000000000000000e+02
3.496250000000000000e+02 4.343750000000000000e+02
3.842142857140000274e+02 4.350000000000000000e+02
1.095999999999999943e+02 4.368000000000000114e+02
4.239545454550000159e+02 4.358636363640000013e+02
6.000000000000000000e+00 4.370000000000000000e+02
4.390000000000000000e+02 4.370000000000000000e+02
4.532142857140000274e+02 4.370000000000000000e+02
5.107307692310000107e+02 4.373461538459999929e+02
5.468636363639999445e+02 4.364090909089999855e+02
2.963999999999999773e+02 4.395500000000000114e+02
2.024047619049999867e+02 4.416904761900000267e+02
1.487500000000000000e+02 4.421250000000000000e+02
3.237500000000000000e+02 4.426499999999999773e+02
1.288529411760000016e+02 4.429705882349999797e+02
2.513461538459999929e+02 4.429615384620000214e+02
2.740000000000000000e+02 4.427857142859999726e+02
3.670000000000000000e+02 4.432142857140000274e+02
4.694090909089999855e+02 4.435909090910000145e+02
5.353125000000000000e+02 4.428125000000000000e+02
5.575000000000000000e+02 4.437727272729999868e+02
3.068846153850000178e+02 4.448846153850000178e+02
4.945000000000000000e+02 4.452647058819999870e+02
2.910000000000000142e+01 4.468999999999999773e+02
4.513333333329999846e+02 4.476111111110000138e+02
2.304000000000000057e+02 4.483000000000000114e+02
9.158333333299999879e+01 4.498333333329999846e+02
1.637500000000000000e+02 4.501666666670000154e+02
4.072647058819999870e+02 4.512647058819999870e+02
1.802222222219999992e+02 4.523888888889999862e+02
3.381153846149999822e+02 4.518846153850000178e+02
5.200000000000000000e+01 4.537222222220000276e+02
1.398333333330000130e+02 4.535833333329999846e+02
2.196818181820000007e+02 4.563181818180000278e+02
3.538846153850000178e+02 4.568846153850000178e+02
3.944523809519999986e+02 4.576904761900000267e+02
4.965833333329999846e+02 4.578333333329999846e+02
7.820000000000000284e+01 4.588000000000000114e+02
4.269375000000000000e+02 4.622500000000000000e+02
5.407777777779999724e+02 4.623888888889999862e+02
5.598333333330000414e+02 4.625000000000000000e+02
2.668846153850000178e+02 4.631153846149999822e+02
2.043750000000000000e+01 4.642500000000000000e+02
5.160882352940000146e+02 4.643823529410000219e+02
1.147000000000000028e+02 4.645000000000000000e+02
4.775000000000000000e+02 4.648333333329999846e+02
1.993095238100000017e+02 4.663571428569999853e+02
3.052500000000000000e+02 4.661666666670000154e+02
3.679999999999999716e+01 4.678000000000000114e+02
1.477142857139999990e+02 4.681428571430000147e+02
2.886764705879999724e+02 4.683235294120000276e+02
3.346111111110000138e+02 4.689444444439999984e+02
3.675909090910000145e+02 4.681363636359999987e+02
1.675000000000000000e+02 4.692894736839999723e+02
1.230999999999999943e+02 4.701000000000000227e+02
1.798333333330000130e+02 4.702500000000000000e+02
2.467857142860000010e+02 4.696428571430000147e+02
4.695500000000000114e+02 4.706000000000000227e+02
3.942777777779999724e+02 4.710000000000000000e+02
5.308750000000000000e+02 4.717500000000000000e+02
2.251666666669999870e+02 4.727500000000000000e+02
3.737307692310000107e+02 4.731153846149999822e+02
4.135769230770000036e+02 4.741923076919999858e+02
4.405000000000000000e+02 4.746999999999999886e+02
4.933461538459999929e+02 4.750384615379999786e+02
5.611086956520000513e+02 4.757608695650000072e+02
5.996153846200000004e+01 4.766538461540000071e+02
7.850000000000000000e+01 4.766538461540000071e+02
1.000999999999999943e+02 4.781000000000000227e+02
3.542142857140000274e+02 4.785000000000000000e+02
2.732777777779999724e+02 4.800000000000000000e+02
4.758999999999999773e+02 4.808999999999999773e+02
5.700000000000000000e+02 4.815000000000000000e+02
2.010384615380000071e+02 4.816538461540000071e+02
2.428846153849999894e+02 4.831153846149999822e+02
5.108636363640000013e+02 4.824090909089999855e+02
2.172222222199999919e+01 4.860000000000000000e+02
1.131153846149999964e+02 4.857307692310000107e+02
4.788461538499999648e+01 4.868846153850000178e+02
3.148529411760000016e+02 4.890882352940000146e+02
1.595000000000000000e+02 4.885000000000000000e+02
2.915000000000000000e+02 4.891470588239999984e+02
1.477307692310000107e+02 4.897307692310000107e+02
2.108846153849999894e+02 4.897307692310000107e+02
3.347857142859999726e+02 4.901428571430000147e+02
1.865000000000000000e+02 4.909285714289999873e+02
5.281363636360000555e+02 4.905909090910000145e+02
4.071875000000000000e+02 4.926875000000000000e+02
4.256538461540000071e+02 4.920384615379999786e+02
1.347222222219999992e+02 4.938888888889999862e+02
3.615000000000000000e+02 4.940000000000000000e+02
5.895454545500000165e+01 4.948636363640000013e+02
9.720000000000000284e+01 4.953500000000000227e+02
4.500000000000000000e+02 4.950000000000000000e+02
4.970000000000000000e+02 4.960000000000000000e+02
3.919666666670000268e+02 4.976333333329999959e+02
4.665000000000000000e+02 4.975000000000000000e+02
5.190000000000000000e+02 4.990000000000000000e+02
5.471153846150000390e+02 4.991153846149999822e+02
5.756111111110000138e+02 4.996666666670000154e+02
2.470000000000000000e+02 5.000000000000000000e+02
2.740000000000000000e+02 5.000000000000000000e+02
7.555555555999999839e+00 5.012777777779999724e+02
7.426470588200000122e+01 5.012647058819999870e+02
3.703421052630000077e+02 5.015526315789999785e+02
2.274285714289999873e+02 5.018571428569999853e+02
2.881666666670000154e+02 5.024166666670000154e+02
4.825000000000000000e+02 5.031470588239999984e+02
4.013636363599999868e+01 5.034090909089999855e+02
3.042500000000000000e+02 5.038333333329999846e+02
3.473421052630000077e+02 5.064473684210000215e+02
2.236428571429999863e+02 5.082142857140000274e+02
5.330000000000000000e+02 5.090000000000000000e+02
2.210000000000000142e+01 5.098999999999999773e+02
1.979000000000000057e+02 5.101000000000000227e+02
4.207500000000000000e+02 5.098333333329999846e+02
4.394090909089999855e+02 5.101363636359999987e+02
5.529615384620000214e+02 5.111923076919999858e+02
4.035000000000000000e+02 5.127500000000000000e+02
3.260000000000000000e+02 5.125000000000000000e+02
1.465454545450000126e+02 5.142272727270000132e+02
1.681363636359999987e+02 5.137727272729999868e+02
3.793000000000000114e+02 5.140000000000000000e+02
5.021250000000000000e+02 5.148750000000000000e+02
9.218421052600000110e+01 5.169736842109999770e+02
5.972222222199999919e+01 5.174444444440000552e+02
1.162857142860000010e+02 5.171428571430000147e+02
4.150000000000000000e+01 5.208529411759999448e+02
5.500000000000000000e+00 5.215000000000000000e+02
1.883888888889999862e+02 5.213333333330000414e+02
2.540454545450000126e+02 5.211363636360000555e+02
2.420294117649999919e+02 5.228529411759999448e+02
3.095000000000000000e+02 5.230000000000000000e+02
4.359666666670000268e+02 5.246333333329999959e+02
5.292272727270000132e+02 5.253636363639999445e+02
1.425000000000000000e+02 5.261470588240000552e+02
2.691190476190000140e+02 5.277380952380000281e+02
5.528571428569999853e+02 5.272857142860000295e+02
4.531470588239999984e+02 5.279705882350000365e+02
4.704473684210000215e+02 5.282894736839999723e+02
7.134210526299999344e+01 5.296578947369999923e+02
1.015454545449999983e+02 5.298181818179999709e+02
1.646818181820000007e+02 5.293181818179999709e+02
2.088846153849999894e+02 5.291153846150000390e+02
3.337666666669999813e+02 5.298333333330000414e+02
4.092857142859999726e+02 5.288571428569999853e+02
3.559117647059999854e+02 5.303823529410000219e+02
3.738999999999999773e+02 5.298999999999999773e+02
1.718421052600000110e+01 5.320263157890000230e+02
5.043000000000000114e+02 5.310000000000000000e+02
5.759444444440000552e+02 5.313888888889999862e+02
2.285000000000000000e+02 5.328529411759999448e+02
4.948529411760000016e+02 5.325000000000000000e+02
3.177500000000000000e+02 5.335000000000000000e+02
1.213888888890000004e+02 5.342222222220000276e+02
2.839615384620000214e+02 5.336538461540000071e+02
3.990333333329999732e+02 5.363666666670000041e+02
8.721428571399999896e+01 5.370000000000000000e+02
2.975909090910000145e+02 5.371363636360000555e+02
1.805000000000000000e+02 5.381666666669999586e+02
4.762500000000000000e+01 5.386250000000000000e+02
2.530000000000000000e+02 5.412142857139999705e+02
1.409090908999999892e+00 5.421363636360000555e+02
1.520000000000000000e+02 5.417857142860000295e+02
2.727777777779999724e+02 5.446111111110000138e+02
1.940333333330000016e+02 5.456333333329999959e+02
2.183181818179999993e+02 5.453181818179999709e+02
4.253235294120000276e+02 5.456764705880000292e+02
5.363421052630000077e+02 5.463421052630000077e+02
4.669210526319999985e+02 5.483947368420000430e+02
5.148999999999999773e+02 5.478999999999999773e+02
3.436578947369999923e+02 5.494473684209999647e+02
4.402692307689999893e+02 5.487307692309999538e+02
5.632272727270000132e+02 5.492727272729999868e+02
1.374090909090000139e+02 5.504090909090000423e+02
3.687500000000000000e+02 5.511250000000000000e+02
2.448000000000000114e+02 5.536499999999999773e+02
2.960000000000000000e+02 5.527857142860000295e+02
5.060000000000000000e+02 5.535000000000000000e+02
2.550000000000000000e+01 5.545000000000000000e+02
4.504545454499999835e+01 5.543181818179999709e+02
6.600000000000000000e+01 5.537857142860000295e+02
3.883888888889999862e+02 5.547222222220000276e+02
2.017857142860000010e+02 5.550714285709999558e+02
3.078999999999999773e+02 5.552999999999999545e+02
3.261000000000000227e+02 5.552999999999999545e+02
