2.399999999999999911e+00 2.200000000000000178e+00
1.495000000000000000e+02 5.000000000000000000e-01
1.730000000000000000e+02 1.375000000000000000e+00
2.755000000000000000e+02 5.000000000000000000e-01
3.295000000000000000e+02 1.833333332999999898e+00
3.716875000000000000e+02 1.687500000000000000e+00
4.020000000000000000e+02 5.000000000000000000e-01
2.355000000000000071e+01 3.399999999999999911e+00
2.563823529410000219e+02 4.088235294000000408e+00
5.250714285709999558e+02 5.500000000000000000e+00
6.829999999999999716e+01 5.500000000000000000e+00
1.376176470590000065e+02 6.088235294000000408e+00
3.447500000000000000e+02 5.937500000000000000e+00
5.785000000000000000e+02 6.500000000000000000e+00
1.018684210530000058e+02 6.973684211000000133e+00
4.853823529410000219e+02 7.088235294000000408e+00
5.555000000000000000e+02 6.500000000000000000e+00
1.975000000000000000e+02 8.000000000000000000e+00
3.867307692310000107e+02 7.730769231000000019e+00
4.352894736839999723e+02 1.150000000000000000e+01
5.435000000000000000e+02 1.143750000000000000e+01
4.240000000000000000e+02 1.250000000000000000e+01
4.506111111110000138e+02 1.216666666699999944e+01
1.775833333330000130e+02 1.291666666699999944e+01
8.532352941199999918e+01 1.444117647100000035e+01
2.165000000000000000e+02 1.500000000000000000e+01
3.055476190480000014e+02 1.530952380999999995e+01
5.545000000000000000e+02 1.500000000000000000e+01
2.391250000000000000e+02 1.606250000000000000e+01
4.666176470589999781e+02 1.591176470599999959e+01
1.545000000000000000e+02 1.750000000000000000e+01
1.194500000000000028e+02 1.860000000000000142e+01
3.705000000000000000e+02 1.850000000000000000e+01
3.463095238099999733e+02 1.964285714300000052e+01
2.022222222199999919e+01 2.061111111099999960e+01
5.091875000000000000e+02 2.062500000000000000e+01
4.950333333329999732e+02 2.163333333299999950e+01
7.822727272699999901e+01 2.300000000000000000e+01
2.670000000000000000e+02 2.230000000000000071e+01
5.316666666669999586e+02 2.350000000000000000e+01
5.861764705899999939e+01 2.408823529400000041e+01
3.265500000000000114e+02 2.439999999999999858e+01
4.114230769229999964e+02 2.419230769199999997e+01
5.712500000000000000e+02 2.425000000000000000e+01
1.800882352939999862e+02 2.638235294100000061e+01
2.801666666670000154e+02 2.725000000000000000e+01
9.500000000000000000e+00 2.828947368400000073e+01
3.950000000000000000e+01 2.750000000000000000e+01
2.521363636359999987e+02 2.840909090899999967e+01
4.300000000000000000e+02 2.927777777800000081e+01
9.858333333299999879e+01 2.983333333299999879e+01
2.191153846150000106e+02 3.011538461499999997e+01
3.906111111110000138e+02 2.972222222199999919e+01
1.459000000000000057e+02 3.089999999999999858e+01
5.501153846150000390e+02 3.088461538500000003e+01
3.031153846149999822e+02 3.188461538500000003e+01
3.600000000000000000e+02 3.200000000000000000e+01
4.540000000000000000e+02 3.250000000000000000e+01
2.404090909090000139e+02 3.313636363599999868e+01
8.950000000000000000e+01 3.536363636400000132e+01
1.153823529409999935e+02 3.408823529400000041e+01
1.977142857139999990e+02 3.364285714300000052e+01
4.996052631580000138e+02 3.392105263199999854e+01
6.085714285699999948e+01 3.571428571399999896e+01
3.300000000000000000e+02 3.578571428600000104e+01
3.773000000000000114e+02 3.550000000000000000e+01
3.990000000000000000e+02 3.672222222199999919e+01
4.740000000000000000e+02 3.600000000000000000e+01
2.651875000000000000e+02 3.837500000000000000e+01
5.173823529410000219e+02 3.891176470599999959e+01
5.706333333329999959e+02 3.896666666699999837e+01
5.407352941179999561e+02 4.126470588200000122e+01
2.792857142900000156e+01 4.550000000000000000e+01
2.988999999999999773e+02 4.489999999999999858e+01
3.527500000000000000e+02 4.512500000000000000e+01
4.400000000000000000e+02 4.500000000000000000e+01
1.629666666669999984e+02 4.636666666699999695e+01
3.295000000000000000e+02 4.550000000000000000e+01
3.872142857140000274e+02 4.614285714300000052e+01
4.361111111099999960e+01 4.777777777800000081e+01
1.423888888889999862e+02 4.722222222199999919e+01
4.595000000000000000e+02 4.800000000000000000e+01
3.082142857140000274e+02 4.900000000000000000e+01
2.055000000000000000e+02 5.185294117600000163e+01
4.126000000000000227e+02 5.154999999999999716e+01
4.941250000000000000e+02 5.175000000000000000e+01
3.625000000000000000e+02 5.200000000000000000e+01
2.259761904759999993e+02 5.311904761899999983e+01
2.552500000000000000e+02 5.412500000000000000e+01
5.506428571430000147e+02 5.469047618999999827e+01
4.722222222000000080e+00 5.500000000000000000e+01
2.890000000000000000e+02 5.500000000000000000e+01
3.773421052630000077e+02 5.565789473699999945e+01
5.771052631599999927e+01 5.686842105299999872e+01
5.596000000000000227e+02 5.654999999999999716e+01
1.046818181820000007e+02 5.731818181799999934e+01
1.835909090909999861e+02 5.740909090899999967e+01
5.111153846149999822e+02 5.711538461500000352e+01
5.780000000000000000e+02 5.678571428600000104e+01
1.591153846150000106e+02 5.988461538499999648e+01
5.309117647059999854e+02 6.038235294100000061e+01
1.965384615400000001e+01 6.142307692300000355e+01
1.448846153849999894e+02 6.111538461500000352e+01
8.209999999999999432e+01 6.210000000000000142e+01
1.248333333329999988e+02 6.175000000000000000e+01
3.361153846149999822e+02 6.211538461500000352e+01
4.318125000000000000e+02 6.337500000000000000e+01
4.755000000000000000e+02 6.304545454499999835e+01
2.100000000000000000e+02 6.378571428600000104e+01
3.850000000000000000e+01 6.700000000000000000e+01
4.984333333330000073e+02 6.709999999999999432e+01
2.410000000000000000e+02 6.800000000000000000e+01
2.608333333329999846e+02 6.841666666700000121e+01
7.600000000000000000e+01 6.870000000000000284e+01
1.055000000000000000e+02 6.970000000000000284e+01
1.735000000000000000e+02 7.050000000000000000e+01
2.008529411760000016e+02 7.050000000000000000e+01
3.957500000000000000e+02 6.993750000000000000e+01
3.162142857140000274e+02 7.100000000000000000e+01
3.430294117650000203e+02 7.214705882399999837e+01
4.456250000000000000e+02 7.137500000000000000e+01
2.920000000000000000e+02 7.300000000000000000e+01
5.343666666670000041e+02 7.450000000000000000e+01
4.688529411760000016e+02 7.550000000000000000e+01
2.238571428570000137e+02 7.628571428600000104e+01
2.370000000000000000e+02 7.700000000000000000e+01
2.734523809519999986e+02 7.911904761899999983e+01
4.830000000000000000e+02 7.821428571399999896e+01
5.081000000000000227e+02 7.790000000000000568e+01
5.750000000000000000e+02 7.778571428600000104e+01
8.759999999999999432e+01 7.954999999999999716e+01
8.000000000000000000e+00 8.050000000000000000e+01
1.303181818179999993e+02 8.031818181799999934e+01
1.505000000000000000e+02 8.100000000000000000e+01
5.451000000000000227e+02 8.209999999999999432e+01
2.063823529409999935e+02 8.308823529400000041e+01
4.088999999999999773e+02 8.290000000000000568e+01
5.800000000000000000e+01 8.450000000000000000e+01
3.255000000000000000e+02 8.444444444399999838e+01
3.606363636359999987e+02 8.704545454499999835e+01
2.626428571430000147e+02 8.769047618999999827e+01
2.860000000000000142e+01 8.820000000000000284e+01
7.200000000000000000e+01 8.800000000000000000e+01
3.830000000000000000e+02 8.850000000000000000e+01
4.507500000000000000e+02 8.816666666700000121e+01
4.339090909089999855e+02 8.981818181799999934e+01
2.887500000000000000e+02 9.075000000000000000e+01
3.075714285710000127e+02 9.007142857099999844e+01
4.698636363640000013e+02 8.940909090899999967e+01
5.035769230770000036e+02 9.065384615399999291e+01
5.288999999999999773e+02 9.009999999999999432e+01
1.129000000000000057e+02 9.109999999999999432e+01
1.315714285710000127e+02 9.135714285699999948e+01
1.759285714289999873e+02 9.150000000000000000e+01
5.550000000000000000e+01 9.329999999999999716e+01
1.926250000000000000e+02 9.431250000000000000e+01
2.291500000000000057e+02 9.490000000000000568e+01
5.842222222220000276e+02 9.461111111099999960e+01
4.089666666670000268e+02 9.536666666700000405e+01
5.736428571430000147e+02 9.569047618999999827e+01
8.921428571399999896e+01 9.700000000000000000e+01
3.396666666699999837e+01 1.003666666670000041e+02
2.430000000000000000e+02 1.005000000000000000e+02
9.264705881999999448e+00 1.027352941179999988e+02
1.461923076920000142e+02 1.025769230770000036e+02
1.614285714289999873e+02 1.020714285709999984e+02
2.690000000000000000e+02 1.025000000000000000e+02
3.212777777779999724e+02 1.024444444439999984e+02
4.471470588239999984e+02 1.025000000000000000e+02
5.476000000000000227e+02 1.034500000000000028e+02
3.498750000000000000e+02 1.052500000000000000e+02
1.994285714289999873e+02 1.061428571430000005e+02
3.831153846149999822e+02 1.058846153850000036e+02
5.621153846150000390e+02 1.058846153850000036e+02
1.051363636359999987e+02 1.065909090910000003e+02
1.230000000000000000e+02 1.070000000000000000e+02
4.904499999999999886e+02 1.074000000000000057e+02
3.111000000000000227e+02 1.079000000000000057e+02
6.350000000000000000e+01 1.097916666670000012e+02
4.666578947369999923e+02 1.096578947370000066e+02
5.133888888889999862e+02 1.099444444439999984e+02
3.686052631580000138e+02 1.100789473680000015e+02
2.620789473680000015e+02 1.113947368420000004e+02
4.180000000000000000e+02 1.112142857139999990e+02
4.435000000000000000e+02 1.107857142860000010e+02
1.891153846150000106e+02 1.131153846149999964e+02
2.219000000000000057e+02 1.129000000000000057e+02
2.426111111110000138e+02 1.126111111109999996e+02
1.469117647060000138e+02 1.153823529409999935e+02
8.099999999999999645e+00 1.160999999999999943e+02
2.726470588200000122e+01 1.162647058820000012e+02
3.335000000000000000e+02 1.160000000000000000e+02
2.900333333329999732e+02 1.173666666670000041e+02
4.073421052630000077e+02 1.193421052629999934e+02
5.830000000000000000e+02 1.192142857139999990e+02
5.293666666670000041e+02 1.199666666669999984e+02
4.421428571399999896e+01 1.210000000000000000e+02
5.480000000000000000e+02 1.210000000000000000e+02
1.602894736840000007e+02 1.235000000000000000e+02
4.190000000000000000e+02 1.240000000000000000e+02
8.550000000000000000e+01 1.247000000000000028e+02
5.193421052630000077e+02 1.253421052629999934e+02
3.578529411760000016e+02 1.260294117650000061e+02
4.957105263160000277e+02 1.261315789469999942e+02
3.138999999999999773e+02 1.270999999999999943e+02
3.711153846149999822e+02 1.268846153850000036e+02
7.025000000000000000e+01 1.281666666669999870e+02
1.045000000000000000e+02 1.288809523809999860e+02
4.674230769229999964e+02 1.282692307689999893e+02
3.932142857140000274e+02 1.300000000000000000e+02
5.695000000000000000e+02 1.300000000000000000e+02
2.273421052630000077e+02 1.315526315790000069e+02
2.948750000000000000e+02 1.317500000000000000e+02
3.325000000000000000e+02 1.312894736840000007e+02
1.740000000000000000e+02 1.320000000000000000e+02
3.000000000000000000e+01 1.340000000000000000e+02
2.101470588239999984e+02 1.345000000000000000e+02
4.396875000000000000e+02 1.341875000000000000e+02
2.036666666700000050e+01 1.353000000000000114e+02
1.275000000000000000e+02 1.350000000000000000e+02
2.716818181819999722e+02 1.346818181820000007e+02
4.761666666670000154e+02 1.352500000000000000e+02
5.019285714289999873e+02 1.355000000000000000e+02
5.777307692309999538e+02 1.352692307689999893e+02
5.339117647059999854e+02 1.386176470590000065e+02
2.510000000000000000e+02 1.390000000000000000e+02
1.380999999999999943e+02 1.400999999999999943e+02
5.522999999999999545e+02 1.403000000000000114e+02
3.135000000000000000e+02 1.410000000000000000e+02
1.577028985510000041e+02 1.522536231880000059e+02
4.119117647059999854e+02 1.426176470590000065e+02
1.895000000000000000e+02 1.440000000000000000e+02
2.250000000000000000e+00 1.448750000000000000e+02
2.585500000000000114e+02 1.455999999999999943e+02
8.050000000000000000e+01 1.465000000000000000e+02
1.139000000000000057e+02 1.469000000000000057e+02
3.557222222220000276e+02 1.470000000000000000e+02
4.765000000000000000e+02 1.485000000000000000e+02
4.258846153850000178e+02 1.487307692310000107e+02
4.500000000000000000e+01 1.507500000000000000e+02
2.072142857139999990e+02 1.500000000000000000e+02
5.673571428569999853e+02 1.506904761899999983e+02
4.550000000000000000e+02 1.510000000000000000e+02
5.191428571430000147e+02 1.522857142860000010e+02
6.591176470599999959e+01 1.533823529409999935e+02
3.852647058819999870e+02 1.537352941180000130e+02
1.040000000000000000e+02 1.542272727270000132e+02
2.462647058819999870e+02 1.548529411760000016e+02
2.804444444439999984e+02 1.547222222219999992e+02
1.320000000000000000e+02 1.552142857139999990e+02
2.274545454549999874e+02 1.558181818179999993e+02
3.364090909089999855e+02 1.555909090909999861e+02
3.690000000000000000e+02 1.585000000000000000e+02
4.351153846149999822e+02 1.581153846150000106e+02
5.427857142860000295e+02 1.580000000000000000e+02
3.467500000000000000e+02 1.591666666669999870e+02
2.683750000000000000e+02 1.603750000000000000e+02
4.006999999999999886e+02 1.605000000000000000e+02
4.896904761900000267e+02 1.613571428570000137e+02
6.966666667000000146e+00 1.623666666670000041e+02
3.045416666670000154e+02 1.640416666669999870e+02
3.185000000000000000e+02 1.630000000000000000e+02
1.845000000000000000e+02 1.645000000000000000e+02
2.131363636359999987e+02 1.640454545450000126e+02
4.590000000000000000e+02 1.645000000000000000e+02
5.854090909090000423e+02 1.641363636359999987e+02
4.303333333300000163e+01 1.656333333329999959e+02
1.888095238100000017e+01 1.672619047620000003e+02
9.497058823499999392e+01 1.671470588239999984e+02
5.116578947369999923e+02 1.683421052630000077e+02
1.263666666670000041e+02 1.695000000000000000e+02
5.800000000000000000e+02 1.687857142860000010e+02
2.035000000000000000e+02 1.706428571429999863e+02
2.365909090909999861e+02 1.707272727270000132e+02
2.828333333329999846e+02 1.696111111110000138e+02
3.660000000000000000e+02 1.717222222219999992e+02
5.003421052630000077e+02 1.716578947369999923e+02
5.334411764709999488e+02 1.716764705880000008e+02
6.550000000000000000e+01 1.725000000000000000e+02
5.578999999999999773e+02 1.719000000000000057e+02
3.344166666670000154e+02 1.731666666669999870e+02
4.226111111110000138e+02 1.732222222219999992e+02
4.777500000000000000e+02 1.747500000000000000e+02
3.555000000000000000e+02 1.750000000000000000e+02
4.396578947369999923e+02 1.756578947369999923e+02
2.226111111110000138e+02 1.762222222219999992e+02
2.848333333329999846e+02 1.762333333329999903e+02
3.937222222220000276e+02 1.774444444439999984e+02
8.009999999999999432e+01 1.790999999999999943e+02
1.649000000000000057e+02 1.789000000000000057e+02
1.150000000000000000e+02 1.805000000000000000e+02
1.517500000000000000e+02 1.807500000000000000e+02
5.566666666999999791e+00 1.816999999999999886e+02
1.973076923100000002e+01 1.813461538459999929e+02
4.050454545449999841e+02 1.808636363640000013e+02
5.575000000000000000e+01 1.822500000000000000e+02
5.682222222220000276e+02 1.833888888889999862e+02
4.627500000000000000e+02 1.838333333330000130e+02
1.288461538500000003e+01 1.858846153849999894e+02
1.800000000000000000e+02 1.862142857139999990e+02
2.959117647059999854e+02 1.873823529409999935e+02
2.456764705880000008e+02 1.886764705880000008e+02
2.741363636359999987e+02 1.875909090909999861e+02
3.183000000000000114e+02 1.902333333329999903e+02
4.855000000000000000e+02 1.901470588239999984e+02
3.749117647059999854e+02 1.913823529409999935e+02
5.155000000000000000e+02 1.912894736840000007e+02
2.093571428570000137e+02 1.923095238100000017e+02
1.425000000000000000e+02 1.930000000000000000e+02
3.479705882349999797e+02 1.931470588239999984e+02
3.215217391299999861e+01 1.950652173910000045e+02
8.061111111099999960e+01 1.947777777780000008e+02
1.700000000000000000e+02 1.942142857139999990e+02
3.915909090910000145e+02 1.941363636359999987e+02
2.897857142859999726e+02 1.970000000000000000e+02
4.217777777779999724e+02 1.973888888889999862e+02
5.473823529410000219e+02 1.969117647060000138e+02
1.268846153850000036e+02 1.981153846150000106e+02
1.025526315790000069e+02 1.995526315790000069e+02
4.574499999999999886e+02 1.995999999999999943e+02
5.350000000000000000e+02 2.000000000000000000e+02
5.846333333329999959e+02 2.005666666669999927e+02
4.470000000000000000e+02 2.010000000000000000e+02
4.957222222220000276e+02 2.024444444439999984e+02
2.339000000000000057e+02 2.030999999999999943e+02
3.329545454550000159e+02 2.036363636359999987e+02
6.192105263199999854e+01 2.046052631580000138e+02
1.910000000000000000e+02 2.037857142860000010e+02
5.730000000000000000e+02 2.042142857139999990e+02
2.183000000000000114e+02 2.045000000000000000e+02
1.407894736799999968e+01 2.066052631580000138e+02
4.110000000000000142e+01 2.060999999999999943e+02
8.778571428600000104e+01 2.060000000000000000e+02
1.302058823529999927e+02 2.072058823529999927e+02
2.995000000000000000e+02 2.075000000000000000e+02
2.586052631580000138e+02 2.089210526319999985e+02
2.747500000000000000e+02 2.085500000000000114e+02
4.300000000000000000e+02 2.077857142860000010e+02
5.190000000000000000e+02 2.082142857139999990e+02
1.500000000000000000e+00 2.095000000000000000e+02
4.035000000000000000e+02 2.100000000000000000e+02
1.597666666670000097e+02 2.116999999999999886e+02
3.788333333329999846e+02 2.103888888889999862e+02
1.116538461539999929e+02 2.119615384619999929e+02
3.594444444439999984e+02 2.127222222219999992e+02
4.812222222220000276e+02 2.122222222219999992e+02
9.627777777800000081e+01 2.134444444439999984e+02
5.299545454550000159e+02 2.136363636359999987e+02
1.717941176470000073e+02 2.147941176470000073e+02
2.248846153849999894e+02 2.137307692310000107e+02
5.517142857139999705e+02 2.138571428570000137e+02
3.179705882349999797e+02 2.153823529409999935e+02
3.398684210530000200e+02 2.157105263159999993e+02
6.800000000000000000e+01 2.166999999999999886e+02
4.956111111110000138e+02 2.168333333330000130e+02
2.092500000000000000e+02 2.179166666669999870e+02
2.828510638299999869e+02 2.228510638299999869e+02
4.545909090910000145e+02 2.181363636359999987e+02
3.003333333300000163e+01 2.196333333329999959e+02
5.828999999999999773e+02 2.219000000000000057e+02
3.234444444439999984e+02 2.232777777780000008e+02
5.707105263160000277e+02 2.241315789470000084e+02
4.056538461540000071e+02 2.250384615380000071e+02
4.621111111110000138e+02 2.257222222219999992e+02
2.457500000000000000e+02 2.267500000000000000e+02
5.192142857139999705e+02 2.270000000000000000e+02
1.293333333330000130e+02 2.282222222219999992e+02
5.686363636400000132e+01 2.289545454549999874e+02
3.102500000000000000e+02 2.298750000000000000e+02
4.166578947369999923e+02 2.305526315790000069e+02
1.423888888889999862e+02 2.312222222219999992e+02
3.552500000000000000e+02 2.308333333330000130e+02
2.276111111110000138e+02 2.327777777780000008e+02
3.836904761900000267e+02 2.325952380950000133e+02
4.445000000000000000e+02 2.316999999999999886e+02
1.035625000000000000e+02 2.332500000000000000e+02
1.966111111110000138e+02 2.337777777780000008e+02
4.830000000000000000e+02 2.332777777780000008e+02
9.409090908999999670e+00 2.345909090909999861e+02
7.554999999999999716e+01 2.347500000000000000e+02
1.634166666669999870e+02 2.343333333330000130e+02
2.576176470589999781e+02 2.350882352939999862e+02
2.905000000000000000e+02 2.352894736840000007e+02
3.165789473699999945e+01 2.373421052630000077e+02
1.780000000000000000e+02 2.377857142860000010e+02
3.760000000000000000e+02 2.377857142860000010e+02
5.466875000000000000e+02 2.403750000000000000e+02
4.313461538459999929e+02 2.407307692310000107e+02
4.515000000000000000e+02 2.415000000000000000e+02
5.335000000000000000e+02 2.428529411760000016e+02
5.700000000000000000e+01 2.430000000000000000e+02
2.352894736840000007e+02 2.435000000000000000e+02
2.649117647059999854e+02 2.433823529409999935e+02
1.660000000000000142e+01 2.445500000000000114e+02
3.461153846149999822e+02 2.441153846150000106e+02
5.820882352940000146e+02 2.446176470590000065e+02
5.116333333329999959e+02 2.450333333330000016e+02
4.176666666700000263e+01 2.461666666669999870e+02
1.292500000000000000e+02 2.458750000000000000e+02
2.131153846150000106e+02 2.461153846150000106e+02
3.657500000000000000e+02 2.458333333330000130e+02
4.025500000000000114e+02 2.465999999999999943e+02
4.737857142859999726e+02 2.460000000000000000e+02
1.056538461539999929e+02 2.470384615380000071e+02
1.946428571429999863e+02 2.476904761899999983e+02
4.800000000000000000e+02 2.470000000000000000e+02
8.700000000000000000e+01 2.485000000000000000e+02
3.206250000000000000e+02 2.491875000000000000e+02
1.510000000000000000e+02 2.505000000000000000e+02
5.017222222220000276e+02 2.520000000000000000e+02
3.875000000000000000e+02 2.530000000000000000e+02
5.645000000000000000e+02 2.535000000000000000e+02
2.887142857140000274e+02 2.562857142859999726e+02
5.458333333330000414e+02 2.566250000000000000e+02
3.006176470589999781e+02 2.570882352940000146e+02
1.612142857139999990e+02 2.600000000000000000e+02
3.153500000000000227e+02 2.609499999999999886e+02
1.200000000000000000e+02 2.610000000000000000e+02
1.438888888900000040e+01 2.622222222220000276e+02
6.479999999999999716e+01 2.623999999999999773e+02
2.569545454550000159e+02 2.625454545449999841e+02
1.470999999999999943e+02 2.631000000000000227e+02
4.754333333330000073e+02 2.631000000000000227e+02
2.225000000000000000e+02 2.642894736839999723e+02
3.515555555560000016e+02 2.656111111110000138e+02
4.101000000000000227e+02 2.651000000000000227e+02
4.298333333329999846e+02 2.651666666670000154e+02
5.867727272729999868e+02 2.652272727270000132e+02
5.211153846150000390e+02 2.671153846149999822e+02
5.620000000000000000e+02 2.670000000000000000e+02
2.752647058819999870e+02 2.682647058819999870e+02
5.011250000000000000e+02 2.687500000000000000e+02
9.727777777800000081e+01 2.690000000000000000e+02
1.871999999999999886e+02 2.696499999999999773e+02
2.963000000000000114e+02 2.685000000000000000e+02
4.613666666670000041e+02 2.689666666670000268e+02
3.768333333329999846e+02 2.696111111110000138e+02
4.458571428569999853e+02 2.702857142859999726e+02
3.550000000000000000e+01 2.711666666670000154e+02
1.315000000000000000e+02 2.722142857140000274e+02
2.419000000000000057e+02 2.718999999999999773e+02
4.908333333329999846e+02 2.720333333329999732e+02
8.350000000000000000e+01 2.747105263160000277e+02
3.282777777779999724e+02 2.740000000000000000e+02
2.085000000000000000e+02 2.751190476190000140e+02
3.917500000000000000e+02 2.751666666670000154e+02
1.555000000000000000e+02 2.776999999999999886e+02
5.334090909090000423e+02 2.791363636359999987e+02
6.183333333299999879e+01 2.800000000000000000e+02
3.683461538459999929e+02 2.802692307689999893e+02
1.711153846150000106e+02 2.811153846149999822e+02
3.129615384620000214e+02 2.818076923080000142e+02
3.428125000000000000e+02 2.814375000000000000e+02
5.501875000000000000e+02 2.825625000000000000e+02
4.925000000000000000e+01 2.830625000000000000e+02
2.232142857139999990e+02 2.830000000000000000e+02
5.729705882350000365e+02 2.831470588239999984e+02
1.011904761899999983e+01 2.853571428569999853e+02
2.900000000000000000e+02 2.850000000000000000e+02
4.077857142859999726e+02 2.851428571430000147e+02
4.400882352940000146e+02 2.863823529410000219e+02
4.935000000000000000e+02 2.865000000000000000e+02
8.490000000000000568e+01 2.871000000000000227e+02
1.538529411760000016e+02 2.875000000000000000e+02
2.078846153849999894e+02 2.887307692310000107e+02
2.733000000000000114e+02 2.890000000000000000e+02
3.872500000000000000e+02 2.891250000000000000e+02
5.859615384620000214e+02 2.886538461540000071e+02
1.105588235289999943e+02 2.903235294120000276e+02
4.225000000000000000e+02 2.900000000000000000e+02
4.716000000000000227e+02 2.909499999999999886e+02
1.265499999999999972e+02 2.913999999999999773e+02
2.554090909090000139e+02 2.914090909089999855e+02
2.675000000000000000e+01 2.928999999999999773e+02
2.371363636359999987e+02 2.924090909089999855e+02
1.859375000000000000e+02 2.947500000000000000e+02
2.953095238099999733e+02 2.960714285710000127e+02
3.340333333329999732e+02 2.956333333329999959e+02
4.515000000000000000e+02 2.961470588239999984e+02
2.176333333329999959e+02 2.971000000000000227e+02
4.030000000000000000e+02 2.970000000000000000e+02
5.220000000000000000e+02 2.970000000000000000e+02
6.278571428600000104e+01 2.990000000000000000e+02
1.627666666670000097e+02 2.998333333329999846e+02
3.580000000000000000e+02 2.990000000000000000e+02
5.087777777779999724e+02 2.993888888889999862e+02
4.322222222199999919e+01 3.006111111110000138e+02
5.546578947369999923e+02 3.003421052630000077e+02
1.965000000000000000e+02 3.015000000000000000e+02
2.799117647059999854e+02 3.013823529410000219e+02
3.828999999999999773e+02 3.008999999999999773e+02
1.456578947369999923e+02 3.026578947369999923e+02
5.753461538459999929e+02 3.047307692310000107e+02
1.066666666699999944e+01 3.067777777779999724e+02
7.170000000000000284e+01 3.065000000000000000e+02
3.420000000000000000e+02 3.067857142859999726e+02
4.349117647059999854e+02 3.073823529410000219e+02
2.555000000000000000e+02 3.080000000000000000e+02
3.180000000000000000e+02 3.095000000000000000e+02
9.436666666700000405e+01 3.099666666670000268e+02
2.362500000000000000e+02 3.108333333329999846e+02
4.757222222220000276e+02 3.110000000000000000e+02
1.805000000000000000e+02 3.120000000000000000e+02
1.573095238100000017e+02 3.135476190480000014e+02
4.582857142859999726e+02 3.132857142859999726e+02
5.459210526320000554e+02 3.143947368419999862e+02
3.308846153850000178e+02 3.161153846149999822e+02
5.011000000000000227e+02 3.158999999999999773e+02
5.350000000000000000e+02 3.167222222220000276e+02
3.887500000000000000e+02 3.182500000000000000e+02
1.154000000000000057e+02 3.191999999999999886e+02
4.096538461540000071e+02 3.190384615379999786e+02
4.326999999999999886e+02 3.196999999999999886e+02
4.600000000000000000e+01 3.197857142859999726e+02
3.091363636359999987e+02 3.200454545449999841e+02
7.121428571399999896e+01 3.210000000000000000e+02
2.940652173909999760e+02 3.216739130430000273e+02
2.695454545500000165e+01 3.228636363640000013e+02
3.566428571430000147e+02 3.236904761900000267e+02
4.620000000000000000e+02 3.225000000000000000e+02
1.305500000000000114e+02 3.243999999999999773e+02
2.198846153849999894e+02 3.241153846149999822e+02
2.545000000000000000e+02 3.242894736839999723e+02
2.618750000000000000e+02 3.245000000000000000e+02
5.112500000000000000e+02 3.247500000000000000e+02
1.806176470590000065e+02 3.250882352940000146e+02
9.086842105300000583e+01 3.262894736839999723e+02
1.989000000000000057e+02 3.261000000000000227e+02
4.277777777999999920e+00 3.270000000000000000e+02
1.522500000000000000e+02 3.277500000000000000e+02
3.719117647059999854e+02 3.276176470589999781e+02
4.851153846149999822e+02 3.288846153850000178e+02
5.678846153849999610e+02 3.301153846149999822e+02
7.433333333299999879e+01 3.325000000000000000e+02
2.965000000000000000e+02 3.340000000000000000e+02
3.193421052630000077e+02 3.343421052630000077e+02
3.395909090910000145e+02 3.345909090910000145e+02
4.433823529410000219e+02 3.346176470589999781e+02
4.766666666700000121e+01 3.355000000000000000e+02
2.329615384619999929e+02 3.353461538459999929e+02
1.112999999999999972e+02 3.366999999999999886e+02
5.545000000000000000e+02 3.360714285710000127e+02
5.298999999999999773e+02 3.371000000000000227e+02
9.038888888900000040e+01 3.387777777779999724e+02
2.808529411760000016e+02 3.395000000000000000e+02
3.882857142859999726e+02 3.391428571430000147e+02
4.120000000000000000e+02 3.395000000000000000e+02
5.020000000000000000e+02 3.392142857140000274e+02
3.540000000000000000e+02 3.422142857140000274e+02
4.671153846149999822e+02 3.421153846149999822e+02
2.106999999999999886e+02 3.425000000000000000e+02
3.061764705899999939e+01 3.439117647059999854e+02
4.831666666670000154e+02 3.443888888889999862e+02
1.886250000000000000e+02 3.458125000000000000e+02
2.460000000000000000e+02 3.455000000000000000e+02
5.241153846150000390e+02 3.448846153850000178e+02
4.296176470589999781e+02 3.460294117650000203e+02
5.865909090909999577e+02 3.461363636359999987e+02
1.695000000000000000e+02 3.467857142859999726e+02
5.747999999999999545e+02 3.473500000000000227e+02
3.732272727270000132e+02 3.488636363640000013e+02
7.088235294000000408e+00 3.506176470589999781e+02
9.814705882399999837e+01 3.500294117650000203e+02
1.450000000000000000e+02 3.500000000000000000e+02
4.958846153850000178e+02 3.501153846149999822e+02
3.300000000000000000e+02 3.512142857140000274e+02
2.591818181819999722e+02 3.526363636359999987e+02
3.658333333329999846e+02 3.530833333329999846e+02
4.397500000000000000e+02 3.523500000000000227e+02
1.310000000000000000e+02 3.536818181819999722e+02
5.565000000000000000e+02 3.530000000000000000e+02
3.400000000000000000e+01 3.537857142859999726e+02
6.690000000000000568e+01 3.538999999999999773e+02
2.955000000000000000e+02 3.538333333329999846e+02
2.272222222219999992e+02 3.556111111110000138e+02
4.203846153799999996e+01 3.561153846149999822e+02
4.047857142859999726e+02 3.560000000000000000e+02
3.181923076919999858e+02 3.585769230770000036e+02
4.623823529410000219e+02 3.582058823529999927e+02
1.692857142860000010e+02 3.591428571430000147e+02
2.060000000000000000e+02 3.592142857140000274e+02
4.308846153850000178e+02 3.598846153850000178e+02
5.093461538459999929e+02 3.595000000000000000e+02
5.359545454550000159e+02 3.605000000000000000e+02
7.750000000000000000e+01 3.620000000000000000e+02
3.965000000000000000e+02 3.628529411760000016e+02
2.740000000000000000e+02 3.630000000000000000e+02
1.197173913040000031e+02 3.651086956519999944e+02
5.688461538499999648e+01 3.661153846149999822e+02
1.847500000000000000e+02 3.660833333329999846e+02
2.431470588239999984e+02 3.659705882349999797e+02
5.016904761900000267e+02 3.670714285710000127e+02
5.745555555559999448e+02 3.667222222220000276e+02
1.711904761899999983e+01 3.697380952380000281e+02
4.138076923080000142e+02 3.690384615379999786e+02
5.261250000000000000e+02 3.691875000000000000e+02
3.808999999999999773e+02 3.701000000000000227e+02
1.548846153849999894e+02 3.717307692310000107e+02
4.841666666670000154e+02 3.717666666669999813e+02
3.438999999999999773e+02 3.738999999999999773e+02
5.558333333330000414e+02 3.745000000000000000e+02
9.100000000000000000e+01 3.757857142859999726e+02
1.347500000000000000e+02 3.759166666670000154e+02
2.220000000000000000e+02 3.762142857140000274e+02
2.013750000000000000e+02 3.773125000000000000e+02
4.490000000000000000e+02 3.787222222220000276e+02
3.080000000000000000e+02 3.785000000000000000e+02
1.623666666670000041e+02 3.799666666670000268e+02
2.835434782610000184e+02 3.811086956519999944e+02
5.777777777779999724e+02 3.803888888889999862e+02
2.625000000000000000e+02 3.811470588239999984e+02
4.612222222220000276e+02 3.816111111110000138e+02
7.800000000000000000e+01 3.830000000000000000e+02
1.893421052630000077e+02 3.833421052630000077e+02
4.000000000000000000e+01 3.840000000000000000e+02
1.160294117650000061e+02 3.858529411760000016e+02
1.369615384619999929e+02 3.866538461540000071e+02
3.277352941180000130e+02 3.872058823529999927e+02
3.625625000000000000e+02 3.872500000000000000e+02
3.869375000000000000e+02 3.872500000000000000e+02
5.000000000000000000e-01 3.875000000000000000e+02
4.062500000000000000e+02 3.882500000000000000e+02
5.150000000000000000e+02 3.880000000000000000e+02
5.672222222199999919e+01 3.890000000000000000e+02
4.298846153850000178e+02 3.887307692310000107e+02
5.010000000000000000e+02 3.890000000000000000e+02
2.588684210530000200e+02 3.902894736839999723e+02
2.120000000000000000e+02 3.905000000000000000e+02
2.778846153850000178e+02 3.911153846149999822e+02
4.289473683999999842e+00 3.925000000000000000e+02
3.015909090910000145e+02 3.924090909089999855e+02
1.005625000000000000e+02 3.928125000000000000e+02
4.816578947369999923e+02 3.936578947369999923e+02
5.387857142860000295e+02 3.940000000000000000e+02
8.629999999999999716e+01 3.945000000000000000e+02
3.445000000000000000e+02 3.952894736839999723e+02
3.682826086960000112e+02 3.964130434780000201e+02
1.895000000000000000e+02 3.970000000000000000e+02
2.369999999999999929e+01 3.975000000000000000e+02
1.746111111110000138e+02 3.978333333329999846e+02
2.325000000000000000e+02 3.995000000000000000e+02
5.614047619049999867e+02 3.999285714289999873e+02
4.235666666669999927e+02 4.011000000000000227e+02
4.442647058819999870e+02 4.027352941180000130e+02
1.605500000000000114e+02 4.036000000000000227e+02
3.270000000000000000e+02 4.032142857140000274e+02
5.685000000000000000e+02 4.030000000000000000e+02
3.900000000000000000e+01 4.045000000000000000e+02
3.891363636359999987e+02 4.034090909089999855e+02
4.014473684210000215e+02 4.045526315789999785e+02
4.745909090910000145e+02 4.045909090910000145e+02
2.421153846150000106e+02 4.071153846149999822e+02
5.261000000000000227e+02 4.071000000000000227e+02
5.095000000000000000e+02 4.083000000000000114e+02
1.245000000000000000e+02 4.085000000000000000e+02
2.215476190480000014e+02 4.103095238099999733e+02
2.675000000000000000e+02 4.105000000000000000e+02
1.980000000000000000e+02 4.108333333329999846e+02
7.734615384600000709e+01 4.120384615379999786e+02
9.034615384600000709e+01 4.120384615379999786e+02
1.417105263159999993e+02 4.128684210530000200e+02
3.078333333329999846e+02 4.133666666670000041e+02
5.585294117600000163e+01 4.139705882349999797e+02
2.880000000000000000e+02 4.137857142859999726e+02
3.485500000000000114e+02 4.142500000000000000e+02
4.936052631580000138e+02 4.149210526319999985e+02
1.698636363640000013e+02 4.155909090910000145e+02
1.870454545450000126e+02 4.161363636359999987e+02
5.390000000000000000e+02 4.160000000000000000e+02
3.250000000000000000e+00 4.171250000000000000e+02
2.050000000000000000e+01 4.170000000000000000e+02
3.772222222220000276e+02 4.172222222220000276e+02
5.145000000000000000e+02 4.175000000000000000e+02
5.608571428569999853e+02 4.197142857140000274e+02
3.856250000000000000e+02 4.193750000000000000e+02
3.198999999999999773e+02 4.211000000000000227e+02
4.100882352940000146e+02 4.213823529410000219e+02
1.470000000000000000e+02 4.220000000000000000e+02
4.400000000000000000e+02 4.227857142859999726e+02
4.772777777779999724e+02 4.230000000000000000e+02
1.074000000000000057e+02 4.244499999999999886e+02
3.283333333299999879e+01 4.250555555560000016e+02
2.638636363640000013e+02 4.275909090910000145e+02
3.488846153850000178e+02 4.278846153850000178e+02
2.888333333329999846e+02 4.283888888889999862e+02
4.290882352940000146e+02 4.306176470589999781e+02
7.045000000000000284e+01 4.313999999999999773e+02
8.714705882399999837e+01 4.309705882349999797e+02
2.048333333330000130e+02 4.306111111110000138e+02
4.551315789469999800e+02 4.310263157890000230e+02
2.790000000000000000e+02 4.316999999999999886e+02
1.925000000000000000e+02 4.322142857140000274e+02
2.418684210529999916e+02 4.329736842109999770e+02
5.318846153849999610e+02 4.327307692310000107e+02
1.345000000000000000e+02 4.345000000000000000e+02
5.509545454550000159e+02 4.338636363640000013e+02
1.756666666699999979e+01 4.353666666670000041e+02
5.000000000000000000e+02 4.347857142859999726e+02
3.633333333329999846e+02 4.360000000000000000e+02
5.739666666670000268e+02 4.366333333329999959e+02
4.600000000000000000e+01 4.370000000000000000e+02
1.697777777780000008e+02 4.376111111110000138e+02
2.972222222220000276e+02 4.378888888889999862e+02
3.225000000000000000e+02 4.375000000000000000e+02
2.566666666670000154e+02 4.384166666670000154e+02
1.134000000000000057e+02 4.395500000000000114e+02
3.568636363640000013e+02 4.389545454550000159e+02
3.845000000000000000e+02 4.386999999999999886e+02
2.277500000000000000e+02 4.399166666670000154e+02
1.570000000000000000e+02 4.407857142859999726e+02
4.041153846149999822e+02 4.411153846149999822e+02
5.112333333330000187e+02 4.413000000000000114e+02
3.753181818180000278e+02 4.426818181819999722e+02
4.298846153850000178e+02 4.427307692310000107e+02
4.432222222220000276e+02 4.433888888889999862e+02
7.871052631599999927e+01 4.452368421049999938e+02
4.608846153850000178e+02 4.451153846149999822e+02
5.715499999999999545e+02 4.483999999999999773e+02
5.010000000000000000e+02 4.495000000000000000e+02
2.450384615380000071e+02 4.506538461540000071e+02
2.595000000000000000e+02 4.510000000000000000e+02
5.352142857139999705e+02 4.511428571430000147e+02
2.133636363640000013e+02 4.525000000000000000e+02
2.760333333329999732e+02 4.533666666670000041e+02
3.173000000000000114e+02 4.530000000000000000e+02
4.801315789469999800e+02 4.535526315789999785e+02
3.563333333300000305e+01 4.539666666670000268e+02
3.285909090910000145e+02 4.544090909089999855e+02
5.860000000000000000e+02 4.565000000000000000e+02
1.058846153850000036e+02 4.568846153850000178e+02
1.295999999999999943e+02 4.574499999999999886e+02
6.791176470599999959e+01 4.586176470589999781e+02
1.917105263159999993e+02 4.598684210530000200e+02
1.144999999999999929e+01 4.603999999999999773e+02
1.728846153849999894e+02 4.601153846149999822e+02
3.950294117650000203e+02 4.608529411760000016e+02
4.170882352940000146e+02 4.603823529410000219e+02
4.585000000000000000e+02 4.605000000000000000e+02
5.212894736839999723e+02 4.605000000000000000e+02
3.653461538459999929e+02 4.610384615379999786e+02
4.393421052630000077e+02 4.626578947369999923e+02
2.330333333330000016e+02 4.633666666670000041e+02
3.515909090910000145e+02 4.631363636359999987e+02
2.811153846149999822e+02 4.641153846149999822e+02
4.845000000000000000e+02 4.647105263160000277e+02
5.674411764709999488e+02 4.646764705879999724e+02
2.129117647060000138e+02 4.663823529410000219e+02
5.563999999999999773e+02 4.665500000000000114e+02
4.275000000000000000e+01 4.668333333329999846e+02
1.518846153849999894e+02 4.668846153850000178e+02
2.532333333329999903e+02 4.675000000000000000e+02
2.930882352940000146e+02 4.673823529410000219e+02
3.730454545449999841e+02 4.671363636359999987e+02
4.185769230770000036e+02 4.688076923080000142e+02
8.508333333299999879e+01 4.707500000000000000e+02
1.180000000000000000e+02 4.715000000000000000e+02
5.026538461540000071e+02 4.720384615379999786e+02
1.931153846150000106e+02 4.748846153850000178e+02
2.103846153799999996e+01 4.763461538459999929e+02
4.500000000000000000e+02 4.760000000000000000e+02
4.686578947369999923e+02 4.766578947369999923e+02
1.019666666669999984e+02 4.786333333329999959e+02
3.164285714289999873e+02 4.785714285710000127e+02
3.362222222220000276e+02 4.783888888889999862e+02
5.900000000000000000e+01 4.800000000000000000e+02
2.353461538459999929e+02 4.800384615379999786e+02
5.197857142860000295e+02 4.800000000000000000e+02
5.623181818179999709e+02 4.810454545449999841e+02
1.583750000000000000e+02 4.818125000000000000e+02
5.813421052630000077e+02 4.813421052630000077e+02
1.321250000000000000e+02 4.842500000000000000e+02
1.752777777780000008e+02 4.845555555560000016e+02
3.606250000000000000e+02 4.836250000000000000e+02
5.375000000000000000e+02 4.840000000000000000e+02
6.342105262999999660e+00 4.853421052630000077e+02
4.050000000000000000e+02 4.850000000000000000e+02
3.425000000000000000e+01 4.858750000000000000e+02
2.718529411760000016e+02 4.860294117650000203e+02
3.828999999999999773e+02 4.861000000000000227e+02
4.983666666670000041e+02 4.861666666670000154e+02
2.478571428570000137e+02 4.892857142859999726e+02
2.958125000000000000e+02 4.894375000000000000e+02
2.090000000000000000e+02 4.910000000000000000e+02
8.309999999999999432e+01 4.921000000000000227e+02
2.171666666669999870e+02 4.927500000000000000e+02
4.410000000000000000e+02 4.942142857140000274e+02
4.817500000000000000e+02 4.941250000000000000e+02
5.556666666699999979e+01 4.951666666670000154e+02
6.516666666700000121e+01 4.947500000000000000e+02
1.706999999999999886e+02 4.950000000000000000e+02
4.577307692310000107e+02 4.948846153850000178e+02
5.376111111110000138e+02 4.951666666670000154e+02
1.242142857139999990e+02 4.958571428569999853e+02
1.542272727270000132e+02 4.956818181819999722e+02
3.200000000000000000e+02 4.960000000000000000e+02
2.555000000000000000e+02 4.980000000000000000e+02
4.017222222220000276e+02 4.980000000000000000e+02
5.622142857139999705e+02 4.980000000000000000e+02
3.484166666670000154e+02 4.996666666670000154e+02
5.003461538459999929e+02 4.989615384620000214e+02
1.872142857139999990e+02 5.006428571430000147e+02
4.217857142859999726e+02 5.020000000000000000e+02
1.420000000000000000e+02 5.035000000000000000e+02
3.120000000000000000e+02 5.025000000000000000e+02
3.641666666670000154e+02 5.035833333329999846e+02
5.795555555559999448e+02 5.052777777779999724e+02
1.018809523810000002e+02 5.062619047619999719e+02
2.416538461540000071e+02 5.060384615379999786e+02
3.856428571430000147e+02 5.063095238099999733e+02
5.203461538459999929e+02 5.064230769229999964e+02
2.061764705899999939e+01 5.079117647059999854e+02
2.736428571430000147e+02 5.085714285710000127e+02
2.941666666670000154e+02 5.084166666670000154e+02
8.809999999999999432e+01 5.101000000000000227e+02
2.082500000000000000e+02 5.098750000000000000e+02
4.700000000000000000e+02 5.100000000000000000e+02
1.581190476190000140e+02 5.117380952380000281e+02
4.465000000000000000e+02 5.120000000000000000e+02
1.722692307689999893e+02 5.131153846150000390e+02
4.511538461500000352e+01 5.142692307690000462e+02
1.250999999999999943e+02 5.141000000000000227e+02
4.023421052630000077e+02 5.143421052630000077e+02
4.342142857140000274e+02 5.140000000000000000e+02
4.880882352940000146e+02 5.156176470589999781e+02
5.600333333329999732e+02 5.176333333329999959e+02
9.265789473700000656e+01 5.186578947369999923e+02
1.943823529409999935e+02 5.180882352940000146e+02
3.250000000000000000e+01 5.197352941179999561e+02
2.280000000000000000e+02 5.190000000000000000e+02
3.328333333329999846e+02 5.186111111110000138e+02
3.546052631580000138e+02 5.200789473679999446e+02
5.335909090909999577e+02 5.198636363639999445e+02
7.225000000000000000e+01 5.214500000000000455e+02
2.575909090910000145e+02 5.218636363639999445e+02
3.160000000000000000e+02 5.220000000000000000e+02
5.150000000000000000e+02 5.220555555559999448e+02
3.860000000000000000e+02 5.252142857139999705e+02
4.635526315789999785e+02 5.253421052630000077e+02
2.413666666670000041e+02 5.260333333329999732e+02
4.843666666670000041e+02 5.279666666670000268e+02
5.850000000000000000e+02 5.285000000000000000e+02
3.675500000000000114e+02 5.293999999999999773e+02
5.300000000000000000e+01 5.302142857139999705e+02
2.825000000000000000e+02 5.305000000000000000e+02
4.212142857140000274e+02 5.310000000000000000e+02
1.180000000000000000e+02 5.322777777779999724e+02
7.500000000000000000e+00 5.335000000000000000e+02
2.910000000000000000e+02 5.342142857139999705e+02
2.280000000000000000e+02 5.350000000000000000e+02
5.538333333330000414e+02 5.347666666669999813e+02
1.670000000000000000e+02 5.360000000000000000e+02
2.130833333330000130e+02 5.357500000000000000e+02
3.500000000000000000e+02 5.357857142860000295e+02
4.421666666670000154e+02 5.369666666670000268e+02
3.878999999999999773e+02 5.388999999999999773e+02
5.136111111110000138e+02 5.391666666669999586e+02
1.462142857139999990e+02 5.400000000000000000e+02
5.316176470589999781e+02 5.399117647059999854e+02
7.025000000000000000e+01 5.409375000000000000e+02
1.825000000000000000e+02 5.415000000000000000e+02
3.164999999999999858e+01 5.427500000000000000e+02
2.608999999999999773e+02 5.418999999999999773e+02
1.220000000000000000e+02 5.435000000000000000e+02
3.045000000000000000e+02 5.427000000000000455e+02
4.959666666670000268e+02 5.436333333329999959e+02
4.030000000000000000e+02 5.442142857139999705e+02
5.321428571399999896e+01 5.455000000000000000e+02
4.745500000000000114e+02 5.463999999999999773e+02
3.278684210530000200e+02 5.472894736839999723e+02
2.095000000000000000e+02 5.487666666669999813e+02
9.300000000000000000e+01 5.490000000000000000e+02
5.288999999999999773e+02 5.491000000000000227e+02
3.775000000000000000e+02 5.500714285709999558e+02
4.235000000000000000e+02 5.508529411759999448e+02
5.745000000000000000e+02 5.505000000000000000e+02
2.311153846150000106e+02 5.511153846150000390e+02
4.532142857140000274e+02 5.510000000000000000e+02
2.450000000000000000e+02 5.520000000000000000e+02
5.524500000000000455e+02 5.528999999999999773e+02
2.987500000000000000e+01 5.537500000000000000e+02
3.585555555560000016e+02 5.542777777779999724e+02
1.258333333300000056e+01 5.548333333330000414e+02
8.000000000000000000e+01 5.550000000000000000e+02
3.353823529410000219e+02 5.560882352940000146e+02
1.573666666670000041e+02 5.568333333330000414e+02
2.750000000000000000e+02 5.590000000000000000e+02
1.352777777780000008e+02 5.600000000000000000e+02
1.751666666669999870e+02 5.598333333330000414e+02
3.201363636359999987e+02 5.604090909090000423e+02
5.060000000000000000e+02 5.611666666669999586e+02
1.200000000000000000e+02 5.615000000000000000e+02
