8.650000000000000000e+01 5.000000000000000000e-01
1.071363636359999987e+02 1.590909091000000108e+00
1.725000000000000000e+02 6.666666669999999906e-01
2.270000000000000000e+02 8.333333330000000094e-01
2.417777777780000008e+02 2.388888888999999960e+00
2.976000000000000227e+02 1.199999999999999956e+00
3.091000000000000227e+02 2.100000000000000089e+00
3.345000000000000000e+02 5.000000000000000000e-01
4.680000000000000000e+02 1.250000000000000000e+00
5.485000000000000000e+02 8.750000000000000000e-01
5.673333333330000414e+02 8.333333330000000094e-01
4.039705882349999797e+02 3.852941175999999857e+00
5.028000000000000114e+02 4.099999999999999645e+00
1.305000000000000000e+02 4.000000000000000000e+00
1.168181818200000066e+01 6.318181818000000227e+00
3.325000000000000000e+02 5.500000000000000000e+00
4.845000000000000000e+02 5.852941175999999857e+00
2.700000000000000000e+01 6.722222222000000080e+00
5.511538461500000352e+01 6.115384614999999968e+00
1.603750000000000000e+02 6.187500000000000000e+00
5.610454545449999841e+02 6.863636364000000434e+00
2.016176470590000065e+02 8.088235294000000408e+00
3.665000000000000000e+02 8.791666666999999435e+00
7.350000000000000000e+01 8.500000000000000000e+00
2.757352941180000130e+02 1.073529411800000055e+01
3.483823529410000219e+02 9.911764705999999592e+00
1.044523809519999986e+02 1.111904761899999983e+01
1.392777777780000008e+02 1.144444444400000016e+01
5.874500000000000455e+02 1.125000000000000000e+01
2.180294117649999919e+02 1.385294117599999986e+01
5.230000000000000000e+02 1.278571428599999926e+01
5.377000000000000455e+02 1.583333333300000056e+01
2.582222222220000276e+02 1.638888888900000040e+01
4.188750000000000000e+02 1.625000000000000000e+01
4.399705882349999797e+02 1.685294117600000163e+01
1.748846153849999894e+02 1.788461538500000003e+01
3.073095238099999733e+02 1.935714285699999948e+01
4.545000000000000000e+02 1.850000000000000000e+01
4.728750000000000000e+02 1.925000000000000000e+01
5.100000000000000000e+02 1.878571428600000104e+01
1.596176470590000065e+02 1.991176470599999959e+01
3.936666666670000154e+02 2.000000000000000000e+01
9.250000000000000000e+01 2.100000000000000000e+01
3.495454545449999841e+02 2.163636363599999868e+01
3.778999999999999773e+02 2.110000000000000142e+01
7.650000000000000000e+01 2.250000000000000000e+01
6.139473684200000037e+01 2.350000000000000000e+01
3.288529411760000016e+02 2.350000000000000000e+01
1.671052631599999927e+01 2.486842105299999872e+01
2.400000000000000000e+02 2.400000000000000000e+01
5.589705882350000365e+02 2.485294117600000163e+01
2.900000000000000000e+02 2.700000000000000000e+01
3.906250000000000000e+02 2.662500000000000000e+01
4.987142857140000274e+02 2.685714285699999948e+01
1.196666666670000012e+02 2.822222222199999919e+01
2.700000000000000000e+02 2.900000000000000000e+01
4.168333333329999846e+02 2.875000000000000000e+01
1.425000000000000000e+02 3.000000000000000000e+01
1.820789473680000015e+02 3.060526315799999963e+01
5.312500000000000000e+02 3.008333333299999879e+01
5.788529411759999448e+02 3.102941176499999898e+01
1.019166666670000012e+02 3.175000000000000000e+01
4.278684210530000200e+02 3.228947368400000073e+01
8.642857143000000519e+00 3.369047618999999827e+01
2.515999999999999943e+02 3.310000000000000142e+01
3.127857142859999726e+02 3.300000000000000000e+01
4.551666666670000154e+02 3.350000000000000000e+01
5.581428571430000147e+02 3.328571428600000104e+01
5.117105263160000277e+02 3.586842105299999872e+01
2.029666666669999984e+02 3.636666666699999695e+01
2.363181818179999993e+02 3.631818181799999934e+01
3.625833333329999846e+02 3.616666666700000121e+01
4.200000000000000000e+01 3.629999999999999716e+01
6.500000000000000000e+01 3.800000000000000000e+01
1.147352941179999988e+02 3.926470588200000122e+01
2.221153846150000106e+02 3.888461538499999648e+01
3.340000000000000000e+02 4.150000000000000000e+01
4.081000000000000227e+02 4.089999999999999858e+01
2.694444444439999984e+02 4.227777777800000081e+01
5.746111111110000138e+02 4.255555555600000162e+01
3.840000000000000000e+02 4.300000000000000000e+01
5.240000000000000000e+02 4.350000000000000000e+01
2.786363636400000132e+01 4.359090909100000033e+01
4.745000000000000000e+02 4.444444444399999838e+01
4.689999999999999858e+01 4.510000000000000142e+01
1.679000000000000057e+02 4.510000000000000142e+01
3.031000000000000227e+02 4.589999999999999858e+01
2.295000000000000000e+02 4.750000000000000000e+01
9.050000000000000000e+01 4.863636363599999868e+01
2.060000000000000000e+02 4.850000000000000000e+01
4.960000000000000000e+02 4.821428571399999896e+01
1.000000000000000000e+01 4.950000000000000000e+01
3.470000000000000000e+02 4.900000000000000000e+01
3.115909090910000145e+02 5.186363636400000132e+01
3.295909090910000145e+02 5.213636363599999868e+01
3.714333333330000073e+02 5.223333333299999737e+01
5.455000000000000000e+02 5.250000000000000000e+01
1.464473684209999931e+02 5.465789473699999945e+01
5.120000000000000000e+02 5.421428571399999896e+01
4.140000000000000000e+02 5.527777777800000081e+01
1.054090909089999997e+02 5.586363636400000132e+01
4.464090909089999855e+02 5.613636363599999868e+01
1.814090909090000139e+02 5.740909090899999967e+01
2.911000000000000227e+02 5.789999999999999858e+01
3.935833333329999846e+02 5.816666666700000121e+01
4.681470588239999984e+02 5.850000000000000000e+01
2.605000000000000000e+02 5.900000000000000000e+01
3.430000000000000000e+02 6.050000000000000000e+01
3.742647058819999870e+02 6.173529411799999878e+01
5.565909090909999577e+02 6.159090909100000033e+01
6.350000000000000000e+01 6.228947368400000073e+01
9.012500000000000000e+01 6.575000000000000000e+01
4.855000000000000000e+02 6.450000000000000000e+01
5.888846153849999610e+02 6.488461538500000358e+01
2.857142857099999844e+01 6.614285714300000052e+01
5.065789473699999945e+01 6.634210526299999344e+01
4.302500000000000000e+02 6.606250000000000000e+01
5.270333333329999732e+02 6.636666666700000405e+01
5.655000000000000000e+02 6.650000000000000000e+01
3.196333333329999959e+02 6.703333333300000163e+01
1.220833333329999988e+02 6.758333333299999879e+01
1.429000000000000057e+02 6.956666666700000690e+01
2.717307692310000107e+02 6.880769230800000003e+01
4.987142857140000274e+02 6.914285714300000052e+01
1.680000000000000000e+02 7.000000000000000000e+01
2.370000000000000000e+02 7.170000000000000284e+01
2.033235294119999992e+02 7.244117647100000568e+01
1.121666666670000012e+02 7.238888888900000040e+01
2.165000000000000000e+02 7.278571428600000104e+01
3.963421052630000077e+02 7.334210526299999344e+01
4.696176470589999781e+02 7.338235294099999351e+01
5.740333333329999732e+02 7.436666666700000405e+01
5.905000000000000000e+02 7.450000000000000000e+01
8.050000000000000000e+01 7.625000000000000000e+01
1.345769230770000036e+02 7.580769230800000003e+01
4.518333333329999846e+02 7.538888888900000040e+01
1.731111111110000138e+02 7.772222222199999919e+01
3.487500000000000000e+02 7.825000000000000000e+01
3.000000000000000000e+02 8.000000000000000000e+01
5.331250000000000000e+02 8.025000000000000000e+01
1.285294117599999986e+01 8.150000000000000000e+01
6.150000000000000000e+01 8.200000000000000000e+01
3.693260869569999727e+02 8.319565217400000279e+01
5.188846153849999610e+02 8.211538461499999642e+01
3.266764705879999724e+02 8.491176470599999959e+01
9.059999999999999432e+01 8.545000000000000284e+01
2.846578947369999923e+02 8.565789473700000656e+01
4.481153846149999822e+02 8.588461538500000358e+01
5.480000000000000000e+02 8.600000000000000000e+01
2.238846153849999894e+02 8.788461538500000358e+01
2.370000000000000000e+02 8.700000000000000000e+01
4.148999999999999773e+02 8.790000000000000568e+01
4.857857142859999726e+02 8.900000000000000000e+01
3.525000000000000000e+01 9.075000000000000000e+01
3.900789473680000015e+02 9.160526315799999963e+01
5.055000000000000000e+02 9.200000000000000000e+01
7.829999999999999716e+01 9.259999999999999432e+01
1.293571428570000137e+02 9.357142857099999844e+01
1.557857142860000010e+02 9.300000000000000000e+01
2.551666666669999870e+02 9.337500000000000000e+01
3.175000000000000000e+02 9.300000000000000000e+01
4.652692307689999893e+02 9.411538461499999642e+01
2.066176470590000065e+02 9.491176470599999959e+01
4.040333333329999732e+02 9.763333333299999595e+01
5.733999999999999773e+02 9.754999999999999716e+01
1.081875000000000000e+02 9.837500000000000000e+01
3.010882352940000146e+02 9.861764705900000649e+01
1.771428571429999863e+02 9.921428571399999896e+01
5.241153846150000390e+02 9.911538461499999642e+01
4.340000000000000000e+02 1.007727272730000010e+02
3.603333333300000163e+01 1.013666666670000041e+02
8.750000000000000000e+01 1.020000000000000000e+02
1.888571428570000137e+02 1.027142857139999990e+02
2.525000000000000000e+02 1.015000000000000000e+02
3.250294117650000203e+02 1.026176470590000065e+02
1.425909090909999861e+02 1.041363636359999987e+02
5.768181818200000066e+01 1.046818181820000007e+02
2.248684210529999916e+02 1.057105263159999993e+02
2.808846153850000178e+02 1.048846153850000036e+02
3.938333333329999846e+02 1.052500000000000000e+02
1.138235294100000061e+01 1.060882352940000004e+02
3.530882352940000146e+02 1.063823529409999935e+02
4.871470588239999984e+02 1.085000000000000000e+02
5.123888888889999862e+02 1.099444444439999984e+02
5.482894736839999723e+02 1.098684210530000058e+02
6.767391304299999888e+01 1.115000000000000000e+02
1.621153846150000106e+02 1.111153846149999964e+02
4.541153846149999822e+02 1.108846153850000036e+02
1.084090909089999997e+02 1.118636363640000013e+02
3.648529411760000016e+02 1.119705882349999939e+02
4.711250000000000000e+02 1.135000000000000000e+02
2.636666666670000154e+02 1.147777777780000008e+02
3.068999999999999773e+02 1.150999999999999943e+02
5.897222222220000276e+02 1.153888888890000004e+02
3.500000000000000000e+01 1.160000000000000000e+02
2.043666666670000041e+02 1.160333333330000016e+02
4.228846153850000178e+02 1.161153846149999964e+02
1.189615384619999929e+02 1.173461538460000071e+02
2.246333333329999959e+02 1.169666666669999984e+02
5.681363636360000555e+02 1.165909090910000003e+02
4.512142857140000274e+02 1.176428571430000005e+02
4.099117647059999854e+02 1.216176470590000065e+02
2.424000000000000057e+02 1.217999999999999972e+02
2.923421052630000077e+02 1.225526315790000069e+02
1.870000000000000000e+02 1.227857142860000010e+02
1.700000000000000000e+01 1.242142857139999990e+02
3.428846153850000178e+02 1.241153846149999964e+02
4.935000000000000000e+02 1.245000000000000000e+02
5.360000000000000000e+02 1.250000000000000000e+02
5.701153846150000390e+02 1.258846153850000036e+02
5.563333333300000305e+01 1.269666666669999984e+02
1.453421052630000077e+02 1.274473684209999931e+02
1.724951100240000130e+02 1.487273838630000000e+02
3.221666666670000154e+02 1.297500000000000000e+02
3.585500000000000114e+02 1.295999999999999943e+02
2.380000000000000000e+02 1.305000000000000000e+02
3.799615384620000214e+02 1.306538461540000071e+02
6.850000000000000000e+01 1.315000000000000000e+02
1.689210526319999985e+02 1.323947368419999862e+02
3.942142857140000274e+02 1.330000000000000000e+02
5.520000000000000000e+02 1.335000000000000000e+02
3.662500000000000000e+01 1.341875000000000000e+02
8.895454545500000165e+01 1.341363636359999987e+02
4.624333333330000073e+02 1.340999999999999943e+02
1.588461538500000003e+01 1.351153846150000106e+02
2.585000000000000000e+02 1.350000000000000000e+02
4.241000000000000227e+02 1.350999999999999943e+02
1.115000000000000000e+02 1.365000000000000000e+02
5.194473684209999647e+02 1.363421052630000077e+02
1.475666666669999927e+02 1.373000000000000114e+02
2.733181818180000278e+02 1.366818181820000007e+02
2.919117647059999854e+02 1.373823529409999935e+02
4.428999999999999773e+02 1.370999999999999943e+02
2.125476190480000014e+02 1.383095238100000017e+02
3.312894736839999723e+02 1.388684210529999916e+02
1.300000000000000000e+02 1.392142857139999990e+02
5.043666666670000041e+02 1.389666666669999984e+02
4.808999999999999773e+02 1.410999999999999943e+02
1.729000000000000057e+02 1.420999999999999943e+02
1.991666666669999870e+02 1.452333333329999903e+02
5.871153846150000390e+02 1.448846153849999894e+02
4.145526315789999785e+02 1.465526315790000069e+02
5.620000000000000000e+02 1.460000000000000000e+02
8.147058824000000143e+00 1.470294117649999919e+02
4.580000000000000000e+02 1.472142857139999990e+02
3.653888888889999862e+02 1.484444444439999984e+02
5.380000000000000000e+02 1.490000000000000000e+02
3.167857142859999726e+02 1.500000000000000000e+02
4.428947368400000073e+01 1.511315789470000084e+02
4.335000000000000000e+02 1.513000000000000114e+02
8.763636363599999868e+01 1.530454545450000126e+02
2.090000000000000000e+02 1.520000000000000000e+02
5.280625000000000000e+02 1.527500000000000000e+02
2.600000000000000000e+02 1.532777777780000008e+02
1.200000000000000000e+02 1.565000000000000000e+02
2.908750000000000000e+02 1.567500000000000000e+02
3.415000000000000000e+02 1.575000000000000000e+02
4.418999999999999773e+02 1.569000000000000057e+02
4.699210526319999985e+02 1.569210526319999985e+02
4.909545454550000159e+02 1.573636363640000013e+02
1.075000000000000000e+02 1.585000000000000000e+02
1.348846153849999894e+02 1.581153846150000106e+02
2.452500000000000000e+02 1.589000000000000057e+02
8.333333330000000094e-01 1.578333333330000130e+02
6.730952381000000173e+01 1.595476190480000014e+02
3.932500000000000000e+02 1.595625000000000000e+02
2.296111111110000138e+02 1.610555555560000016e+02
3.711428571430000147e+02 1.617142857139999990e+02
5.774090909090000423e+02 1.614090909090000139e+02
3.565000000000000000e+02 1.616999999999999886e+02
5.460000000000000000e+02 1.622142857139999990e+02
2.064999999999999858e+01 1.641999999999999886e+02
2.175000000000000000e+02 1.626999999999999886e+02
1.915000000000000000e+02 1.645000000000000000e+02
4.928999999999999773e+02 1.646999999999999886e+02
1.291176470599999959e+01 1.663823529409999935e+02
2.712142857140000274e+02 1.655000000000000000e+02
3.083571428569999853e+02 1.666904761899999983e+02
3.988461538499999648e+01 1.668846153849999894e+02
4.088636363640000013e+02 1.689545454549999874e+02
6.535714285699999948e+01 1.706904761899999983e+02
2.853750000000000000e+02 1.703750000000000000e+02
5.199375000000000000e+02 1.708750000000000000e+02
2.412272727270000132e+02 1.730000000000000000e+02
5.538750000000000000e+02 1.732500000000000000e+02
2.009210526319999985e+02 1.752368421049999938e+02
3.215769230770000036e+02 1.741923076920000142e+02
4.630882352940000146e+02 1.746176470590000065e+02
5.377500000000000000e+02 1.747500000000000000e+02
1.711250000000000000e+02 1.757500000000000000e+02
1.251923076920000000e+02 1.765769230770000036e+02
3.709117647059999854e+02 1.766176470590000065e+02
8.021428571399999896e+01 1.770000000000000000e+02
9.330952381000000173e+01 1.774523809519999986e+02
4.297777777779999724e+02 1.773888888889999862e+02
5.041190476190000140e+02 1.773571428570000137e+02
4.460000000000000000e+02 1.787222222219999992e+02
4.795500000000000114e+02 1.785999999999999943e+02
5.770555555559999448e+02 1.793888888889999862e+02
2.253823529409999935e+02 1.800882352939999862e+02
2.880000000000000000e+02 1.797857142860000010e+02
1.825000000000000000e+01 1.818333333330000130e+02
5.450000000000000000e+01 1.825000000000000000e+02
1.126176470590000065e+02 1.829117647060000138e+02
3.960000000000000000e+02 1.830000000000000000e+02
4.121153846149999822e+02 1.828846153849999894e+02
3.394166666670000154e+02 1.841666666669999870e+02
1.436578947369999923e+02 1.863421052630000077e+02
6.000000000000000000e+00 1.872142857139999990e+02
3.582500000000000000e+02 1.871250000000000000e+02
4.637142857140000274e+02 1.875714285710000127e+02
3.230000000000000000e+02 1.875000000000000000e+02
8.216666666700000121e+01 1.901666666669999870e+02
3.073333333329999846e+02 1.913888888889999862e+02
1.550000000000000000e+01 1.916999999999999886e+02
1.910000000000000000e+02 1.920000000000000000e+02
2.112619047620000003e+02 1.951190476190000140e+02
3.547777777779999724e+02 1.956111111110000138e+02
5.213421052630000077e+02 1.953421052630000077e+02
5.697105263160000277e+02 1.958684210529999916e+02
1.245909090910000003e+02 1.961363636359999987e+02
2.543823529409999935e+02 1.960882352939999862e+02
2.790000000000000000e+02 1.955000000000000000e+02
2.906333333329999959e+02 1.960333333330000016e+02
3.758684210530000200e+02 1.967105263159999993e+02
4.613571428569999853e+02 1.967857142860000010e+02
5.000000000000000000e-01 1.970000000000000000e+02
1.430000000000000000e+02 1.975000000000000000e+02
4.857500000000000000e+02 1.977500000000000000e+02
3.276923076900000353e+01 1.984615384619999929e+02
1.730000000000000000e+02 1.982142857139999990e+02
5.343571428569999853e+02 1.982142857139999990e+02
3.991999999999999886e+02 2.004000000000000057e+02
4.441666666670000154e+02 2.002500000000000000e+02
5.500789473679999446e+02 2.003947368419999862e+02
2.382142857139999990e+02 2.010000000000000000e+02
4.288999999999999773e+02 2.010999999999999943e+02
1.085000000000000000e+02 2.050000000000000000e+02
3.307173913039999888e+02 2.065869565220000084e+02
5.013823529410000219e+02 2.070882352939999862e+02
6.471052631599999927e+01 2.081315789470000084e+02
2.283181818179999993e+02 2.076818181820000007e+02
5.726333333329999959e+02 2.079666666669999984e+02
2.600000000000000000e+01 2.095000000000000000e+02
5.148846153849999610e+02 2.098846153849999894e+02
1.332058823529999927e+02 2.112647058819999870e+02
1.608846153849999894e+02 2.108846153849999894e+02
2.635000000000000000e+02 2.115000000000000000e+02
2.782599999999999909e+02 2.116999999999999886e+02
3.016499999999999773e+02 2.128000000000000114e+02
1.975526315790000069e+02 2.131842105259999869e+02
8.657692307700000356e+01 2.138846153849999894e+02
4.650000000000000000e+01 2.160000000000000000e+02
3.243823529410000219e+02 2.166176470590000065e+02
4.101315789469999800e+02 2.160263157889999945e+02
1.157142857139999990e+02 2.171428571429999863e+02
2.300000000000000000e+02 2.170000000000000000e+02
5.559666666670000268e+02 2.176333333329999959e+02
3.851363636359999987e+02 2.180454545450000126e+02
7.346153845999999987e+00 2.204230769229999964e+02
2.136818181820000007e+02 2.203181818179999993e+02
4.304166666670000154e+02 2.203333333330000130e+02
4.801999999999999886e+02 2.206500000000000057e+02
2.485714285699999948e+01 2.215714285710000127e+02
4.575000000000000000e+02 2.205000000000000000e+02
7.250000000000000000e+01 2.220000000000000000e+02
1.807500000000000000e+02 2.220625000000000000e+02
2.857475247520000039e+02 2.258267326730000093e+02
5.398529411759999448e+02 2.219705882350000081e+02
3.643888888889999862e+02 2.232222222219999992e+02
2.542619047620000003e+02 2.246904761899999983e+02
5.024090909089999855e+02 2.238636363640000013e+02
9.934210526299999344e+01 2.253421052630000077e+02
3.487105263160000277e+02 2.255000000000000000e+02
5.208333333330000414e+02 2.282500000000000000e+02
3.336578947369999923e+02 2.303421052630000077e+02
5.496153846200000004e+01 2.313461538459999929e+02
4.421153846149999822e+02 2.308846153849999894e+02
8.397058823499999392e+01 2.328529411760000016e+02
2.250000000000000000e+02 2.325000000000000000e+02
4.021428571430000147e+02 2.317857142860000010e+02
4.617222222220000276e+02 2.324444444439999984e+02
5.775000000000000000e+02 2.325000000000000000e+02
1.445000000000000000e+02 2.345000000000000000e+02
1.679000000000000057e+02 2.345666666669999927e+02
3.580000000000000000e+02 2.340000000000000000e+02
3.855000000000000000e+02 2.345000000000000000e+02
1.235000000000000000e+02 2.357105263159999993e+02
2.613999999999999773e+02 2.355500000000000114e+02
4.202647058819999870e+02 2.352647058819999870e+02
4.867222222220000276e+02 2.370000000000000000e+02
3.500000000000000000e+00 2.381470588239999984e+02
5.353235294119999708e+02 2.390294117649999919e+02
1.987777777780000008e+02 2.393888888889999862e+02
4.122222222199999919e+01 2.413888888889999862e+02
3.095769230770000036e+02 2.408076923079999858e+02
1.018846153850000036e+02 2.431153846150000106e+02
2.452272727270000132e+02 2.438181818179999993e+02
3.431153846149999822e+02 2.431153846150000106e+02
3.810000000000000000e+02 2.430000000000000000e+02
1.762692307689999893e+02 2.443461538459999929e+02
2.930000000000000000e+02 2.445000000000000000e+02
5.170000000000000000e+02 2.452142857139999990e+02
4.091999999999999886e+02 2.464000000000000057e+02
4.363666666670000041e+02 2.459000000000000057e+02
5.507222222220000276e+02 2.464444444439999984e+02
4.855000000000000000e+02 2.476666666669999870e+02
2.044444444399999838e+01 2.500000000000000000e+02
6.687500000000000000e+01 2.492500000000000000e+02
1.120384615380000071e+02 2.493461538459999929e+02
1.359666666669999984e+02 2.506333333329999959e+02
9.097058823499999392e+01 2.518529411760000016e+02
2.155000000000000000e+02 2.510000000000000000e+02
5.883235294119999708e+02 2.513235294119999992e+02
2.670294117650000203e+02 2.521470588239999984e+02
4.570000000000000000e+02 2.527222222219999992e+02
4.773461538459999929e+02 2.520384615380000071e+02
3.247777777779999724e+02 2.533888888889999862e+02
4.980769230800000003e+01 2.535000000000000000e+02
1.541153846150000106e+02 2.538846153849999894e+02
5.035000000000000000e+02 2.562894736839999723e+02
3.655000000000000000e+02 2.570000000000000000e+02
1.300000000000000000e+01 2.580000000000000000e+02
6.175000000000000000e+01 2.582500000000000000e+02
1.987173913039999888e+02 2.584130434780000201e+02
5.716111111110000138e+02 2.587777777779999724e+02
3.036666666670000154e+02 2.612222222220000276e+02
5.496739130429999705e+02 2.615000000000000000e+02
2.882142857140000274e+02 2.630000000000000000e+02
3.854411764710000057e+02 2.637352941180000130e+02
5.297142857139999705e+02 2.638571428569999853e+02
2.585000000000000000e+02 2.655000000000000000e+02
3.203571428569999853e+02 2.658809523809999860e+02
2.740294117650000203e+02 2.668529411760000016e+02
4.160294117650000203e+02 2.661470588239999984e+02
4.255526315789999785e+02 2.668684210530000200e+02
1.670000000000000000e+02 2.667857142859999726e+02
2.293947368419999862e+02 2.669210526319999985e+02
1.857142856999999925e+00 2.687142857140000274e+02
3.513421052630000077e+02 2.696578947369999923e+02
4.729705882349999797e+02 2.693823529410000219e+02
4.920000000000000000e+02 2.695000000000000000e+02
3.360000000000000000e+02 2.702142857140000274e+02
1.245000000000000000e+02 2.705000000000000000e+02
1.440333333330000016e+02 2.713666666670000041e+02
3.968000000000000114e+02 2.713999999999999773e+02
5.630454545449999841e+02 2.728636363640000013e+02
5.870000000000000000e+02 2.730000000000000000e+02
1.903095238100000017e+02 2.746428571430000147e+02
2.418636363640000013e+02 2.735909090910000145e+02
1.045499999999999972e+02 2.753999999999999773e+02
4.628999999999999773e+02 2.751000000000000227e+02
3.861764705899999939e+01 2.759117647059999854e+02
4.478571428569999853e+02 2.762857142859999726e+02
2.958000000000000114e+02 2.771999999999999886e+02
8.293750000000000000e+01 2.787500000000000000e+02
5.071315789469999800e+02 2.787105263160000277e+02
5.333181818179999709e+02 2.782272727270000132e+02
2.056363636359999987e+02 2.798181818180000278e+02
3.781666666670000154e+02 2.783888888889999862e+02
4.973076923099999647e+01 2.798846153850000178e+02
7.229999999999999716e+01 2.805000000000000000e+02
1.530000000000000000e+02 2.803000000000000114e+02
2.271428571429999863e+02 2.817142857140000274e+02
3.507500000000000000e+02 2.811250000000000000e+02
1.360000000000000000e+02 2.830000000000000000e+02
5.772894736839999723e+02 2.835000000000000000e+02
2.923461538459999929e+02 2.854230769229999964e+02
4.113666666670000041e+02 2.850333333329999732e+02
5.523666666670000041e+02 2.845666666669999927e+02
1.715833333330000130e+02 2.857500000000000000e+02
3.910000000000000000e+02 2.860714285710000127e+02
1.060000000000000000e+02 2.885000000000000000e+02
4.953095238099999733e+02 2.885476190480000014e+02
1.177272727299999922e+01 2.898181818180000278e+02
2.611666666670000154e+02 2.913750000000000000e+02
3.698333333329999846e+02 2.905833333329999846e+02
3.167307692310000107e+02 2.924230769229999964e+02
4.421250000000000000e+02 2.922500000000000000e+02
4.770000000000000000e+02 2.927222222220000276e+02
1.515000000000000000e+02 2.928333333329999846e+02
2.100000000000000000e+02 2.925000000000000000e+02
2.765000000000000000e+02 2.925000000000000000e+02
4.570882352940000146e+02 2.936176470589999781e+02
2.450000000000000000e+01 2.955000000000000000e+02
1.255000000000000000e+02 2.948333333329999846e+02
1.917500000000000000e+02 2.948750000000000000e+02
9.002941176500000608e+01 2.971470588239999984e+02
3.280000000000000000e+02 2.967857142859999726e+02
5.905000000000000000e+02 2.960000000000000000e+02
5.988461538499999648e+01 2.988846153850000178e+02
5.656176470589999781e+02 2.990882352940000146e+02
1.658846153849999894e+02 2.998846153850000178e+02
2.420000000000000000e+02 3.010000000000000000e+02
4.217500000000000000e+02 3.008750000000000000e+02
5.255000000000000000e+02 3.008333333329999846e+02
4.108823529400000041e+01 3.037941176470000073e+02
4.097105263160000277e+02 3.035000000000000000e+02
5.049117647059999854e+02 3.033823529410000219e+02
7.588461538500000358e+01 3.041153846149999822e+02
2.167666666670000097e+02 3.051666666670000154e+02
3.625555555560000016e+02 3.057222222220000276e+02
3.016428571430000147e+02 3.073095238099999733e+02
4.406333333329999959e+02 3.070333333329999732e+02
1.966578947369999923e+02 3.086578947369999923e+02
1.060333333330000016e+02 3.093666666670000041e+02
3.500000000000000000e+02 3.090000000000000000e+02
5.798846153849999610e+02 3.098846153850000178e+02
2.626764705879999724e+02 3.113235294120000276e+02
4.626999999999999886e+02 3.107666666669999813e+02
1.452894736840000007e+02 3.121315789469999800e+02
2.790000000000000000e+02 3.117857142859999726e+02
3.861000000000000227e+02 3.121000000000000227e+02
1.400000000000000000e+01 3.135000000000000000e+02
1.750454545450000126e+02 3.148636363640000013e+02
3.210000000000000000e+02 3.150000000000000000e+02
4.161666666670000154e+02 3.164166666670000154e+02
4.807105263160000277e+02 3.161315789469999800e+02
2.445000000000000000e+02 3.176999999999999886e+02
4.960000000000000000e+02 3.192142857140000274e+02
5.490789473679999446e+02 3.196578947369999923e+02
5.578571428600000104e+01 3.200000000000000000e+02
5.377105263160000277e+02 3.219210526319999985e+02
3.572272727270000132e+02 3.226818181819999722e+02
1.189736842110000055e+02 3.243421052630000077e+02
2.223461538459999929e+02 3.239615384620000214e+02
2.915909090910000145e+02 3.245909090910000145e+02
3.395000000000000000e+02 3.236999999999999886e+02
6.888461538500000358e+01 3.248846153850000178e+02
8.671052631599999927e+01 3.251315789469999800e+02
1.622894736840000007e+02 3.258684210530000200e+02
5.233421052630000077e+02 3.256578947369999923e+02
2.538529411760000016e+02 3.260294117650000203e+02
4.356538461540000071e+02 3.260384615379999786e+02
1.940999999999999943e+02 3.271000000000000227e+02
2.650000000000000000e+02 3.270000000000000000e+02
3.907608695650000072e+02 3.284565217389999816e+02
1.412500000000000000e+01 3.292500000000000000e+02
1.817222222219999992e+02 3.290000000000000000e+02
3.187857142859999726e+02 3.290000000000000000e+02
5.758750000000000000e+02 3.317500000000000000e+02
3.750000000000000000e+01 3.325000000000000000e+02
3.445000000000000000e+02 3.331818181819999722e+02
4.651363636359999987e+02 3.314090909089999855e+02
2.324166666669999870e+02 3.331666666670000154e+02
4.886538461540000071e+02 3.330384615379999786e+02
7.233333333299999879e+01 3.354166666670000154e+02
1.555000000000000000e+02 3.365000000000000000e+02
3.800000000000000000e+02 3.360000000000000000e+02
5.387941176470000073e+02 3.362647058819999870e+02
1.323823529409999935e+02 3.370882352940000146e+02
3.265000000000000000e+02 3.370000000000000000e+02
4.536333333329999959e+02 3.370333333329999732e+02
5.580384615379999786e+02 3.373461538459999929e+02
5.511538461500000352e+01 3.388846153850000178e+02
1.149000000000000057e+02 3.395666666669999927e+02
4.977500000000000000e+02 3.401666666670000154e+02
2.131153846150000106e+02 3.408846153850000178e+02
2.526578947369999923e+02 3.413421052630000077e+02
3.940384615379999786e+02 3.413461538459999929e+02
4.173666666670000041e+02 3.420333333329999732e+02
4.346875000000000000e+02 3.430000000000000000e+02
3.735000000000000000e+02 3.440000000000000000e+02
5.211153846150000390e+02 3.438846153850000178e+02
2.775000000000000000e+02 3.458333333329999846e+02
3.008333333329999846e+02 3.462333333330000187e+02
9.365789473700000656e+01 3.473421052630000077e+02
3.650000000000000000e+01 3.480000000000000000e+02
1.683666666670000041e+02 3.480333333329999732e+02
4.629615384620000214e+02 3.476538461540000071e+02
1.922222222219999992e+02 3.493888888889999862e+02
4.792777777779999724e+02 3.500000000000000000e+02
1.700000000000000000e+01 3.517222222220000276e+02
5.755000000000000000e+02 3.515000000000000000e+02
6.750000000000000000e+01 3.520000000000000000e+02
1.351363636359999987e+02 3.555000000000000000e+02
3.565833333329999846e+02 3.551666666670000154e+02
2.386176470590000065e+02 3.560882352940000146e+02
3.762826086960000112e+02 3.571086956519999944e+02
4.945909090910000145e+02 3.561363636359999987e+02
1.500000000000000000e+00 3.565000000000000000e+02
1.530000000000000000e+02 3.585000000000000000e+02
3.023636363640000013e+02 3.588181818180000278e+02
9.779411764699999310e+01 3.593823529410000219e+02
2.586818181819999722e+02 3.612272727270000132e+02
5.586538461540000071e+02 3.600384615379999786e+02
3.151666666670000154e+02 3.607500000000000000e+02
4.144230769229999964e+02 3.611923076919999858e+02
5.100000000000000000e+01 3.622142857140000274e+02
1.693666666670000041e+02 3.619666666670000268e+02
2.830000000000000000e+02 3.620000000000000000e+02
3.368125000000000000e+02 3.626250000000000000e+02
4.472222222220000276e+02 3.623888888889999862e+02
5.101999999999999886e+02 3.613000000000000114e+02
5.350000000000000000e+02 3.630000000000000000e+02
2.889999999999999858e+01 3.641000000000000227e+02
1.875000000000000000e+02 3.640000000000000000e+02
2.165000000000000000e+02 3.660000000000000000e+02
4.853666666670000041e+02 3.669666666670000268e+02
4.688999999999999773e+02 3.691000000000000227e+02
5.715000000000000000e+02 3.697105263160000277e+02
8.513157894699999417e+01 3.701315789469999800e+02
2.435000000000000000e+02 3.698333333329999846e+02
4.285909090910000145e+02 3.701363636359999987e+02
3.936333333329999959e+02 3.709666666670000268e+02
5.035526315789999785e+02 3.717105263160000277e+02
4.213421052630000077e+02 3.726578947369999923e+02
3.504411764710000057e+02 3.735588235289999943e+02
1.172083333329999988e+02 3.751666666670000154e+02
2.004166666700000121e+01 3.755416666670000154e+02
2.300000000000000000e+02 3.750000000000000000e+02
6.350000000000000000e+01 3.765000000000000000e+02
1.510000000000000000e+02 3.760000000000000000e+02
3.777777777779999724e+02 3.764444444439999984e+02
5.581250000000000000e+02 3.777500000000000000e+02
1.382857142860000010e+02 3.791428571430000147e+02
4.507222222220000276e+02 3.800000000000000000e+02
5.273823529410000219e+02 3.799117647059999854e+02
2.873260869569999727e+02 3.830652173909999760e+02
1.689666666669999984e+02 3.856333333329999959e+02
2.069666666669999984e+02 3.853666666670000041e+02
3.705000000000000000e+02 3.850000000000000000e+02
4.373529411799999878e+01 3.872647058819999870e+02
9.788461538500000358e+01 3.871153846149999822e+02
2.735000000000000000e+02 3.871470588239999984e+02
8.006250000000000000e+01 3.882500000000000000e+02
3.135833333329999846e+02 3.883333333329999846e+02
1.896176470590000065e+02 3.889117647059999854e+02
4.672692307689999893e+02 3.888846153850000178e+02
5.830000000000000000e+02 3.897222222220000276e+02
3.312500000000000000e+02 3.903500000000000227e+02
1.206578947370000066e+02 3.933421052630000077e+02
5.051153846149999822e+02 3.931153846149999822e+02
5.438999999999999773e+02 3.931000000000000227e+02
1.379666666669999984e+02 3.946333333329999959e+02
2.146999999999999886e+02 3.950000000000000000e+02
3.936176470589999781e+02 3.949117647059999854e+02
4.088809523809999860e+02 3.952619047619999719e+02
6.657894737000000340e+00 3.968157894739999847e+02
4.872368421049999938e+02 3.961315789469999800e+02
5.224166666669999586e+02 3.971666666670000154e+02
3.478684210530000200e+02 3.985000000000000000e+02
4.388846153850000178e+02 3.981153846149999822e+02
5.850000000000000000e+01 3.990000000000000000e+02
8.431818181799999934e+01 3.993181818180000278e+02
1.808636363640000013e+02 3.990454545449999841e+02
1.607105263159999993e+02 4.008684210530000200e+02
1.921153846150000106e+02 4.008846153850000178e+02
2.780000000000000000e+02 4.005000000000000000e+02
3.003421052630000077e+02 4.016578947369999923e+02
4.509117647059999854e+02 4.016176470589999781e+02
2.586363636400000132e+01 4.020454545449999841e+02
1.082222222219999992e+02 4.033888888889999862e+02
5.637000000000000455e+02 4.050000000000000000e+02
2.374523809519999986e+02 4.061190476190000140e+02
3.720000000000000000e+02 4.070000000000000000e+02
5.130000000000000000e+02 4.060000000000000000e+02
4.740714285710000127e+02 4.083095238099999733e+02
5.905000000000000000e+02 4.070000000000000000e+02
4.426470588200000122e+01 4.095000000000000000e+02
1.435000000000000000e+02 4.092894736839999723e+02
2.630000000000000000e+02 4.095500000000000114e+02
3.325000000000000000e+02 4.099285714289999873e+02
3.860384615379999786e+02 4.113461538459999929e+02
5.736333333329999959e+02 4.109666666670000268e+02
7.450000000000000000e+01 4.120000000000000000e+02
4.243333333329999846e+02 4.127777777779999724e+02
5.362333333330000187e+02 4.124333333330000073e+02
2.872500000000000000e+02 4.131250000000000000e+02
5.005000000000000000e+02 4.130000000000000000e+02
1.266818181820000007e+02 4.143181818180000278e+02
2.274130434779999916e+02 4.158478260869999872e+02
3.522500000000000000e+02 4.152500000000000000e+02
4.021000000000000227e+02 4.148999999999999773e+02
5.571052631599999927e+01 4.165000000000000000e+02
2.413000000000000114e+02 4.160000000000000000e+02
1.991363636359999987e+02 4.180454545449999841e+02
3.071153846149999822e+02 4.178846153850000178e+02
9.600000000000000000e+01 4.205000000000000000e+02
4.402142857140000274e+02 4.200000000000000000e+02
5.099999999999999645e+00 4.211000000000000227e+02
1.918846153849999894e+02 4.207307692310000107e+02
3.807500000000000000e+02 4.209375000000000000e+02
5.694230769230000533e+02 4.208846153850000178e+02
2.025000000000000000e+01 4.231250000000000000e+02
1.737500000000000000e+02 4.228333333329999846e+02
5.187222222220000276e+02 4.230000000000000000e+02
3.160000000000000000e+02 4.240000000000000000e+02
3.906250000000000000e+02 4.236250000000000000e+02
5.408809523810000428e+02 4.242619047619999719e+02
4.162500000000000000e+01 4.283750000000000000e+02
1.113571428569999995e+02 4.293095238099999733e+02
3.448999999999999773e+02 4.295666666669999927e+02
4.857222222220000276e+02 4.290000000000000000e+02
9.050000000000000000e+01 4.312647058819999870e+02
2.425000000000000000e+02 4.308333333329999846e+02
4.571666666670000154e+02 4.315000000000000000e+02
4.156578947369999923e+02 4.325526315789999785e+02
5.000000000000000000e-01 4.325000000000000000e+02
7.150000000000000000e+01 4.342500000000000000e+02
1.543461538459999929e+02 4.330384615379999786e+02
2.687857142859999726e+02 4.330000000000000000e+02
5.011153846149999822e+02 4.328846153850000178e+02
1.395000000000000000e+02 4.345000000000000000e+02
2.795000000000000000e+02 4.350000000000000000e+02
2.975000000000000000e+02 4.345000000000000000e+02
2.124090909090000139e+02 4.371363636359999987e+02
5.341250000000000000e+02 4.372500000000000000e+02
5.832142857139999705e+02 4.368571428569999853e+02
3.720000000000000000e+02 4.387857142859999726e+02
5.050000000000000000e+01 4.407105263160000277e+02
2.617500000000000000e+02 4.411250000000000000e+02
3.565000000000000000e+02 4.410000000000000000e+02
1.959444444439999984e+02 4.417222222220000276e+02
3.282368421049999938e+02 4.427631578950000062e+02
4.297352941180000130e+02 4.427352941180000130e+02
2.982500000000000000e+02 4.444499999999999886e+02
1.480769230800000003e+01 4.455769230770000036e+02
8.334210526299999344e+01 4.454473684210000215e+02
1.730263157889999945e+02 4.458684210530000200e+02
5.580000000000000000e+02 4.451666666670000154e+02
3.900000000000000000e+02 4.465000000000000000e+02
4.695909090910000145e+02 4.468636363640000013e+02
2.308333333330000130e+02 4.477500000000000000e+02
1.605000000000000000e+02 4.488750000000000000e+02
3.752500000000000000e+02 4.491666666670000154e+02
5.148571428569999853e+02 4.497142857140000274e+02
2.788846153850000178e+02 4.504230769229999964e+02
4.311363636359999987e+02 4.495909090910000145e+02
4.021363636359999987e+02 4.504090909089999855e+02
1.193421052629999934e+02 4.523421052630000077e+02
4.539117647059999854e+02 4.526176470589999781e+02
4.795434782610000184e+02 4.540217391300000145e+02
5.420000000000000000e+02 4.530000000000000000e+02
2.398846153849999894e+02 4.551153846149999822e+02
4.960000000000000000e+02 4.552777777779999724e+02
5.675909090909999577e+02 4.555909090910000145e+02
4.000000000000000000e+01 4.575000000000000000e+02
2.145909090909999861e+02 4.574090909089999855e+02
2.645000000000000000e+02 4.573571428569999853e+02
1.902647058819999870e+02 4.582058823529999927e+02
3.304090909089999855e+02 4.585909090910000145e+02
4.166578947369999923e+02 4.593421052630000077e+02
3.199545454550000159e+02 4.606818181819999722e+02
1.379705882350000081e+02 4.621470588239999984e+02
3.481153846149999822e+02 4.631153846149999822e+02
6.905555555600000162e+01 4.643888888889999862e+02
1.505909090909999861e+02 4.638636363640000013e+02
3.640000000000000000e+02 4.637857142859999726e+02
4.615500000000000114e+02 4.643999999999999773e+02
1.426190476200000035e+01 4.661190476190000140e+02
1.695909090909999861e+02 4.658636363640000013e+02
3.974523809519999986e+02 4.668809523809999860e+02
1.018076923080000000e+02 4.675769230770000036e+02
5.546052631579999570e+02 4.669210526319999985e+02
5.742142857139999705e+02 4.670000000000000000e+02
2.785000000000000000e+02 4.684375000000000000e+02
5.208750000000000000e+02 4.682500000000000000e+02
8.175000000000000000e+01 4.691666666670000154e+02
4.380882352940000146e+02 4.706176470589999781e+02
2.290000000000000000e+02 4.707857142859999726e+02
1.187000000000000028e+02 4.735000000000000000e+02
3.040000000000000000e+02 4.745000000000000000e+02
3.003333333300000163e+01 4.753666666670000041e+02
2.099117647060000138e+02 4.756176470589999781e+02
4.856578947369999923e+02 4.753421052630000077e+02
5.090000000000000000e+02 4.747857142859999726e+02
6.850000000000000000e+01 4.770000000000000000e+02
5.100000000000000000e+01 4.780000000000000000e+02
3.731363636359999987e+02 4.775909090910000145e+02
3.437777777779999724e+02 4.793888888889999862e+02
1.630384615380000071e+02 4.803461538459999929e+02
2.559000000000000057e+02 4.801000000000000227e+02
3.175000000000000000e+02 4.810000000000000000e+02
4.716578947369999923e+02 4.813421052630000077e+02
1.958636363640000013e+02 4.815909090910000145e+02
4.026111111110000138e+02 4.827777777779999724e+02
4.287857142859999726e+02 4.820000000000000000e+02
5.667799999999999727e+02 4.831000000000000227e+02
3.399999999999999911e+00 4.834499999999999886e+02
1.029000000000000057e+02 4.841000000000000227e+02
3.862692307689999893e+02 4.842692307689999893e+02
4.576999999999999886e+02 4.840000000000000000e+02
5.382647058820000439e+02 4.845000000000000000e+02
4.971000000000000227e+02 4.861000000000000227e+02
9.125000000000000000e+01 4.881250000000000000e+02
1.365526315790000069e+02 4.888684210530000200e+02
1.809705882350000081e+02 4.881470588239999984e+02
2.391153846150000106e+02 4.877307692310000107e+02
5.190000000000000000e+02 4.900000000000000000e+02
3.227941176470000073e+02 4.913823529410000219e+02
3.635000000000000000e+02 4.905000000000000000e+02
2.497857142860000010e+02 4.920000000000000000e+02
2.751000000000000227e+02 4.921000000000000227e+02
3.050000000000000000e+02 4.922142857140000274e+02
5.840333333329999732e+02 4.948333333329999846e+02
4.420000000000000000e+02 4.947857142859999726e+02
4.891153846149999822e+02 4.948846153850000178e+02
2.110000000000000000e+02 4.960000000000000000e+02
2.218846153849999894e+02 4.962692307689999893e+02
1.580454545450000126e+02 4.968636363640000013e+02
3.488999999999999773e+02 4.981000000000000227e+02
3.500000000000000000e+01 4.995000000000000000e+02
7.450000000000000000e+01 4.985000000000000000e+02
1.215714285709999984e+02 4.993571428569999853e+02
1.968846153849999894e+02 4.988846153850000178e+02
5.776666666700000263e+01 5.003000000000000114e+02
4.023823529410000219e+02 5.000882352940000146e+02
5.052142857140000274e+02 5.000000000000000000e+02
5.446111111110000138e+02 4.998333333329999846e+02
3.680384615379999786e+02 5.023461538459999929e+02
4.246999999999999886e+02 5.026999999999999886e+02
1.740000000000000000e+02 5.041000000000000227e+02
5.258846153849999610e+02 5.041153846149999822e+02
5.587857142860000295e+02 5.040000000000000000e+02
4.637857142859999726e+02 5.058571428569999853e+02
1.055000000000000000e+02 5.075000000000000000e+02
4.748571428569999853e+02 5.077857142859999726e+02
1.785294117600000163e+01 5.099705882349999797e+02
1.420999999999999943e+02 5.101000000000000227e+02
1.752368421049999938e+02 5.111842105260000153e+02
2.450454545450000126e+02 5.108636363640000013e+02
2.840000000000000000e+02 5.110000000000000000e+02
2.570000000000000000e+02 5.117857142859999726e+02
3.837500000000000000e+02 5.132500000000000000e+02
4.300000000000000000e+01 5.140000000000000000e+02
9.000000000000000000e+01 5.140000000000000000e+02
1.567916666669999870e+02 5.147916666669999586e+02
2.065000000000000000e+02 5.140714285709999558e+02
3.158636363640000013e+02 5.142272727270000132e+02
4.541363636359999987e+02 5.145909090909999577e+02
4.900000000000000000e+02 5.157222222220000276e+02
2.945000000000000000e+02 5.157000000000000455e+02
3.522500000000000000e+02 5.162500000000000000e+02
5.870000000000000000e+02 5.187222222220000276e+02
5.625000000000000000e+02 5.190000000000000000e+02
4.044130434780000201e+02 5.212826086960000112e+02
1.363571428570000137e+02 5.214285714290000442e+02
9.772222222199999919e+01 5.220000000000000000e+02
3.360000000000000000e+02 5.221666666669999586e+02
2.260000000000000000e+02 5.230000000000000000e+02
4.318846153850000178e+02 5.228846153849999610e+02
6.625000000000000000e+01 5.245499999999999545e+02
1.762500000000000000e+02 5.241666666669999586e+02
5.422857142860000295e+02 5.247142857139999705e+02
2.670000000000000000e+02 5.247000000000000455e+02
1.611111111000000040e+00 5.270000000000000000e+02
3.189117647059999854e+02 5.266176470589999781e+02
5.149444444440000552e+02 5.266111111110000138e+02
3.828000000000000114e+02 5.272000000000000455e+02
3.050000000000000000e+01 5.280000000000000000e+02
1.928750000000000000e+02 5.289375000000000000e+02
4.616428571430000147e+02 5.303095238099999733e+02
5.591666666669999586e+02 5.322500000000000000e+02
4.795500000000000114e+02 5.336000000000000227e+02
2.442333333329999903e+02 5.341666666669999586e+02
3.645909090910000145e+02 5.344090909090000423e+02
5.073529411799999878e+01 5.357352941179999561e+02
1.680000000000000000e+02 5.350000000000000000e+02
4.408999999999999773e+02 5.348999999999999773e+02
1.205000000000000000e+02 5.365000000000000000e+02
2.791315789469999800e+02 5.359736842109999770e+02
3.478846153850000178e+02 5.361153846150000390e+02
5.886000000000000227e+02 5.365499999999999545e+02
1.516333333329999959e+02 5.369666666670000268e+02
1.113157894699999950e+01 5.382894736839999723e+02
2.310882352939999862e+02 5.383823529410000219e+02
4.180000000000000000e+02 5.382142857139999705e+02
5.023235294120000276e+02 5.394411764709999488e+02
5.200000000000000000e+02 5.387000000000000455e+02
2.150000000000000000e+02 5.395000000000000000e+02
3.841250000000000000e+02 5.402500000000000000e+02
3.009166666670000154e+02 5.407500000000000000e+02
5.391315789469999800e+02 5.437105263160000277e+02
3.118636363640000013e+02 5.450454545449999841e+02
3.500000000000000000e+01 5.463999999999999773e+02
7.234210526299999344e+01 5.466578947369999923e+02
1.277777777780000008e+02 5.466111111110000138e+02
2.695769230770000036e+02 5.458076923080000142e+02
4.022142857140000274e+02 5.460000000000000000e+02
1.010000000000000000e+02 5.475000000000000000e+02
1.937500000000000000e+02 5.477500000000000000e+02
2.125000000000000000e+02 5.511250000000000000e+02
5.523333333330000414e+02 5.527777777779999724e+02
3.325500000000000114e+02 5.533999999999999773e+02
5.762500000000000000e+01 5.536250000000000000e+02
3.790000000000000000e+02 5.545000000000000000e+02
4.787105263160000277e+02 5.544473684209999647e+02
1.075000000000000000e+01 5.548333333330000414e+02
5.243333333330000414e+02 5.555000000000000000e+02
4.496818181819999722e+02 5.563181818179999709e+02
4.351000000000000227e+02 5.568999999999999773e+02
5.744545454550000159e+02 5.587727272729999868e+02
3.542500000000000000e+02 5.591250000000000000e+02
5.148333333330000414e+02 5.602333333330000187e+02
7.600000000000000000e+01 5.610000000000000000e+02
2.328846153849999894e+02 5.607307692309999538e+02
3.006333333329999959e+02 5.610333333329999732e+02
1.623750000000000000e+02 5.626875000000000000e+02
2.499375000000000000e+02 5.627500000000000000e+02
2.846333333329999959e+02 5.634333333329999505e+02
3.264285714300000052e+01 5.635714285709999558e+02
1.190000000000000000e+02 5.637000000000000455e+02
