9.285714290000000037e-01 1.785714285999999928e+00
2.720000000000000000e+02 8.333333330000000094e-01
3.080555555560000016e+02 1.166666667000000102e+00
3.410000000000000000e+02 1.785714285999999928e+00
4.655000000000000000e+02 1.000000000000000000e+00
5.530000000000000000e+02 2.000000000000000000e+00
4.796153846200000004e+01 3.346153845999999987e+00
4.840882352940000146e+02 3.617647058999999832e+00
1.530882352939999862e+02 4.382352940999999724e+00
1.602631578900000164e+01 5.500000000000000000e+00
1.881666666669999870e+02 4.766666666999999968e+00
2.235000000000000000e+02 5.299999999999999822e+00
3.262222222220000276e+02 6.611111110999999596e+00
3.720500000000000114e+02 6.450000000000000178e+00
4.345000000000000000e+02 6.000000000000000000e+00
5.030000000000000000e+02 6.500000000000000000e+00
1.017222222219999992e+02 7.444444444000000161e+00
5.210000000000000000e+02 8.214285714000000738e+00
5.740000000000000000e+02 8.277777778000000808e+00
2.040333333330000016e+02 9.633333332999999499e+00
6.431818181799999934e+01 9.681818182000000661e+00
2.562500000000000000e+02 1.087500000000000000e+01
4.185000000000000000e+02 1.123333333299999914e+01
2.266333333329999959e+02 1.183333333300000056e+01
8.738888888900000040e+01 1.577777777800000081e+01
1.315555555560000016e+02 1.538888888900000040e+01
1.681153846150000106e+02 1.511538461499999997e+01
3.015909090910000145e+02 1.540909090899999967e+01
3.820000000000000000e+02 1.450000000000000000e+01
4.491363636359999987e+02 1.495454545499999988e+01
4.619705882349999797e+02 1.614705882399999837e+01
5.317500000000000000e+02 1.587500000000000000e+01
5.238235294100000061e+01 1.908823529400000041e+01
7.250000000000000000e+01 1.950000000000000000e+01
4.802142857140000274e+02 1.900000000000000000e+01
5.032142857140000274e+02 1.900000000000000000e+01
1.496578947369999923e+02 2.065789473699999945e+01
3.185000000000000000e+02 2.071052631599999927e+01
1.200294117650000061e+02 2.238235294100000061e+01
3.651250000000000000e+02 2.375000000000000000e+01
5.535000000000000000e+02 2.300000000000000000e+01
3.446739130430000273e+02 2.493478260899999910e+01
1.650000000000000000e+01 2.585294117600000163e+01
2.685909090910000145e+02 2.586363636400000132e+01
9.496666666699999837e+01 2.736666666700000050e+01
3.896250000000000000e+02 2.637500000000000000e+01
5.713421052630000077e+02 2.734210526300000055e+01
1.952142857139999990e+02 2.764285714300000052e+01
2.848333333329999846e+02 2.775000000000000000e+01
3.500000000000000000e+01 2.869999999999999929e+01
5.489375000000000000e+02 2.975000000000000000e+01
1.400999999999999943e+02 3.010000000000000142e+01
2.458636363640000013e+02 2.995454545500000165e+01
5.330000000000000000e+02 2.978571428600000104e+01
5.025000000000000000e+02 3.150000000000000000e+01
5.172777777779999724e+02 3.100000000000000000e+01
2.151666666669999870e+02 3.175000000000000000e+01
4.078846153850000178e+02 3.211538461500000352e+01
1.791666666669999870e+02 3.383333333299999879e+01
3.045909090910000145e+02 3.286363636400000132e+01
3.311000000000000227e+02 3.310000000000000142e+01
1.911764706000000036e+00 3.538235294100000061e+01
3.560000000000000000e+02 3.478571428600000104e+01
4.435526315789999785e+02 3.565789473699999945e+01
4.210000000000000000e+02 3.600000000000000000e+01
6.178571428600000104e+01 3.800000000000000000e+01
2.311153846150000106e+02 3.888461538499999648e+01
2.641470588239999984e+02 3.950000000000000000e+01
2.906111111110000138e+02 3.905555555600000162e+01
3.792142857140000274e+02 3.900000000000000000e+01
5.652500000000000000e+02 4.006250000000000000e+01
5.830625000000000000e+02 4.006250000000000000e+01
2.596153846200000004e+01 4.234615384599999999e+01
8.629999999999999716e+01 4.274000000000000199e+01
1.615000000000000000e+02 4.300000000000000000e+01
1.147222222219999992e+02 4.400000000000000000e+01
3.981000000000000227e+02 4.410000000000000142e+01
4.690555555560000016e+02 4.388888888900000040e+01
5.314166666669999586e+02 4.416666666700000121e+01
1.372500000000000000e+02 4.575000000000000000e+01
4.138888888900000040e+01 4.622222222199999919e+01
4.870714285710000127e+02 4.650000000000000000e+01
1.744130434779999916e+02 4.871739130400000306e+01
3.861000000000000227e+02 4.956666666699999979e+01
4.308846153850000178e+02 5.011538461500000352e+01
2.025000000000000000e+02 5.114705882399999837e+01
4.102500000000000000e+02 5.175000000000000000e+01
3.275000000000000000e+02 5.150000000000000000e+01
3.451470588239999984e+02 5.250000000000000000e+01
3.635000000000000000e+02 5.228947368400000073e+01
4.531153846149999822e+02 5.211538461500000352e+01
6.061764705899999939e+01 5.308823529400000041e+01
5.067307692310000107e+02 5.288461538499999648e+01
8.096666666699999837e+01 5.436666666699999695e+01
1.021153846149999964e+02 5.411538461500000352e+01
2.236428571429999863e+02 5.430952381000000173e+01
5.438913043479999487e+02 5.428260869599999694e+01
2.475000000000000000e+02 5.571052631599999927e+01
3.082142857140000274e+02 5.500000000000000000e+01
2.000000000000000000e+00 5.800000000000000000e+01
3.742777777779999724e+02 5.844444444399999838e+01
3.301153846149999822e+02 5.926923076900000353e+01
2.342777777780000008e+02 6.000000000000000000e+01
5.197857142860000295e+02 6.000000000000000000e+01
1.640000000000000000e+02 6.050000000000000000e+01
2.806111111110000138e+02 6.177777777800000081e+01
4.693888888889999862e+02 6.216666666700000121e+01
5.563421052630000077e+02 6.244736842100000018e+01
2.350000000000000000e+01 6.292857142900000156e+01
3.814705882399999837e+01 6.297058823500000102e+01
1.198333333329999988e+02 6.275000000000000000e+01
3.923421052630000077e+02 6.334210526300000055e+01
5.775769230769999467e+02 6.380769230800000003e+01
2.135000000000000000e+02 6.600000000000000000e+01
3.130000000000000000e+02 6.750000000000000000e+01
2.910454545449999841e+02 7.013636363599999868e+01
4.616999999999999886e+02 7.016666666700000121e+01
1.380333333330000016e+02 7.136666666700000405e+01
4.420000000000000000e+02 7.029999999999999716e+01
3.456428571430000147e+02 7.269047618999999827e+01
2.062500000000000000e+00 7.325000000000000000e+01
1.096818181820000007e+02 7.331818181799999934e+01
2.591000000000000227e+02 7.290000000000000568e+01
4.111470588239999984e+02 7.297058823499999392e+01
4.245000000000000000e+02 7.283333333299999879e+01
5.692500000000000000e+02 7.293750000000000000e+01
4.900000000000000000e+02 7.421428571399999896e+01
7.242857142900000156e+01 7.535714285699999948e+01
9.018421052600000110e+01 7.565789473700000656e+01
1.942500000000000000e+02 7.525000000000000000e+01
2.733823529410000219e+02 7.479411764699999310e+01
5.729999999999999716e+01 7.629999999999999716e+01
5.050000000000000000e+02 7.621428571399999896e+01
5.841250000000000000e+02 7.650000000000000000e+01
1.775000000000000000e+02 7.750000000000000000e+01
3.260882352940000146e+02 7.761764705900000649e+01
5.261250000000000000e+02 7.725000000000000000e+01
2.439473684200000037e+01 7.992105263199999854e+01
1.243461538460000071e+02 8.203846153800000707e+01
1.512142857139999990e+02 8.200000000000000000e+01
2.290000000000000000e+02 8.200000000000000000e+01
3.869210526319999985e+02 8.360526315799999963e+01
2.465000000000000000e+02 8.450000000000000000e+01
4.738529411760000016e+02 8.450000000000000000e+01
2.202142857139999990e+02 8.500000000000000000e+01
1.992647058819999870e+02 8.773529411799999878e+01
3.604090909089999855e+02 8.759090909100000033e+01
2.865000000000000000e+02 8.850000000000000000e+01
3.020000000000000000e+02 8.921428571399999896e+01
4.197500000000000000e+02 8.975000000000000000e+01
4.596538461540000071e+02 8.896153846199999293e+01
5.428999999999999773e+02 8.909999999999999432e+01
4.450000000000000000e+02 9.000000000000000000e+01
1.250000000000000000e+02 9.078571428600000104e+01
1.652857142860000010e+02 9.085714285699999948e+01
4.921000000000000227e+02 9.256666666700000690e+01
7.250000000000000000e+01 9.250000000000000000e+01
4.041428571430000147e+02 9.328571428600000104e+01
1.020714285709999984e+02 9.550000000000000000e+01
1.391153846150000106e+02 9.688461538500000358e+01
5.450000000000000000e+01 9.770000000000000284e+01
2.668571428569999853e+02 9.778571428600000104e+01
5.802500000000000000e+02 9.787500000000000000e+01
5.197500000000000000e+02 9.916666666700000121e+01
5.614523809519999986e+02 9.969047618999999827e+01
1.835000000000000000e+02 1.000000000000000000e+02
3.850000000000000000e+02 1.002142857139999990e+02
5.428684210530000200e+02 1.007105263159999993e+02
8.500000000000000000e+01 1.010000000000000000e+02
2.276500000000000057e+02 1.027000000000000028e+02
3.666111111110000138e+02 1.022222222219999992e+02
3.168999999999999773e+02 1.030999999999999943e+02
6.500000000000000000e+00 1.048529411760000016e+02
3.138235294100000061e+01 1.049117647059999996e+02
2.448333333330000130e+02 1.047500000000000000e+02
4.207500000000000000e+02 1.058750000000000000e+02
4.870882352940000146e+02 1.066176470590000065e+02
3.405500000000000114e+02 1.075999999999999943e+02
5.046578947369999923e+02 1.076578947370000066e+02
2.277777777800000081e+01 1.078888888890000004e+02
4.495000000000000000e+02 1.090000000000000000e+02
5.548846153849999610e+02 1.088846153850000036e+02
5.270333333329999732e+02 1.103666666670000041e+02
4.640000000000000000e+02 1.110000000000000000e+02
1.956538461540000071e+02 1.120384615380000071e+02
1.575000000000000000e+02 1.133333333329999988e+02
2.980882352940000146e+02 1.133823529409999935e+02
9.800000000000000000e+01 1.137857142860000010e+02
1.190000000000000000e+02 1.140000000000000000e+02
2.383888888889999862e+02 1.138333333329999988e+02
5.753181818179999709e+02 1.143181818179999993e+02
2.188571428570000137e+02 1.157142857139999990e+02
6.240909090899999967e+01 1.164090909089999997e+02
2.782222222220000276e+02 1.176111111109999996e+02
3.320000000000000000e+02 1.167857142860000010e+02
4.415000000000000000e+02 1.175000000000000000e+02
4.975000000000000000e+02 1.185000000000000000e+02
3.930882352940000146e+02 1.196176470590000065e+02
2.572894736839999723e+02 1.208684210530000058e+02
1.591315789470000084e+02 1.222894736840000007e+02
1.852692307689999893e+02 1.223461538460000071e+02
3.142692307689999893e+02 1.221153846149999964e+02
5.641153846150000390e+02 1.221153846149999964e+02
5.499615384620000214e+02 1.233461538460000071e+02
2.785714286000000151e+00 1.240000000000000000e+02
1.399375000000000000e+02 1.241250000000000000e+02
5.153421052630000077e+02 1.243421052629999934e+02
4.121250000000000000e+02 1.252500000000000000e+02
4.614705882399999837e+01 1.265000000000000000e+02
3.465500000000000114e+02 1.274000000000000057e+02
2.685000000000000000e+02 1.293000000000000114e+02
1.752142857139999990e+02 1.310000000000000000e+02
3.668846153850000178e+02 1.308846153849999894e+02
8.150000000000000000e+01 1.320000000000000000e+02
1.026304347829999983e+02 1.332826086960000112e+02
1.220000000000000000e+02 1.325000000000000000e+02
4.422142857140000274e+02 1.320000000000000000e+02
2.053499999999999943e+02 1.341999999999999886e+02
2.908333333329999846e+02 1.342333333329999903e+02
3.257500000000000000e+02 1.342500000000000000e+02
4.550000000000000000e+02 1.337857142860000010e+02
4.769615384620000214e+02 1.336538461540000071e+02
8.884615385000000032e+00 1.351153846150000106e+02
6.570000000000000284e+01 1.345000000000000000e+02
2.285000000000000000e+02 1.360000000000000000e+02
3.387500000000000000e+01 1.372500000000000000e+02
2.447857142860000010e+02 1.370000000000000000e+02
3.831428571430000147e+02 1.367857142860000010e+02
1.410000000000000000e+02 1.382142857139999990e+02
3.101153846149999822e+02 1.381153846150000106e+02
5.011000000000000227e+02 1.380999999999999943e+02
4.030000000000000000e+02 1.402777777780000008e+02
1.570000000000000000e+02 1.495098039220000032e+02
5.482142857139999705e+02 1.430000000000000000e+02
5.755769230769999467e+02 1.431923076920000142e+02
3.497352941180000130e+02 1.442647058819999870e+02
4.210000000000000000e+02 1.442142857139999990e+02
1.840714285710000127e+02 1.455714285710000127e+02
5.325666666670000495e+02 1.455666666669999927e+02
3.852777777779999724e+02 1.460000000000000000e+02
5.188333333330000414e+02 1.464166666669999870e+02
2.023000000000000114e+02 1.470000000000000000e+02
4.572222222199999919e+01 1.480000000000000000e+02
7.216666666700000121e+01 1.485000000000000000e+02
3.245000000000000000e+02 1.501190476190000140e+02
4.471000000000000227e+02 1.499000000000000057e+02
6.150000000000000000e+01 1.515000000000000000e+02
4.934565217389999816e+02 1.528913043480000056e+02
1.130999999999999943e+02 1.540999999999999943e+02
2.830000000000000000e+02 1.545000000000000000e+02
3.678571428569999853e+02 1.542857142860000010e+02
4.721190476190000140e+02 1.545000000000000000e+02
5.692142857139999705e+02 1.552619047620000003e+02
2.262826086960000112e+02 1.555869565220000084e+02
2.965476190480000014e+02 1.562619047620000003e+02
2.376666666669999870e+02 1.562222222219999992e+02
9.525000000000000000e+01 1.572500000000000000e+02
1.818809523809999860e+02 1.577380952379999997e+02
2.578684210530000200e+02 1.572894736840000007e+02
2.096999999999999886e+02 1.595000000000000000e+02
4.390000000000000000e+02 1.602142857139999990e+02
1.338846153849999894e+02 1.611153846150000106e+02
3.500000000000000000e+02 1.610000000000000000e+02
5.380000000000000000e+02 1.610000000000000000e+02
3.121428571399999896e+01 1.630000000000000000e+02
4.501000000000000227e+02 1.630999999999999943e+02
1.445000000000000000e+02 1.643000000000000114e+02
3.935000000000000000e+02 1.636999999999999886e+02
6.050000000000000000e+01 1.655000000000000000e+02
4.201000000000000227e+02 1.649000000000000057e+02
2.655000000000000000e+02 1.652142857139999990e+02
3.199615384620000214e+02 1.663461538459999929e+02
1.450000000000000000e+01 1.675000000000000000e+02
2.379166666669999870e+02 1.681666666669999870e+02
5.187500000000000000e+00 1.693750000000000000e+02
8.791176470599999959e+01 1.693823529409999935e+02
3.653888888889999862e+02 1.702222222219999992e+02
5.100000000000000000e+02 1.700000000000000000e+02
1.227857142860000010e+02 1.710000000000000000e+02
4.955000000000000000e+02 1.713571428570000137e+02
5.315000000000000000e+02 1.711190476190000140e+02
2.790000000000000000e+02 1.715000000000000000e+02
5.468999999999999773e+02 1.720999999999999943e+02
1.691470588239999984e+02 1.735000000000000000e+02
4.722777777779999724e+02 1.740000000000000000e+02
5.783888888889999862e+02 1.747777777780000008e+02
8.057142857099999844e+01 1.763571428570000137e+02
1.917105263159999993e+02 1.761315789470000084e+02
4.316578947369999923e+02 1.761842105259999869e+02
1.445000000000000000e+02 1.790000000000000000e+02
2.733421052630000077e+02 1.796578947369999923e+02
3.481315789469999800e+02 1.807105263159999993e+02
3.831666666670000154e+02 1.801666666669999870e+02
4.054999999999999716e+01 1.822500000000000000e+02
2.127380952379999997e+02 1.828809523809999860e+02
3.323181818180000278e+02 1.823181818179999993e+02
5.105000000000000000e+02 1.835000000000000000e+02
2.932647058819999870e+02 1.845588235289999943e+02
1.534615384599999999e+01 1.850384615380000071e+02
4.582142857140000274e+02 1.850000000000000000e+02
4.736666666670000154e+02 1.857777777780000008e+02
5.680000000000000000e+02 1.852777777780000008e+02
5.954545454999999876e+00 1.861363636359999987e+02
1.110000000000000000e+02 1.875000000000000000e+02
4.020000000000000000e+02 1.866999999999999886e+02
3.147142857140000274e+02 1.891428571429999863e+02
1.840384615380000071e+02 1.903461538459999929e+02
4.210000000000000000e+02 1.900000000000000000e+02
2.703181818180000278e+02 1.906818181820000007e+02
1.170000000000000000e+02 1.922142857139999990e+02
2.054090909090000139e+02 1.924090909090000139e+02
2.453125000000000000e+02 1.933750000000000000e+02
2.850000000000000000e+01 1.952083333330000130e+02
7.208823529400000041e+01 1.943823529409999935e+02
4.624090909089999855e+02 1.944090909090000139e+02
4.404230769229999964e+02 1.948846153849999894e+02
2.857857142859999726e+02 1.960000000000000000e+02
3.315000000000000000e+02 1.975000000000000000e+02
4.880000000000000000e+02 1.970000000000000000e+02
5.310000000000000000e+02 1.975000000000000000e+02
1.682142857139999990e+02 1.980000000000000000e+02
3.682777777779999724e+02 1.980000000000000000e+02
5.435000000000000000e+02 1.985000000000000000e+02
2.375666666669999927e+02 1.990999999999999943e+02
1.330333333330000016e+02 2.003666666670000041e+02
3.442894736839999723e+02 2.001315789470000084e+02
1.017857142860000010e+02 2.020000000000000000e+02
3.890000000000000000e+02 2.015000000000000000e+02
5.845000000000000000e+02 2.025000000000000000e+02
5.560000000000000142e+01 2.055500000000000114e+02
4.056052631580000138e+02 2.050789473680000015e+02
2.175909090909999861e+02 2.058636363640000013e+02
8.221428571399999896e+01 2.070000000000000000e+02
1.526333333329999959e+02 2.070333333330000016e+02
1.273421052629999934e+02 2.086578947369999923e+02
4.258636363640000013e+02 2.075909090909999861e+02
4.678750000000000000e+02 2.080625000000000000e+02
3.963333333300000305e+01 2.090333333330000016e+02
3.069444444439999984e+02 2.093888888889999862e+02
2.867105263160000277e+02 2.108684210529999916e+02
3.805000000000000000e+02 2.105000000000000000e+02
5.622647058820000439e+02 2.112647058819999870e+02
1.885000000000000000e+02 2.121470588239999984e+02
2.695000000000000000e+02 2.130000000000000000e+02
5.120000000000000000e+02 2.120000000000000000e+02
1.222727272700000078e+01 2.140000000000000000e+02
2.436904761899999983e+02 2.134047619049999867e+02
3.405000000000000000e+02 2.145000000000000000e+02
1.120333333330000016e+02 2.166333333329999959e+02
1.928571428600000104e+01 2.167142857139999990e+02
4.461666666670000154e+02 2.165833333330000130e+02
5.828999999999999773e+02 2.170999999999999943e+02
1.662058823529999927e+02 2.183823529409999935e+02
2.060000000000000000e+02 2.180000000000000000e+02
2.765735294120000276e+02 2.226470588239999984e+02
3.623235294120000276e+02 2.196764705880000008e+02
6.429999999999999716e+01 2.195000000000000000e+02
2.265000000000000000e+02 2.201923076920000142e+02
3.943461538459999929e+02 2.215000000000000000e+02
4.935000000000000000e+02 2.206999999999999886e+02
8.650000000000000000e+01 2.221470588239999984e+02
5.471000000000000227e+02 2.230999999999999943e+02
5.091153846149999822e+02 2.238846153849999894e+02
5.346904761900000267e+02 2.243571428570000137e+02
4.780789473680000015e+02 2.256052631580000138e+02
4.338333333329999846e+02 2.262500000000000000e+02
4.120000000000000000e+02 2.272777777780000008e+02
3.266578947369999923e+02 2.286578947369999923e+02
5.368181818200000066e+01 2.286818181820000007e+02
2.390000000000000000e+02 2.290000000000000000e+02
3.454999999999999716e+01 2.304000000000000057e+02
3.862500000000000000e+02 2.307500000000000000e+02
1.401315789470000084e+02 2.319736842110000055e+02
1.532333333329999903e+02 2.318333333330000130e+02
3.001000000000000227e+02 2.310999999999999943e+02
9.600000000000000000e+01 2.322142857139999990e+02
2.128333333330000130e+02 2.335000000000000000e+02
4.640000000000000000e+02 2.337222222219999992e+02
7.122222222199999919e+01 2.346111111110000138e+02
1.222333333330000045e+02 2.348333333330000130e+02
6.131578947000000390e+00 2.357105263159999993e+02
1.936111111110000138e+02 2.350555555560000016e+02
3.569545454550000159e+02 2.348636363640000013e+02
2.553421052630000077e+02 2.376578947369999923e+02
3.345000000000000000e+02 2.373000000000000114e+02
5.651666666669999586e+02 2.373571428570000137e+02
2.872894736839999723e+02 2.385000000000000000e+02
3.712692307689999893e+02 2.378846153849999894e+02
5.523823529410000219e+02 2.379117647060000138e+02
5.832142857139999705e+02 2.380000000000000000e+02
2.071052631599999927e+01 2.415000000000000000e+02
2.365909090909999861e+02 2.425909090909999861e+02
5.097857142859999726e+02 2.420000000000000000e+02
5.237500000000000000e+01 2.431875000000000000e+02
4.196250000000000000e+02 2.434375000000000000e+02
1.050333333330000016e+02 2.456333333329999959e+02
5.307666666669999813e+02 2.451666666669999870e+02
1.470000000000000000e+02 2.455000000000000000e+02
1.725000000000000000e+02 2.462142857139999990e+02
2.020000000000000000e+02 2.462142857139999990e+02
4.005000000000000000e+02 2.465000000000000000e+02
5.660000000000000000e+02 2.472142857139999990e+02
1.296176470590000065e+02 2.490882352939999862e+02
2.625000000000000000e+02 2.490000000000000000e+02
3.254444444439999984e+02 2.507222222219999992e+02
4.445000000000000000e+02 2.499736842110000055e+02
3.600000000000000000e+01 2.512142857139999990e+02
3.547307692310000107e+02 2.521153846150000106e+02
4.848846153850000178e+02 2.518846153849999894e+02
2.937105263160000277e+02 2.535000000000000000e+02
4.694090909089999855e+02 2.528636363640000013e+02
8.559999999999999432e+01 2.545500000000000114e+02
1.642058823529999927e+02 2.553823529409999935e+02
1.900833333330000130e+02 2.567916666670000154e+02
2.162368421049999938e+02 2.577105263160000277e+02
3.480000000000000000e+02 2.575000000000000000e+02
4.041000000000000227e+02 2.568999999999999773e+02
4.983571428569999853e+02 2.583095238099999733e+02
5.349782608699999855e+02 2.600217391300000145e+02
2.800000000000000000e+02 2.607857142859999726e+02
4.190000000000000000e+02 2.620000000000000000e+02
3.825000000000000000e+02 2.622894736839999723e+02
9.342105263000000548e+00 2.643421052630000077e+02
1.371428571429999863e+02 2.642857142859999726e+02
3.120500000000000114e+02 2.643500000000000227e+02
6.327777777800000081e+01 2.650000000000000000e+02
1.167500000000000000e+02 2.651666666670000154e+02
2.017916666669999870e+02 2.665000000000000000e+02
2.505999999999999943e+02 2.661999999999999886e+02
5.506538461540000071e+02 2.660384615379999786e+02
4.366333333329999959e+02 2.675666666669999927e+02
5.830000000000000000e+02 2.675000000000000000e+02
2.724499999999999886e+02 2.686000000000000227e+02
3.889545454550000159e+02 2.685000000000000000e+02
4.508846153850000178e+02 2.681153846149999822e+02
5.170000000000000000e+02 2.677857142859999726e+02
4.855000000000000000e+02 2.698529411760000016e+02
3.161764705899999939e+01 2.700882352940000146e+02
5.026176470589999781e+02 2.700882352940000146e+02
1.803095238100000017e+02 2.714047619049999867e+02
2.894090909089999855e+02 2.708636363640000013e+02
4.698333333329999846e+02 2.712500000000000000e+02
9.750000000000000000e+01 2.722894736839999723e+02
3.277500000000000000e+02 2.719375000000000000e+02
6.200000000000000000e+01 2.736999999999999886e+02
3.696111111110000138e+02 2.736111111110000138e+02
1.510000000000000000e+02 2.761666666670000154e+02
2.370000000000000000e+02 2.762142857140000274e+02
1.623181818179999993e+02 2.773181818180000278e+02
7.900000000000000000e+01 2.780000000000000000e+02
1.231153846149999964e+02 2.781153846149999822e+02
5.264090909090000423e+02 2.781363636359999987e+02
3.992500000000000000e+02 2.800625000000000000e+02
5.622894736839999723e+02 2.805000000000000000e+02
3.628846153850000178e+02 2.818846153850000178e+02
5.401428571430000147e+02 2.827142857140000274e+02
4.478571428600000104e+01 2.830000000000000000e+02
2.227500000000000000e+02 2.831666666670000154e+02
2.436304347829999983e+02 2.853695652170000017e+02
2.667500000000000000e+02 2.842500000000000000e+02
3.452500000000000000e+02 2.839375000000000000e+02
4.637500000000000000e+02 2.847500000000000000e+02
1.001875000000000000e+02 2.853125000000000000e+02
1.986538461540000071e+02 2.860384615379999786e+02
2.500000000000000000e+00 2.875000000000000000e+02
2.760000000000000142e+01 2.885500000000000114e+02
1.787222222219999992e+02 2.880000000000000000e+02
4.362647058819999870e+02 2.882647058819999870e+02
2.827500000000000000e+02 2.901666666670000154e+02
3.094375000000000000e+02 2.907500000000000000e+02
3.818076923080000142e+02 2.903461538459999929e+02
5.191000000000000227e+02 2.898999999999999773e+02
7.809999999999999432e+01 2.914333333330000073e+02
4.122500000000000000e+02 2.908750000000000000e+02
4.483421052630000077e+02 2.913421052630000077e+02
5.835909090909999577e+02 2.908636363640000013e+02
4.816052631580000138e+02 2.919210526319999985e+02
3.582777777779999724e+02 2.945555555560000016e+02
1.499117647060000138e+02 2.953823529410000219e+02
5.523333333330000414e+02 2.956111111110000138e+02
6.000000000000000000e+01 2.970000000000000000e+02
2.302500000000000000e+02 2.968333333329999846e+02
1.164000000000000057e+02 2.985500000000000114e+02
1.580000000000000000e+02 2.982142857140000274e+02
2.955000000000000000e+02 2.980000000000000000e+02
3.242500000000000000e+02 2.981250000000000000e+02
3.407857142859999726e+02 2.978571428569999853e+02
3.291176470599999959e+01 3.023823529410000219e+02
1.398684210529999916e+02 3.037105263160000277e+02
3.932647058819999870e+02 3.037352941180000130e+02
3.716333333329999959e+02 3.039666666670000268e+02
2.687857142859999726e+02 3.050000000000000000e+02
3.098333333329999846e+02 3.055000000000000000e+02
4.323461538459999929e+02 3.049615384620000214e+02
4.700789473680000015e+02 3.056052631580000138e+02
5.024375000000000000e+02 3.057500000000000000e+02
2.140625000000000000e+02 3.062500000000000000e+02
7.229999999999999716e+01 3.075000000000000000e+02
2.496666666669999870e+02 3.088333333329999846e+02
1.050000000000000000e+01 3.122894736839999723e+02
9.211538461499999642e+01 3.121153846149999822e+02
2.320384615380000071e+02 3.128076923080000142e+02
5.726818181820000291e+02 3.116818181819999722e+02
5.410294117649999635e+02 3.131470588239999984e+02
1.948809523809999860e+02 3.147380952380000281e+02
1.734090909090000139e+02 3.148636363640000013e+02
2.880000000000000000e+02 3.152272727270000132e+02
4.555000000000000000e+02 3.150000000000000000e+02
4.111153846149999822e+02 3.161153846149999822e+02
7.979999999999999716e+01 3.190000000000000000e+02
1.074090909089999997e+02 3.184090909089999855e+02
5.290882352940000146e+02 3.183823529410000219e+02
3.601666666670000154e+02 3.198750000000000000e+02
1.520217391299999861e+02 3.208913043480000056e+02
2.595000000000000000e+02 3.202333333330000187e+02
4.917777777779999724e+02 3.206111111110000138e+02
5.642142857139999705e+02 3.200000000000000000e+02
2.184090909090000139e+02 3.211363636359999987e+02
3.329615384620000214e+02 3.206538461540000071e+02
3.100000000000000000e+02 3.222142857140000274e+02
3.833999999999999773e+02 3.225500000000000114e+02
4.611538461500000352e+01 3.231153846149999822e+02
4.616999999999999886e+02 3.235000000000000000e+02
4.806818181819999722e+02 3.243181818180000278e+02
5.076428571430000147e+02 3.243095238099999733e+02
6.500000000000000000e+01 3.247857142859999726e+02
4.246538461540000071e+02 3.252692307689999893e+02
1.416666667000000102e+00 3.276666666670000154e+02
3.128947368400000073e+01 3.277631578950000062e+02
1.955000000000000000e+02 3.270000000000000000e+02
1.415000000000000000e+02 3.285000000000000000e+02
5.832142857139999705e+02 3.280000000000000000e+02
2.447666666670000097e+02 3.298333333329999846e+02
3.720882352940000146e+02 3.293823529410000219e+02
2.269000000000000057e+02 3.304333333330000073e+02
1.220000000000000000e+02 3.312142857140000274e+02
4.390000000000000000e+02 3.322142857140000274e+02
1.771315789470000084e+02 3.332894736839999723e+02
2.455000000000000071e+01 3.343999999999999773e+02
2.933999999999999773e+02 3.344499999999999886e+02
5.276538461540000071e+02 3.349615384620000214e+02
4.991666666670000154e+02 3.362500000000000000e+02
4.800000000000000000e+01 3.365000000000000000e+02
3.426428571430000147e+02 3.373095238099999733e+02
8.275000000000000000e+01 3.378750000000000000e+02
1.650000000000000000e+02 3.385000000000000000e+02
3.136000000000000227e+02 3.384499999999999886e+02
4.016333333329999959e+02 3.380333333329999732e+02
5.490000000000000000e+02 3.382142857140000274e+02
6.500000000000000000e+01 3.385000000000000000e+02
1.017500000000000000e+02 3.389375000000000000e+02
2.120000000000000000e+02 3.415000000000000000e+02
2.495500000000000114e+02 3.426000000000000227e+02
4.292894736839999723e+02 3.428684210530000200e+02
5.500000000000000000e+00 3.437105263160000277e+02
2.691470588239999984e+02 3.429705882349999797e+02
1.245000000000000000e+02 3.448809523809999860e+02
3.853125000000000000e+02 3.456875000000000000e+02
5.721315789469999800e+02 3.457105263160000277e+02
3.494166666670000154e+02 3.459166666670000154e+02
4.555000000000000000e+02 3.460454545449999841e+02
5.181666666669999586e+02 3.464166666670000154e+02
4.803888888889999862e+02 3.475555555560000016e+02
2.210000000000000142e+01 3.491000000000000227e+02
1.399000000000000057e+02 3.515666666669999927e+02
2.210000000000000000e+02 3.545000000000000000e+02
6.350000000000000000e+01 3.550000000000000000e+02
1.907500000000000000e+02 3.549375000000000000e+02
3.270000000000000000e+02 3.552142857140000274e+02
3.700000000000000000e+01 3.560000000000000000e+02
9.181250000000000000e+01 3.563125000000000000e+02
4.931363636359999987e+02 3.555909090910000145e+02
5.046250000000000000e+02 3.556250000000000000e+02
3.117307692310000107e+02 3.568846153850000178e+02
3.716538461540000071e+02 3.570384615379999786e+02
5.840714285709999558e+02 3.567857142859999726e+02
2.035909090909999861e+02 3.578636363640000013e+02
2.950882352940000146e+02 3.586176470589999781e+02
4.011153846149999822e+02 3.581153846149999822e+02
4.371818181819999722e+02 3.585454545449999841e+02
5.466111111110000138e+02 3.582777777779999724e+02
2.542894736840000007e+02 3.612368421049999938e+02
3.642777777779999724e+02 3.610000000000000000e+02
5.282500000000000000e+02 3.610833333329999846e+02
4.190000000000000000e+02 3.620000000000000000e+02
5.715499999999999545e+02 3.622500000000000000e+02
1.780000000000000000e+02 3.630000000000000000e+02
4.536250000000000000e+02 3.641875000000000000e+02
7.958695652199999415e+01 3.662826086960000112e+02
2.788846153850000178e+02 3.652692307689999893e+02
3.860625000000000000e+02 3.655625000000000000e+02
8.666666666999999435e+00 3.680000000000000000e+02
1.620000000000000000e+02 3.670000000000000000e+02
1.470000000000000000e+02 3.707857142859999726e+02
5.414285714300000052e+01 3.734285714289999873e+02
1.095000000000000000e+02 3.731190476190000140e+02
1.260000000000000000e+02 3.727857142859999726e+02
3.409705882349999797e+02 3.731470588239999984e+02
3.800000000000000000e+02 3.727857142859999726e+02
5.027380952380000281e+02 3.741190476190000140e+02
2.231153846150000106e+02 3.741153846149999822e+02
5.231666666669999586e+02 3.737666666669999813e+02
5.815476190480000014e+02 3.747380952380000281e+02
1.836500000000000057e+02 3.761999999999999886e+02
2.409705882350000081e+02 3.751470588239999984e+02
4.139117647059999854e+02 3.753823529410000219e+02
4.760882352940000146e+02 3.753823529410000219e+02
2.039705882350000081e+02 3.771470588239999984e+02
8.700000000000000000e+01 3.790000000000000000e+02
2.795909090910000145e+02 3.805909090910000145e+02
4.324090909089999855e+02 3.804090909089999855e+02
5.433823529410000219e+02 3.809117647059999854e+02
7.225000000000000000e+01 3.830000000000000000e+02
1.609666666669999984e+02 3.820333333329999732e+02
2.992142857140000274e+02 3.820000000000000000e+02
5.715499999999999545e+02 3.823999999999999773e+02
2.596111111110000138e+02 3.842222222220000276e+02
4.598125000000000000e+02 3.846250000000000000e+02
3.038235294100000061e+01 3.849117647059999854e+02
3.624375000000000000e+02 3.873750000000000000e+02
5.132999999999999545e+02 3.876999999999999886e+02
1.205000000000000000e+02 3.888529411760000016e+02
4.905000000000000000e+02 3.885000000000000000e+02
5.657894737000000340e+00 3.906578947369999923e+02
3.184523809519999986e+02 3.916904761900000267e+02
4.717105263160000277e+02 3.915000000000000000e+02
2.985555555560000016e+02 3.922222222220000276e+02
4.094523809519999986e+02 3.931190476190000140e+02
4.241153846149999822e+02 3.921153846149999822e+02
1.397857142860000010e+02 3.930000000000000000e+02
2.535000000000000000e+02 3.930000000000000000e+02
3.889705882349999797e+02 3.931470588239999984e+02
5.366875000000000000e+02 3.936875000000000000e+02
1.012500000000000000e+02 3.951250000000000000e+02
2.361315789470000084e+02 3.955000000000000000e+02
3.383888888889999862e+02 3.962222222220000276e+02
3.555000000000000000e+02 3.992083333329999846e+02
3.281250000000000000e+01 3.996250000000000000e+02
8.300000000000000000e+01 3.990000000000000000e+02
2.076818181820000007e+02 3.986818181819999722e+02
2.700384615379999786e+02 3.986538461540000071e+02
5.485294117600000163e+01 4.005000000000000000e+02
1.693750000000000000e+02 3.993750000000000000e+02
1.928846153849999894e+02 3.998846153850000178e+02
5.543999999999999773e+02 4.016999999999999886e+02
1.513421052630000077e+02 4.026578947369999923e+02
3.795000000000000000e+02 4.015000000000000000e+02
2.350000000000000000e+01 4.040000000000000000e+02
1.130000000000000000e+02 4.050000000000000000e+02
3.220000000000000000e+02 4.045000000000000000e+02
4.225000000000000000e+02 4.055000000000000000e+02
3.990000000000000000e+02 4.060000000000000000e+02
4.457500000000000000e+02 4.072500000000000000e+02
5.736333333329999959e+02 4.070333333329999732e+02
2.327857142860000010e+02 4.080000000000000000e+02
1.314090909090000139e+02 4.100000000000000000e+02
5.083888888889999862e+02 4.091666666670000154e+02
2.608529411760000016e+02 4.115000000000000000e+02
4.935500000000000114e+02 4.116000000000000227e+02
5.230000000000000000e+02 4.115000000000000000e+02
1.965000000000000000e+02 4.120000000000000000e+02
2.136739130429999989e+02 4.125000000000000000e+02
4.657727272729999868e+02 4.135454545449999841e+02
7.188461538500000358e+01 4.137307692310000107e+02
5.845000000000000000e+02 4.135000000000000000e+02
3.375000000000000000e+02 4.155000000000000000e+02
8.700000000000000000e+01 4.165000000000000000e+02
1.649166666669999870e+02 4.164166666670000154e+02
2.711000000000000227e+02 4.158999999999999773e+02
2.971000000000000227e+02 4.161000000000000227e+02
3.102692307689999893e+02 4.182692307689999893e+02
1.771153846150000106e+02 4.198846153850000178e+02
1.056428571430000005e+02 4.215000000000000000e+02
3.733999999999999773e+02 4.214499999999999886e+02
3.862142857140000274e+02 4.205000000000000000e+02
1.467500000000000000e+02 4.221666666670000154e+02
5.136176470589999781e+02 4.220882352940000146e+02
4.661111111099999960e+01 4.236666666670000154e+02
4.360000000000000000e+02 4.225000000000000000e+02
5.362777777779999724e+02 4.234444444439999984e+02
1.900000000000000000e+01 4.240000000000000000e+02
8.709999999999999432e+01 4.241000000000000227e+02
5.555000000000000000e+02 4.240000000000000000e+02
2.581666666670000154e+02 4.264166666670000154e+02
2.772222222199999919e+01 4.268333333329999846e+02
1.232826086959999969e+02 4.288913043480000056e+02
2.030000000000000000e+02 4.273000000000000114e+02
2.883000000000000114e+02 4.280000000000000000e+02
4.054090909089999855e+02 4.284090909089999855e+02
2.400000000000000000e+02 4.297222222220000276e+02
4.197500000000000000e+02 4.298750000000000000e+02
4.576818181819999722e+02 4.312272727270000132e+02
3.414230769229999964e+02 4.318076923080000142e+02
4.720000000000000000e+02 4.320000000000000000e+02
2.765000000000000000e+02 4.327857142859999726e+02
3.586538461540000071e+02 4.340384615379999786e+02
4.970000000000000000e+02 4.342142857140000274e+02
6.681818181799999934e+01 4.376363636359999987e+02
3.260263157890000230e+02 4.371315789469999800e+02
2.296500000000000057e+02 4.389499999999999886e+02
5.347142857139999705e+02 4.387142857140000274e+02
5.553181818179999709e+02 4.376818181819999722e+02
1.703333333300000163e+01 4.393666666670000041e+02
1.724473684209999931e+02 4.391842105260000153e+02
1.897222222219999992e+02 4.389444444439999984e+02
5.701428571430000147e+02 4.392857142859999726e+02
3.791153846149999822e+02 4.398846153850000178e+02
2.963888888889999862e+02 4.412222222220000276e+02
4.255000000000000000e+02 4.405000000000000000e+02
4.605909090910000145e+02 4.408636363640000013e+02
3.921153846149999822e+02 4.421153846149999822e+02
3.814705882399999837e+01 4.445000000000000000e+02
1.440294117649999919e+02 4.441470588239999984e+02
3.493888888889999862e+02 4.441666666670000154e+02
3.695000000000000000e+02 4.440000000000000000e+02
4.403823529410000219e+02 4.439117647059999854e+02
1.141315789469999942e+02 4.462368421049999938e+02
4.746000000000000227e+02 4.461999999999999886e+02
4.954375000000000000e+02 4.467500000000000000e+02
5.135000000000000000e+02 4.460000000000000000e+02
7.455555555600000162e+01 4.476111111110000138e+02
2.731153846149999822e+02 4.482692307689999893e+02
2.390454545450000126e+02 4.488636363640000013e+02
2.095000000000000000e+02 4.515000000000000000e+02
2.863333333299999950e+01 4.519666666670000268e+02
3.326904761900000267e+02 4.546428571430000147e+02
5.628684210530000200e+02 4.545000000000000000e+02
1.327777777780000008e+02 4.556111111110000138e+02
4.120882352940000146e+02 4.556176470589999781e+02
1.672500000000000000e+02 4.565000000000000000e+02
6.528947368400000073e+01 4.571315789469999800e+02
2.531153846150000106e+02 4.568846153850000178e+02
3.105909090910000145e+02 4.581363636359999987e+02
5.358333333330000414e+02 4.582333333330000187e+02
4.549999999999999822e+00 4.597500000000000000e+02
5.842999999999999545e+02 4.588999999999999773e+02
1.835000000000000000e+02 4.600000000000000000e+02
4.540789473680000015e+02 4.613947368419999862e+02
3.575000000000000000e+02 4.626999999999999886e+02
4.813421052630000077e+02 4.636578947369999923e+02
9.200000000000000000e+01 4.640000000000000000e+02
1.140454545449999983e+02 4.641363636359999987e+02
4.345000000000000000e+02 4.640000000000000000e+02
4.997857142859999726e+02 4.640000000000000000e+02
5.466578947369999923e+02 4.646578947369999923e+02
2.105000000000000000e+02 4.651666666670000154e+02
2.722142857140000274e+02 4.650000000000000000e+02
3.985000000000000000e+02 4.655000000000000000e+02
8.000000000000000000e+01 4.660000000000000000e+02
2.218571428570000137e+02 4.662857142859999726e+02
2.513333333330000130e+02 4.675000000000000000e+02
3.441153846149999822e+02 4.668846153850000178e+02
1.431153846150000106e+02 4.678846153850000178e+02
5.709375000000000000e+02 4.679375000000000000e+02
3.750000000000000000e+02 4.686999999999999886e+02
5.210000000000000000e+02 4.705000000000000000e+02
1.884230769229999964e+02 4.711923076919999858e+02
2.958333333329999846e+02 4.735000000000000000e+02
3.161000000000000227e+02 4.738999999999999773e+02
1.618750000000000000e+01 4.753750000000000000e+02
4.359090909100000033e+01 4.751363636359999987e+02
1.561428571429999863e+02 4.762857142859999726e+02
1.749444444439999984e+02 4.776111111110000138e+02
4.629210526319999985e+02 4.773947368419999862e+02
6.450000000000000000e+01 4.800000000000000000e+02
5.627608695650000072e+02 4.823260869569999727e+02
4.971428571430000147e+02 4.822857142859999726e+02
5.175000000000000000e+02 4.820000000000000000e+02
1.253095238100000017e+02 4.834523809519999986e+02
3.376000000000000227e+02 4.841999999999999886e+02
4.202142857140000274e+02 4.830000000000000000e+02
4.424090909089999855e+02 4.831363636359999987e+02
2.753888888889999862e+02 4.847777777779999724e+02
2.245000000000000000e+02 4.850000000000000000e+02
1.020294117650000061e+02 4.868529411760000016e+02
2.447307692310000107e+02 4.858846153850000178e+02
3.611666666670000154e+02 4.853888888889999862e+02
3.992500000000000000e+02 4.867500000000000000e+02
5.374473684209999647e+02 4.866578947369999923e+02
3.140000000000000000e+02 4.870000000000000000e+02
3.789615384620000214e+02 4.873461538459999929e+02
4.275000000000000000e+02 4.855000000000000000e+02
5.799117647059999854e+02 4.916176470589999781e+02
2.203333333330000130e+02 4.924166666670000154e+02
8.285714285699999948e+01 4.937142857140000274e+02
1.988846153849999894e+02 4.927307692310000107e+02
2.930000000000000000e+02 4.932142857140000274e+02
3.424285714289999873e+02 4.935000000000000000e+02
4.811000000000000227e+02 4.931000000000000227e+02
1.821153846150000106e+02 4.941153846149999822e+02
2.461764705899999939e+01 4.950882352940000146e+02
1.519545454549999874e+02 4.958636363640000013e+02
5.537857142860000295e+02 4.960000000000000000e+02
1.146538461539999929e+02 4.970384615379999786e+02
4.138999999999999773e+02 4.968999999999999773e+02
5.376250000000000000e+02 4.973750000000000000e+02
4.378571428600000104e+01 4.990000000000000000e+02
1.673888888889999862e+02 4.991666666670000154e+02
3.791190476190000140e+02 4.995000000000000000e+02
4.295000000000000000e+02 4.995000000000000000e+02
5.030000000000000000e+02 4.990000000000000000e+02
6.150000000000000000e+01 5.003000000000000114e+02
9.388888889000000404e+00 5.015555555560000016e+02
3.633888888889999862e+02 5.018333333329999846e+02
2.580000000000000000e+02 5.027857142859999726e+02
2.713666666670000041e+02 5.029666666670000268e+02
3.919210526319999985e+02 5.030789473680000015e+02
4.553571428569999853e+02 5.040000000000000000e+02
5.220000000000000000e+02 5.040000000000000000e+02
3.130000000000000000e+02 5.053333333329999846e+02
5.780555555559999448e+02 5.054444444439999984e+02
1.375000000000000000e+02 5.060000000000000000e+02
2.331153846150000106e+02 5.088846153850000178e+02
1.036111111109999996e+02 5.102222222220000276e+02
1.986764705880000008e+02 5.114411764710000057e+02
2.911153846149999822e+02 5.107307692310000107e+02
8.400000000000000000e+01 5.125000000000000000e+02
4.433333333329999846e+02 5.125000000000000000e+02
1.697500000000000000e+02 5.125833333330000414e+02
4.700000000000000000e+02 5.132142857139999705e+02
4.165384615400000001e+01 5.149615384620000214e+02
3.460000000000000000e+02 5.150000000000000000e+02
4.040000000000000000e+02 5.150000000000000000e+02
4.923823529410000219e+02 5.160882352940000146e+02
2.700000000000000000e+01 5.175000000000000000e+02
3.305000000000000000e+02 5.165000000000000000e+02
5.107777777779999724e+02 5.173888888889999862e+02
5.553461538459999929e+02 5.169615384620000214e+02
1.454545454549999874e+02 5.187727272729999868e+02
5.897619047599999931e+01 5.199761904760000562e+02
1.183571428569999995e+02 5.192142857139999705e+02
5.361153846150000390e+02 5.204230769230000533e+02
2.232142857139999990e+02 5.210000000000000000e+02
4.281666666670000154e+02 5.217500000000000000e+02
8.702631578899999454e+01 5.242368421050000507e+02
3.135000000000000000e+02 5.236052631579999570e+02
4.785555555560000016e+02 5.257222222220000276e+02
2.705000000000000000e+02 5.266363636360000555e+02
3.802142857140000274e+02 5.260000000000000000e+02
1.880999999999999943e+02 5.268999999999999773e+02
2.555769230770000036e+02 5.271923076919999858e+02
5.774090909090000423e+02 5.274090909090000423e+02
2.075000000000000000e+02 5.290000000000000000e+02
1.833333332999999898e+00 5.310000000000000000e+02
4.162500000000000000e+01 5.308750000000000000e+02
3.562894736839999723e+02 5.315000000000000000e+02
4.376333333329999959e+02 5.312999999999999545e+02
2.442222222219999992e+02 5.323888888889999862e+02
5.562142857139999705e+02 5.320000000000000000e+02
4.187857142859999726e+02 5.330000000000000000e+02
4.563823529410000219e+02 5.340882352940000146e+02
5.120454545449999841e+02 5.348636363639999445e+02
5.351666666669999586e+02 5.355000000000000000e+02
7.600000000000000000e+01 5.365000000000000000e+02
2.223421052630000077e+02 5.363421052630000077e+02
4.910000000000000000e+02 5.365000000000000000e+02
1.115000000000000000e+02 5.375000000000000000e+02
3.457857142859999726e+02 5.370000000000000000e+02
1.611153846150000106e+02 5.378846153849999610e+02
2.850000000000000000e+02 5.400000000000000000e+02
3.858999999999999773e+02 5.414333333329999505e+02
1.415000000000000000e+02 5.430000000000000000e+02
1.857352941180000130e+02 5.432058823529999927e+02
3.200882352940000146e+02 5.436176470589999781e+02
9.727777777800000081e+01 5.440000000000000000e+02
3.075000000000000000e+02 5.442999999999999545e+02
2.150000000000000000e+01 5.451666666669999586e+02
3.964166666670000154e+02 5.446666666669999586e+02
4.663823529410000219e+02 5.460882352940000146e+02
5.283333333299999879e+01 5.466111111110000138e+02
2.565000000000000000e+02 5.473333333330000414e+02
5.222142857139999705e+02 5.490000000000000000e+02
5.413095238099999733e+02 5.494523809519999986e+02
1.173823529409999935e+02 5.499117647059999854e+02
4.202333333330000187e+02 5.505000000000000000e+02
2.461470588239999984e+02 5.515000000000000000e+02
5.589347826089999671e+02 5.513260869570000295e+02
1.967857142860000010e+02 5.521428571430000147e+02
2.242500000000000000e+02 5.519166666669999586e+02
2.804444444439999984e+02 5.522777777779999724e+02
2.691176470599999959e+01 5.536176470589999781e+02
3.740000000000000000e+02 5.535000000000000000e+02
5.000000000000000000e-01 5.535000000000000000e+02
7.511538461499999642e+01 5.551153846150000390e+02
1.536764705880000008e+02 5.567352941179999561e+02
3.561000000000000227e+02 5.558999999999999773e+02
5.060000000000000000e+02 5.560000000000000000e+02
4.448333333329999846e+02 5.572333333330000187e+02
1.400217391299999861e+02 5.588913043479999487e+02
2.943823529410000219e+02 5.580882352940000146e+02
1.793750000000000000e+02 5.601875000000000000e+02
4.015000000000000000e+02 5.611666666669999586e+02
2.050000000000000000e+02 5.620000000000000000e+02
3.300000000000000000e+02 5.621666666669999586e+02
