1.556411498487236589e+00
1.429929661083848114e+00
1.725906463671209368e+00
1.390638100912517494e+00
1.503547693919448314e+00
1.481824194462472821e+00
1.409992900363380652e+00
1.318364434049845713e+00
1.471487924857920015e+00
1.750589745393052787e+00
1.618422426537284631e+00
1.444825077310307293e+00
1.771472765860361065e+00
1.617183375793449729e+00
1.430037289618020457e+00
1.593840842777775046e+00
1.686670404740888030e+00
1.477062616523391103e+00
1.713443754373936478e+00
1.446815817577337793e+00
1.446270171574832730e+00
1.444151215835159263e+00
1.368368698416936979e+00
1.405562849435025408e+00
1.380560824039366086e+00
1.427049983774327124e+00
1.318049559094064627e+00
1.445514395685554732e+00
1.664929495132085435e+00
1.312770533952932972e+00
1.615277142761791129e+00
1.467518403297109808e+00
1.622231525433667221e+00
1.664956279274408590e+00
1.401299561464759647e+00
1.173304234992199824e+00
1.456727043018501089e+00
1.432872903857719482e+00
1.501230823174037443e+00
1.469261413188499787e+00
1.542260971302426897e+00
1.587091149372907406e+00
1.410138054852667633e+00
1.527489656534454010e+00
1.784381962727838555e+00
1.405366189226346263e+00
1.645611690784386516e+00
1.419328294640732402e+00
1.701913635430260197e+00
1.487379716173580446e+00
1.529379633055839793e+00
1.448434053016402379e+00
1.559747257206494986e+00
1.485532692410913569e+00
1.393226254165176314e+00
1.443242664602685021e+00
1.488269994291814058e+00
1.736262584738760939e+00
1.541268210732558597e+00
1.477506516817430171e+00
1.569993419962295356e+00
1.683822833830992849e+00
1.706488299464910874e+00
1.663669560773375133e+00
1.456153695640986179e+00
1.550179507865859119e+00
1.420067543568827251e+00
1.500095250630177901e+00
1.415228376665968124e+00
1.261965202247641749e+00
1.507897952703007194e+00
1.323405231532083448e+00
1.522326778169691419e+00
1.625548371290060912e+00
1.461856095725744042e+00
1.511358723257316461e+00
1.526033159986547316e+00
1.389941167634681118e+00
1.285465727552996595e+00
1.538305229547400899e+00
1.656787628904291321e+00
1.440853705103605886e+00
1.357749542892588757e+00
1.334083435865701439e+00
1.648015038314009084e+00
1.602206600239318712e+00
1.584352065433186851e+00
1.474947103461703879e+00
1.503758208178973099e+00
1.512946656924692546e+00
1.578985249530219015e+00
1.671815123125346192e+00
1.357121167642661108e+00
1.433733788652785890e+00
1.603936034056794080e+00
1.561444460854856553e+00
1.322269603152553819e+00
1.567034267226003585e+00
1.690802042682371109e+00
1.586833006513459932e+00
1.573757622005760748e+00
1.548733090736822637e+00
1.273375927377125461e+00
1.503871364740984262e+00
1.505706036556841099e+00
1.637392851395377491e+00
1.346066889472547157e+00
1.671195728867324926e+00
1.313364244836253247e+00
1.817473419745580632e+00
1.475124373754411966e+00
1.358449271894559995e+00
1.529105146136784388e+00
1.715285346458128801e+00
1.306070967931999283e+00
1.527174831646051834e+00
1.451104590476313794e+00
1.392219017045850826e+00
1.455700437122726010e+00
1.343472678857579261e+00
1.633355554428129075e+00
1.797970382713470094e+00
1.394531358242007579e+00
1.428685144830095677e+00
1.591241563615165555e+00
1.362225289200791556e+00
1.525491046508061110e+00
1.303341145123360967e+00
1.545444017051789132e+00
1.342052298947836064e+00
1.674036982123094708e+00
1.440054423262884020e+00
1.616348611672838054e+00
1.639325613327184739e+00
1.419169474080542503e+00
1.469964568873378230e+00
1.461232723113540022e+00
1.289487805891813998e+00
1.458800951178090610e+00
1.588418560843670058e+00
1.594031731277604447e+00
1.488549116838071784e+00
1.645335902871403189e+00
1.598016973201465518e+00
1.430442509085837255e+00
1.276339705592203000e+00
1.347020587819989235e+00
1.461923409910331983e+00
1.525967044295668984e+00
1.533216746573979661e+00
1.711520636141149243e+00
1.476350307854054744e+00
1.352890050582845616e+00
1.409511601208830456e+00
1.406782892918992722e+00
1.320251365156724255e+00
1.524292463509494766e+00
1.512034323928807211e+00
1.213855798705938183e+00
1.539638949409851243e+00
1.301814729964165140e+00
1.448668392236105218e+00
1.544735058270482408e+00
1.685827450120208848e+00
1.311734785895672939e+00
1.547450161707918159e+00
1.667655229084371804e+00
1.478223166193388005e+00
1.439568206916556292e+00
1.133031741256739888e+00
1.340079684295183426e+00
1.613830807599845318e+00
1.322521409360860822e+00
1.793277374853882389e+00
1.354849917052771691e+00
1.681153871759169638e+00
1.490176098065896459e+00
1.611365915423886630e+00
1.563904904913521854e+00
1.114638191857753480e+00
1.656509600301477425e+00
1.532615302948740155e+00
1.339795873933876669e+00
1.333485343602277995e+00
1.318818892940482712e+00
1.703624952545076843e+00
1.238180588645838576e+00
1.627390672922564452e+00
1.888268310256148830e+00
1.511495583995894121e+00
1.726886108574044121e+00
1.437544256598539238e+00
1.611598410188357811e+00
1.329449120642324011e+00
1.453363621485407986e+00
1.725842408083142043e+00
1.578912147709975677e+00
1.387003178371374545e+00
1.434407359063532006e+00
1.723872059358808162e+00
1.595300472694258342e+00
1.546686456373079110e+00
1.357258874837139695e+00
1.800948157303493113e+00
1.559184453849330021e+00
1.727571418588472074e+00
1.684064215443783707e+00
1.612108465663828927e+00
1.471234138841762018e+00
1.519277146648614796e+00
1.748274493983022815e+00
1.390344528230632815e+00
1.383418248098489567e+00
1.463505846237669328e+00
1.330286004298078417e+00
1.587956925467290059e+00
1.137398538833385375e+00
1.620834672784757569e+00
1.451873609999735137e+00
1.276230362482202896e+00
1.421393928455645606e+00
1.577895721735073753e+00
1.504226599182372670e+00
1.285972720130037494e+00
1.642919375553192340e+00
1.774222853009435052e+00
1.746310167523312584e+00
1.543698317345250315e+00
1.503330238326712420e+00
1.426687526717561827e+00
1.771644824537577545e+00
1.489205735775668948e+00
1.476477513599590674e+00
1.604069778133797364e+00
1.426739873843372086e+00
1.525920392345979870e+00
1.698879182598429294e+00
1.634989670045364551e+00
1.317116699202469210e+00
1.381840134196057779e+00
1.606614920881122455e+00
1.658606552037286352e+00
1.530481435806885226e+00
1.540508218686049480e+00
1.624432120370553623e+00
1.591978665633069223e+00
1.601697452017292633e+00
1.635948413492682718e+00
1.273542386039091090e+00
1.609927375743491096e+00
1.645088699362477591e+00
1.483262786257294463e+00
1.471061415862780386e+00
1.495084831086102461e+00
1.547205015995801514e+00
1.395847497724820307e+00
1.548082222139621766e+00
1.535702684695456899e+00
1.587401628804410159e+00
1.609552300862240326e+00
1.536303988958480415e+00
1.574593174601514711e+00
1.580686669107759901e+00
1.691054760506119470e+00
1.137230777341892596e+00
1.656902063155060834e+00
1.502745286735527319e+00
1.587162765466206826e+00
1.859223794969236732e+00
1.443441945587088604e+00
1.292900372607446169e+00
1.598450538657124387e+00
1.664918519805865138e+00
1.380186349934682699e+00
1.430170631721967123e+00
1.426884844645889494e+00
1.527952437789181994e+00
1.273396276927486692e+00
1.466632524193988596e+00
1.352590273318347913e+00
1.414389355720740760e+00
1.177402328807100496e+00
1.289532780418278346e+00
1.402573062337061138e+00
1.412458541623016206e+00
1.565420428291613320e+00
1.401766944027909023e+00
1.539181216813222619e+00
1.425189982121976007e+00
1.518245900614988431e+00
1.640968963822427629e+00
1.562957834942557023e+00
1.755049912897414854e+00
1.521477177860987018e+00
1.598200605422098075e+00
1.565476672319020768e+00
1.393667530745823502e+00
1.556147748441985890e+00
1.720160436274441373e+00
1.560289141356442588e+00
1.868779834911521887e+00
1.403019590243749448e+00
1.549283772416890193e+00
1.565338228984008762e+00
1.441491340311879865e+00
1.313123391329625189e+00
1.212298605296523890e+00
1.257082863986056065e+00
1.735469247116471436e+00
1.330076464216594090e+00
1.569776320362337163e+00
1.662557205292069629e+00
1.278933290593252670e+00
1.486423015472426723e+00
1.509060130312617654e+00
1.374299537131253635e+00
1.559138211071863012e+00
1.461757185254091373e+00
1.688215931363767019e+00
1.554092925611727072e+00
1.391940429259235223e+00
1.571495631860719833e+00
1.504144969102375384e+00
1.495713983955920146e+00
1.568075269681081574e+00
1.421373368755379341e+00
1.655373202146128930e+00
1.619246012777057375e+00
1.596553738748242024e+00
1.550977408730406459e+00
1.115944266099565096e+00
1.475156627815294774e+00
1.701744792049070476e+00
1.319675656614208936e+00
1.300494650202254743e+00
1.570521408135633123e+00
1.187171330547191150e+00
1.429384966207636332e+00
1.236319883946544129e+00
1.265151231791778352e+00
1.706452696600952557e+00
1.294412047645233432e+00
1.359112925325389742e+00
1.528086071255037037e+00
1.397876956424393802e+00
1.491803821441909150e+00
1.477277113043204526e+00
1.484497758270255874e+00
1.292239680981975614e+00
1.560550604432596078e+00
1.519924538572813955e+00
1.436977766042411009e+00
1.553849395167710590e+00
1.544700609052026774e+00
1.492913012959415031e+00
1.472091122433218713e+00
1.538194693231943910e+00
1.689274324889973089e+00
1.379461911188372580e+00
1.535761004218565429e+00
1.509321167959631893e+00
1.441910942801855722e+00
1.385575839003349241e+00
1.640699765003094335e+00
1.664200259137152305e+00
1.563056342416622835e+00
1.403946578618757712e+00
1.546222202100658860e+00
1.482562233151180076e+00
1.497480606535483538e+00
1.525055518273853661e+00
1.667509335351120336e+00
1.291582246920657706e+00
1.475382905049372306e+00
1.342671210836124063e+00
1.856633961433367563e+00
1.714823398163616286e+00
1.451570982621110728e+00
1.473507210961660707e+00
1.250205926923672717e+00
1.474190176501397609e+00
1.417369591463785605e+00
1.452262490683099649e+00
1.544481746347163176e+00
1.570705398789974172e+00
1.435305683101318230e+00
1.631066614210865406e+00
1.396218354342749546e+00
1.490239409657136749e+00
1.458031958958665886e+00
1.577891076901200451e+00
1.483800602475882080e+00
1.374207217704698003e+00
1.586427860976683757e+00
1.606388367469702150e+00
1.343254668292783283e+00
1.289110293188483247e+00
1.484587373870345228e+00
1.367896332806483040e+00
1.307397433245863327e+00
1.672828935172970599e+00
1.353937998091371719e+00
1.330972836194048270e+00
1.352139389472490905e+00
1.691152024701020773e+00
1.542986842889781496e+00
1.439083631575571065e+00
1.359153166403998636e+00
1.655989318367478758e+00
1.849529662774965999e+00
1.445304422901628527e+00
1.341005115970928641e+00
1.541679515027603253e+00
1.341118868564854072e+00
1.394770214090171212e+00
1.514229194622009445e+00
1.577908035991660407e+00
1.648315912040706932e+00
1.526873787603632682e+00
1.556985579895586724e+00
1.559035700623558673e+00
1.586354141526747474e+00
1.592330143849297386e+00
1.600406552636203905e+00
1.620736973098552580e+00
1.436299421664374520e+00
1.186071154270780470e+00
1.649599299157454180e+00
1.177552117095062023e+00
1.578865887520398248e+00
1.474775368916841245e+00
1.553086742123472641e+00
1.459907670460767859e+00
1.465212283587524311e+00
1.545562425966787057e+00
1.544800735189210128e+00
1.343268722280115623e+00
1.571659850422587157e+00
1.528346620527886612e+00
1.269697813173813916e+00
1.411776465871101838e+00
1.657270375851301658e+00
1.612994529021446466e+00
1.428938508289116616e+00
1.463182341189385172e+00
1.378759217980064067e+00
1.483733165004392118e+00
1.525289697834383951e+00
1.468378746733949969e+00
1.634395934045814291e+00
1.648880899404803424e+00
1.490257296239719143e+00
1.320029162129705114e+00
1.314597859691161164e+00
1.558732497540371353e+00
1.539485551116932971e+00
1.561481415173161968e+00
1.676321336482758717e+00
1.222151835108480800e+00
1.495345410573515110e+00
1.477110059168794454e+00
1.574821363921400152e+00
1.398333144418257179e+00
1.573089004750866993e+00
1.603161931000219642e+00
1.529791904803852187e+00
1.522792946032702099e+00
1.356449934572052207e+00
1.462291811194181834e+00
1.792924906559108855e+00
1.591027637958815300e+00
1.458618900726083467e+00
1.491573379908690988e+00
1.591443824357321013e+00
1.509919208289240311e+00
1.402683423136681817e+00
1.512365084029810181e+00
1.429346465976082170e+00
1.650283767567369830e+00
1.517991387495921218e+00
1.422076423605621587e+00
1.528904837109997361e+00
1.330857354451804975e+00
1.529116750161418237e+00
1.618927489754546700e+00
1.727339582540524221e+00
1.523944478810589365e+00
1.504886643857251016e+00
1.557270498745594089e+00
1.395988721364716856e+00
1.370497648892171849e+00
1.468421899687713861e+00
1.345272225579288605e+00
1.479796066855787906e+00
1.368304130995569912e+00
1.391336945960648164e+00
1.690337426830870848e+00
1.390407844888680300e+00
1.592887384056405287e+00
1.365209246383090935e+00
