9.817179602533152583e-01
1.147163212302973134e+00
6.595395316693990484e-01
8.524697419630062889e-01
1.177833080800301913e+00
1.017511649259818407e+00
1.063915109598804865e+00
1.034932771566417165e+00
8.828593775356616824e-01
1.045846079392108940e+00
8.905052061093157167e-01
9.401769825776200573e-01
1.099931994198737994e+00
1.362691261358500272e+00
1.128991884395675216e+00
1.030909253965423211e+00
1.547297982829398899e+00
1.147123318318236773e+00
1.075500634735466976e+00
1.326837384424354838e+00
8.779142909845858433e-01
9.697817013209226733e-01
1.049046997494974098e+00
8.910210323427896206e-01
1.017198408724311331e+00
1.212284178465845352e+00
1.014589007771068196e+00
8.190727369380914613e-01
1.189605232548708980e+00
1.221107757408149697e+00
6.908331307818722511e-01
9.399360369754625744e-01
1.136689903201389740e+00
1.220067409347850740e+00
1.055318880151276062e+00
7.749104066051413220e-01
1.327804831003033481e+00
9.558380387841549641e-01
1.278761685451045294e+00
1.174789221224046498e+00
1.369501107716815769e+00
1.180124327405750240e+00
1.170245312343772159e+00
8.091258360292823415e-01
9.447813768333233053e-01
1.200085096697358633e+00
1.239201852151401440e+00
1.266621921158031183e+00
1.079956423260381770e+00
1.606115871932981554e+00
1.077168090352672802e+00
1.040680003855297020e+00
1.321988719479285646e+00
9.667822659929137252e-01
1.255079027027187877e+00
1.216152518365382740e+00
1.274916975693451304e+00
8.157988605214034905e-01
1.333268749006911280e+00
1.370012318553065711e+00
9.954421251296661222e-01
1.152516642187651819e+00
1.030166953351167480e+00
1.024847953513912335e+00
1.347657817886128928e+00
8.338970636336369147e-01
1.401288309174903546e+00
1.023261834074749910e+00
1.115289597295219925e+00
8.012462690908344065e-01
9.168665520212901932e-01
1.197744955872034112e+00
1.065964992856684779e+00
1.266443834664552570e+00
1.257054108379295432e+00
9.714916739633103759e-01
1.152859280225278837e+00
1.037602716743146525e+00
8.903369079381324713e-01
1.095788944738237625e+00
1.065460278108940173e+00
9.309339363224513608e-01
6.974072948428715613e-01
1.141087880361929541e+00
1.526378023988159249e+00
1.080161646593390312e+00
1.026897783797003916e+00
8.456200591257194699e-01
7.284398044997504318e-01
7.735156556743301159e-01
7.998153936522096608e-01
9.574790992492863140e-01
9.998715890367095849e-01
1.300317370039779874e+00
1.210599739773633665e+00
8.765301223434136535e-01
7.080366113708096432e-01
9.545698255523493714e-01
1.198010912947589102e+00
1.290604249263336500e+00
7.464624107217723292e-01
1.185643819561156720e+00
9.991293282269722020e-01
1.119034643060465184e+00
8.313259565846971011e-01
9.246553530851315816e-01
9.446037243213809553e-01
7.445848470209959213e-01
9.590462643432766665e-01
8.980073018815184493e-01
9.008882577106711587e-01
8.525456834826050656e-01
9.234690987068527868e-01
8.500764448025064368e-01
1.321091941121011359e+00
1.029249117981517969e+00
1.045669342552918879e+00
1.079665857221066894e+00
1.229150104230938734e+00
7.912958479111580345e-01
7.467474801987301625e-01
1.196919990897139296e+00
1.066886545025455213e+00
9.048619777342332693e-01
1.026988021611049184e+00
1.396569603125064063e+00
1.322929952830841360e+00
1.080590374608425108e+00
1.000855725285565656e+00
1.029801429653752542e+00
1.262041094929255092e+00
1.215906480525630773e+00
9.651102589878506333e-01
9.626566617252092506e-01
1.082690270272260502e+00
1.041922553475600477e+00
8.111880887744022939e-01
9.665157041604683918e-01
1.047618640974617321e+00
1.084871720696406694e+00
1.159457135447929055e+00
1.277332894933266960e+00
8.226756991887542725e-01
8.974647991169759642e-01
8.487789605504754142e-01
9.111590924084647103e-01
1.358318624803857233e+00
8.174076702713601872e-01
1.111832991164907192e+00
1.199573788974087840e+00
1.304481935781690805e+00
9.628179627692932119e-01
7.900848509247420104e-01
8.872743285832238591e-01
1.113384456585353677e+00
1.003807809949626373e+00
1.063665831741565038e+00
9.053550940103094469e-01
8.354480018358840798e-01
1.093463966775406693e+00
9.047713346680350543e-01
1.097209302075794479e+00
1.141822039235379727e+00
9.441323333087434655e-01
1.159498541367401714e+00
1.017337625524527667e+00
9.700912153792429216e-01
1.281377148605606475e+00
1.205098441942100918e+00
7.678917486741232423e-01
1.117511753741085023e+00
9.461329113213075015e-01
5.697504942731899114e-01
1.282045525666075658e+00
1.106503576043635029e+00
1.040634534567160152e+00
9.264509218737491114e-01
1.277731298400082371e+00
9.374862908053129829e-01
1.518245812413052676e+00
1.106085812249088640e+00
7.947086773266294202e-01
1.355386010685761145e+00
9.157293393113705715e-01
9.268291511094353119e-01
1.061238505028634815e+00
1.084322618950235295e+00
1.049577753472062502e+00
7.843094046431779987e-01
1.142335797822147558e+00
1.260301709142394477e+00
8.996031777722568457e-01
1.561855355003836543e+00
8.697736167164173970e-01
1.128157658562042753e+00
1.344270465354326705e+00
1.140817231054668701e+00
1.386289433544359850e+00
9.111516913943282781e-01
7.553980406253000268e-01
1.086436287110315035e+00
9.022784912921202327e-01
9.207512225896832270e-01
1.126698531973333584e+00
8.465806501757526803e-01
9.861271773776383309e-01
1.065842006393539210e+00
9.627900955455852561e-01
1.174921768653698351e+00
9.971490746600562005e-01
1.022622173763713116e+00
1.082015770057913828e+00
8.983417824805375318e-01
9.735198850026827166e-01
7.734008246769992212e-01
9.084904669217350737e-01
1.142348749912282635e+00
1.372664091082363313e+00
1.078981230693418336e+00
1.087744643686566537e+00
1.187891314657621988e+00
1.265867233917606027e+00
8.551441105582495705e-01
1.117238939633625971e+00
1.180681573666178874e+00
9.976162809841575552e-01
1.193181647609175000e+00
8.437203431028332812e-01
1.026505166729285046e+00
9.751932304408332808e-01
8.571887765605421539e-01
1.155970864380260199e+00
7.816373402740013354e-01
1.007870033501653051e+00
1.060096748673186262e+00
1.061757285081400104e+00
8.874449498324521457e-01
9.693950746354977888e-01
1.028733097434774368e+00
1.140157665243860974e+00
8.511264077666944594e-01
1.161468577530739399e+00
1.232332326865994032e+00
1.526191775971303510e+00
9.222812980520356252e-01
1.274992070458697224e+00
7.873572502554058161e-01
1.219870269914651306e+00
1.081780334723288828e+00
7.842169386221700123e-01
9.064793980488874414e-01
9.668643454017868955e-01
1.168130982073813939e+00
1.037755914132636237e+00
1.131806076920772064e+00
1.147361853116415586e+00
1.032076847219187021e+00
9.208750864374830591e-01
9.252945253860482833e-01
1.240301385996982475e+00
1.250959212545171839e+00
1.548621983075578079e+00
1.050870294602709087e+00
1.434568741618813537e+00
1.135669500809493027e+00
9.755723880646753887e-01
1.427725119842182311e+00
8.467940294143407876e-01
8.797875371998093996e-01
1.048564892985141439e+00
1.037128946320625023e+00
1.350459737237649227e+00
8.069366278145913007e-01
1.060411051323845388e+00
9.967395631154090108e-01
5.979791142794794734e-01
1.173030787198883429e+00
7.427639507700802834e-01
1.026084769056494705e+00
1.057046696794882390e+00
1.213704537389662663e+00
9.564167094907338740e-01
1.237332023270062198e+00
1.281320302565448710e+00
9.247119378742900686e-01
1.278304394949227873e+00
9.536796330501227104e-01
1.078431275718416460e+00
1.329852558329396306e+00
1.032431663207207029e+00
1.233475882562767634e+00
8.743219380564333232e-01
1.130436440610357085e+00
7.292182134562370521e-01
8.317377824496043903e-01
9.484623367545470529e-01
9.935640027343763947e-01
1.206133916343287815e+00
1.133678568397915365e+00
8.436985083055357215e-01
1.003773930296674166e+00
1.206113629703860823e+00
1.087838970920185888e+00
8.454485221210927826e-01
1.047721059227700868e+00
1.175835303775727425e+00
8.747297186501175048e-01
1.070607231657606739e+00
9.334712298288256882e-01
8.374790692045173124e-01
1.427343415548390171e+00
7.875266965575793421e-01
1.158091716393970572e+00
1.139112811762070132e+00
1.103761944918547400e+00
1.160802738578832205e+00
7.418309835152123721e-01
1.109770792617165824e+00
1.328236542694107625e+00
7.678236227138888204e-01
9.079023439976436904e-01
1.271248135468590279e+00
7.316360731530680006e-01
1.095547231244176078e+00
8.727619354310407473e-01
1.087847238570667896e+00
9.108603757049020810e-01
1.157930117125134606e+00
7.589620043295748353e-01
1.090075632609023959e+00
1.105694240454362820e+00
8.830565098022487014e-01
1.450116776181149536e+00
1.042438514068779298e+00
1.069020248163046860e+00
9.389224945084584384e-01
1.335463218296562893e+00
1.209862315047588677e+00
1.135908437291501594e+00
9.370165968348769248e-01
1.128991701071989873e+00
1.366000152274865709e+00
7.175675960534046993e-01
1.032104238633298587e+00
1.226440127937108882e+00
8.663636126453582165e-01
1.279002250744398328e+00
1.218154680306676729e+00
9.477210622274330198e-01
9.341648600367724598e-01
8.342850700689257160e-01
9.616129938310828962e-01
6.518524046234979163e-01
1.163978926065980746e+00
1.083575695058995869e+00
9.834475667302546853e-01
1.018450253125724903e+00
1.495776655303064251e+00
1.139713996881263958e+00
1.173802844310743998e+00
1.345707701190112182e+00
8.902987689784314096e-01
1.366352466868772098e+00
1.202749406742128713e+00
1.101321375144030279e+00
1.166399058213521078e+00
1.051714338278451732e+00
1.197441442874897621e+00
1.144200324534324187e+00
9.169808489237070148e-01
9.384241473987400273e-01
9.125944297133161687e-01
8.961601046808018722e-01
1.157028137242922528e+00
1.032134606322051118e+00
9.918930641806802395e-01
7.361423840407996799e-01
8.835851513704879867e-01
1.047400368089291378e+00
7.090076712449624452e-01
1.119470509819382009e+00
9.420746928206278348e-01
1.462817699483009326e+00
1.386422884633322195e+00
1.107570210711876113e+00
1.084776545211011411e+00
7.276386474593901088e-01
8.670276617246044371e-01
9.124400574941413655e-01
9.238253619164871200e-01
1.355686965717469272e+00
9.629121539248650663e-01
9.954408378935792889e-01
1.187665578795848331e+00
7.870415311950149650e-01
8.162502449687318862e-01
8.224332778992360371e-01
1.242792303468388981e+00
1.152001698475267011e+00
1.049966072725798227e+00
1.228062666754335952e+00
8.919802362324191769e-01
1.359497190688899515e+00
1.013588726099264870e+00
1.307156102154180211e+00
1.043933900789573821e+00
7.948682674718683394e-01
8.504606836773056511e-01
9.843812157006133212e-01
7.234560102155436212e-01
1.143186091483495925e+00
7.249949875093237850e-01
6.733117481934742798e-01
1.275084689003602723e+00
1.355506926917192434e+00
1.199076781907921330e+00
1.475811881036591222e+00
1.331370376560281121e+00
1.334342631681400437e+00
1.013603905166765795e+00
1.222254317487896813e+00
1.242046163072890064e+00
1.290538903598305698e+00
1.130519614403766360e+00
1.153649584521555971e+00
1.178019014127934527e+00
8.953120213911167635e-01
7.968876768661423693e-01
9.826158128582842544e-01
1.053327882954013361e+00
1.002705110890858453e+00
1.044281663091900292e+00
9.462778951295414132e-01
8.734335349540012228e-01
9.852824088081619802e-01
1.090005322100163765e+00
7.018653471180447134e-01
1.179064465212714019e+00
1.279631183649396764e+00
9.028466723246029169e-01
8.961758230011569459e-01
1.285331814126104311e+00
1.116904534607240596e+00
1.001634809377540680e+00
1.211771250170468939e+00
1.281511770575017195e+00
1.352685939773356605e+00
8.961390445287131801e-01
1.009596723958309239e+00
1.086716505041048997e+00
9.993978171418225198e-01
1.234030211581529368e+00
1.189777222130934398e+00
8.802671881473735915e-01
1.290135133620494479e+00
8.803173842607261435e-01
8.627947218833889043e-01
1.512593815477261128e+00
8.833442439241245836e-01
8.993020392195409940e-01
1.011865882188978105e+00
1.187044137490991691e+00
9.526625076934136516e-01
1.152835990827866697e+00
8.888050690828950273e-01
9.900366746971882570e-01
9.955003859396698296e-01
5.461077087032071287e-01
1.034268557587280313e+00
8.565611670013346668e-01
1.368781315017081335e+00
7.865581807673576176e-01
1.157297221986339553e+00
1.056625616684006008e+00
7.846454574593355602e-01
1.122318364688574821e+00
1.216177274675519282e+00
1.301638710138893096e+00
8.243801772818453166e-01
8.002804284387159406e-01
1.108221055683786371e+00
7.941085757284636060e-01
1.026166448408504461e+00
9.480567937452020200e-01
1.009453656960765944e+00
1.218879810997030688e+00
6.656762176962947031e-01
8.309893019280134574e-01
8.692496935024789373e-01
1.370978211347315456e+00
8.516393467333158718e-01
1.034001611280221056e+00
1.074201788576374161e+00
7.808215376462244173e-01
7.740031173704597922e-01
1.134278889003628610e+00
1.162955655143913081e+00
1.331151401898708952e+00
1.326953200805508715e+00
1.521328593367383686e+00
