7.646309205467387571e-01
3.642571340394198387e-01
4.603425459960091004e-01
1.188341584201757506e-01
4.191911944753645702e-01
6.478080301832971344e-01
5.565629317051830061e-01
8.610240581152526218e-01
7.202613871898240205e-01
4.390432413846370174e-01
4.661521153398662243e-01
3.511331084548245940e-01
3.264632474246706995e-01
4.571068611873032594e-01
4.382986895858747012e-01
8.485182285171124494e-01
4.744931306174142716e-01
4.053133717737100739e-01
3.176543599225687409e-01
5.277907789691644869e-01
6.858677412142522023e-01
5.548585025434973339e-01
4.058359796012964704e-01
5.852982070301746553e-01
3.296381986330616520e-01
3.664211404739627920e-01
6.076913443085227851e-01
3.067183399919932718e-01
6.779249796612414336e-01
7.627172868797087446e-01
4.292715024555922021e-01
6.508883542055561300e-01
5.542663139263985794e-01
5.071407492981336862e-01
4.023071849999555472e-01
4.235337711550513085e-01
5.306554524730624500e-01
5.356381860074983514e-01
6.250418729614803937e-01
4.774462206520084795e-01
4.722743928575128258e-01
3.859965944843386509e-01
7.798577825382149165e-01
5.879741772803228628e-01
3.249180325443379314e-01
3.941796875399767863e-01
5.680244625782904233e-01
7.430952915460593555e-01
4.548817514812459883e-01
7.000110059996893508e-01
4.300277473072435797e-01
4.859473043689650495e-01
6.010934084049921466e-01
3.974210154434463238e-01
5.571345742125977107e-01
4.330532385464873624e-01
3.183734409072591642e-01
5.767698758197292719e-01
6.643358798221572492e-01
3.013746491552025120e-01
5.537893145939021267e-01
5.557360231837473741e-01
3.592772540743420784e-01
4.092098385086915258e-01
4.618242782648804834e-01
5.216917496998789705e-01
5.116758907458751615e-01
4.904406432151193762e-01
5.966750231561124274e-01
5.156555688715651620e-01
6.428831345925065666e-01
5.381393180327296299e-01
5.439282459158687466e-01
4.417862751580163838e-01
6.224715085363561329e-01
5.927105472865628055e-01
4.108791628069705659e-01
7.592935538997473977e-01
5.950823378768788086e-01
5.987828278971720763e-01
3.527441095321222075e-01
4.764261758762438070e-01
5.163224819843839075e-01
6.046979593560961597e-01
4.438912638853453885e-01
5.543418227812435539e-01
4.848629212445947356e-01
5.121807623236147577e-01
5.499924433566480975e-01
7.675756124869397290e-01
6.717529952456506859e-01
5.797956987191055234e-02
4.067308236199966842e-01
2.248195802082577632e-01
5.014875020847893161e-01
4.781972264996872113e-01
2.909281971486787910e-01
5.867577562494734611e-01
5.757160483929093520e-01
5.226884361669901224e-01
5.347409719605220602e-01
4.720709170475991812e-01
5.245989511219089074e-01
3.686570203961248016e-01
1.463277530694742090e-01
6.025353695311244095e-01
3.604291830494164017e-01
4.184343335630578142e-01
5.881624574887367451e-01
7.324717781781617809e-01
4.786012653343134637e-01
2.765977334012683642e-01
6.566626229060463782e-01
4.950159315496827084e-01
7.607384642313246292e-01
3.000459166127842359e-01
6.098276256310413146e-01
6.880517322635431032e-01
5.518509827083786234e-01
4.899470460394148574e-01
3.521755139216542485e-01
5.312074633119336919e-01
4.208901745429161068e-01
2.967696668190527021e-01
3.398240372595993097e-01
5.560917517100298912e-01
4.401791930126972563e-01
5.012840826678759409e-01
3.552925193065246123e-01
3.811864093713941415e-01
4.639899093314627798e-01
5.912464779050876640e-01
5.535178908315110391e-01
6.299124326022584874e-01
3.612596872893869548e-01
4.406896394445329879e-01
5.266024068985173390e-01
6.979538149269681746e-01
7.376636570884693711e-01
4.822261261381424191e-01
4.808412124227814388e-01
6.414377213929030042e-01
5.417272259108512067e-01
6.977613626094789634e-01
8.001839289348418038e-01
2.429700924369835313e-01
2.846728786024284030e-01
3.687260348418857081e-01
3.299138664953629174e-01
3.669638688211702693e-01
6.721496997957467912e-01
7.251265450954971215e-01
5.268626005761407605e-01
3.290802288043022106e-01
6.205986779110364004e-01
5.912053828708740966e-01
5.870475924327565043e-01
4.403625879107533336e-01
8.285376829293211731e-01
6.034649465100723198e-01
4.566421767255064434e-01
7.711235452541767010e-01
2.940114061543366297e-01
6.158499197543587655e-01
4.985278575780220933e-01
3.358485161591657775e-01
3.622040808317206206e-01
7.551997644467098869e-01
5.138201651775367029e-01
6.088247505452502040e-01
6.042806528249689002e-01
5.418338309107537665e-01
5.854369454909467141e-01
5.533146866037232936e-01
3.905019809844962886e-01
5.283189285845877325e-01
3.550706697592647121e-01
4.212509529224490734e-01
8.294896119227601616e-01
7.995512312554302614e-01
5.716898865660799967e-01
3.573211271287295432e-01
4.532120799727443750e-01
8.681471940442173629e-01
5.044369757480025029e-01
5.668428274664942812e-01
3.812077608044153187e-01
5.993714443462603292e-01
4.542234412971799529e-01
4.759888829644862707e-01
3.440171925504122985e-01
4.459522171154024495e-01
6.266218178095557256e-01
3.877929410223277529e-01
5.697418469381885231e-01
5.501892362753606491e-01
5.276240458894727592e-01
4.020289912363541607e-01
3.763285711131456601e-01
6.679398815977553028e-01
3.706185121458243081e-01
4.627304081636172128e-01
5.251660997172158396e-01
6.450256230027149318e-01
5.629057606092235932e-01
5.060088051987445823e-01
3.914381459918294670e-01
5.679188713568401603e-01
6.309393147240343058e-01
2.628500263343429566e-01
6.095267210344434972e-01
5.365611300273922524e-01
6.644569251221057460e-01
4.993657919226621722e-01
4.128637953245504200e-01
4.875114781322886781e-01
6.140394154016952655e-01
4.528348194159990125e-01
1.892602940427585700e-01
7.363660268610938697e-01
3.868940280299424384e-01
7.000930914979808239e-01
5.797297005029315997e-01
5.684806755176070592e-01
2.448125536646981182e-01
7.360934083071173362e-01
7.040921755389093484e-01
2.455971511735914881e-01
3.732719908428014932e-01
4.147226254326132899e-01
3.145444446948015838e-01
4.798041713889837911e-01
5.967542759977098044e-01
4.141197568032395360e-01
6.689656650773700974e-01
6.216758553295889111e-01
5.647360779861649860e-01
2.799972106985548770e-01
4.589605209801854713e-01
6.890570326094520581e-01
4.399141909086590196e-01
4.966526078938455768e-01
4.338256676993239580e-01
1.513752047978431658e-01
5.353792417345402121e-01
5.651242210076721229e-01
4.588973597540229044e-01
3.339660035165312735e-01
6.528968480570336297e-01
3.266655617828453373e-01
4.983154645990610643e-01
4.199501201918907078e-01
3.856320900970682253e-01
5.450375496668840025e-01
5.021483753990865218e-01
6.300967252686975328e-01
6.167759272057533604e-01
5.615913201618087935e-01
7.282863082189221515e-01
5.629199201605943337e-01
6.700823428788940106e-01
4.874048170082487808e-01
3.405082697465140473e-01
3.401842339395313441e-01
5.177976288820129724e-01
7.886335861556990068e-01
4.598532899722507228e-01
5.572156727820403166e-01
7.024179605044786889e-01
3.301650825343358520e-01
5.460509198235885542e-01
4.455939919845983699e-01
3.636365709883930819e-01
2.808953695507958592e-01
6.116937406567339863e-01
3.471514767397876344e-01
7.253171595235232694e-01
1.129657884775800980e-01
5.955699670508718402e-01
2.808502227681555219e-01
3.407516031775994492e-01
4.505476064146005655e-01
5.261723422388735472e-01
4.277084802233901417e-01
2.979487829581914937e-01
4.354167891448361694e-01
3.830349881282275604e-01
4.857524450131167626e-01
5.430835394730857413e-01
6.413676158203660549e-01
3.522077181472087481e-01
5.896201405806651419e-01
6.113951656146956459e-01
5.120332937666800532e-01
3.002085791959696603e-01
3.785777894850268499e-01
5.382984089995770383e-01
2.649067665638542568e-01
5.798233393218530374e-01
3.404506601575272295e-01
6.206901666343735968e-01
4.341114972319417564e-01
4.621441240797943273e-01
3.662627103805982109e-01
4.610201138624709927e-01
5.491421386496413426e-01
2.893356446872543675e-01
4.423665758333430453e-01
1.501683833592766248e-01
7.915935365927317946e-01
6.268617835136764960e-01
4.820417210749134984e-01
6.787630826205066636e-01
6.079569966792766067e-01
4.655043897148838372e-01
3.454412444363628154e-01
5.242566530048071716e-01
5.178070736988091838e-01
4.093622620653518673e-01
3.228093377128029573e-01
4.548205541285044173e-01
5.884564634214741741e-01
7.948685292107968703e-01
2.003116808876252986e-01
5.413075879449591454e-01
5.325875471307361941e-01
2.463290077616995255e-01
5.835533090759403851e-01
3.211120962180373795e-01
3.269278727813063057e-01
8.627723651300158725e-01
7.675602295243777462e-01
3.693817627325983732e-01
3.156565151530239532e-01
6.890756481287687585e-01
4.801443522067856406e-01
4.506159500349955493e-01
8.269744047646876428e-01
6.168536519499148163e-01
5.385530784391190373e-01
4.979617932886577503e-01
5.007275002827800137e-01
5.813193423263098847e-01
2.953848666398162237e-01
2.525992534348069363e-01
5.956069788363327344e-01
6.798808862017005072e-01
6.561309854434684841e-01
5.165359502212867326e-01
6.758348786022680965e-01
4.522442095378123028e-01
4.885586508584933707e-01
5.472072682207964611e-01
6.103220309481267591e-01
5.042553679128687349e-01
5.050950161480156630e-01
3.210307287379041696e-01
4.873030269907248080e-01
4.430477799125638327e-01
5.827999961624326097e-01
7.032517121138612826e-01
6.213004983788155133e-01
5.207490002488204262e-01
3.359406738105268353e-01
7.667902971767046605e-01
5.290113109506515698e-01
5.897461995193034046e-01
3.804050717203621979e-01
2.072691133116344453e-01
6.751677351163878349e-01
8.031957178070792125e-01
1.805016479127756757e-01
7.162050086831233120e-01
8.532237262129576116e-01
6.004146655238897790e-01
4.032541733382795091e-01
4.495827114574262318e-01
8.101694192295463282e-01
7.027320175185021167e-01
4.839374269441614196e-01
4.711432144949792011e-01
4.560076394289469537e-01
4.977815794391449167e-01
7.317078972007440285e-01
6.790685043235908935e-01
5.752319693888512386e-01
6.635647633469570206e-01
5.934952254501220104e-01
5.711474279736936666e-01
3.854101443708608521e-01
4.624997986789369797e-01
5.132049308025912193e-01
5.070687907319537668e-01
5.464675040009863149e-01
4.883250388810482789e-01
7.297179517814265104e-01
3.421262373276630075e-01
3.563005605125846298e-01
4.846804755771971784e-01
4.037476699715509820e-01
4.844073486780720028e-01
6.603271461320212588e-01
9.073548335782604113e-01
3.926084763213477657e-01
5.805106139746334382e-01
6.840383538908576533e-01
7.693456254632988767e-01
5.657622574349105982e-01
5.251933658873813027e-01
5.052242450618611436e-01
3.142420154218166228e-01
4.159652514263754153e-01
3.495318587952060962e-01
6.341384502141296231e-01
6.021114983109960850e-01
3.750995274790391854e-01
6.572568572848596080e-01
2.946329202340025599e-01
3.418498439535277988e-01
5.472911391852848251e-01
5.791916052942416293e-01
4.077415293628565696e-01
4.034848736885638942e-01
7.396930276737987420e-01
5.713640492237384017e-01
5.503579959334510274e-01
4.683124176962962792e-01
6.307374297183487855e-01
6.600894898991800375e-01
4.293398381949904419e-01
5.285768262090466685e-01
5.380620932869548678e-01
7.463070181779689616e-01
6.942521005312474180e-02
4.313176204457667140e-01
2.698434723265752400e-01
8.073675096889365577e-01
7.346931435319996595e-01
5.500029029701338779e-01
5.319554922927289820e-01
5.215664277482656708e-01
4.990596647209470937e-01
2.353726299256135857e-01
5.733134558610686327e-01
5.124227561674741249e-01
4.618355068496757809e-01
4.076334329726107875e-01
6.265518693251206361e-01
7.062095090110966922e-01
4.864004994986728114e-01
4.484059604768775298e-01
7.097754309686210572e-01
6.404550431481881301e-01
4.268328205437206257e-01
4.364881181083828388e-01
7.416408369206133333e-01
3.821164574160671457e-01
5.612842090635996595e-01
4.577181815291124778e-01
5.617895468550970772e-01
5.744756742752823442e-01
5.146636289828712130e-01
5.203215744312987834e-01
4.379504360262189699e-01
5.532263689278877905e-01
6.634997487400937644e-01
7.727537952538108268e-01
3.797917995921862300e-01
7.598579330999080117e-01
6.542355681946041557e-01
8.532707458662245337e-01
4.776567585916720038e-01
3.609773795484487735e-01
4.808610783615878681e-01
2.059175976534608488e-01
6.409896382945825533e-01
6.328705655077140335e-01
1.824293021121590197e-01
4.245901516160746070e-01
4.884403158709424986e-01
3.570584932263640709e-01
4.985144529352059095e-01
8.244449627653271939e-01
4.911206812139030653e-01
5.907928041723322643e-01
3.370914552107062701e-01
5.717524335529480251e-01
5.320416641588650020e-01
4.688758507895318672e-01
3.564211272282862275e-01
2.597884609184173410e-01
6.344458373169357124e-01
2.826350756625770622e-01
7.529600302127115174e-01
7.531328502715264328e-01
6.553408975091636890e-01
5.221509030081405989e-01
6.249648114612509353e-01
4.351426280177468353e-01
8.156803657240436767e-01
