1.628691417052859469e+00
1.343705913430156551e+00
1.344516594321080838e+00
1.317754369199830355e+00
1.008775089596292585e+00
1.555460790876172616e+00
1.390511377583617758e+00
1.328817373094770993e+00
7.084972441974919377e-01
1.043094908260552067e+00
1.149523425381199226e+00
1.720427270365924244e+00
6.990734966282650120e-01
1.240639769317382290e+00
8.467840277489568912e-01
8.751565728059027549e-01
1.075133187144279967e+00
1.194403469503605653e+00
1.389817220656088814e+00
1.437092127491889748e+00
8.859853025639607971e-01
1.778895793820452376e+00
8.584849874761633082e-01
1.742799175016872315e+00
1.081648936258039040e+00
1.157591274903852163e+00
1.797736512624570127e+00
1.067249353936787770e+00
1.082701006892306417e+00
8.283791592096190204e-01
1.250635046678882922e+00
1.513523613238598298e+00
1.123024142961947636e+00
1.687821492142165480e+00
9.340662363435658921e-01
1.198410000133792508e+00
1.715110419313317536e+00
1.174713412961053027e+00
1.032670433457731463e+00
1.498916637844177391e+00
8.879849092252154463e-01
9.270442921678423431e-01
1.083549439691140703e+00
1.089814573446141743e+00
1.163572979339754898e+00
1.415275314899270942e+00
1.036502936403067565e+00
1.139054015785291973e+00
8.099677065716723856e-01
9.070138458343848242e-01
1.341879246665455661e+00
1.321474343298560061e+00
1.128821913170507951e+00
1.492293831196970455e+00
1.084438537428532801e+00
1.280773838261787478e+00
1.627981309411629773e+00
9.352578128158473003e-01
1.886242425808512868e+00
1.412300959258065092e+00
1.760508069054601332e+00
1.231780433296271404e+00
1.242769217773618040e+00
7.924920271511608494e-01
1.230569112545704780e+00
1.289630137055329584e+00
1.627406776437236413e+00
1.114966366274013465e+00
1.362564589873501042e+00
1.159984640062126537e+00
1.061657918773696974e+00
1.161414301216065148e+00
1.473022649280023355e+00
1.248497613480272328e+00
1.228517414543612851e+00
1.590155446533127126e+00
1.502146304622467898e+00
1.462873740487537155e+00
1.335428886409130378e+00
8.805137949719790136e-01
1.041416946771973606e+00
1.301621875449626486e+00
1.138299707664694349e+00
1.135625551375633036e+00
1.545382202175931585e+00
1.452256688710211296e+00
1.000979697780057798e+00
1.550834465087899794e+00
1.527150459840533880e+00
1.764452149822463678e+00
6.826384374754925766e-01
8.316265449836999224e-01
1.339560333195076502e+00
1.429530900905172430e+00
9.819219607660909510e-01
1.395208129555308041e+00
5.208269787044164101e-01
2.059522971385153944e+00
1.246515937930970486e+00
1.082307482365413076e+00
1.367781496858414769e+00
1.627096801130115011e+00
1.264057992337267233e+00
1.179348944507567332e+00
1.661573546661845757e+00
8.325684255553726931e-01
1.831563043040583372e+00
9.854877849335326179e-01
1.290740236422412313e+00
1.554808431078105180e+00
1.459256597256113119e+00
1.061003899940497375e+00
8.107889889921051640e-01
7.970670828294257326e-01
1.039392947591731398e+00
8.014705203893002228e-01
1.624110128769579831e+00
1.187708414699484294e+00
1.111366883060208810e+00
1.308749331530845161e+00
6.384390732188172102e-01
1.783193400115647531e+00
1.320241550948540343e+00
1.783124049385808707e+00
1.032868234775664806e+00
1.528293458233638713e+00
1.345508239073808676e+00
1.093493867885687143e+00
1.025968998076260963e+00
1.159565613694494957e+00
1.104411360342564041e+00
1.455738864699605006e+00
1.239785085305901591e+00
8.560843618561473356e-01
6.138439792638457071e-01
1.321582107928557903e+00
1.283665172382338016e+00
1.491929426428376004e+00
1.431657877780193600e+00
1.527943162270286592e+00
9.295942379799084776e-01
1.218729255782535770e+00
1.792882646676446701e+00
1.287803409957164469e+00
7.747435905052015848e-01
1.187355217048332801e+00
9.154369101421049315e-01
1.168274545641394990e+00
1.073745046350135013e+00
1.105553802079695558e+00
1.062339504518037714e+00
1.192322172156800697e+00
1.041281863589650136e+00
1.239046470099576691e+00
1.469045604233185198e+00
1.442445749123799414e+00
1.026748109229658201e+00
9.981158547787418733e-01
9.171591334862208011e-01
1.168182113856141235e+00
1.357637602682558509e+00
1.526600214320166682e+00
1.354873462129216666e+00
1.423141740373200514e+00
1.182209586727777317e+00
1.302467809665286413e+00
6.632137539059690390e-01
1.175602606969225583e+00
1.453170801524247935e+00
1.409855429107591318e+00
1.063050318222740209e+00
1.097359426799106696e+00
1.440210079891852679e+00
1.136977717626902029e+00
1.484228418773246405e+00
7.252669473361241792e-01
1.012206136395725098e+00
7.967310374762592851e-01
8.590608885432962083e-01
7.800189762239262414e-01
1.282993711022118344e+00
1.394453934015136287e+00
9.458958325991067007e-01
1.224201576983776185e+00
7.210763429573772143e-01
9.930989030205714663e-01
1.240987239354778726e+00
1.076057785078853080e+00
1.009919786469522851e+00
1.996957161822701110e+00
1.281249821000645106e+00
1.191295011974033535e+00
1.319907396403413369e+00
1.047587140018696239e+00
7.534020023009790901e-01
1.198372044170967543e+00
9.200719540969333199e-01
1.183478427016524837e+00
1.310029284029132768e+00
1.175017829355251342e+00
6.172108209924642708e-01
1.175336321366394765e+00
1.368187525007639405e+00
1.667956898727194215e+00
1.178276595378359382e+00
9.357431928869845983e-01
1.150004298759550236e+00
7.936711011930381865e-01
1.651438221907573833e+00
7.530023532810539155e-01
1.462878399537714369e+00
1.171266107370451781e+00
1.459554468019609974e+00
1.093715609148421031e+00
1.471055430631305505e+00
9.681090533155827238e-01
7.868211040046211302e-01
8.077132853253585765e-01
1.574527577853236604e+00
1.263144445702189866e+00
9.004897174539583382e-01
1.305832966656627070e+00
1.600323384568672180e+00
9.691801567653235416e-01
8.771097063569168739e-01
1.035749440717514736e+00
1.400087658187600947e+00
1.593605822958048313e+00
1.256636934258275051e+00
1.480320816227890912e+00
1.354798652125867031e+00
6.943469744241363983e-01
1.541930167722480594e+00
1.224656753848835766e+00
1.416155447366446163e+00
1.293956919703367126e+00
1.657121760755151385e+00
1.646039428309870045e+00
1.375256737567695176e+00
1.467360258532766082e+00
1.257140789998116626e+00
1.263199007621310210e+00
1.548948966452150078e+00
1.377118241215393724e+00
1.021471395174140984e+00
9.501166270460217333e-01
1.240388312898141887e+00
1.211981248178967352e+00
1.336540365647586270e+00
1.146843018810038028e+00
2.098707456687903594e+00
1.641406454508269608e+00
7.115711237402539968e-01
1.403354934858744851e+00
8.283068220777434210e-01
1.539932835927723342e+00
1.484423869660288942e+00
1.240926555085099636e+00
1.032899182998447962e+00
6.784184979916869640e-01
1.247184288052844536e+00
8.229387144837518875e-01
1.271729001303571138e+00
1.375757575141635769e+00
9.248132182400681245e-01
1.355974029185031959e+00
1.530392900451998051e+00
7.648056105011096228e-01
1.040001079764412362e+00
1.505889371769859819e+00
1.087781601949522337e+00
1.158943833292363390e+00
1.333000915227786631e+00
1.140846240895081021e+00
7.594707180316193629e-01
1.626775303253604976e+00
6.962192437720933214e-01
1.740408294759654417e+00
1.508361106202753099e+00
7.772450853523615866e-01
1.134960800449744678e+00
1.345827779866481722e+00
6.821877088731791439e-01
9.426978695544017128e-01
8.195707010065733655e-01
7.738335960471176556e-01
4.887032525217327450e-01
1.242993818553167262e+00
1.257526195879515196e+00
1.312560602003106203e+00
1.313339123946156484e+00
1.373168694398654299e+00
9.235060867975983800e-01
9.764644418945569448e-01
1.133296358027419348e+00
8.892542114002388587e-01
1.352579563761980186e+00
1.339018540486819120e+00
1.480000877004530757e+00
1.306628013665317445e+00
8.513402673607908255e-01
1.095189749912143240e+00
7.941638604299172677e-01
1.017273105115944931e+00
7.864783991027324284e-01
1.534991675557284996e+00
1.210835843379671761e+00
1.080140371950453648e+00
1.208609954446105306e+00
1.911463181618724416e+00
1.417597739835298798e+00
9.801701136475426956e-01
1.179085005475493553e+00
9.888509617541956231e-01
7.473347499851623610e-01
1.229932833477106247e+00
1.693198114493401185e+00
1.309233784137677770e+00
1.123701022266976324e+00
1.004981429881192323e+00
1.386661584889417487e+00
1.137223773319773645e+00
1.054177216214733370e+00
1.260495873928351385e+00
1.115593697443676646e+00
1.134677893993401021e+00
1.231540182819926166e+00
8.870782778637233967e-01
9.550940082345680260e-01
1.131960666200386489e+00
1.375650370156572766e+00
1.045215022709307107e+00
1.189148846004599136e+00
9.413505762650555830e-01
1.710744276884577308e+00
1.227498896246603799e+00
9.817320781727598700e-01
1.225210854829295481e+00
1.612120989252348480e+00
1.260733907602845205e+00
6.319394254186696536e-01
1.276742120261717073e+00
1.572379810249940668e+00
1.142352654232704934e+00
1.682694747677176306e+00
1.056646599004167131e+00
1.232042688736079583e+00
8.829869131484680000e-01
1.099456988857596906e+00
1.071282929118691163e+00
1.488920294704497049e+00
1.306750562086751000e+00
8.807265653547386997e-01
9.532005775549459159e-01
6.781234426930238257e-01
9.414364462436681791e-01
7.751515227934631103e-01
8.176274592816672460e-01
6.240755717946320225e-01
1.058186147327461413e+00
1.186652641248088447e+00
1.437223517588090749e+00
1.602817498463551704e+00
1.096794455756736841e+00
9.923583744700688047e-01
1.086087729120248202e+00
9.034828489691695275e-01
5.257254040287406838e-01
1.454999656104561279e+00
1.612192911906325188e+00
9.962611970788977089e-01
1.377351306868744185e+00
1.500146391085455999e+00
1.103654351996480765e+00
1.526016960963698654e+00
9.629861059922197875e-01
1.013288060352863784e+00
1.180189346660835525e+00
1.428217023700218302e+00
1.162978331981263214e+00
1.815264400274088974e+00
1.497585043199471722e+00
6.430737479146317881e-01
1.457825063738224625e+00
1.058528580657495333e+00
1.098657494026803239e+00
1.009943004387496845e+00
1.074424386031819223e+00
7.568916079441065925e-01
1.215922908548110914e+00
1.217995210535684603e+00
1.437084997411613774e+00
1.015228731958397024e+00
9.763213888838604415e-01
1.109117397225863888e+00
1.061140988930771911e+00
1.292450926402260114e+00
1.310750518369113049e+00
9.691522291663678956e-01
1.615813251690478403e+00
9.981205039562333070e-01
1.174434292839669602e+00
1.061699921227640786e+00
1.392963561350500479e+00
1.464308608701385683e+00
1.156605402538159133e+00
1.327710850067391757e+00
1.234179096269002684e+00
6.164372262889332710e-01
1.234439310033649928e+00
1.087624462618962395e+00
1.314641880570594168e+00
1.336223879212266707e+00
9.523219148845503135e-01
7.775610400026085056e-01
9.610463473717620886e-01
1.346385303801205247e+00
1.267168017157719984e+00
1.073284072792290988e+00
8.427197985126486657e-01
1.451520004432233391e+00
8.502499114919213064e-01
1.305424203461735155e+00
9.879566430655359888e-01
1.686232606969247261e+00
9.412428130080783273e-01
1.137516803543603849e+00
1.162647654975053069e+00
1.234796664825789536e+00
1.280778817120350688e+00
7.480040882988079343e-01
1.154248025805647782e+00
1.048438056443600663e+00
8.068125023541679042e-01
1.257222509706470426e+00
1.462354247008420094e+00
1.780214290671276789e+00
1.268643687287934974e+00
1.385694327141641757e+00
1.146535158970996005e+00
1.020019040828245904e+00
9.320032618548939052e-01
1.218762918752842372e+00
1.305410375237261889e+00
7.185100238716621845e-01
1.189904161781836445e+00
1.463492014391989837e+00
1.378737479114878539e+00
1.606032348510120888e+00
1.042996977068709974e+00
1.138642486390077480e+00
1.209829427186499995e+00
9.741676216598791349e-01
1.416897436878718608e+00
1.055697252331833536e+00
1.377986256445529412e+00
1.251737774281024507e+00
1.277096996555253883e+00
1.103236773204454790e+00
1.741434343372549431e+00
1.152554407434730477e+00
1.010504880490671775e+00
8.836765314635663948e-01
9.451161836575086017e-01
1.461504193475211766e+00
8.685268326027555386e-01
1.387122697883987676e+00
1.218443939141092169e+00
1.355806381087913515e+00
1.251013468854966337e+00
1.001437345317287564e+00
8.713634768617020132e-01
1.190543704537872838e+00
1.002280036746777458e+00
1.104220793367198805e+00
1.184876040943140918e+00
7.767068529060547899e-01
1.345319023971505157e+00
1.197256924934983591e+00
1.395979462462785925e+00
1.702831738722079269e+00
1.192249354148056995e+00
9.032381284731159088e-01
6.483957908322581787e-01
1.131662902808436399e+00
1.433478772197267270e+00
7.140432631135491537e-01
8.828582031515224138e-01
9.922993945722184961e-01
7.391647360650193122e-01
1.074661897641655095e+00
1.476461364333045534e+00
1.321994566261057935e+00
1.320889004138228406e+00
1.609963421257973648e+00
1.079458006936180992e+00
1.681879388777902662e+00
1.222216683594115061e+00
5.157356533193402370e-01
6.336133284072560379e-01
