2.759417260381109571e-01
5.336173279874845132e-01
6.233752206264304707e-01
8.020658032678242844e-01
8.026312836153333130e-01
4.676353416038987465e-01
2.452913956233420123e-01
5.315083030736849068e-01
6.487023216723410979e-01
4.225707556047020308e-01
6.196879439684326307e-01
5.335613505380985000e-01
4.182701561265143031e-01
7.391792658005074124e-01
4.422182977295547879e-01
4.777348071303322286e-02
5.722663329654884556e-01
6.610403648367324525e-01
6.666040253312499608e-01
3.157238145249363637e-01
3.370710970098227399e-01
1.970901646051812506e-01
4.713643468848847107e-01
-8.833743877767163966e-02
5.718270560219940180e-01
6.299024022347630147e-01
4.291083593786986228e-01
7.290712139363422217e-01
5.623903173979647452e-01
5.963238827685541921e-01
5.234730532185931651e-01
5.727781858079201704e-01
2.868397086191407652e-01
7.113178983899395291e-01
7.265579080199442430e-01
6.702318624213683407e-01
3.706814111190825933e-01
7.345981000978183406e-01
5.971834815778649386e-01
3.896525221685518403e-01
4.460164042350793778e-01
6.630459217562154617e-01
5.707315346053456473e-01
5.156095946196157520e-01
2.118038597236764353e-01
5.533000364947056049e-01
4.769743951728622200e-01
4.538758770651769581e-01
6.326936788476427154e-01
5.696777664772101346e-01
5.244672695308054688e-01
5.222988934669889893e-01
4.301031197625007074e-01
3.818454545704002001e-01
2.287541615234669479e-01
2.900535650086906170e-01
7.979081303767376898e-01
2.632939077991411914e-01
4.021546489686986803e-01
5.038697759709789281e-01
7.499478486019530710e-01
6.933360376810329129e-01
1.023581297402384349e+00
6.389216025963926349e-01
4.307386316867112264e-01
3.761266561243992168e-01
5.526143296898564650e-01
5.417084810451942012e-01
6.274966026242885242e-01
6.044125862104796632e-01
3.984686799886532071e-01
3.528632538359608439e-01
8.166673033929499059e-01
4.632768984831232562e-01
6.678529069216647684e-01
5.590059897105441600e-01
7.793408724215022954e-01
6.119299749661857302e-01
6.065752678114957330e-01
3.385193543276685535e-01
7.643904125186411491e-01
1.647362875450664177e-01
6.458269643371195023e-01
-8.085859409249174234e-02
8.082894487540754902e-01
2.435562265553552486e-01
5.259811649972179204e-01
8.062062697278848944e-01
5.134790670781810284e-01
5.621466790418141457e-01
6.650661783920992498e-01
6.852676288772112656e-01
5.006993961370240775e-01
5.204674136462210665e-01
5.911978835865243642e-01
6.501934798203774513e-01
2.341696427715245221e-01
6.902668133200289269e-01
7.424154468998238610e-01
3.188773804047024818e-01
3.801682241152142261e-01
5.400568911292835672e-01
1.578225074691788077e-01
2.578756177931942339e-01
6.317145318221668582e-01
5.837038071072455647e-01
4.372790687796874742e-01
5.474941641962667305e-01
8.074628863270132406e-01
4.906259112388124954e-01
6.059436159594917548e-01
9.165947443713187148e-01
4.211701023480891592e-01
5.083536663731353933e-01
6.094307197977875123e-01
8.086434045914505653e-01
6.031360162358656574e-01
3.127895269617555485e-01
5.940286313624691950e-01
4.997335937592495281e-01
4.951584470566374740e-01
5.967826512155647301e-01
4.226371934665773544e-01
3.656362411043359018e-01
1.523808874838703531e-01
7.771405258131691696e-02
5.377726181549129514e-01
4.888622561966129432e-01
7.956050615380316771e-01
7.519879623739873509e-01
4.089923555717254189e-01
4.585464047081100336e-01
6.952513894117386961e-01
4.732449000689658014e-01
3.702656417697118840e-01
6.568914372239813559e-01
3.778046354738093804e-01
5.028599211549353853e-01
5.190718624411982951e-01
3.815130334036860305e-01
5.928261393887965802e-01
4.933811802277627834e-01
4.837808221113892859e-01
5.669263378893119043e-01
3.270192616272766806e-01
4.733440898015355280e-01
3.896995967114680326e-01
5.267656111162071220e-01
7.995542836691522659e-01
6.528177968291593025e-01
4.375492148494266598e-01
7.269918871378346914e-01
6.654717728572614455e-01
5.124225020341737213e-01
7.450247447748505891e-01
3.847941953185101127e-01
6.947557858963311350e-01
6.148467318845014518e-01
5.397351499928011442e-01
6.740982394798225030e-01
8.113660334159633614e-01
2.548029510003593234e-01
6.118553150409082875e-01
4.394816599269351087e-01
5.124206534267803370e-01
5.682337297948041321e-01
4.969180636335601697e-01
4.429137674651564271e-01
4.332231943640356686e-01
8.086772687644994129e-01
3.904704824657785345e-01
4.200837570606918980e-01
4.963015953779468248e-01
2.654832538000007069e-01
2.137833276787326486e-01
6.509489361586369149e-01
5.062805253346922552e-01
4.896363280554922870e-01
4.355121517771025630e-01
2.378160538931641810e-01
7.421897812992255261e-01
5.562826097266810876e-01
4.546329110666835760e-01
6.884024840748490526e-01
2.405219845119883626e-01
6.961673933939764858e-01
4.574000876756012524e-01
5.856782680504029059e-01
4.554492354932127007e-01
6.207644982382560794e-01
3.100584645196735600e-01
4.253257358789412912e-01
7.911664505060607144e-01
6.017954174348432161e-01
5.395171377916634370e-01
6.431413280174420599e-01
8.218295562732775839e-01
9.711698389067446868e-02
3.904763452434560911e-01
5.113135330896334541e-01
5.162871532310728817e-01
1.014416825356543539e+00
8.779989542473183306e-01
5.993439700115219537e-01
3.562784811161470166e-01
3.589054229972505894e-01
7.320310981165438768e-01
3.907594892782826346e-01
7.267321989934647508e-01
6.503449546840966988e-01
4.076934299885321966e-01
3.433228666103036453e-01
3.796572152489057217e-01
5.808633737742576741e-01
3.962499211589056713e-01
4.188336216810770729e-01
8.474517037754998317e-01
5.319313636586495697e-01
2.970484192478495267e-01
5.526815441682479957e-01
4.456661178291425607e-01
4.865145848164256215e-01
4.911867631663531242e-01
7.647630438562993405e-01
6.423390125100059134e-01
4.579888629328294769e-01
7.447449144628293105e-01
6.155388288181595779e-01
3.383500657269624678e-01
4.655649572122473323e-01
7.104266602519935248e-01
5.600480171516939443e-01
4.394750387774342126e-01
4.035702041413165020e-01
5.825744156357814951e-01
3.482335482299658835e-01
3.952114000920321502e-01
4.490965416294803170e-01
1.598173623965268852e-01
6.885003857593374743e-01
9.175872844860948341e-01
7.192053015141302019e-01
4.633859095400048034e-01
5.078902364535473613e-01
4.034266785581284154e-01
6.160247450808409297e-01
5.857758542535735913e-01
5.843840514567282263e-01
9.174932079232709370e-01
1.598898261077343896e-01
5.194719830608880429e-01
5.627428117396751084e-01
4.317462239968379301e-01
5.639064454867659393e-01
5.023305835709710454e-01
3.123927423919701241e-01
7.883571254102470505e-01
6.293770393069642033e-01
5.623705140890882248e-01
5.966330555890702048e-01
3.123158602528466332e-01
5.105562969855019784e-01
2.033093184117888974e-01
5.089668472591761805e-01
5.922110276562135844e-01
4.360202316542833856e-01
4.186304971091141525e-01
4.041306673125169002e-01
4.956605237064786174e-01
5.313192885205326732e-01
3.030453539360244974e-01
6.305952490815556200e-01
3.649798729597786284e-01
4.711964808240702851e-01
7.768467117673714117e-01
2.609019129828298311e-01
3.618800771394823368e-01
3.677442443152239004e-01
2.083413431282201689e-01
6.573321643571887751e-01
7.198195336193613514e-01
4.099841240194952441e-01
4.763188403522833347e-01
3.481071136091125062e-01
3.644179700907086428e-01
6.470010244775050712e-01
4.263779383729275896e-01
3.948651222953702966e-01
6.638461815218912321e-01
3.140847492049347878e-01
4.928656261366661795e-01
7.000780772135299923e-01
3.969156535468543190e-01
5.506831272133279054e-01
3.640024220588156112e-01
5.239068620072455662e-01
7.097593979972134370e-01
6.383214581804774745e-01
8.223413519290081464e-01
4.491375087882989448e-01
3.442402804130226812e-01
5.205863903437053519e-01
6.013870416731199597e-01
3.211116548633066170e-01
6.246196248615203395e-01
9.565816296392517515e-01
5.720221812955803564e-01
4.983703051662267125e-01
2.885431318629692043e-01
5.114513532415929653e-01
4.166691563866291581e-01
2.912237283352294703e-01
4.303441080855541223e-01
5.201067876098020015e-01
4.662227596785046835e-01
6.850327397546018826e-01
3.233772547682896015e-01
8.594516094656872163e-01
7.075738645214011413e-01
8.585349889042124261e-01
7.605921679127640722e-01
3.915742236976602619e-01
7.167480542409059296e-01
3.132540392028082543e-01
1.157859052630891616e+00
3.859221373149737122e-01
6.260058664658936234e-01
5.685975855343365915e-01
3.268997528052763890e-01
9.253288246981210552e-01
1.212246698664238842e-01
4.769765900718363483e-01
6.621437805153327361e-01
8.289383495971662796e-01
5.080634678993867226e-01
6.475452812820710058e-01
4.808593091368709160e-01
4.782702656021347032e-01
3.928458632972930964e-01
3.572815445477783847e-01
3.749683951974556173e-01
4.748246547410235330e-01
8.642483392969737555e-01
4.986068592488073214e-01
5.787464846987850908e-01
5.349428482595133261e-01
7.035841203094559404e-01
4.929795184168841438e-01
5.442194390158288098e-01
4.925042737483553701e-01
6.276770527267592215e-01
5.006571818718121847e-01
5.173483490866122025e-01
7.661517207046344424e-01
1.299005359141145455e-01
3.277785883747963425e-01
2.539775643516268833e-01
3.522980738645127285e-01
7.141211061634091806e-01
4.911470633328711699e-01
4.937435192490384761e-01
3.680653653303536110e-01
4.317664436067167877e-01
4.054125946496187627e-01
4.885901258177058892e-01
6.910813346212913988e-01
1.393443049218556773e-01
8.310189033340344977e-01
3.630095085814779576e-01
5.679581693500228567e-01
5.743035881624960481e-01
7.192508761142186735e-01
6.756686589345872740e-01
1.464327386568120559e-01
5.629516980068434151e-01
7.757841658235735682e-01
5.945180075637446215e-01
4.446860436483059953e-01
6.440898201014577662e-01
5.262420236309837129e-01
5.645249625794845905e-01
2.423738226671394713e-01
4.926766730799023719e-01
7.057426280487506531e-01
5.184585668001742143e-01
5.662632197457992955e-01
5.163148766373630849e-01
3.015455229949584037e-01
6.289269206576393323e-01
3.196892255404424343e-01
4.471052890883977504e-01
4.262210453042123426e-01
5.732541241386459596e-01
7.928892788625092614e-01
3.320657758121983161e-01
7.325822051642867372e-01
6.252488690873891919e-01
2.190561406787163712e-01
5.959796394637721928e-01
6.456616287346106375e-01
8.115247428793681550e-01
7.135077260636242258e-01
5.815394024058500033e-01
6.104973775843354211e-01
5.199177321664754103e-01
3.462336819723215164e-01
3.494232429873873613e-01
4.150825598527387861e-01
2.661450295524021570e-01
2.487740468345842615e-01
4.356180108956428931e-01
5.045156952248850413e-01
2.883248871546273406e-01
4.961032927199753306e-01
-1.034352736438459708e-01
4.672579367526719096e-01
2.641290960228115381e-01
4.737766342483564763e-01
6.312297424256145817e-01
5.831524360788247208e-01
5.910721930948157343e-01
8.351198937332247052e-01
3.051915373218712091e-01
5.270696488408088687e-01
4.996011855618669451e-01
7.282409048370184212e-01
7.383148515917199450e-01
3.267496198970478716e-01
6.826789092193012998e-01
3.034583375496877622e-01
4.532893528155781393e-01
6.892429041755692154e-01
4.624050741896179595e-01
6.925133144639539218e-01
7.835549760726003843e-01
6.840841744598677998e-01
3.908969372504256246e-01
4.511127289793790407e-01
5.917968816619145755e-01
7.360464619641935435e-01
6.688451171472169499e-01
7.301870525253504329e-01
5.087545602372953724e-01
4.033234934794402982e-01
6.464998409414730585e-01
8.257298957017118468e-01
4.047860582680815611e-01
2.894496355671647425e-01
4.581096337966745757e-01
4.588855576367967259e-01
8.209895918484662047e-01
6.664069491290529612e-01
7.006704400968843949e-01
7.560424933736631381e-01
7.099404124874988398e-01
4.653741561373758717e-01
2.787021570896996980e-01
4.734629161092724914e-01
2.594230490169562309e-01
9.151331853574578012e-01
6.930419860851062541e-01
2.192367188533790312e-01
5.904386002958070812e-01
7.631537180036009893e-01
3.605347604509174797e-01
6.346618283749982936e-02
4.778760038260596588e-01
5.168329482158999788e-01
3.645498583293347306e-01
2.147505290425657520e-01
6.314765397894435139e-01
1.574899348283369527e-01
5.901080589298910439e-01
5.025727339235999125e-01
3.164492216141940872e-01
6.786820805354405461e-01
6.146395875589334423e-01
2.748910900114525102e-01
2.543180804722817712e-01
4.012743180575299995e-01
1.703104037472491505e-02
5.724256458290195582e-01
6.476905623040645210e-01
3.786735255057518401e-01
5.387857339580555127e-01
5.416519375883452891e-01
3.935740430643668297e-01
7.489872635772201193e-01
4.996373223494046112e-01
3.909926539906622978e-01
3.709130686844051006e-01
5.699323837902474654e-01
4.929867309829256694e-01
6.002401131916257349e-01
1.689599531519527797e-01
2.133808995173684941e-01
5.664657020981576085e-01
7.291204081714450780e-01
4.200860166188715716e-01
2.958795353835657060e-01
