1.011180035246052267e+00
1.032377897027860314e+00
7.056016428223093051e-01
9.482595957079262838e-01
1.305747260751527472e+00
1.130818726077861935e+00
1.114236121567196314e+00
1.121760784916484122e+00
1.375809318628835376e+00
1.278344894859673397e+00
1.030567531145906379e+00
1.020027076701108149e+00
8.686565719921381934e-01
8.400379159250561667e-01
9.382523725024141115e-01
9.777293913422231419e-01
1.135591689711986652e+00
9.524810620841805964e-01
6.583795146625921468e-01
1.045698580840799252e+00
1.142969083441301548e+00
1.150842861811411710e+00
6.879968134866281115e-01
1.187211493358573566e+00
9.911589993382201591e-01
8.708531414228635192e-01
9.032611206570642093e-01
1.080454986668539341e+00
1.426542629925522609e+00
9.583095581575005184e-01
9.979266686443759582e-01
1.164446386888156493e+00
1.063688406422064414e+00
1.016819417170247153e+00
1.390881707905158526e+00
9.672523088730657914e-01
1.244439704471088426e+00
7.136491555824444610e-01
8.913855417340639242e-01
9.421423462155482653e-01
9.754338331360723480e-01
1.039158660010882640e+00
9.278186175628335697e-01
1.227436677126106712e+00
1.356093279663260986e+00
1.055208719032718179e+00
7.253496911015484550e-01
9.170816788997275815e-01
1.346371918000071943e+00
1.145512006876169275e+00
1.211348582203897628e+00
1.008583877636126669e+00
8.714108162256881673e-01
8.349226094859996117e-01
1.021873529469858877e+00
7.885060789447910778e-01
8.829899446433104870e-01
9.255841671689690742e-01
1.433398104099754100e+00
1.238051177486621857e+00
9.740375504492384540e-01
8.929203665983056482e-01
1.107854549392804255e+00
9.638926640768779031e-01
1.229094079837388387e+00
9.175338824711829488e-01
1.134163539249780639e+00
9.249797908861965290e-01
8.264266389946601787e-01
1.215317498280914288e+00
9.970375717604964549e-01
1.253610109937050021e+00
1.157731439920099969e+00
8.417943483954564154e-01
1.027498491425400395e+00
6.881308323458712461e-01
9.152256855866363061e-01
1.207050331467451221e+00
1.027431088015287042e+00
1.205175285320373879e+00
9.505650394110132240e-01
9.269936760559027711e-01
1.168013050951822507e+00
9.723865147709460643e-01
1.263574531463666384e+00
8.778624416902205407e-01
8.268854947029034008e-01
1.428440894699783303e+00
1.224426362626719111e+00
1.219055704719305577e+00
8.420191466657729329e-01
8.962728941346445044e-01
8.741998928773178079e-01
7.888335459102913116e-01
1.097159008049285234e+00
1.123722368927180693e+00
9.875104656095010647e-01
9.748667402828128381e-01
9.074674677871044093e-01
1.427734374781540971e+00
8.876376213806522752e-01
9.301738287563388052e-01
9.803190746189098803e-01
9.308452326039633462e-01
1.368776399538529143e+00
1.073591822150792074e+00
1.177056041184622037e+00
9.776623018723302749e-01
1.019279170370513743e+00
1.110737048069100119e+00
1.133004292689180126e+00
8.572214641836966020e-01
1.044026726351452883e+00
1.203427671603515492e+00
1.397868241013459301e+00
6.941541218824045512e-01
1.184843873086764310e+00
1.138460361937350118e+00
1.363978557204309272e+00
7.876807476233644856e-01
1.067541535664125574e+00
1.259650681044348408e+00
9.266904877179724664e-01
1.107386339472030468e+00
1.008094927007797903e+00
6.973494617223474634e-01
1.230278884605547240e+00
1.097083744190983534e+00
1.330113562998099574e+00
8.869254293255997013e-01
1.060285176983345456e+00
1.043383933809902020e+00
1.051092273774705044e+00
1.166658822504998527e+00
1.062584450211788489e+00
9.162056097780486574e-01
1.198923024812888594e+00
1.012562608199782277e+00
1.141243923895257417e+00
1.112915962106110435e+00
1.110782724836524737e+00
1.066850809897942565e+00
1.026446011768012756e+00
1.183643865524709016e+00
1.090757868018898069e+00
6.851703745025314873e-01
1.067967969046657251e+00
9.061760959489273404e-01
9.365704784917894266e-01
1.132120713091589126e+00
1.334317231471041865e+00
1.164468800375278779e+00
9.440635111826565229e-01
7.843756211022754332e-01
7.702163681892815195e-01
9.697507354362395748e-01
8.855169410531515961e-01
7.930823383722289677e-01
9.828520757665097918e-01
1.087333757036484716e+00
1.158257617743186252e+00
9.411998670915038279e-01
1.016492581322402611e+00
1.164870647482500132e+00
1.012378781455556265e+00
1.283774761872127579e+00
1.198759485173764183e+00
9.827152595828427817e-01
1.091456042145618976e+00
1.341263160649834196e+00
9.553940270210281582e-01
1.515164896176276255e+00
1.174376547776811996e+00
1.037748417905720366e+00
9.496524717984557995e-01
9.537524398721837215e-01
9.659821089610800549e-01
6.891221394038229420e-01
8.843646704888323828e-01
7.257409452288468010e-01
1.123514892084950700e+00
1.105994684787668492e+00
1.220189160309814058e+00
1.025043474747315608e+00
8.114755404451439169e-01
8.704132305037830530e-01
1.144368849590034154e+00
9.315502806037259109e-01
9.888657161183682653e-01
1.044667619030477779e+00
1.070155969407447838e+00
1.227300685436054417e+00
1.160547295750510965e+00
6.928035146286570800e-01
1.099871731887721804e+00
1.009237110122055858e+00
9.793670020724232206e-01
8.680003241376876844e-01
8.340580553064951275e-01
1.313437859558286736e+00
1.143221793382118934e+00
1.139644672018045757e+00
1.354357962010915184e+00
1.223276533094751706e+00
9.585205529692386595e-01
8.834276001897101160e-01
1.291680590653877969e+00
1.177537572863004423e+00
1.097560024586064831e+00
1.041554276812008295e+00
1.222930577777655348e+00
9.578389635400159641e-01
1.044449466774019841e+00
9.689120036616691856e-01
1.442087960655103362e+00
1.087745976514554069e+00
8.757567361099436454e-01
1.208580824727473413e+00
1.021648938468465051e+00
9.520911782863223927e-01
9.130844482930773331e-01
1.002100752120652638e+00
1.188944113163360461e+00
9.382568459465361332e-01
1.097439879666262774e+00
1.291926291868274568e+00
1.236184233831072232e+00
8.937385627850460423e-01
1.007608236278263902e+00
1.398177656901619104e+00
1.032715143020884296e+00
9.226574659883732821e-01
6.966699260794093629e-01
9.601513229540974415e-01
1.101303882959170366e+00
1.066236279647956531e+00
1.142066620517019127e+00
8.438718773462228206e-01
9.417869718509241928e-01
1.370200560068397744e+00
8.852599136653338530e-01
1.140626015337621091e+00
1.291198072964057753e+00
1.072214066904123797e+00
1.011895527261478911e+00
7.118001748991167332e-01
1.189789093737665171e+00
8.794279599749055265e-01
1.174665751360437271e+00
9.888383245183660630e-01
1.182997087580161200e+00
1.073330730186188298e+00
1.162127277937126779e+00
8.029663209344874986e-01
1.046332703912909556e+00
1.219712426795549920e+00
1.288888445460969923e+00
1.120730701176654076e+00
1.015254167023255105e+00
1.235078824511317341e+00
9.445823204522358907e-01
1.034737053083602643e+00
1.284861125092706668e+00
1.200562550464151057e+00
1.127168180138151232e+00
9.266556586060676892e-01
8.830580108760224256e-01
9.560966872801570648e-01
8.930314938337939878e-01
8.997756510521168760e-01
9.798550890033701499e-01
1.414631201936758176e+00
1.332244260003422776e+00
1.155638683006974698e+00
1.193171750474135484e+00
9.457221809959066583e-01
1.051922674283995551e+00
9.440949616119536092e-01
9.514911559423664400e-01
1.191972810583101783e+00
1.076020932212511383e+00
1.090732080196855636e+00
1.055461520728078861e+00
8.231279659546486549e-01
1.010562584934921126e+00
8.730097366348654742e-01
9.617272356620896190e-01
1.247533678149135739e+00
1.036095515915056664e+00
1.218495459305547923e+00
1.137767357662136103e+00
1.061740324735698238e+00
1.112494994800654613e+00
9.784573194981667221e-01
1.008908921765589328e+00
8.872853499372428399e-01
7.595941477783541007e-01
1.433407559086429028e+00
1.151929727496786793e+00
1.197869434280419920e+00
9.019317807994733371e-01
1.137762919251382510e+00
1.131515653168869484e+00
1.023342732476169248e+00
1.243867086282676393e+00
1.205876285767015776e+00
8.810324202796167015e-01
1.041917437038627714e+00
1.150019123376074148e+00
1.053375122503577455e+00
9.291202254779578062e-01
1.264389504111316009e+00
9.743117075886646994e-01
1.131428879249029684e+00
1.034807657976629436e+00
1.020046823128800018e+00
1.124955239233747628e+00
1.029296508736520233e+00
7.515269753268154496e-01
1.338487062088935975e+00
9.191479306392020820e-01
9.245799601275683788e-01
9.771677105343086200e-01
1.250218150599379019e+00
8.677798846604471983e-01
1.041240023614140364e+00
9.825248798551875495e-01
9.785912503393221495e-01
1.005849378412481343e+00
1.329060540736044516e+00
1.117439647943549996e+00
9.901860210918742577e-01
1.060235141511122414e+00
1.094460159749784722e+00
1.046409377371331662e+00
9.401131771113862001e-01
1.134493279454817705e+00
9.711047852783938339e-01
9.224725255341406083e-01
1.297520835095037128e+00
1.411980685086566822e+00
7.905310577560058505e-01
1.352127281680576942e+00
1.044827141138353621e+00
1.154879694158364778e+00
8.126658222921872010e-01
1.286052805389877651e+00
9.956829519917205218e-01
1.047125148657165106e+00
1.021240957488205314e+00
1.116557553905030309e+00
9.201418747232856798e-01
9.064244642694578857e-01
9.979107100195623303e-01
1.356132943224485521e+00
8.705201947023293307e-01
7.714762067966665082e-01
1.474548619108452696e+00
7.138636140947176578e-01
8.512889409152586406e-01
9.590697875209803769e-01
1.048385284720995569e+00
1.199490929458344679e+00
1.077128598573637186e+00
1.001876723398797964e+00
8.766034952231929189e-01
1.268752328938962393e+00
1.012731613995517810e+00
9.670627099185313824e-01
1.029559125892391735e+00
1.172809095642424193e+00
1.343272223688210198e+00
1.012435045653403254e+00
1.083470103507986337e+00
1.077883669076175055e+00
1.219000148771954617e+00
8.434391313252362909e-01
1.081677679348057142e+00
1.356969275101427286e+00
1.063988032373168080e+00
9.830846505100250265e-01
1.172417950113950225e+00
1.126076327985451098e+00
1.007550342688912304e+00
9.982213883632686802e-01
7.432240556450553370e-01
1.046271778804121366e+00
8.042125457963005264e-01
1.163924353233124709e+00
9.585637551254919675e-01
1.320862260105210684e+00
1.135143727020460513e+00
7.510228162996224199e-01
1.109028290220470891e+00
9.845220680029291849e-01
9.169323582608559509e-01
1.163211071033892985e+00
1.079768213348161421e+00
9.466835140703862006e-01
1.190034627857511573e+00
1.276803185911387084e+00
1.312221626017256337e+00
1.015262184058408401e+00
1.192915232895712441e+00
1.093838975402085190e+00
7.775550039843053263e-01
1.106808239852366205e+00
9.832077279427591243e-01
1.019336124633071439e+00
8.867234784659097091e-01
1.085750394868521207e+00
7.657667341708913611e-01
1.190998880365371715e+00
1.045444801029880244e+00
1.110705329658296270e+00
8.842920307507906585e-01
1.149894135491374758e+00
9.258356220247867530e-01
1.055669217144613370e+00
1.279022468827630821e+00
1.294022433533564387e+00
8.716973666931826514e-01
1.163876321648833922e+00
1.080545580859688437e+00
1.294108757560571643e+00
9.152469443747945910e-01
1.109240548324831988e+00
8.861475993985896693e-01
1.181318869054757137e+00
1.197144304367290690e+00
7.938234930817458235e-01
1.145331850199547530e+00
1.016462152757970694e+00
9.968922262734478679e-01
9.427833522358533003e-01
1.177436751599429288e+00
7.189592087418892330e-01
1.236041561808437939e+00
1.109267412376351292e+00
1.202541186161311337e+00
9.629286039734730185e-01
9.564878233457392298e-01
1.347767548562930573e+00
1.012886813759012572e+00
8.164215035799300413e-01
9.952329084381990043e-01
1.149029026960537880e+00
1.122772861673897227e+00
1.270890262745443922e+00
1.058238417428461586e+00
9.291344770185236968e-01
1.311528830995976280e+00
1.065585319582047052e+00
1.153083281061917598e+00
1.369941276378801920e+00
1.113084617696689760e+00
1.112659666806836256e+00
1.389074605713219501e+00
9.499293603385394746e-01
9.539877490951778061e-01
1.174725779074105692e+00
1.025634996097487983e+00
1.207278655413032142e+00
1.211371118069811015e+00
1.396418839867339168e+00
1.166686811312005245e+00
1.133293149822925505e+00
1.121001746413728295e+00
1.152219782811003235e+00
1.253194450646398117e+00
9.825113201050530432e-01
1.069999995145091809e+00
9.513874859806121798e-01
1.094302269329791244e+00
8.728460638179893483e-01
1.311948385038172349e+00
8.380094968913773812e-01
1.195867728570256361e+00
8.285069574489838384e-01
1.111952675107727773e+00
1.048102248870905306e+00
8.559648485757582748e-01
1.046376461613422126e+00
1.012304173144938257e+00
1.134416352056519806e+00
1.075327092698693532e+00
1.141877464483183502e+00
9.408439538752590980e-01
9.666863576897530841e-01
8.375877175556500909e-01
1.056937674829225404e+00
6.209175243330671279e-01
1.155680536776113154e+00
1.039949335629103633e+00
1.345223052473109915e+00
1.110474514843958538e+00
1.107616034724155263e+00
8.569979354857208964e-01
9.987651137089137432e-01
1.085800649797068029e+00
