2.847002270331475682e-01
5.045864081924624767e-01
1.630611071660896805e-01
5.808433323235200341e-01
5.941933115674662425e-01
8.652802966926615991e-01
1.077668349486200494e-01
1.090423534498955238e+00
6.032157973359186798e-01
7.539802185214883323e-02
2.452591541067135061e-01
5.747963405438085704e-01
1.803908145924690842e-01
9.288417480532529247e-02
5.465448791109843718e-01
2.776455921870901733e-01
4.424166524509409726e-01
5.232777058807205339e-01
3.562983976362967820e-01
7.907448880085892196e-01
5.024098326474839560e-01
5.039388342980102298e-01
2.509996725090868352e-01
1.583472371767085107e-01
4.079905925435887148e-01
4.356712735926526747e-01
5.469324720994606093e-01
3.934432162033822955e-01
3.393296699565531149e-01
4.780824806714158992e-01
1.087199175750819258e-01
3.380182535983677905e-01
6.808008195660755213e-01
7.754746545462243290e-01
7.491902501144247495e-01
8.438275054290220734e-01
6.210051430746239554e-01
-1.453228359537566128e-01
8.322717638117924643e-01
7.259631537355064612e-01
5.376241809720863074e-01
1.833444028861659358e-01
3.342648259660085941e-02
5.727101844191078150e-01
3.867709570771842298e-01
2.927507497992820618e-01
1.697678938032343154e-01
6.422196323394779860e-01
3.894059723440879139e-02
5.647403336502059279e-01
5.687539145115345640e-01
4.643018403808207850e-01
-4.358639974317846111e-02
5.119284886730777195e-01
3.965875928500350867e-01
3.686188200843310003e-01
5.672573454080560573e-01
3.955690511550504773e-01
3.055950070566553212e-01
5.333835227726622108e-01
2.730849380653479486e-01
3.475279445749159812e-01
5.803564809084877929e-01
6.503767529444322015e-01
4.976577796509400464e-01
4.725417520776966640e-01
9.537661967528570095e-01
7.412795793718149895e-01
5.002475252383735693e-01
6.220285031537327036e-01
2.850497443549355747e-01
5.663248460907022164e-01
4.239818207302612496e-01
4.775581577973833092e-01
5.814330361509210121e-01
6.753076455942701450e-01
5.800045628253645003e-01
5.405137989351473937e-01
3.714368278938509071e-01
2.556077557018305857e-01
3.066037364622240524e-01
2.915294064357731862e-01
8.250861281989054774e-01
2.521184094492312511e-01
3.002118143851095766e-01
5.546961355384065762e-01
7.904303767792439928e-01
6.177909459649817414e-01
4.946913383978586154e-01
5.760803706606512087e-01
3.966412207553413616e-01
3.944913059144306011e-01
4.668809462137035737e-01
1.032556879339170841e+00
6.180974083353116821e-01
-2.543383661677500740e-01
7.408063811038816393e-01
7.982699142921290125e-01
5.710643578910195028e-01
6.382977563049769820e-01
3.829784910835827283e-01
2.959194339514725769e-01
4.508447121797916068e-01
8.389533159661779482e-01
1.025878086334260697e+00
1.157390305463696478e+00
7.534782061232974115e-01
5.670191974031781879e-01
4.031532843994036774e-01
3.336188585913675286e-01
9.897355147364887973e-01
7.694735571398849672e-01
4.253509888672368788e-01
1.261280480961723072e+00
8.305851516082718433e-02
5.047186407490955595e-01
4.797736929755775925e-01
3.453267718631332084e-01
5.148489781263116960e-01
4.838887427101086214e-01
4.756814157408966182e-01
6.747622010673586246e-01
1.079112196272682400e+00
4.415573989702443747e-01
1.146747369689510965e+00
3.531888455601224219e-01
6.822951721071217612e-01
6.931026787332514871e-01
4.208413109019795151e-01
1.939740777059695276e-01
8.649800286582207676e-01
6.436726854042396084e-02
8.938886050687986362e-01
1.097343430948805931e+00
7.035497713407452558e-01
8.742472144463340200e-01
2.367409550486296865e-01
6.366472577633750518e-01
1.022969332741425763e+00
5.575402396065587407e-01
1.407513583366200915e+00
5.138690436959385544e-01
1.176884567906419932e-01
6.213258481099594999e-01
7.242444678990556106e-01
-4.299416310414594378e-02
6.845784412018598442e-01
9.798399988629165058e-01
5.642295353973940664e-01
2.255370138852546003e-01
5.134114908962761348e-01
3.680993846393250113e-01
2.099805740169551349e-01
9.932582369251008458e-02
8.782863051932530141e-01
1.150215210669136789e+00
9.104528961190130332e-01
8.032419475773628914e-01
5.227144143612885152e-01
6.051967800434021605e-01
1.072962386542443802e+00
7.886737529464533658e-01
7.385906971863489545e-01
1.843009944218176877e-01
1.835570013321008442e-01
3.378412762569964478e-01
3.427835857682564047e-01
6.751416436908588281e-01
4.908807955274765433e-01
6.899125720694347930e-01
3.382585197999941062e-01
8.843059113302074170e-01
7.137778992575591896e-01
3.920998452990545058e-01
3.552995609056788240e-01
4.365849294822381488e-01
8.210465633875552172e-01
-1.021644860175117131e-01
3.733067930166145132e-02
5.968056465106470476e-01
1.892796464541568469e-02
3.706528368439094834e-01
4.478942023154102170e-01
7.364338067852242986e-01
6.072478587806293682e-01
9.764266437490203288e-01
4.812739761750060019e-01
3.720841371775511774e-01
6.263738744564841809e-01
3.836369550116995875e-01
8.756501840317663099e-01
1.041018450741126422e+00
3.270773492193255194e-01
7.203767324052474663e-01
5.850968480215616996e-01
5.909017395206674905e-01
4.871083490153815809e-01
3.649295600932411787e-01
7.243996897829729775e-01
5.192868193356783291e-01
6.064134020306872763e-01
1.770742173161359290e-01
2.976059510787090190e-01
4.673006114145106249e-01
5.027179713856320120e-01
-5.120850423423872755e-02
6.107506145284813392e-01
4.771352478231931649e-01
4.420877016350630573e-01
4.628846567885498420e-01
5.763429615532063011e-01
3.142534618833687787e-01
3.997071913128338316e-01
3.891350506037749568e-01
1.211246346415033370e+00
6.014388000734531836e-01
2.443789333969568212e-01
6.639082798886442038e-01
1.149386833277561415e+00
9.009454702589829722e-01
4.444574057410508594e-01
2.867117576914504085e-01
7.919228562100577573e-01
5.482427004202490295e-01
3.847543096420487085e-01
1.147576195047623093e+00
1.777398316373521858e-01
3.132185081971292639e-01
6.746847696098794422e-01
4.718900348363952446e-01
4.063652593714728312e-01
6.542428201035701552e-01
4.449163799915423212e-01
6.040421277486940355e-01
1.071927385166865143e+00
4.589640006578721287e-01
-7.215476964764988566e-03
5.678450973289759229e-01
7.550439067476433230e-01
5.805622967288537328e-01
3.790644213970828513e-01
3.834014082588206307e-01
3.130851461167338812e-01
4.884943291339234328e-01
7.335063679667803704e-01
4.440681452817711872e-01
8.080309023043819039e-01
2.174916202373520235e-01
4.324900378650500254e-01
5.031718385643522140e-01
6.729876257023785779e-01
5.591522715042511749e-01
5.275588049145549796e-01
7.884978558698068074e-01
7.220777198062262592e-01
3.189448939446735132e-01
4.039851337808837428e-01
1.446976958258501700e+00
4.976709249480661956e-01
6.456898834961162237e-01
9.622724383665919312e-01
2.383938421452704848e-01
8.550340529795512623e-01
3.807610112965549298e-01
6.812125298792102157e-01
6.438484657386340793e-01
5.414409011839032004e-01
4.254542017026787804e-01
7.234035065350141736e-01
5.366771732790005522e-01
1.860929887774704916e-01
5.374789708603724403e-01
5.123312484609416906e-01
3.114354709294653301e-01
3.895444570005328622e-01
5.345356936467227094e-01
8.014416539213526924e-01
3.475618488784477655e-01
7.409670195892645861e-01
4.443551163320473840e-01
6.996294439687540390e-01
6.409584315754701667e-01
5.536125388535602099e-01
6.186997643541221059e-01
3.808473962386942357e-01
8.008471515055437528e-02
2.745835188468161991e-01
3.297165896571729871e-01
2.104450799886614654e-01
9.282162580864670165e-01
3.505383561660622149e-01
3.977702477523887836e-01
8.088339983334902339e-01
6.975276643396186582e-01
4.452223422560970256e-01
2.727597332503883809e-01
5.634925487659820931e-01
9.659547688147072098e-01
3.644748489007207937e-01
6.446362166437000774e-01
5.577602817114124534e-01
-3.098887166648367497e-02
5.050177827192632307e-01
5.091486406012819543e-01
9.329813169786784766e-01
5.029089859481967739e-01
2.440538595396821719e-01
9.402363923640542076e-01
2.519186845056882174e-01
3.125769569463781039e-01
7.539979013911510819e-01
7.610876015901522074e-01
5.626048168553594575e-01
4.098749266045285111e-01
6.887765111977119936e-01
7.036231233219472081e-01
3.122004200295092069e-02
5.887710565570625221e-01
5.672869958542661184e-01
8.488134878177264753e-01
5.090119861649744504e-01
4.750574377583636210e-01
4.736332019096556323e-01
6.969719707196593284e-01
4.659254329714206389e-01
4.088010192140392185e-01
3.691487461226483635e-01
-2.402535623336943260e-01
5.265380015986953488e-01
1.038643925333538665e+00
1.578012580758660910e-01
8.900711547374040578e-02
7.042433191604657861e-01
7.927774530368765227e-01
7.048516977065322209e-01
1.112045572611486399e-01
4.521501060093777724e-01
2.226435906548880350e-01
8.303213979690118318e-01
6.573373993648234936e-01
8.972070077652127829e-01
5.939111246387887011e-01
4.951065903565976534e-02
5.486342977163407575e-01
7.367938703846084181e-01
-4.401872840451663826e-01
4.009268584666945134e-01
9.268323825714495090e-01
5.692303295412877162e-01
1.248077674224816747e-01
9.885163315004508178e-02
2.824869092354735933e-01
7.345119597410258994e-01
4.265539969329534831e-01
6.719778341929929510e-01
5.505063878396989629e-01
4.474282168647758517e-01
8.017090767619716729e-02
2.383777031319800344e-01
5.572929818174348071e-01
3.112267546115714545e-01
3.175413743641564146e-01
5.443816608953708780e-01
3.410009130503577346e-01
1.312584830954000026e-01
1.250782493214694924e-01
1.125061919490031315e-01
3.555489218313092614e-01
6.606871645550693728e-01
5.382018822415526316e-01
5.896467972449834782e-01
6.112046002461930527e-01
3.426815475962834423e-01
7.488709836742148962e-01
5.559715122506809770e-01
6.173892172892285757e-01
5.528395975221112035e-01
6.072242432127827882e-01
7.157233967490661541e-01
3.704592012511871424e-01
-7.066028224054798912e-02
5.609364278054433939e-01
3.143921903423199105e-01
7.964672539008315066e-01
7.167509260420015238e-01
8.914525934579606847e-01
1.862764598298292107e-01
6.253170535005021513e-01
5.238063874819063326e-01
-1.748006553753458370e-01
2.287930952790500072e-01
4.673543501513048870e-01
6.796300769232055394e-01
6.928067600527554326e-01
1.558175755107193972e-01
5.614187064512596859e-01
1.013092176222144314e+00
9.512674488868118061e-01
3.551036318686948690e-01
2.836024846035227753e-01
4.388851990346021026e-02
4.779458110719274622e-01
3.666014278545270955e-01
2.585306243185359065e-02
3.135575610776886180e-01
7.557226678198856185e-01
5.132125336121431403e-01
6.362654576699866560e-01
3.951275667600393504e-01
8.230764500737621781e-01
7.178856661377877035e-01
3.719200997936691344e-01
-4.954277619770186547e-02
6.077083860304053342e-01
4.598123937595266497e-01
6.275838987415882642e-01
3.642799412333670439e-01
7.304135561973490454e-02
4.218014922327200100e-01
1.603013672774971088e-01
7.587229844693224035e-01
6.741048185683768956e-01
7.313308863386402958e-01
7.818014517032252364e-01
7.546441020314453851e-01
6.618558596392916105e-01
3.182592589120871729e-01
6.816656240221377061e-01
4.594313898344459801e-01
4.073029588996803785e-01
6.823739173570886329e-01
9.939314763096551708e-01
3.898491676232451741e-01
5.826509713386327505e-01
-1.556641149418012127e-01
7.094069980516406471e-01
6.845000215915804098e-01
3.268495331928766845e-02
9.474158259245823999e-02
5.767691576478319870e-01
7.830275636666643724e-01
8.063717122268210247e-02
7.757054854149258993e-01
4.664264521770804528e-01
4.161782333323282845e-01
5.989028067039059433e-01
5.531497106104010797e-01
2.102060786084489763e-01
4.936670978916823938e-01
2.159461018881470018e-01
5.495956279517408838e-01
4.917257084231394515e-01
5.239977406221385525e-01
4.509863132068347991e-01
-9.876487188118554528e-02
5.650662538336237439e-01
4.002800148748739684e-01
7.822510182970443537e-01
6.705981771323492602e-01
6.068279740392239496e-01
2.166153467234956942e-01
5.755163179150772912e-01
8.676566388379423067e-01
8.428586982419303819e-01
4.236288411886783845e-01
5.920128916513927031e-01
5.745157842122843306e-01
9.797358343928472824e-01
9.166792228461804193e-01
5.959965967519347263e-01
-3.577292571338652749e-03
4.754396877539937005e-01
6.894240580290302844e-01
2.867046837546338711e-01
4.576220566305089221e-02
4.996175217914258226e-01
3.861681592333958690e-01
4.826189980875299490e-01
5.305968859003489246e-01
2.867522197872336420e-01
1.161221975993505851e+00
4.843663957939270404e-02
6.652173365791482773e-01
9.657146099130242689e-02
7.510611558171294000e-01
5.099183633982589114e-01
5.074517930706829993e-01
6.293390221593320177e-01
5.475560526557710084e-01
7.952065764687685778e-01
3.221513604418633214e-01
7.099512598482273784e-01
1.051692724764857090e+00
4.951883046578426928e-01
2.181000093800498085e-01
4.194432925087596686e-01
5.830311609878298107e-01
4.861080903736896275e-01
1.705145919516306563e-01
6.900943620305262094e-01
