1.040071583509220687e+00
4.686156667789225239e-01
4.256126050382924575e-01
2.191989140170751416e-01
6.434614991337768153e-01
1.063148504893603352e+00
1.612195920385235404e-01
5.504985253638672305e-01
3.113280682021399848e-01
9.603880321562132671e-01
8.156804266683095328e-01
5.209064969842993609e-01
4.943361913247972250e-01
2.068112418541163677e-01
4.034316677304778942e-01
4.113825776162602921e-01
3.844970562350165100e-01
2.392967158228833657e-01
5.116230268727575137e-01
6.887708769852924906e-01
1.125401940512667842e+00
7.779792170839798793e-01
5.591710255878337144e-01
4.592301020149822666e-01
4.206773523910167789e-01
8.631688846878713406e-01
2.264348913978078137e-01
6.198885691891502514e-01
4.669798920338132930e-01
2.061796207941966053e-01
5.959152674088281643e-01
4.592116210710213142e-01
5.378892978295373162e-01
6.837003911674868206e-01
4.351935650947003076e-01
9.316703307801095235e-01
1.119707823349469500e-01
6.870404386446042899e-01
6.200923309654999827e-01
4.714036016296025977e-01
4.899953756282218187e-01
5.271647500077898396e-01
4.676207620308963087e-01
8.279112249496258791e-01
3.346435259858875355e-01
6.601057154318414888e-01
4.674110649536769024e-01
6.672463718661698628e-01
5.204791784397519994e-01
5.010024599851772287e-01
4.904760931995268969e-01
3.169804397256377193e-01
6.089156072713257650e-01
5.997131165950730924e-01
3.583096217135954831e-01
6.961180228025241057e-01
5.062831358709065643e-01
7.629724554593804164e-01
5.443761660464829788e-01
8.386175515324525431e-01
9.830043922211277874e-01
6.858785172227237492e-01
2.488808480710664739e-01
4.737633301339163605e-01
2.815779777594897837e-01
6.897662407164570908e-01
6.383598185216019516e-01
-9.374243761294476229e-03
1.444014750540394409e-01
8.149611757785908406e-01
7.141111910112898364e-01
9.967708165053179581e-01
4.586779916887575581e-01
5.893189140247505620e-01
7.018539864690305219e-01
5.891467910618173320e-01
3.267182719233163724e-01
4.415112433780234991e-01
3.177013233025216543e-01
4.330118332198433784e-01
6.158442873610550095e-01
2.930791498628140257e-01
1.865088912700640922e-01
5.544805706550097746e-01
5.809533187692412781e-01
2.150382456856019253e-01
4.416827240528262699e-01
1.075569647651311023e+00
2.800898647803284902e-01
2.533679944559508179e-01
3.517076960884661929e-01
1.826242491763361286e-01
2.306194373045644674e-01
4.266157404296218036e-01
6.645355656220228724e-01
7.008135622648374863e-01
1.931423679101151869e-01
4.089070785310091605e-01
6.082316288242128888e-01
6.928545328898256805e-01
6.235216342582723392e-01
8.536909283376656887e-01
4.054740893157240400e-01
5.871425661022477982e-01
3.700806677377599385e-01
8.060097140807869209e-01
6.635958186683394988e-01
4.855216712676073687e-01
4.455144933409300734e-01
1.003061412145297648e+00
5.227836223974398067e-01
7.576887799410270130e-01
8.059859333876719933e-01
3.292945864739231787e-01
4.444811371842640746e-01
4.010040153034624133e-01
5.776045607979547469e-01
3.474383516831069940e-01
8.356375887116205270e-01
3.939865983299628560e-01
1.066372743121350330e+00
6.624401882949841891e-01
2.971407098144700498e-01
7.475170361950040920e-01
7.092626423585139950e-01
2.663880360279211601e-01
1.236516054004011211e+00
5.509611246376682203e-01
2.526820396134712432e-01
5.350657071576243595e-01
5.584521420794290592e-01
8.901397814406553088e-01
4.112128013269273907e-01
6.933520405146955667e-01
3.424939689126147435e-01
6.320251762663682271e-01
1.098311947367057728e+00
1.047417151866776308e-01
8.255053509686498536e-01
5.237053668303071063e-02
1.042095839389189926e-01
4.986764119405027174e-01
4.469665390717831865e-01
8.655506293683017383e-01
7.932867898855668898e-01
1.313573881275131860e-01
3.063240115813328224e-01
5.992069070362671113e-02
5.510799623617872456e-01
9.103493470822598965e-01
4.054815798414872496e-01
9.374857623494974312e-01
7.233772069344150957e-01
3.376238597202663172e-01
3.558373094606883669e-01
5.642348147364082411e-01
7.335694230792069170e-01
6.078363736647167670e-01
7.539504955025009281e-01
3.768851231831629178e-01
4.604532797304852210e-01
8.738104398237436232e-01
3.299624735040083134e-01
6.310051274367609597e-01
3.653328652104892438e-01
7.337496951260100708e-01
9.255148200294889271e-01
3.317531980175547623e-01
9.130632059413665846e-01
1.943349394135331920e-01
5.727737363005718230e-01
7.389714832298479585e-01
6.904372671613785428e-01
1.000099457360541955e+00
4.657618681673185712e-01
8.583960808467714365e-01
6.735275188132547886e-01
7.038771028813890496e-01
7.668877952896058225e-01
3.374349536218370638e-01
3.033830600579978665e-01
4.300797567682508316e-01
5.972818744358596721e-01
9.297011271391641962e-01
4.194493204088145522e-01
3.104728203176003731e-01
6.626306458269295430e-01
2.747941478055926368e-01
3.042097803041707849e-01
5.928596951543341209e-01
7.277286750335876242e-01
8.013577351297098694e-01
5.778051184605939028e-01
6.563741454617724180e-01
2.549878803546450357e-01
3.012760955629030235e-01
9.592381679582695497e-02
4.345592617336824226e-01
6.206879982869244472e-01
1.040538728012429193e+00
7.254363568360591152e-01
6.535670630044450036e-01
5.562648274624411027e-01
3.298810009530277476e-01
6.661315620261143433e-01
4.419913402859201312e-01
4.659374038834369625e-01
9.345938765979444618e-01
3.651961162872763289e-01
4.962937602130601533e-01
5.609695995195997931e-01
3.192279304202760848e-01
4.378923653240560654e-01
7.718825375950402190e-01
7.296696045243540318e-01
6.884776589695023041e-01
5.003298233638933112e-01
2.618507759077246533e-01
2.056675365549700540e-01
8.298786372035782399e-02
1.334329606072921504e-01
8.792627373662438295e-01
5.024458690577797704e-01
5.370073123805600979e-01
5.173884081083510722e-01
4.975082783334805470e-01
8.428232201563190529e-02
7.841102189674811207e-01
5.539619809138960349e-01
7.906434950410834439e-01
3.883164349276702065e-01
1.933137268386380114e-01
8.360001202890812166e-01
2.387167112167942751e-01
1.804538813746943138e-01
7.702578373885509144e-01
4.008365526075132745e-01
9.079696366278136033e-01
6.440808161083935168e-01
6.936726231036822732e-01
8.803586989107163863e-01
7.082116390798329775e-01
1.066548386583699548e+00
7.561286315391124724e-02
3.223451396728711504e-01
5.331149243789381487e-01
6.896766306724626538e-01
6.352595115897408107e-01
7.990095388429092615e-01
6.547322989749604361e-01
3.668557054194894196e-01
4.755150920342849918e-01
5.806266431685411789e-01
4.308258519174872347e-01
4.068939556066153429e-01
4.577773775059437167e-01
4.393969809453110997e-01
9.057092237588078021e-01
4.308348789289038194e-01
4.170870146963157055e-01
6.785509699823517593e-01
2.168680882399840470e-01
5.208150401067705992e-01
4.792114977320234281e-01
8.374828951719284209e-01
6.123482523687773238e-03
3.936014583705595982e-01
4.076237889479732424e-01
8.754932688308834088e-01
6.616711077999704038e-01
5.630899551622730037e-01
5.826155758065740820e-01
6.285026006024647671e-01
3.892639211207042926e-01
2.887916639253318429e-01
7.041335509974595563e-01
6.334075114528481265e-01
5.214829722583247396e-01
5.050888640648931727e-01
4.437102282285259047e-01
5.544083347346298041e-01
4.543341391617818914e-01
9.140606975406009305e-01
5.986262465721756687e-01
6.215488732707949993e-01
4.496533511228648639e-01
6.831420484828714113e-01
3.951852289764947734e-01
6.938817670969847917e-01
2.506066186693751696e-01
1.664846435937674674e-01
4.692342570794032497e-01
6.649798209167145924e-01
3.865847658152468114e-01
3.149894842327318756e-01
4.024867433655821003e-01
8.498973120325710173e-01
4.633632328119412502e-01
1.248794527672877575e+00
4.476083091693481286e-01
8.159795943284333664e-01
7.069057715165665279e-01
1.138964782414270793e+00
1.951691790629861423e-01
7.413081772364027433e-01
8.656585205188616072e-01
1.166885523657672508e-01
9.685287381940250739e-01
7.840719176668553558e-01
4.492535592583559723e-01
7.730229314159504650e-01
6.847466632852199364e-01
4.051776185467428348e-01
2.129490900239296991e-01
2.760529934598852098e-01
7.139684515775415186e-01
5.684310192877664036e-01
5.114842585067056469e-01
4.311834263725191629e-01
4.604037018976114837e-01
8.049229675124327521e-01
9.007608197249217241e-01
2.711388843868234311e-01
4.104875510957901596e-01
5.285080463715836618e-01
4.187243429901919001e-01
8.183997232509152564e-01
2.952785626609006897e-01
3.852122708630800751e-01
1.872220114271980762e-01
5.019682915397272183e-01
3.387572068835482675e-01
3.566732942492922831e-01
5.988901679280553836e-01
2.837886294995306535e-01
6.925736956454566773e-01
7.421336778117224586e-01
7.844108916275258636e-01
4.960386123941407099e-01
9.145045760132399781e-01
3.058467089426297747e-01
4.996552229884207996e-01
7.409795433942960585e-01
5.143901196435278766e-01
1.192038503898413815e-01
3.635634674038290548e-01
7.030585782514715554e-01
1.522676163216130085e-01
1.015425494484581748e+00
1.381840967353884508e-01
1.198781439771894330e+00
5.338264738756508532e-01
9.593816778870731810e-01
8.233842776838593558e-01
3.007660186879426156e-01
1.814466499527940258e-01
6.531475227173633158e-01
7.289040713877321664e-01
5.684213051734794409e-01
7.003280251859156369e-01
4.198906191098581431e-01
7.087447513271070143e-01
6.520534664418926596e-01
7.715499699540564471e-01
6.587920447461061979e-01
8.631037916755250894e-01
4.568031086334762847e-01
5.926118669107487413e-01
5.863914730936707898e-01
1.556865676887297933e-01
7.282225759274998378e-01
9.347143125331580649e-02
4.644963442782175100e-01
6.199546356517746659e-01
4.574972412346942630e-01
2.928668094649529152e-01
6.145263004020613540e-01
5.507718591253869533e-01
5.545216307819398338e-01
5.650835078808698064e-01
9.058234999893999273e-01
6.103719403346450356e-01
3.729732061864616810e-01
7.839513046396433538e-01
5.649087688839369292e-01
5.587373541625693107e-01
8.842947182404914397e-01
9.781044424054743391e-01
6.516503323878688470e-01
9.496142442071220380e-01
6.513010674142507561e-01
5.485756669250896334e-01
5.863318531964289981e-01
5.100154811805437394e-01
2.961583617109417865e-01
1.219693179412688622e-01
5.693136821051298924e-01
5.005518982978802711e-01
4.136273428753214354e-01
6.360858302862619773e-01
4.419870652113773168e-01
3.823255822967084328e-01
3.942662712865869779e-01
5.946651058418548352e-01
4.018938365734496809e-01
8.574172537702700048e-01
4.205082674020195199e-01
1.793081067912845050e-01
3.447286459602327824e-01
6.863376266570284656e-01
1.933420862374339855e-01
3.861713023789017374e-01
1.008673444825523013e-01
5.624063991031627019e-01
3.345045856530246553e-01
3.647200072510725644e-01
6.338525502448697502e-01
6.075382860184976863e-01
6.981213326572355271e-01
2.923623096605378890e-01
4.541369904650864875e-01
5.136443400606260923e-01
5.066925404920361586e-01
5.475022428025551058e-01
1.682444881914104684e-01
2.113102031437490425e-01
4.223047818151075550e-01
6.435147600834816295e-01
5.439522754083290224e-01
2.992272350460698505e-01
3.962184073360059955e-01
9.028596482065642803e-01
4.846042364003859682e-01
3.768424138082790975e-01
9.914594883349447940e-03
1.830581705307703366e-01
6.095017769745076919e-01
1.569987081631469827e-01
1.309052326228723473e-01
3.817053067251134912e-01
6.269683917185231437e-01
6.733886132530413349e-01
1.408199034155366292e-01
7.919914785050108375e-01
4.013125084782511731e-01
5.323880085257273187e-01
2.340273511576342891e-01
5.047257879184874341e-01
5.520730032002205689e-01
4.466870379316949524e-01
6.266883100652940186e-01
7.310465629905404938e-01
6.715562334857816396e-01
9.071878581369228201e-01
6.097795792001030613e-01
5.036881655167770866e-01
9.306192511191482275e-01
8.524506276239629532e-01
4.068081207004075051e-01
1.347691883801940271e-01
8.353926587197340048e-01
2.577843730293203350e-01
5.551943479859238195e-01
8.483854502989447433e-01
2.418331979660053310e-01
5.862434434164018882e-01
9.501434064029767868e-02
8.284161326615473442e-01
5.020732280905222389e-01
8.617197286523969879e-02
2.911702523580506075e-01
3.907391625539298197e-01
6.289850994108223681e-01
7.754381061211483850e-01
2.610388398243319585e-01
5.097327792460648599e-01
4.521237151876000837e-01
6.631550550822484791e-01
6.358858450067175205e-01
2.652196256805976482e-01
2.017174613498022850e-01
6.456510830460009398e-01
3.039541220007699884e-01
4.344449369094496305e-01
8.944367988027417393e-01
7.576126150998798714e-01
8.707361328880987017e-01
3.785477285800118441e-01
5.181824620050341501e-01
5.622621110765186891e-01
3.465277012365544085e-01
5.221437353527516034e-01
2.641614835591505894e-01
4.037250324288903514e-01
8.798627032604511289e-01
5.061516307822149230e-01
5.714952262064643129e-01
7.689330440727113469e-01
3.345805026585422226e-01
5.632668695170361950e-01
