7.483107338260690522e-01
2.624153868095344677e-01
5.546339953258994093e-01
5.410186115028803311e-01
6.774934146049036432e-01
4.751567469172883751e-01
5.744588657570837142e-01
3.179629041051534877e-01
5.773306770945145772e-01
3.615611216107057491e-01
5.977610959626491471e-01
6.512021686359721340e-01
7.489545728179338724e-01
5.285195561086621918e-01
3.952673692347712375e-01
4.381299394816966508e-01
6.614717379363934668e-01
2.902534806069536621e-01
9.186002690358927580e-01
9.895923447897683189e-01
3.918766745809845187e-01
4.486187635806491159e-01
5.000286739114119250e-01
5.563888252260063005e-01
5.295938704109477424e-01
4.734913790719146309e-01
7.607874120868147738e-01
6.954221772252662248e-01
8.420111038700444084e-01
3.052379724861848942e-01
8.151288305735218120e-01
5.477920175435890826e-01
6.188173133917569402e-01
4.610105590231321493e-01
6.385071288164598791e-01
4.577804571365000630e-01
4.396252421418136436e-01
2.222839889652648004e-01
3.294714171966504068e-01
2.752375218370768373e-01
4.080012586604127023e-01
3.704274213628400148e-01
4.220381126649059844e-01
4.867627379664700715e-01
3.405461875495410240e-01
6.005604273445555030e-01
4.280389337765369007e-01
3.146053478756745125e-01
7.559175164096580968e-01
2.484893750841670190e-01
4.068834821591966744e-01
4.249199382896859944e-01
6.937566813551376832e-01
4.107114786060306333e-01
9.288938140941682686e-01
5.105041776826513278e-01
2.273591609869654029e-01
5.533359768345087470e-01
6.557307784509693871e-01
3.203054185635316742e-01
5.037116402229659951e-01
6.593955708488921097e-01
2.829721609126467641e-01
4.003873531502668559e-01
5.235463863284159913e-01
4.301929797819128432e-01
5.212125389831832045e-01
2.768199920567231409e-01
5.462816842794318006e-01
8.279138742936209550e-01
1.587874183712227882e-01
6.272710632817293241e-01
4.459105597326442627e-01
2.798571965584057963e-01
2.405943199674553945e-01
5.756571415372353506e-01
5.530202777183625962e-01
4.699206312143417996e-01
5.347739165217950674e-01
2.438510839715744005e-01
7.495167223659946476e-01
6.421220031654721883e-01
1.880103011627447529e-01
8.543520487059064195e-01
5.467076057735247296e-01
6.678857805835747286e-01
6.212586011789431595e-01
2.581223706533077866e-01
5.895446760829727850e-01
7.291822586765339675e-01
4.401683138795093875e-01
6.502299713049706220e-01
7.127420608409114067e-01
5.352757381505313106e-01
3.375286852197254550e-01
5.131287804117654616e-01
4.314012794135240192e-01
5.239525293913076531e-01
6.618386602327319679e-01
3.276448709618025035e-01
4.206463484028866162e-01
2.610868436972582085e-01
1.592860583744775127e-01
7.339646477927352919e-01
6.458572889123384009e-01
1.877648391984139131e-01
6.863268313026558154e-01
7.822092359144894314e-01
4.658403261427093156e-01
4.879640092102759397e-01
8.748254024495518699e-01
4.140383907957754239e-01
1.234375158394238170e+00
4.992742369495068999e-01
2.948034382934348052e-01
4.367412688088638806e-01
2.740036240558239022e-01
9.968113067427790686e-01
5.681757859015108547e-01
4.044664330067244684e-01
7.063955529319696502e-01
5.802625100632592403e-01
5.585706396377680960e-01
4.958900773698331488e-01
4.205999838273437597e-01
4.227582361172270708e-01
2.787260589384992215e-01
4.930202876104590182e-01
5.356098620400278065e-01
2.173002518979967324e-01
5.771761728717457185e-01
7.729030734534487745e-01
2.230114240586176244e-01
6.568677710791419599e-01
6.261263353475201576e-01
4.013282282036629844e-01
8.686157225445669816e-01
4.461793870432058107e-01
3.244227530119676572e-01
4.985650453655314784e-01
7.662790407826882699e-01
5.966603483609262959e-01
6.884749114877153353e-01
4.358718148571487649e-01
4.466432547082173077e-01
3.314709007851015521e-01
5.335480247684059041e-01
5.417910936228964580e-01
1.609122587500411150e-01
5.232240679286659368e-01
7.294603132437136317e-01
3.660621325045005925e-01
8.811810207396086891e-01
3.217005681701847752e-01
6.306595711812055249e-01
4.971822495070776782e-01
6.496467286837526167e-01
5.227681439690003984e-01
5.419663894518103042e-01
7.215913921712375778e-01
3.157180268637072018e-01
8.423950542813378739e-01
-7.531487198034714226e-02
3.583187392735465160e-01
3.276899559763379877e-01
4.292698216667898414e-01
5.490718585552869513e-01
1.812614109710226629e-01
4.325381568644646180e-01
6.347374644773746688e-01
3.358880166020776770e-01
5.410487199710432016e-01
6.323426159831520010e-01
2.388590911966841368e-01
1.736021795838580406e-01
6.505438397485510116e-01
4.251670008740340290e-01
5.254439487077164905e-01
6.282213727820087357e-01
4.325587766036491644e-01
9.815856515522813908e-02
3.364966853416193615e-01
4.169719556047604136e-01
5.623285809102149813e-01
2.461490053084576246e-01
8.877989976236890790e-01
7.744866003723873682e-01
3.237990233079197644e-01
4.319252413726428763e-01
1.231703982424126043e-01
4.542770073503497041e-01
6.748222721166039495e-01
5.393053991167700012e-01
4.643165009445004987e-01
2.341514071481469728e-01
6.043194682708419307e-01
3.424193343708221704e-01
5.541223116478608546e-01
7.944711840019673676e-01
6.899058133825319850e-01
6.439252151104282174e-01
4.172319758519278388e-01
2.537214596648151854e-01
8.464217021844016031e-01
4.012510920215266452e-01
3.620576570650850812e-01
4.285092436124391391e-01
4.017166621887235944e-01
7.026193609392021866e-01
5.398097093474449881e-01
5.128144339414208996e-01
4.294603627546571545e-01
5.623870155684180805e-01
2.068224587312115226e-01
4.822421428029277646e-01
6.975185770191292267e-01
4.303662176004598994e-01
3.047339253674543613e-01
3.154563858652532637e-01
5.047841189970330156e-01
7.678969999717251138e-01
3.527420070880200598e-01
4.753774731976054824e-01
5.678835789838412307e-01
3.499864328147108683e-01
4.178208302122292661e-01
3.801523144705338808e-01
5.956873086791252270e-01
8.055655718330356763e-01
5.334859910075280265e-01
7.139175608069119328e-01
5.755141459127817161e-01
8.100278852422859721e-01
6.611733879944035053e-01
5.848766364032722542e-01
4.713339629065438352e-01
4.747064433156062968e-01
4.550554754466045182e-01
5.025708196469174105e-01
2.473277377278930711e-01
7.999585389109618028e-01
2.856399719996673969e-01
5.434434589449419484e-01
3.370237537914890780e-01
7.888132688693869632e-01
5.782292817418552833e-01
4.631952824331890817e-01
5.740259442302868553e-01
4.585494935530665117e-01
1.067421778355371886e+00
2.636090340444758873e-01
5.576519646796560536e-01
4.521479003692578935e-01
6.538148202015370281e-01
3.187404141022167625e-01
8.125768384263141186e-01
2.448314944726890374e-01
5.475285729905516874e-01
7.056046847684052103e-01
6.607954587460425078e-01
5.467516891338934926e-01
5.010214398769481381e-01
7.251540192049190647e-01
3.145434999548171184e-01
7.858601354470526879e-01
1.677005018600234987e-01
4.763705565158411481e-01
8.684897654618368712e-01
1.222283017339385047e-01
6.145838859422951828e-01
6.386571506860994063e-01
6.336200971382348612e-01
5.740083634241122112e-01
6.001209846844473006e-01
5.922905238024971375e-01
8.495518897965925742e-01
6.432695802763421788e-01
1.373933130239541889e-01
3.631945914679164389e-01
2.032896354983435572e-01
4.407048277791398849e-01
4.356322540827433087e-01
4.375949335946627272e-01
3.914428828033678087e-01
1.134201052129544252e-01
7.367002605999211085e-01
3.614789847777299947e-01
2.388053935257881122e-01
3.885806544499310622e-01
6.046001589086760220e-01
8.544151561422501651e-01
4.486828230164672249e-01
3.452216155286846888e-01
4.018931802200016445e-01
5.341487398483062421e-01
3.537372424636764379e-01
7.376824746679133682e-01
3.671221718347306151e-01
6.171500250155981249e-01
7.721543728376110138e-01
4.464733279626114104e-01
5.913589743017155786e-01
6.464572264272703261e-01
6.828102029528908545e-01
4.181601832373469385e-01
3.805707394788464537e-01
6.397958593524637472e-01
4.284495171514421941e-01
3.131706317104072657e-01
7.498052034337170380e-01
5.067426756072472838e-01
1.737751187373857142e-01
3.902015292583751460e-01
6.619548157841377289e-01
2.860451009684170653e-01
4.072126015894983464e-01
6.920218544394081128e-01
6.427899585072727184e-01
4.417770730350920605e-01
2.117598750789686513e-01
3.669184237332412390e-01
7.143441555108092089e-01
4.289720325324983818e-01
5.500422912776881113e-01
7.285764519887858448e-01
6.356831635449888829e-01
3.065519129965603717e-01
4.726684492794717141e-01
2.702493527415152919e-01
4.890367173798961797e-01
4.287853874158471523e-01
4.714858299235178407e-01
6.182162910348825147e-01
4.220348162383018575e-01
5.736017125847272524e-01
4.923262403402395293e-01
3.095668299167169124e-01
5.104383007688102492e-01
2.851467575974693247e-01
3.396305047061833893e-01
4.441583305220686562e-01
7.943282923840304655e-01
3.665703465387786242e-01
8.172078969858915798e-01
1.598140982847182645e-01
4.986092478404011707e-01
2.918207517851700850e-01
6.260029512190978807e-01
4.105007980145982671e-01
7.915136630326236045e-02
6.315740416677841917e-01
9.500907017173494395e-01
8.634372663527161151e-01
3.881374598127145248e-01
6.240953920389649134e-01
7.783948302999221802e-01
3.218559030329140036e-01
3.332043221510434527e-01
6.587408250707782464e-01
4.958060302246147799e-01
4.609806555483211277e-01
7.759417160770991639e-01
5.171482203266131172e-01
3.163085920606116819e-01
7.856963218237691393e-01
1.917869767549373883e-01
5.141568310856827750e-01
5.960279845719627101e-01
4.079648294974083100e-01
1.158052229879740214e-01
5.665938483056047748e-01
2.596713635547924781e-01
4.813945624561646319e-01
5.441837283309567397e-01
5.958624268109489197e-01
5.478644400088388267e-01
5.999294396152574649e-01
7.673619701930047832e-01
8.231269736758051181e-01
6.219936638095624470e-01
5.462234756205215369e-01
4.862526150842247930e-01
5.122993658783103754e-01
4.314559046555297428e-01
4.580222425603381886e-01
4.414391364319709687e-01
7.713940627516753246e-01
5.951842090310901501e-01
5.622630229775058552e-01
8.138968497144123404e-01
4.585426217694767992e-01
3.966134822981359775e-01
2.803410933933054849e-01
5.765409038979432133e-01
6.002651382164410077e-01
6.292917644610707129e-01
8.006554785064747826e-01
4.190973646446352063e-01
2.154701955568290028e-01
4.130003178901997529e-01
4.856035328301018250e-01
5.284934604669868641e-01
4.548248013707167914e-01
7.102895471367403069e-01
4.428186132380416140e-01
4.950057990538265784e-01
6.679479500915810330e-01
3.323373657029322636e-01
3.531630285503868372e-01
7.728113129533535908e-01
6.047139921660744655e-01
8.462278179627258368e-01
6.726541906626213319e-01
5.638050520153798928e-01
5.380664502517040759e-01
6.324160003629133442e-01
3.074035636336187594e-01
4.008310724876782416e-01
3.420940214392815815e-01
7.535179472505268983e-01
4.718003105635051320e-01
6.785112941283386601e-01
7.705704113030851232e-01
4.197228047467773671e-01
8.977671553835673279e-01
6.435642364552212058e-01
6.308723114529524167e-01
6.528231248077025484e-01
4.996506790263519626e-01
4.450169590369459360e-01
3.317362982891032264e-01
5.032415108507075630e-01
7.681904235476779697e-01
4.683137589742363271e-01
7.028390223502507528e-01
4.438990690785016291e-01
3.950401109883352468e-01
5.175811141519743863e-01
1.744816762362326745e-01
6.529060911123416577e-01
3.875912504968752614e-01
7.522573445742763987e-01
7.219674030578167034e-01
2.160610333382075865e-01
7.067443041151348915e-01
9.055676932327623163e-01
7.852830588026713521e-01
5.449261131151132975e-01
4.004753764289414875e-01
4.812112492470954628e-01
7.207968921563208120e-01
4.838695162593480426e-01
5.618692728418870352e-01
3.629652949626858138e-01
3.467202967493809851e-01
8.548571857685485220e-01
8.079674859527192776e-01
3.232657466320176809e-01
5.645801358480682097e-01
5.151202936083771888e-01
1.349244452661269023e-01
4.761459807475094674e-01
4.224852974494539559e-01
3.664080365127202477e-01
4.278198602390850258e-01
6.989420285502894181e-01
4.227720373967311929e-01
6.214093475502189268e-01
5.555633626700484662e-01
6.702432341393369519e-01
5.150407888902213127e-01
4.772820449197738846e-01
4.245990674102504414e-01
5.958820041525960676e-01
2.684254622353758890e-01
3.705994306008553174e-01
5.417386006475828353e-01
7.431837323965708730e-01
7.444559019152161561e-01
5.470306691460833370e-01
5.803041860015647480e-01
4.329672374751201147e-01
3.067046160903492691e-01
8.254026544433163970e-01
5.961156558924189941e-01
3.602422534865126202e-01
5.577241637886771741e-01
2.413328139830643870e-01
1.587006514181656947e-01
8.160824975207467968e-01
2.844896202636517657e-01
3.324418097759571644e-01
6.035612464042203751e-01
7.159781269147329485e-01
1.683238908865924977e-01
3.788335552147708007e-01
4.870030583560343018e-01
3.311636035352978347e-01
4.922926923117687537e-01
3.774425724528858161e-01
