1.738737952210660742e+00
1.479151616761370747e+00
1.482710749875143064e+00
1.640869357237688897e+00
1.399055756279033114e+00
1.691937668787347526e+00
1.585793817916696824e+00
1.328360861554381822e+00
1.732529545256918713e+00
1.608570340403455035e+00
1.773244057937633400e+00
1.541451979646734527e+00
1.419720167613600648e+00
1.401982910495243706e+00
1.649184908910844571e+00
1.684857043335864946e+00
1.708417537516689677e+00
1.429764122882801747e+00
1.446378892634891278e+00
1.200292752226259640e+00
1.354078589006320277e+00
1.563889047757858863e+00
1.529051361352097960e+00
1.820220786407330316e+00
1.605460168522093722e+00
1.207771938478324314e+00
1.520450247670091404e+00
1.473799827208930546e+00
1.542410272174827179e+00
1.280252208778055900e+00
1.546705635409895141e+00
1.347901365917494765e+00
1.640985057471789244e+00
1.658463082563824686e+00
1.320837476351390816e+00
1.596454957009416198e+00
1.602781602174323305e+00
1.184141277102525480e+00
1.202241492038512272e+00
1.377440974581211286e+00
1.632111602674411133e+00
1.589053672610984069e+00
1.708259123964797732e+00
1.330985566831308864e+00
1.121489505845046253e+00
1.239839919185560468e+00
1.794933554690413269e+00
1.572679607846090288e+00
1.279182583925851269e+00
1.611795027052956852e+00
1.586433855428869499e+00
1.608813934522298927e+00
1.291043298527850158e+00
1.831259089406510610e+00
1.352306884706148793e+00
1.299746251057752433e+00
1.382630756881507050e+00
1.082753668578877004e+00
1.466972783429552063e+00
1.638730875708825252e+00
1.873680339306130538e+00
1.534023995947955576e+00
1.422546892216741687e+00
1.562748427184307509e+00
1.694864054804883002e+00
1.713609652147587425e+00
1.433960115267621127e+00
1.490893553998001941e+00
1.572860365839702901e+00
1.517164095319941675e+00
1.249672948644961812e+00
1.588405271370576077e+00
1.374783440061548623e+00
1.625096661426096656e+00
1.087769903401042848e+00
1.443702227993558740e+00
1.586822397948388197e+00
1.333818085047783875e+00
1.377297127057017789e+00
1.919048157287352563e+00
1.476488994438048374e+00
1.867401751324752723e+00
1.993412081088328680e+00
1.130965907806370074e+00
1.345297621622848494e+00
1.712459233793840685e+00
1.772347798332915003e+00
1.483137605589758712e+00
1.704892146097351402e+00
1.400458284742382764e+00
1.369675327874872783e+00
1.389881085787104897e+00
1.740073409919768110e+00
1.614607194343131269e+00
1.677594567224839350e+00
1.323668837922892250e+00
1.845219761709111950e+00
1.312136541134049539e+00
1.911139952649712370e+00
1.477059040789897804e+00
1.809721091942041671e+00
1.429912051387281169e+00
1.353180243330415866e+00
1.621856106201936765e+00
1.456066782778783875e+00
1.482472628518429980e+00
1.486707009351834863e+00
1.491018673595392752e+00
1.154542332545451355e+00
1.450102180570788768e+00
1.426752209918404679e+00
1.434692921828231604e+00
1.741769349011295542e+00
1.548922244749256549e+00
1.371408287990984132e+00
1.362269017675843408e+00
1.680880793599078160e+00
1.755314483447789398e+00
1.036643415148009062e+00
1.315160299298556046e+00
1.466368003006653487e+00
1.294880755844054709e+00
1.658352464010051319e+00
1.821029479970229348e+00
1.571017417746416234e+00
1.639259693696297093e+00
1.475472067800372988e+00
1.493476127259053543e+00
1.342860735047130438e+00
1.243590029138878839e+00
1.459863268112534973e+00
1.561913232861264600e+00
1.588649520491978606e+00
1.479689156981794262e+00
1.362117774352332500e+00
1.342123226304146488e+00
1.349436776955157624e+00
1.569664394471358637e+00
1.508226476159028717e+00
1.322018447421020149e+00
1.604887829930435661e+00
1.500589683747148406e+00
1.519145754607099219e+00
1.492193973928780393e+00
1.724596775064765275e+00
1.639409175435078136e+00
1.507271933117902751e+00
1.612112864607760487e+00
1.642618218829128285e+00
1.578731308149741608e+00
1.357823381166360699e+00
1.210005693858064557e+00
1.669701548963525628e+00
1.327012952222402342e+00
1.518764337217519467e+00
1.550888876893913526e+00
1.530144197728542155e+00
1.602063980034079904e+00
1.242683482513347926e+00
1.650714519931722135e+00
1.807554190888561951e+00
1.527408514578480370e+00
1.406873204208128669e+00
1.702112485065853109e+00
1.350028246069254756e+00
1.634685491464452411e+00
1.513665159858710307e+00
1.065853222350005236e+00
1.228510044666918377e+00
1.917319294655471129e+00
1.306250120264873749e+00
1.554046359371324071e+00
1.551862416464800942e+00
1.344137210242191349e+00
1.636856624834600815e+00
1.450253894037327518e+00
1.250443820253190674e+00
1.350308191591583551e+00
1.862864442553328503e+00
1.280254979739329668e+00
1.501998031418004143e+00
1.784478604214280395e+00
1.299033094268682742e+00
1.596128180591331880e+00
1.612656350365834435e+00
1.393372925303631993e+00
1.440528086376961836e+00
1.691617460888854785e+00
1.156348513695145686e+00
1.500084686709254989e+00
1.647078150631500426e+00
1.512104955164885078e+00
1.634854754805824095e+00
1.961744159879529548e+00
1.667353352451450332e+00
1.793253462112555541e+00
1.667444697728297509e+00
1.274915720159904842e+00
1.544203115916246816e+00
1.654255153720628480e+00
1.459529032109257107e+00
1.697906630371100567e+00
1.396474396710766452e+00
1.894771608491843340e+00
1.674584661576239197e+00
1.470189920352813040e+00
1.910847093131207597e+00
1.561193377742037924e+00
1.473216682792208410e+00
1.449223145274292524e+00
1.409228443112200857e+00
1.523112088921173557e+00
1.349946293880372572e+00
1.255166857875287700e+00
1.704504779814429494e+00
1.243864379033595702e+00
1.508400841771107004e+00
1.565563011666023741e+00
1.361091763642141572e+00
1.542433105060075027e+00
1.673017504440518444e+00
1.466560556197745724e+00
1.692746935943422404e+00
1.546656115966112965e+00
1.410232390666160462e+00
1.876547158312946051e+00
1.577253560921692888e+00
1.655302954483695910e+00
1.437599809526537653e+00
1.362358823068227087e+00
1.410386264712260029e+00
1.637580315946879139e+00
1.648940299188264458e+00
1.444440661794037073e+00
1.523357128430976370e+00
1.512922009531975975e+00
1.348144102565186575e+00
1.361108261938590580e+00
1.527179334324463067e+00
1.596282833849338445e+00
1.005279834347149404e+00
1.532047843463762771e+00
1.195732326227220810e+00
1.606185121708816110e+00
1.553890186064034840e+00
1.715005865014643138e+00
1.367287043004530744e+00
1.219782260504394200e+00
1.447705667842689170e+00
1.633037089520305685e+00
1.542502684187502693e+00
1.460456015156373244e+00
1.302360060799542696e+00
1.682614915303032088e+00
1.429593698404163726e+00
1.875181832432625706e+00
1.315863522639373340e+00
1.148834477619030014e+00
1.586913479413672778e+00
1.317196151995347675e+00
1.423274451565915477e+00
1.493091638746072203e+00
1.493756106680866225e+00
1.583789585376172093e+00
1.293683458330311620e+00
1.718152638436053259e+00
1.555923749413107515e+00
1.489241719887349547e+00
1.331580964823479762e+00
1.564881035315372593e+00
1.163735237905423103e+00
1.374212516431462028e+00
1.417924211725237749e+00
1.705817538288544544e+00
1.650870057246375922e+00
1.690811346811369464e+00
1.321582408028477928e+00
1.440539223705396665e+00
9.434850640786738296e-01
1.442409771899731963e+00
1.902303139397506726e+00
1.381787032741249144e+00
1.510408260009773906e+00
1.438722629958015586e+00
1.777457783439338357e+00
1.604393792112414507e+00
1.893666405445247669e+00
1.565398391324376082e+00
1.575145888419148044e+00
1.520934163220337032e+00
1.576306094583092676e+00
1.274954524725760319e+00
1.564775444703465634e+00
1.499109673656001007e+00
1.569950916938781305e+00
1.340226509299213609e+00
1.614928672211910499e+00
1.676864782997839587e+00
1.320058738628576922e+00
1.444639279945922672e+00
1.858724345334081374e+00
1.767973615496543083e+00
1.518235035405179900e+00
1.301069899975112465e+00
1.553863663078246748e+00
1.341760722207666845e+00
1.191806975112645661e+00
1.304548749344571545e+00
1.491359593070058054e+00
1.348238329605514263e+00
1.895886711452244189e+00
1.301592398212692014e+00
1.456693207013246560e+00
1.593128671072098435e+00
1.451652463936196291e+00
1.491366352135449658e+00
1.452833362411149576e+00
1.336877193057346425e+00
1.486899589853092341e+00
1.205735689345853512e+00
1.298412043934613180e+00
1.955219121231314805e+00
1.385183985812189711e+00
1.164466279972680818e+00
1.456392401427473615e+00
1.259736041715308286e+00
9.768584706036345100e-01
1.225955848864162423e+00
1.981546913399886645e+00
1.109249433134796847e+00
1.456143506592575410e+00
1.562054410126410886e+00
1.321196733082927732e+00
1.317901558890896885e+00
1.366290321670643682e+00
1.546759156519906808e+00
1.847727958405950943e+00
1.286862222422610058e+00
1.409939184832740722e+00
1.365974875223537000e+00
1.801576922510592871e+00
1.630965194172369959e+00
1.362229393586972037e+00
1.762597378013359251e+00
1.642085219455929224e+00
1.436668948657973344e+00
1.201562047172650471e+00
1.612215326171118512e+00
1.715926703486258642e+00
1.883940749958425087e+00
1.581470755507192294e+00
1.487873512310394553e+00
1.360609478820131724e+00
1.547371200676343594e+00
1.694756952811670603e+00
1.470225854769250162e+00
1.526065975502729266e+00
1.374597974188131122e+00
1.298591848774419688e+00
1.603978302365638209e+00
1.826647905904234204e+00
1.326824706993207537e+00
1.205756902643672746e+00
1.240245888729195389e+00
1.262615346776787328e+00
1.439699524376689244e+00
1.655048325984952218e+00
1.292906433850835146e+00
1.170792519033813761e+00
1.342427694981694009e+00
1.430149764438846560e+00
1.598962974783313618e+00
1.503977917605071823e+00
1.810610302419149997e+00
1.525040846609299283e+00
1.443734493241394468e+00
1.697599894841276047e+00
1.562973641874710662e+00
1.414167338011203423e+00
1.965074228572649906e+00
1.757151463112520240e+00
1.038198890025746834e+00
1.528133921509950977e+00
1.761633642281202894e+00
1.606907761940259860e+00
1.462598414883684805e+00
1.432926106300211888e+00
1.474878793719793579e+00
2.002725538523219218e+00
1.214534918965619825e+00
1.369569351576121363e+00
1.305818050630926930e+00
1.224756044973971392e+00
1.345547509428306254e+00
1.380526261016124412e+00
1.519966467218865969e+00
1.698958235174842013e+00
1.918192912109024650e+00
1.536162306975218828e+00
1.656035829952162031e+00
1.272901344589661088e+00
1.298946235709808716e+00
1.536550081171562443e+00
1.710587130913604481e+00
1.407551764413893292e+00
1.605391001410747087e+00
1.604853686228787213e+00
1.272735426637550793e+00
1.605323019114205607e+00
1.507948123090760983e+00
1.743198890247487753e+00
1.698460565193468774e+00
1.441364227373250095e+00
1.314635784383632044e+00
1.839939963952178070e+00
1.358824037414303465e+00
1.528265815322886967e+00
1.410596856987592407e+00
1.733632664745247576e+00
1.386433806894598719e+00
1.664588127510832294e+00
1.473256772861704977e+00
1.597460973002375662e+00
1.283173757612957600e+00
1.303199651996826525e+00
1.356947597669080796e+00
1.623963794218559631e+00
1.129775639423186151e+00
1.463467742082651402e+00
1.143973029902737970e+00
1.535930678023477380e+00
1.494704740851770852e+00
1.698489180312125146e+00
1.403073186654453686e+00
1.421111481363994677e+00
1.877699791548967045e+00
1.392630897349500074e+00
1.385363290730446284e+00
1.538389827384941233e+00
1.545596777294268032e+00
1.337311231765566655e+00
1.591307830456135886e+00
1.233323597411986050e+00
1.598383760416183241e+00
1.365713745589072436e+00
1.239594530589831489e+00
1.663536356918987380e+00
1.607083517608093981e+00
1.477506521968376285e+00
1.471781639281313669e+00
1.437233533684076692e+00
1.353698897179225424e+00
1.446310161013134366e+00
1.383606783233275683e+00
1.627949766675163223e+00
1.714996339021221727e+00
1.279523524701020154e+00
1.481766522506171579e+00
1.351274764139223539e+00
1.431759199916337488e+00
1.490188372248502091e+00
1.412583411435110570e+00
1.780536938983219519e+00
1.513236623020231431e+00
1.607308095898489997e+00
1.597789204359712834e+00
1.441313538518999682e+00
1.211541098373281722e+00
1.819437989232409514e+00
1.245645725515103441e+00
1.495173906380777185e+00
1.532857849877355516e+00
1.635252025289523514e+00
1.668287558261077219e+00
1.438998249356792769e+00
1.757075168437758794e+00
1.444423121555868716e+00
1.628256721767817661e+00
1.363422429140450420e+00
1.640626758224638104e+00
1.230504157667884124e+00
1.411410112963897845e+00
1.549964377605544730e+00
1.159863263027925306e+00
1.376030384752694680e+00
1.340205046765388097e+00
1.490633675501399358e+00
1.643705395954801807e+00
1.522343543088647388e+00
1.464074452680841576e+00
1.614278615015072083e+00
1.697455392760319315e+00
1.561914462857316277e+00
1.563612954011257994e+00
1.372705996022954178e+00
1.709817360225927452e+00
1.500900122828622951e+00
1.415471882152719019e+00
1.498309889617468249e+00
1.826713450118202076e+00
