6.250000000000000000e+01 7.500000000000000000e-01
9.050000000000000000e+01 2.326086956999999789e+00
1.790000000000000000e+02 5.000000000000000000e-01
2.493888888889999862e+02 2.222222222000000080e+00
2.944090909089999855e+02 2.409090909000000114e+00
3.641363636359999987e+02 1.409090908999999892e+00
5.135588235290000512e+02 2.441176470999999903e+00
5.442500000000000000e+02 7.500000000000000000e-01
5.683823529410000219e+02 2.088235293999999964e+00
3.833750000000000000e+02 2.625000000000000000e+00
4.216111111110000138e+02 3.055555555999999839e+00
7.657894737000000340e+00 4.447368421000000183e+00
1.955555555560000016e+02 4.722222222000000080e+00
4.387307692310000107e+02 3.884615385000000032e+00
4.119117647059999854e+02 5.382352940999999724e+00
8.193750000000000000e+01 5.875000000000000000e+00
1.216111111109999996e+02 6.444444444000000161e+00
5.251875000000000000e+02 7.625000000000000000e+00
1.613181818179999993e+02 8.681818182000000661e+00
4.308823529400000041e+01 1.138235294100000061e+01
4.750000000000000000e+02 1.078571428599999926e+01
6.325000000000000000e+01 1.225000000000000000e+01
4.980000000000000000e+02 1.278571428599999926e+01
1.133421052629999934e+02 1.465789473699999945e+01
2.200999999999999943e+02 1.390000000000000036e+01
3.091250000000000000e+02 1.425000000000000000e+01
2.593999999999999773e+02 1.469999999999999929e+01
4.529117647059999854e+02 1.638235294100000061e+01
5.487777777779999724e+02 1.638888888900000040e+01
3.455000000000000000e+02 1.750000000000000000e+01
9.605263157999999635e+00 1.871052631599999927e+01
9.111538461499999642e+01 1.811538461499999997e+01
5.251923076919999858e+02 1.903846153799999996e+01
5.660555555559999448e+02 1.961111111099999960e+01
1.476176470590000065e+02 1.991176470599999959e+01
2.926333333329999959e+02 2.076666666699999908e+01
1.320000000000000000e+02 2.100000000000000000e+01
2.780333333329999732e+02 2.163333333299999950e+01
3.756111111110000138e+02 2.061111111099999960e+01
4.931315789469999800e+02 2.128947368400000073e+01
1.724000000000000057e+02 2.244999999999999929e+01
3.625000000000000000e+02 2.200000000000000000e+01
3.970333333329999732e+02 2.236666666700000050e+01
1.841153846150000106e+02 2.288461538500000003e+01
2.438636363640000013e+02 2.259090909100000033e+01
3.517500000000000000e+02 2.408333333299999879e+01
5.450000000000000000e+02 2.421428571399999896e+01
5.061250000000000000e+02 2.550000000000000000e+01
3.206764705879999724e+02 2.661764705899999939e+01
2.800000000000000000e+01 2.669999999999999929e+01
2.080000000000000000e+02 2.700000000000000000e+01
7.350000000000000000e+01 2.850000000000000000e+01
3.671363636359999987e+02 3.004545454499999835e+01
4.207222222220000276e+02 3.000000000000000000e+01
4.387105263160000277e+02 3.050000000000000000e+01
1.105000000000000000e+02 3.200000000000000000e+01
2.256666666669999870e+02 3.150000000000000000e+01
5.126923076900000353e+01 3.326923076900000353e+01
1.529000000000000057e+02 3.310000000000000142e+01
2.813750000000000000e+02 3.381250000000000000e+01
1.755882352900000143e+01 3.426470588200000122e+01
2.514000000000000057e+02 3.445000000000000284e+01
4.648888888889999862e+02 3.527777777800000081e+01
2.150652173910000045e+02 3.641304347799999874e+01
5.258999999999999773e+02 3.589999999999999858e+01
3.883823529410000219e+02 3.691176470599999959e+01
3.461764705899999939e+01 3.808823529400000041e+01
5.558750000000000000e+02 3.825000000000000000e+01
1.235000000000000000e+02 4.085294117600000163e+01
4.780000000000000000e+02 4.050000000000000000e+01
4.240000000000000000e+02 4.121428571399999896e+01
1.961666666669999870e+02 4.250000000000000000e+01
4.950000000000000000e+01 4.283333333299999879e+01
3.571250000000000000e+02 4.325000000000000000e+01
4.470000000000000000e+02 4.300000000000000000e+01
3.148636363640000013e+02 4.359090909100000033e+01
3.384375000000000000e+02 4.575000000000000000e+01
5.007500000000000000e+02 4.616666666700000121e+01
2.967857142859999726e+02 4.800000000000000000e+01
6.921428571399999896e+01 4.900000000000000000e+01
1.695434782609999900e+02 4.989130434799999847e+01
3.802142857140000274e+02 4.900000000000000000e+01
4.058684210530000200e+02 4.902631578900000164e+01
3.663888888889999862e+02 5.033333333299999879e+01
2.770000000000000000e+02 5.150000000000000000e+01
8.875000000000000000e+01 5.183333333299999879e+01
5.130000000000000000e+02 5.321428571399999896e+01
5.335476190480000014e+02 5.369047618999999827e+01
1.570000000000000000e+02 5.378571428600000104e+01
1.097999999999999972e+02 5.520000000000000284e+01
2.401470588239999984e+02 5.502941176499999898e+01
3.290000000000000000e+02 5.500000000000000000e+01
4.626818181819999722e+02 5.531818181799999934e+01
8.500000000000000000e+00 5.607142857099999844e+01
4.360000000000000000e+02 5.700000000000000000e+01
5.516176470589999781e+02 5.691176470599999959e+01
5.690000000000000000e+02 5.678571428600000104e+01
3.051428571430000147e+02 5.821428571399999896e+01
3.897222222220000276e+02 5.800000000000000000e+01
2.232368421049999938e+02 5.986842105299999872e+01
3.381666666670000154e+02 6.133333333299999879e+01
1.895000000000000000e+02 6.228947368400000073e+01
2.003666666670000041e+02 6.183333333299999879e+01
3.279411764700000020e+01 6.426470588200000122e+01
1.355666666669999927e+02 6.436666666700000405e+01
4.220000000000000000e+02 6.400000000000000000e+01
4.525714285710000127e+02 6.371428571399999896e+01
5.590000000000000000e+02 6.421428571399999896e+01
1.705000000000000000e+02 6.550000000000000000e+01
2.511153846150000106e+02 6.488461538500000358e+01
4.871153846149999822e+02 6.488461538500000358e+01
4.500000000000000000e+01 6.800000000000000000e+01
6.150000000000000000e+01 6.885294117600000163e+01
7.750000000000000000e+01 6.860526315799999963e+01
2.871666666670000154e+02 6.841666666700000121e+01
3.994444444439999984e+02 6.861111111099999960e+01
4.981875000000000000e+02 6.962500000000000000e+01
5.765000000000000000e+02 6.950000000000000000e+01
2.667500000000000000e+02 7.075000000000000000e+01
3.112222222220000276e+02 7.144444444399999838e+01
3.526600000000000250e+02 7.118000000000000682e+01
9.913636363599999868e+01 7.059090909100000033e+01
2.258333333330000130e+02 7.116666666700000121e+01
5.185000000000000000e+02 7.200000000000000000e+01
1.338235294100000061e+01 7.408823529400000041e+01
1.210384615380000071e+02 7.334615384600000709e+01
1.438529411760000016e+02 7.297058823499999392e+01
3.780000000000000000e+02 7.400000000000000000e+01
4.668999999999999773e+02 7.609999999999999432e+01
2.130000000000000000e+02 7.800000000000000000e+01
5.439117647059999854e+02 8.038235294099999351e+01
1.915000000000000000e+02 8.285294117600000163e+01
2.948999999999999773e+02 8.209999999999999432e+01
4.387307692310000107e+02 8.211538461499999642e+01
1.158846153850000036e+02 8.311538461499999642e+01
4.500000000000000000e+02 8.466666666700000121e+01
2.428636363640000013e+02 8.604545454499999835e+01
3.958999999999999773e+02 8.609999999999999432e+01
6.220000000000000284e+01 8.720000000000000284e+01
4.875714285710000127e+02 8.735714285699999948e+01
9.609999999999999432e+01 8.890000000000000568e+01
1.575666666669999927e+02 8.909999999999999432e+01
2.798999999999999773e+02 9.090000000000000568e+01
4.740909090899999967e+01 9.086363636400000132e+01
1.342272727270000132e+02 9.077272727300000099e+01
4.168809523809999860e+02 9.126190476200000035e+01
5.128846153849999610e+02 9.111538461499999642e+01
5.591315789469999800e+02 9.150000000000000000e+01
5.740789473679999446e+02 9.160526315799999963e+01
1.416666667000000102e+00 9.233333333299999879e+01
1.775000000000000000e+02 9.200000000000000000e+01
2.591153846149999822e+02 9.188461538500000358e+01
7.575000000000000000e+01 9.287500000000000000e+01
5.298500000000000227e+02 9.390000000000000568e+01
2.213823529409999935e+02 9.502941176500000608e+01
3.785909090910000145e+02 9.386363636400000132e+01
3.178571428600000104e+01 9.600000000000000000e+01
2.365909090909999861e+02 9.813636363599999868e+01
3.390000000000000000e+02 9.850000000000000000e+01
3.523125000000000000e+02 9.856250000000000000e+01
9.142307692299999644e+01 9.919230769199999997e+01
3.155500000000000114e+02 9.959999999999999432e+01
4.981250000000000000e+02 9.925000000000000000e+01
4.086176470589999781e+02 1.006176470590000065e+02
4.448999999999999773e+02 1.000999999999999943e+02
5.491428571430000147e+02 1.002857142860000010e+02
1.121428571400000074e+01 1.010000000000000000e+02
4.783421052630000077e+02 1.013421052629999934e+02
1.121153846149999964e+02 1.048846153850000036e+02
1.544166666669999870e+02 1.053333333329999988e+02
6.237500000000000000e+01 1.068333333329999988e+02
1.905769230770000036e+02 1.058076923080000000e+02
2.908999999999999773e+02 1.059000000000000057e+02
5.160000000000000000e+02 1.062142857139999990e+02
2.070000000000000000e+02 1.080000000000000000e+02
4.573888888889999862e+02 1.092222222219999992e+02
5.687500000000000000e+02 1.088333333329999988e+02
3.258846153850000178e+02 1.101153846149999964e+02
4.303000000000000114e+02 1.100000000000000000e+02
4.833999999999999773e+02 1.104500000000000028e+02
2.270000000000000000e+02 1.115000000000000000e+02
2.542894736840000007e+02 1.131315789469999942e+02
2.735526315789999785e+02 1.133421052629999934e+02
3.047307692310000107e+02 1.138846153850000036e+02
5.426333333329999959e+02 1.142999999999999972e+02
1.780000000000000000e+02 1.155000000000000000e+02
5.580384615379999786e+02 1.153461538460000071e+02
1.329375000000000000e+02 1.161250000000000000e+02
1.520555555560000016e+02 1.166111111109999996e+02
3.903823529410000219e+02 1.159117647059999996e+02
5.069117647059999854e+02 1.173823529409999935e+02
3.818750000000000000e+01 1.193750000000000000e+02
6.968181818200000066e+01 1.193181818179999993e+02
4.053000000000000114e+02 1.192999999999999972e+02
1.132142857139999990e+02 1.196428571430000005e+02
1.995000000000000000e+02 1.205000000000000000e+02
3.450000000000000000e+02 1.202999999999999972e+02
3.598846153850000178e+02 1.218846153850000036e+02
9.650000000000000000e+01 1.235000000000000000e+02
2.228571428600000104e+01 1.238571428569999995e+02
5.283333333299999879e+01 1.252500000000000000e+02
2.645000000000000000e+02 1.252999999999999972e+02
4.646999999999999886e+02 1.262333333330000045e+02
2.182333333329999903e+02 1.271666666670000012e+02
2.823666666670000041e+02 1.270333333330000016e+02
4.477142857140000274e+02 1.268571428569999995e+02
2.500000000000000000e+00 1.280000000000000000e+02
1.708846153849999894e+02 1.278846153850000036e+02
3.167777777779999724e+02 1.283888888889999862e+02
3.800000000000000000e+02 1.292142857139999990e+02
4.318846153850000178e+02 1.291153846150000106e+02
4.885000000000000000e+02 1.296333333329999959e+02
2.369166666669999870e+02 1.297500000000000000e+02
1.340000000000000000e+02 1.327857142860000010e+02
3.013181818180000278e+02 1.336818181820000007e+02
5.418999999999999773e+02 1.349000000000000057e+02
3.414999999999999858e+01 1.367500000000000000e+02
5.662500000000000000e+02 1.358333333330000130e+02
3.952058823529999927e+02 1.367941176470000073e+02
5.288529411759999448e+02 1.369705882350000081e+02
5.386842105299999872e+01 1.384473684209999931e+02
1.971363636359999987e+02 1.375909090909999861e+02
2.203947368419999862e+02 1.390789473680000015e+02
3.437105263160000277e+02 1.395000000000000000e+02
3.736666666670000154e+02 1.393888888889999862e+02
5.125714285709999558e+02 1.392857142860000010e+02
1.575000000000000000e+02 1.410652173910000045e+02
1.780000000000000000e+02 1.397857142860000010e+02
4.705526315789999785e+02 1.421315789470000084e+02
4.190000000000000000e+02 1.420000000000000000e+02
4.407105263160000277e+02 1.435000000000000000e+02
1.082333333330000045e+02 1.446999999999999886e+02
9.000000000000000000e+01 1.455000000000000000e+02
4.767173913039999888e+02 1.461956521740000028e+02
2.295588235289999943e+02 1.466764705880000008e+02
4.257857142859999726e+02 1.460000000000000000e+02
5.531363636360000555e+02 1.471363636359999987e+02
6.515000000000000568e+01 1.470999999999999943e+02
2.530263157889999945e+02 1.481315789470000084e+02
3.171666666670000154e+02 1.476428571429999863e+02
2.766333333329999959e+02 1.479666666669999984e+02
1.704130434779999916e+02 1.499347826089999955e+02
3.637857142859999726e+02 1.490000000000000000e+02
2.003000000000000114e+02 1.515000000000000000e+02
2.914090909089999855e+02 1.524090909090000139e+02
4.258846153850000178e+02 1.528846153849999894e+02
2.321428571399999896e+01 1.540000000000000000e+02
1.246176470590000065e+02 1.546176470590000065e+02
2.570000000000000000e+02 1.545000000000000000e+02
5.289166666669999586e+02 1.547500000000000000e+02
3.416538461540000071e+02 1.560384615380000071e+02
3.938636363640000013e+02 1.559545454549999874e+02
4.451875000000000000e+02 1.566875000000000000e+02
1.376818181820000007e+02 1.565909090909999861e+02
5.438888888900000040e+01 1.587777777780000008e+02
4.085000000000000000e+02 1.580000000000000000e+02
4.868421052999999610e+00 1.597631578950000062e+02
3.122857142859999726e+02 1.598571428570000137e+02
2.776250000000000000e+02 1.606250000000000000e+02
8.133333333299999879e+01 1.637777777780000008e+02
4.672500000000000000e+02 1.632500000000000000e+02
5.058529411760000016e+02 1.635000000000000000e+02
5.398999999999999773e+02 1.650999999999999943e+02
5.713421052630000077e+02 1.656578947369999923e+02
1.128846153850000036e+02 1.661153846150000106e+02
1.533750000000000000e+02 1.678125000000000000e+02
2.272142857139999990e+02 1.678809523809999860e+02
3.575000000000000000e+02 1.670000000000000000e+02
2.707777777779999724e+02 1.686111111110000138e+02
3.746052631580000138e+02 1.685000000000000000e+02
7.203333333300000163e+01 1.696333333329999959e+02
5.204473684209999647e+02 1.696578947369999923e+02
4.821315789469999800e+02 1.702894736840000007e+02
3.393333333329999846e+02 1.718888888889999862e+02
1.872500000000000000e+02 1.722500000000000000e+02
4.202222222220000276e+02 1.746666666669999870e+02
1.086363636399999955e+01 1.744090909090000139e+02
3.240000000000000000e+02 1.760000000000000000e+02
3.987500000000000000e+02 1.759166666669999870e+02
1.295909090909999861e+02 1.775909090909999861e+02
2.860000000000000000e+02 1.775000000000000000e+02
3.445238095199999862e+01 1.787380952379999997e+02
2.070999999999999943e+02 1.779000000000000057e+02
5.598999999999999773e+02 1.779000000000000057e+02
4.552142857140000274e+02 1.794285714289999873e+02
3.088571428569999853e+02 1.802142857139999990e+02
5.016111111110000138e+02 1.817777777780000008e+02
2.459090909100000033e+01 1.828636363640000013e+02
9.561764705900000649e+01 1.817941176470000073e+02
1.764090909090000139e+02 1.828636363640000013e+02
4.095000000000000000e+02 1.830000000000000000e+02
2.397500000000000000e+02 1.845000000000000000e+02
1.916176470590000065e+02 1.849117647060000138e+02
4.455909090910000145e+02 1.854090909090000139e+02
1.105909090910000003e+02 1.858636363640000013e+02
2.627500000000000000e+02 1.860833333330000130e+02
4.675500000000000114e+02 1.865999999999999943e+02
2.773666666670000041e+02 1.870333333330000016e+02
6.638235294099999351e+01 1.880882352939999862e+02
1.560000000000000000e+02 1.885000000000000000e+02
4.338846153850000178e+02 1.878846153849999894e+02
5.235526315790000353e+02 1.884473684209999931e+02
8.970000000000000284e+01 1.908333333330000130e+02
3.164583333329999846e+02 1.911666666669999870e+02
3.650000000000000000e+02 1.902777777780000008e+02
2.227857142860000010e+02 1.920000000000000000e+02
3.452222222220000276e+02 1.926111111110000138e+02
5.436250000000000000e+02 1.931875000000000000e+02
5.775000000000000000e+02 1.915000000000000000e+02
5.189999999999999858e+01 1.939000000000000057e+02
3.800000000000000000e+02 1.937857142860000010e+02
1.295000000000000000e+02 1.948333333330000130e+02
4.825000000000000000e+02 1.951470588239999984e+02
1.812647058819999870e+02 1.965000000000000000e+02
3.937105263160000277e+02 1.981315789470000084e+02
2.124090909090000139e+02 1.988636363640000013e+02
2.615000000000000000e+02 1.998809523809999860e+02
1.446428571429999863e+02 2.004285714289999873e+02
3.363333333300000305e+01 2.010333333330000016e+02
4.165769230770000036e+02 2.011153846150000106e+02
7.450000000000000000e+01 2.020000000000000000e+02
1.151875000000000000e+02 2.026875000000000000e+02
3.673888888889999862e+02 2.038333333330000130e+02
5.060000000000000000e+02 2.040000000000000000e+02
2.847500000000000000e+02 2.052500000000000000e+02
3.005526315789999785e+02 2.055526315790000069e+02
5.581153846150000390e+02 2.054230769229999964e+02
3.326111111110000138e+02 2.070555555560000016e+02
4.430454545449999841e+02 2.071363636359999987e+02
4.153846154000000013e+00 2.088461538459999929e+02
1.500000000000000000e+01 2.080000000000000000e+02
5.768181818200000066e+01 2.076818181820000007e+02
1.008571428569999995e+02 2.087142857139999990e+02
2.397222222219999992e+02 2.080000000000000000e+02
4.607941176470000073e+02 2.086176470590000065e+02
5.265000000000000000e+02 2.080000000000000000e+02
1.611111111110000138e+02 2.097222222219999992e+02
3.573823529410000219e+02 2.099117647060000138e+02
5.752142857139999705e+02 2.100000000000000000e+02
5.382142857139999705e+02 2.120000000000000000e+02
1.948333333330000130e+02 2.126111111110000138e+02
7.950000000000000000e+01 2.145000000000000000e+02
2.153461538459999929e+02 2.140384615380000071e+02
3.881000000000000227e+02 2.139000000000000057e+02
4.884090909089999855e+02 2.141363636359999987e+02
3.152500000000000000e+02 2.154499999999999886e+02
3.751818181819999722e+02 2.164545454549999874e+02
1.364545454549999874e+02 2.188181818179999993e+02
2.756904761900000267e+02 2.185476190480000014e+02
4.272500000000000000e+02 2.181666666669999870e+02
5.061666666670000154e+02 2.195833333330000130e+02
1.883888888889999862e+02 2.217777777780000008e+02
2.438888888900000040e+01 2.222222222219999992e+02
4.460000000000000142e+01 2.223000000000000114e+02
2.324473684209999931e+02 2.224473684209999931e+02
2.948999999999999773e+02 2.219000000000000057e+02
5.643947368420000430e+02 2.229210526319999985e+02
4.573500000000000227e+02 2.233499999999999943e+02
4.050000000000000000e+02 2.240000000000000000e+02
4.705000000000000000e+02 2.255000000000000000e+02
7.213157894699999417e+01 2.272894736840000007e+02
1.157500000000000000e+02 2.271250000000000000e+02
5.000000000000000000e-01 2.280000000000000000e+02
9.200000000000000000e+01 2.277857142860000010e+02
1.453823529409999935e+02 2.279117647060000138e+02
2.465000000000000000e+02 2.297105263159999993e+02
3.285909090910000145e+02 2.291363636359999987e+02
5.404473684209999647e+02 2.293421052630000077e+02
2.072777777780000008e+02 2.300000000000000000e+02
3.465000000000000000e+02 2.300000000000000000e+02
2.815000000000000000e+02 2.330000000000000000e+02
5.715555555559999448e+02 2.337222222219999992e+02
2.560000000000000000e+02 2.345000000000000000e+02
8.750000000000000000e+00 2.352500000000000000e+02
3.598846153850000178e+02 2.348846153849999894e+02
5.011153846149999822e+02 2.348846153849999894e+02
1.972857142860000010e+02 2.358571428570000137e+02
3.941842105260000153e+02 2.376578947369999923e+02
4.443421052630000077e+02 2.376578947369999923e+02
5.243823529410000219e+02 2.369117647060000138e+02
4.700000000000000000e+01 2.390000000000000000e+02
1.010000000000000000e+02 2.390000000000000000e+02
1.688846153849999894e+02 2.391153846150000106e+02
2.240789473680000015e+02 2.403947368419999862e+02
7.700000000000000000e+01 2.410000000000000000e+02
4.150000000000000000e+02 2.407857142860000010e+02
2.989999999999999858e+01 2.419000000000000057e+02
5.525000000000000000e+02 2.426052631580000138e+02
1.871086956519999944e+02 2.435434782609999900e+02
1.417666666670000097e+02 2.441666666669999870e+02
3.474090909089999855e+02 2.438636363640000013e+02
3.131470588239999984e+02 2.456176470590000065e+02
1.229000000000000057e+02 2.460999999999999943e+02
1.532333333329999903e+02 2.478333333330000130e+02
4.590000000000000000e+02 2.475000000000000000e+02
4.914499999999999886e+02 2.475999999999999943e+02
4.760000000000000000e+02 2.480000000000000000e+02
2.880882352940000146e+02 2.503823529409999935e+02
5.320000000000000000e+02 2.505000000000000000e+02
2.710000000000000000e+02 2.510000000000000000e+02
3.933888888889999862e+02 2.519444444439999984e+02
2.457500000000000000e+02 2.537500000000000000e+02
3.757352941180000130e+02 2.547941176470000073e+02
2.069117647060000138e+02 2.556176470590000065e+02
3.327857142859999726e+02 2.550000000000000000e+02
3.264705881999999892e+00 2.569117647059999854e+02
5.813157894700000128e+01 2.567105263160000277e+02
1.300000000000000000e+02 2.562142857140000274e+02
5.448846153849999610e+02 2.561153846149999822e+02
2.755263157899999982e+01 2.573421052630000077e+02
4.457500000000000000e+02 2.578333333329999846e+02
2.640333333329999732e+02 2.593666666670000041e+02
3.006428571430000147e+02 2.598809523809999860e+02
4.182058823529999927e+02 2.592647058819999870e+02
5.122857142860000295e+02 2.600714285710000127e+02
1.775000000000000000e+02 2.616363636359999987e+02
1.090000000000000000e+02 2.620000000000000000e+02
3.830000000000000000e+02 2.620000000000000000e+02
4.790000000000000000e+02 2.625000000000000000e+02
4.958684210530000200e+02 2.627631578950000062e+02
5.712058823529999927e+02 2.622647058819999870e+02
9.211904761899999983e+01 2.635000000000000000e+02
4.345769230770000036e+02 2.628846153850000178e+02
7.550000000000000000e+01 2.645000000000000000e+02
1.886578947369999923e+02 2.643421052630000077e+02
4.666333333329999959e+02 2.640333333329999732e+02
3.220384615379999786e+02 2.653461538459999929e+02
2.816250000000000000e+02 2.653750000000000000e+02
3.635000000000000000e+02 2.657857142859999726e+02
5.540909090899999967e+01 2.668636363640000013e+02
5.191153846150000390e+02 2.671153846149999822e+02
1.160000000000000000e+02 2.696428571430000147e+02
1.586538461540000071e+02 2.689615384620000214e+02
2.236818181820000007e+02 2.686818181819999722e+02
3.896666666699999837e+01 2.753666666670000041e+02
1.420000000000000000e+02 2.750000000000000000e+02
3.898846153850000178e+02 2.747307692310000107e+02
1.469047619000000005e+01 2.763571428569999853e+02
3.362142857140000274e+02 2.760000000000000000e+02
3.573461538459999929e+02 2.760384615379999786e+02
4.292647058819999870e+02 2.767352941180000130e+02
9.361764705900000649e+01 2.769117647059999854e+02
2.160999999999999943e+02 2.771000000000000227e+02
5.397857142860000295e+02 2.768571428569999853e+02
5.555000000000000000e+02 2.783947368419999862e+02
1.611111111000000040e+00 2.800000000000000000e+02
2.626111111110000138e+02 2.788333333329999846e+02
1.690000000000000000e+02 2.805000000000000000e+02
1.960000000000000000e+02 2.800000000000000000e+02
2.790000000000000000e+02 2.800000000000000000e+02
4.553500000000000227e+02 2.813500000000000227e+02
1.387631578950000062e+02 2.826578947369999923e+02
4.046764705879999724e+02 2.825588235289999943e+02
2.363499999999999943e+02 2.832500000000000000e+02
3.012692307689999893e+02 2.827307692310000107e+02
3.757500000000000000e+02 2.831250000000000000e+02
5.098999999999999773e+02 2.851000000000000227e+02
4.806428571430000147e+02 2.866904761900000267e+02
5.771666666669999586e+02 2.860000000000000000e+02
7.300000000000000000e+01 2.870000000000000000e+02
3.440000000000000000e+02 2.870000000000000000e+02
3.168999999999999773e+02 2.878999999999999773e+02
1.540000000000000000e+02 2.890000000000000000e+02
2.257307692310000107e+02 2.887307692310000107e+02
2.870500000000000114e+02 2.903999999999999773e+02
5.075000000000000000e+01 2.911666666670000154e+02
4.415909090910000145e+02 2.914090909089999855e+02
5.440499999999999545e+02 2.913999999999999773e+02
1.129444444439999984e+02 2.926111111110000138e+02
3.340454545449999841e+02 2.921363636359999987e+02
2.489705882350000081e+02 2.968529411760000016e+02
2.626428571430000147e+02 2.965714285710000127e+02
3.662333333330000187e+02 2.961666666670000154e+02
4.285000000000000000e+02 2.960000000000000000e+02
2.528571428600000104e+01 2.971428571430000147e+02
4.960000000000000000e+02 2.975000000000000000e+02
2.100882352939999862e+02 2.983823529410000219e+02
1.325000000000000000e+02 2.993947368419999862e+02
6.350000000000000000e+01 2.995000000000000000e+02
3.929210526319999985e+02 2.999210526319999985e+02
1.689545454549999874e+02 3.011363636359999987e+02
3.046499999999999773e+02 3.026499999999999773e+02
6.111111110999999596e+00 3.031666666670000154e+02
2.262142857139999990e+02 3.040000000000000000e+02
4.634473684210000215e+02 3.046578947369999923e+02
5.218684210530000200e+02 3.047105263160000277e+02
5.619166666669999586e+02 3.042500000000000000e+02
8.763333333299999595e+01 3.049666666670000268e+02
1.916578947369999923e+02 3.056578947369999923e+02
3.467272727270000132e+02 3.085909090910000145e+02
5.339117647059999854e+02 3.103823529410000219e+02
1.055476190480000014e+02 3.113095238099999733e+02
2.751999999999999886e+02 3.116000000000000227e+02
4.046818181819999722e+02 3.106818181819999722e+02
4.458846153850000178e+02 3.108846153850000178e+02
7.434210526299999344e+01 3.123421052630000077e+02
4.840384615379999786e+02 3.133461538459999929e+02
4.147307692310000107e+02 3.143461538459999929e+02
3.700000000000000000e+01 3.150000000000000000e+02
3.018846153850000178e+02 3.151153846149999822e+02
3.246538461540000071e+02 3.150384615379999786e+02
5.530000000000000000e+02 3.155000000000000000e+02
5.414285714300000052e+01 3.162857142859999726e+02
1.479545454549999874e+02 3.163636363640000013e+02
1.876176470590000065e+02 3.180882352940000146e+02
2.073181818179999993e+02 3.184090909089999855e+02
3.782368421049999938e+02 3.181315789469999800e+02
2.556999999999999886e+02 3.193000000000000114e+02
5.071000000000000227e+02 3.218500000000000227e+02
2.328947368400000073e+01 3.221315789469999800e+02
1.727777777780000008e+02 3.226111111110000138e+02
3.646176470589999781e+02 3.219117647059999854e+02
4.547307692310000107e+02 3.221153846149999822e+02
4.752857142859999726e+02 3.218571428569999853e+02
1.142647058820000012e+02 3.237352941180000130e+02
2.200000000000000000e+02 3.227857142859999726e+02
2.406578947369999923e+02 3.246578947369999923e+02
3.364090909089999855e+02 3.244090909089999855e+02
4.320000000000000000e+02 3.257857142859999726e+02
1.167647058800000082e+01 3.275588235289999943e+02
5.488461538499999648e+01 3.268846153850000178e+02
1.325500000000000114e+02 3.286000000000000227e+02
2.855000000000000000e+02 3.290000000000000000e+02
5.368846153849999610e+02 3.288846153850000178e+02
9.976666666699999553e+01 3.308333333329999846e+02
4.915000000000000000e+02 3.320000000000000000e+02
4.268181818200000066e+01 3.333181818180000278e+02
2.341111111110000138e+02 3.337222222220000276e+02
5.652500000000000000e+02 3.335500000000000114e+02
3.089499999999999886e+02 3.343999999999999773e+02
3.981000000000000227e+02 3.338999999999999773e+02
4.214499999999999886e+02 3.341999999999999886e+02
7.261764705900000649e+01 3.350882352940000146e+02
2.041153846150000106e+02 3.351153846149999822e+02
2.613421052630000077e+02 3.353421052630000077e+02
5.221153846150000390e+02 3.348846153850000178e+02
5.000000000000000000e-01 3.360000000000000000e+02
1.538125000000000000e+02 3.376250000000000000e+02
4.707222222220000276e+02 3.380000000000000000e+02
5.121923076919999858e+02 3.385769230770000036e+02
4.480000000000000000e+02 3.390000000000000000e+02
3.840000000000000000e+02 3.400000000000000000e+02
1.750000000000000000e+01 3.406538461540000071e+02
3.430454545449999841e+02 3.411363636359999987e+02
5.700000000000000000e+01 3.457857142859999726e+02
1.095454545449999983e+02 3.462272727270000132e+02
1.326052631580000138e+02 3.459210526319999985e+02
1.816578947369999923e+02 3.475526315789999785e+02
5.012777777779999724e+02 3.468333333329999846e+02
5.386000000000000227e+02 3.473999999999999773e+02
2.156500000000000057e+02 3.490500000000000114e+02
4.807857142859999726e+02 3.480000000000000000e+02
3.183333333299999879e+01 3.487500000000000000e+02
3.601153846149999822e+02 3.491153846149999822e+02
5.764333333329999505e+02 3.493666666670000041e+02
8.633333333299999879e+01 3.507777777779999724e+02
3.027307692310000107e+02 3.497307692310000107e+02
3.202222222220000276e+02 3.506666666670000154e+02
1.968846153849999894e+02 3.517307692310000107e+02
3.960000000000000000e+02 3.517857142859999726e+02
4.340217391300000145e+02 3.528913043480000056e+02
5.212999999999999545e+02 3.515000000000000000e+02
5.587222222220000276e+02 3.518888888889999862e+02
1.738846153849999894e+02 3.537307692310000107e+02
2.496052631580000138e+02 3.540789473680000015e+02
2.873333333329999846e+02 3.550000000000000000e+02
3.573000000000000114e+02 3.554200000000000159e+02
4.135000000000000000e+02 3.536999999999999886e+02
4.478333333329999846e+02 3.553666666670000041e+02
7.459999999999999432e+01 3.578000000000000114e+02
1.581428571429999863e+02 3.571428571430000147e+02
1.065909090910000003e+02 3.584090909089999855e+02
3.791111111110000138e+02 3.585000000000000000e+02
2.700000000000000000e+02 3.602142857140000274e+02
2.360000000000000000e+02 3.622777777779999724e+02
4.940789473680000015e+02 3.636052631580000138e+02
1.397857142860000010e+02 3.640000000000000000e+02
3.334333333330000073e+02 3.651000000000000227e+02
6.891304348000000246e+00 3.663695652170000017e+02
4.721428571399999896e+01 3.660000000000000000e+02
3.726176470589999781e+02 3.659117647059999854e+02
5.158999999999999773e+02 3.661000000000000227e+02
1.240000000000000000e+02 3.682142857140000274e+02
1.946250000000000000e+02 3.681875000000000000e+02
2.171153846150000106e+02 3.677307692310000107e+02
4.688999999999999773e+02 3.678999999999999773e+02
6.245000000000000284e+01 3.713999999999999773e+02
4.040000000000000000e+02 3.715000000000000000e+02
1.669210526319999985e+02 3.726052631580000138e+02
2.922142857140000274e+02 3.730000000000000000e+02
5.412894736839999723e+02 3.735000000000000000e+02
5.576000000000000227e+02 3.734499999999999886e+02
8.088461538500000358e+01 3.738846153850000178e+02
2.540882352939999862e+02 3.763823529410000219e+02
1.130000000000000000e+02 3.777222222220000276e+02
4.272368421049999938e+02 3.778684210530000200e+02
2.950000000000000000e+01 3.782500000000000000e+02
1.562777777780000008e+02 3.785555555560000016e+02
2.766428571430000147e+02 3.783095238099999733e+02
3.561153846149999822e+02 3.781153846149999822e+02
4.885000000000000000e+02 3.800000000000000000e+02
5.061000000000000227e+02 3.801000000000000227e+02
1.320000000000000000e+02 3.810000000000000000e+02
4.531250000000000000e+02 3.812500000000000000e+02
3.165000000000000000e+02 3.825000000000000000e+02
3.841000000000000227e+02 3.828999999999999773e+02
4.063750000000000000e+02 3.838333333329999846e+02
2.447500000000000000e+02 3.840625000000000000e+02
2.284499999999999886e+02 3.856000000000000227e+02
2.911999999999999886e+02 3.853500000000000227e+02
4.168333333329999846e+02 3.847500000000000000e+02
1.993000000000000114e+02 3.855000000000000000e+02
2.661923076919999858e+02 3.864230769229999964e+02
3.373750000000000000e+02 3.861250000000000000e+02
4.674090909089999855e+02 3.874090909089999855e+02
5.307142857139999705e+02 3.868571428569999853e+02
1.603888888889999862e+02 3.878333333329999846e+02
9.350000000000000000e+01 3.890000000000000000e+02
5.475000000000000000e+02 3.891666666670000154e+02
6.888461538500000358e+01 3.918846153850000178e+02
4.950000000000000000e+01 3.931315789469999800e+02
3.750000000000000000e+02 3.940000000000000000e+02
4.447105263160000277e+02 3.941315789469999800e+02
5.646176470589999781e+02 3.950882352940000146e+02
1.304545454500000012e+01 3.958636363640000013e+02
1.101153846149999964e+02 3.958846153850000178e+02
1.520000000000000000e+02 3.962777777779999724e+02
2.710000000000000142e+01 3.968999999999999773e+02
1.821153846150000106e+02 3.968846153850000178e+02
4.155000000000000000e+02 3.971666666670000154e+02
3.175000000000000000e+02 3.980000000000000000e+02
3.907222222220000276e+02 3.990000000000000000e+02
3.498999999999999773e+02 4.004599999999999795e+02
4.857727272729999868e+02 4.020000000000000000e+02
4.986999999999999886e+02 4.015000000000000000e+02
5.158571428569999853e+02 4.022857142859999726e+02
2.251153846150000106e+02 4.032692307689999893e+02
2.554000000000000057e+02 4.035500000000000114e+02
6.400000000000000000e+01 4.055000000000000000e+02
1.325000000000000000e+02 4.061499999999999773e+02
4.636428571430000147e+02 4.053095238099999733e+02
1.937857142860000010e+02 4.074285714289999873e+02
2.909285714289999873e+02 4.077142857140000274e+02
1.520000000000000000e+02 4.092142857140000274e+02
1.705909090909999861e+02 4.091363636359999987e+02
3.356000000000000227e+02 4.091999999999999886e+02
3.672777777779999724e+02 4.091111111110000138e+02
8.209999999999999432e+01 4.101000000000000227e+02
2.036304347829999983e+02 4.127173913039999888e+02
2.655625000000000000e+02 4.122500000000000000e+02
3.008999999999999773e+02 4.118999999999999773e+02
5.017941176470000073e+02 4.123823529410000219e+02
1.261764705899999939e+01 4.130882352940000146e+02
5.467500000000000000e+02 4.131666666670000154e+02
4.271052631599999927e+01 4.152368421049999938e+02
4.306428571430000147e+02 4.155714285710000127e+02
1.389545454549999874e+02 4.161363636359999987e+02
3.817857142859999726e+02 4.159285714289999873e+02
4.511190476190000140e+02 4.175000000000000000e+02
2.550000000000000000e+01 4.177857142859999726e+02
9.773809523799999965e+01 4.184047619049999867e+02
5.305588235290000512e+02 4.182647058819999870e+02
2.485000000000000000e+02 4.190714285710000127e+02
4.146111111110000138e+02 4.200555555560000016e+02
8.225000000000000000e+01 4.208750000000000000e+02
2.321470588239999984e+02 4.210294117650000203e+02
2.856250000000000000e+02 4.223750000000000000e+02
3.560000000000000000e+02 4.223000000000000114e+02
4.015000000000000000e+02 4.231190476190000140e+02
6.106000000000000227e+01 4.261000000000000227e+02
3.204047619049999867e+02 4.261666666670000154e+02
3.353181818180000278e+02 4.246818181819999722e+02
4.742777777779999724e+02 4.250000000000000000e+02
1.159210526319999985e+02 4.266052631580000138e+02
2.690555555560000016e+02 4.258333333329999846e+02
4.893333333329999846e+02 4.260000000000000000e+02
1.811666666669999870e+02 4.263888888889999862e+02
1.983750000000000000e+02 4.263750000000000000e+02
1.644000000000000057e+02 4.289499999999999886e+02
5.255000000000000000e+02 4.284444444439999984e+02
2.229545454549999874e+02 4.301363636359999987e+02
5.485000000000000000e+02 4.310714285710000127e+02
9.500000000000000000e+00 4.322142857140000274e+02
5.634333333329999505e+02 4.321000000000000227e+02
3.386111111110000138e+02 4.333888888889999862e+02
1.002500000000000000e+02 4.344499999999999886e+02
3.870000000000000000e+02 4.340000000000000000e+02
3.725909090910000145e+02 4.351363636359999987e+02
2.179166666669999870e+02 4.363333333329999846e+02
3.900000000000000000e+01 4.372777777779999724e+02
2.843421052630000077e+02 4.374473684210000215e+02
3.611923076919999858e+02 4.375769230770000036e+02
5.072692307689999893e+02 4.367307692310000107e+02
2.055952380950000133e+02 4.389285714289999873e+02
4.204090909089999855e+02 4.381363636359999987e+02
3.232599999999999909e+02 4.406999999999999886e+02
4.536250000000000000e+02 4.396250000000000000e+02
2.668846153850000178e+02 4.412692307689999893e+02
2.296818181820000007e+02 4.416818181819999722e+02
1.430999999999999943e+02 4.428999999999999773e+02
4.293500000000000227e+02 4.438000000000000114e+02
4.644090909089999855e+02 4.434090909089999855e+02
5.335555555559999448e+02 4.435000000000000000e+02
5.150000000000000000e+01 4.460000000000000000e+02
7.294444444399999838e+01 4.453888888889999862e+02
1.260789473680000015e+02 4.453947368419999862e+02
2.606250000000000000e+01 4.472500000000000000e+02
2.425000000000000000e+02 4.470000000000000000e+02
4.847777777779999724e+02 4.473333333329999846e+02
5.555000000000000000e+02 4.485000000000000000e+02
1.852222222219999992e+02 4.496111111110000138e+02
3.000454545449999841e+02 4.501363636359999987e+02
1.613181818179999993e+02 4.513181818180000278e+02
4.513500000000000227e+02 4.527500000000000000e+02
4.085588235289999943e+02 4.541470588239999984e+02
3.915000000000000000e+02 4.555000000000000000e+02
2.023421052630000077e+02 4.566578947369999923e+02
4.728809523809999860e+02 4.562142857140000274e+02
8.536666666700000405e+01 4.575000000000000000e+02
4.263823529410000219e+02 4.567941176470000073e+02
4.900000000000000000e+02 4.577857142859999726e+02
2.147142857139999990e+02 4.591428571430000147e+02
2.428529411760000016e+02 4.587941176470000073e+02
3.381428571430000147e+02 4.592857142859999726e+02
3.548571428569999853e+02 4.592857142859999726e+02
5.368684210530000200e+02 4.594473684210000215e+02
7.450000000000000000e+01 4.600000000000000000e+02
1.107500000000000000e+02 4.599166666670000154e+02
2.640714285710000127e+02 4.604285714289999873e+02
5.184444444440000552e+02 4.602777777779999724e+02
1.376818181820000007e+02 4.606818181819999722e+02
3.057142857140000274e+02 4.608571428569999853e+02
3.675000000000000000e+02 4.615000000000000000e+02
1.785909090909999861e+02 4.631363636359999987e+02
5.638999999999999773e+02 4.638999999999999773e+02
1.471875000000000000e+02 4.673750000000000000e+02
2.882142857140000274e+02 4.670000000000000000e+02
3.631818181799999934e+01 4.684090909089999855e+02
1.016666666699999944e+01 4.692500000000000000e+02
1.652777777780000008e+02 4.690000000000000000e+02
3.350789473680000015e+02 4.716052631580000138e+02
5.323823529410000219e+02 4.735000000000000000e+02
2.220000000000000000e+02 4.740000000000000000e+02
4.059615384620000214e+02 4.743461538459999929e+02
5.560000000000000000e+02 4.751923076919999858e+02
5.778571428600000104e+01 4.750000000000000000e+02
4.345833333329999846e+02 4.756666666670000154e+02
5.091363636359999987e+02 4.750454545449999841e+02
9.612500000000000000e+01 4.767500000000000000e+02
4.567222222220000276e+02 4.760000000000000000e+02
4.906250000000000000e+02 4.777500000000000000e+02
1.225000000000000000e+02 4.788529411760000016e+02
2.642222222220000276e+02 4.783888888889999862e+02
3.930882352940000146e+02 4.787941176470000073e+02
4.205000000000000000e+02 4.767500000000000000e+02
3.738999999999999773e+02 4.801000000000000227e+02
1.905000000000000000e+02 4.820000000000000000e+02
2.375769230770000036e+02 4.836538461540000071e+02
2.852857142859999726e+02 4.832857142859999726e+02
3.517857142859999726e+02 4.825000000000000000e+02
4.751000000000000227e+02 4.838999999999999773e+02
7.750000000000000000e+01 4.851470588239999984e+02
5.721250000000000000e+02 4.852500000000000000e+02
1.800000000000000000e+01 4.859444444439999984e+02
3.128750000000000000e+02 4.862500000000000000e+02
3.353571428569999853e+02 4.865714285710000127e+02
3.671428571399999896e+01 4.868571428569999853e+02
1.753461538459999929e+02 4.870384615379999786e+02
1.390000000000000000e+02 4.882142857140000274e+02
2.118076923079999858e+02 4.894230769229999964e+02
5.577272727300000099e+01 4.902272727270000132e+02
1.068846153850000036e+02 4.898846153850000178e+02
5.436538461540000071e+02 4.899615384620000214e+02
4.035000000000000000e+02 4.920000000000000000e+02
3.886578947369999923e+02 4.936578947369999923e+02
3.652368421049999938e+02 4.954473684210000215e+02
4.980000000000000000e+02 4.937857142859999726e+02
5.297000000000000455e+02 4.935000000000000000e+02
1.595000000000000000e+02 4.945000000000000000e+02
4.256428571430000147e+02 4.954285714289999873e+02
2.506176470590000065e+02 4.962058823529999927e+02
2.636333333329999959e+02 4.960333333329999732e+02
3.542500000000000000e+02 4.961666666670000154e+02
9.975000000000000000e+01 4.974499999999999886e+02
4.472142857140000274e+02 4.970000000000000000e+02
5.151666666669999586e+02 4.972500000000000000e+02
2.291153846150000106e+02 4.977307692310000107e+02
3.053000000000000114e+02 4.975000000000000000e+02
8.108823529400000041e+01 5.006176470589999781e+02
1.280000000000000000e+02 5.000000000000000000e+02
6.382352940999999724e+00 5.020882352940000146e+02
4.678999999999999773e+02 5.021000000000000227e+02
4.814444444439999984e+02 5.032777777779999724e+02
4.388846153850000178e+02 5.038846153850000178e+02
1.613333333330000130e+02 5.050000000000000000e+02
3.396363636359999987e+02 5.070454545449999841e+02
3.920000000000000000e+02 5.065000000000000000e+02
1.935000000000000000e+02 5.070000000000000000e+02
2.865909090910000145e+02 5.081363636359999987e+02
4.957500000000000000e+02 5.085500000000000114e+02
3.240909090899999967e+01 5.086818181819999722e+02
5.703999999999999773e+02 5.094499999999999886e+02
3.180000000000000000e+02 5.097857142859999726e+02
5.300000000000000000e+02 5.100000000000000000e+02
1.120000000000000000e+02 5.110000000000000000e+02
5.437307692309999538e+02 5.124230769230000533e+02
2.123000000000000114e+02 5.125000000000000000e+02
2.089999999999999858e+01 5.138999999999999773e+02
5.964999999999999858e+01 5.143500000000000227e+02
1.415000000000000000e+02 5.141190476189999572e+02
4.200384615379999786e+02 5.143461538459999929e+02
3.007631578950000062e+02 5.162894736839999723e+02
4.691428571430000147e+02 5.187142857139999705e+02
2.471666666669999870e+02 5.192500000000000000e+02
3.698333333329999846e+02 5.187500000000000000e+02
1.842500000000000000e+02 5.198750000000000000e+02
2.377777777780000008e+02 5.213888888889999862e+02
3.450000000000000000e+01 5.231470588240000552e+02
5.637999999999999545e+02 5.236000000000000227e+02
8.240000000000000568e+01 5.245499999999999545e+02
1.048913043480000056e+02 5.242826086960000112e+02
4.305000000000000000e+02 5.241315789469999800e+02
5.262368421050000507e+02 5.242894736839999723e+02
2.041153846150000106e+02 5.251153846150000390e+02
4.116176470589999781e+02 5.250882352940000146e+02
5.499666666670000268e+02 5.253666666670000041e+02
6.561764705900000649e+01 5.260882352940000146e+02
3.493571428569999853e+02 5.265000000000000000e+02
2.695000000000000000e+02 5.275000000000000000e+02
3.390000000000000000e+02 5.270000000000000000e+02
1.535000000000000000e+02 5.290000000000000000e+02
4.535500000000000114e+02 5.293999999999999773e+02
4.845000000000000000e+02 5.292333333330000187e+02
2.778846153850000178e+02 5.302692307690000462e+02
3.793666666670000041e+02 5.339666666670000268e+02
3.871666666670000154e+02 5.340555555559999448e+02
5.031363636359999987e+02 5.335909090909999577e+02
1.964285714300000052e+01 5.361190476189999572e+02
1.781315789470000084e+02 5.355000000000000000e+02
1.370000000000000000e+02 5.365000000000000000e+02
2.160882352939999862e+02 5.366176470589999781e+02
2.491153846150000106e+02 5.381153846150000390e+02
3.175434782610000184e+02 5.401086956520000513e+02
8.387500000000000000e+01 5.409375000000000000e+02
2.994166666670000154e+02 5.401666666669999586e+02
3.652647058819999870e+02 5.425000000000000000e+02
5.133666666670000041e+02 5.419666666670000268e+02
4.486363636400000132e+01 5.430454545449999841e+02
1.171315789469999942e+02 5.432894736839999723e+02
2.693888888889999862e+02 5.437777777779999724e+02
4.368846153850000178e+02 5.431153846150000390e+02
4.542500000000000000e+02 5.447500000000000000e+02
2.387500000000000000e+02 5.454375000000000000e+02
5.320000000000000000e+02 5.455000000000000000e+02
2.190000000000000000e+02 5.455000000000000000e+02
4.138846153850000178e+02 5.458846153849999610e+02
1.926333333329999959e+02 5.470333333329999732e+02
3.500000000000000000e+02 5.475000000000000000e+02
1.863333333299999950e+01 5.480333333329999732e+02
6.600000000000000000e+01 5.477857142860000295e+02
1.285000000000000000e+02 5.487916666669999586e+02
4.993666666670000041e+02 5.490333333329999732e+02
2.883750000000000000e+02 5.514375000000000000e+02
3.912142857140000274e+02 5.510714285709999558e+02
5.565000000000000000e+02 5.510000000000000000e+02
1.703666666670000041e+02 5.540333333329999732e+02
1.490000000000000000e+02 5.545000000000000000e+02
3.080000000000000000e+02 5.555000000000000000e+02
3.225000000000000000e+02 5.555000000000000000e+02
4.495000000000000000e+02 5.555000000000000000e+02
