3.714285713999999849e+00 1.714285714000000072e+00
3.060000000000000142e+01 2.799999999999999822e+00
1.760833333330000130e+02 1.333333332999999898e+00
2.202142857139999990e+02 9.285714290000000037e-01
2.750000000000000000e+02 8.333333330000000094e-01
3.103333333329999846e+02 8.333333330000000094e-01
3.505000000000000000e+02 1.346153845999999987e+00
4.096764705879999724e+02 2.676470587999999928e+00
4.625000000000000000e+02 1.000000000000000000e+00
5.560000000000000000e+02 8.333333330000000094e-01
4.810000000000000000e+02 3.000000000000000000e+00
5.181875000000000000e+02 3.437500000000000000e+00
1.935000000000000000e+02 4.000000000000000000e+00
2.578529411760000016e+02 4.500000000000000000e+00
7.150000000000000000e+01 4.500000000000000000e+00
3.702222222220000276e+02 5.611111110999999596e+00
5.025000000000000000e+02 6.500000000000000000e+00
1.340882352939999862e+02 7.382352940999999724e+00
5.806578947369999923e+02 7.657894737000000340e+00
2.095000000000000000e+02 8.147058824000000143e+00
4.441000000000000227e+02 8.099999999999999645e+00
3.281666666670000154e+02 9.833333333000000565e+00
1.105000000000000000e+02 1.150000000000000000e+01
4.518000000000000114e+02 1.069999999999999929e+01
3.515000000000000000e+02 1.500000000000000000e+01
4.205526315789999785e+02 1.481578947400000068e+01
1.615000000000000000e+02 1.585294117599999986e+01
2.981190476190000140e+02 1.550000000000000000e+01
5.000000000000000000e-01 1.500000000000000000e+01
9.050000000000000000e+01 1.685294117600000163e+01
2.388888888889999862e+02 1.672222222199999919e+01
3.881363636359999987e+02 1.595454545499999988e+01
5.416538461540000071e+02 1.603846153799999996e+01
5.708823529400000041e+01 1.773529411799999878e+01
1.762142857139999990e+02 1.700000000000000000e+01
4.741250000000000000e+02 1.706250000000000000e+01
7.600000000000000000e+01 1.877272727300000099e+01
1.218684210530000058e+02 1.871052631599999927e+01
3.234444444439999984e+02 1.872222222199999919e+01
3.758157894739999847e+02 1.876315789499999909e+01
1.961764705899999939e+01 2.008823529400000041e+01
2.845000000000000000e+02 2.100000000000000000e+01
5.093666666670000041e+02 2.103333333300000163e+01
5.562222222220000276e+02 2.161111111099999960e+01
3.923181818180000278e+02 2.222727272699999901e+01
4.077857142859999726e+02 2.464285714300000052e+01
4.875000000000000000e+02 2.500000000000000000e+01
1.442857142860000010e+02 2.614285714300000052e+01
2.001153846150000106e+02 2.588461538500000003e+01
2.681153846149999822e+02 2.588461538500000003e+01
2.550833333330000130e+02 2.725000000000000000e+01
5.756176470589999781e+02 2.691176470599999959e+01
3.098571428569999853e+02 2.871428571399999896e+01
3.650000000000000000e+01 2.930000000000000071e+01
1.050000000000000000e+02 3.121428571399999896e+01
2.127500000000000000e+02 3.083333333299999879e+01
4.240000000000000000e+02 3.100000000000000000e+01
4.475000000000000000e+02 3.200000000000000000e+01
5.240882352940000146e+02 3.161764705899999939e+01
5.332333333330000187e+02 3.130000000000000071e+01
3.598846153850000178e+02 3.188461538500000003e+01
5.071315789469999800e+02 3.228947368400000073e+01
3.363750000000000000e+02 3.318750000000000000e+01
5.850000000000000000e+02 3.372222222199999919e+01
5.500000000000000000e+00 3.450000000000000000e+01
8.300000000000000000e+01 3.450000000000000000e+01
1.778529411760000016e+02 3.402941176499999898e+01
2.407142857139999990e+02 3.542857142900000156e+01
2.963235294120000276e+02 3.767647058800000082e+01
3.828846153850000178e+02 3.688461538499999648e+01
4.060000000000000000e+02 3.700000000000000000e+01
5.985714285699999948e+01 3.871428571399999896e+01
5.547142857139999705e+02 3.785714285699999948e+01
1.653666666670000041e+02 4.003333333300000163e+01
2.885714285699999948e+01 4.064285714300000052e+01
4.728529411760000016e+02 4.150000000000000000e+01
5.763666666670000041e+02 4.103333333300000163e+01
4.514705882399999837e+01 4.250000000000000000e+01
1.155000000000000000e+02 4.383333333299999879e+01
2.297500000000000000e+02 4.500000000000000000e+01
2.710882352940000146e+02 4.438235294100000061e+01
4.175000000000000000e+02 4.471052631599999927e+01
2.054000000000000057e+02 4.654999999999999716e+01
3.530000000000000000e+02 4.650000000000000000e+01
4.910000000000000000e+02 4.600000000000000000e+01
3.317500000000000000e+02 5.016666666700000121e+01
3.685000000000000000e+02 5.000000000000000000e+01
5.400000000000000000e+02 5.050000000000000000e+01
1.027000000000000028e+02 5.150000000000000000e+01
3.851000000000000227e+02 5.189999999999999858e+01
6.659999999999999432e+01 5.345000000000000284e+01
1.414499999999999886e+02 5.379999999999999716e+01
3.078846153850000178e+02 5.288461538499999648e+01
4.643888888889999862e+02 5.377777777800000081e+01
5.056818181819999722e+02 5.331818181799999934e+01
1.862272727270000132e+02 5.500000000000000000e+01
4.415000000000000000e+02 5.400000000000000000e+01
7.657894737000000340e+00 5.565789473699999945e+01
1.202999999999999972e+02 5.450000000000000000e+01
3.767105263160000277e+02 5.550000000000000000e+01
2.586111111110000138e+02 5.622222222199999919e+01
8.876666666699999553e+01 5.783333333299999879e+01
1.620000000000000000e+02 5.700000000000000000e+01
5.856818181820000291e+02 5.731818181799999934e+01
2.808750000000000000e+02 5.925000000000000000e+01
5.536363636360000555e+02 5.981818181799999934e+01
3.395000000000000000e+02 6.100000000000000000e+01
5.612222222220000276e+02 6.161111111099999960e+01
4.755833333329999846e+02 6.416666666700000121e+01
5.270000000000000000e+02 6.421428571399999896e+01
1.928571428600000104e+01 6.514285714300000052e+01
2.166176470590000065e+02 6.508823529400000041e+01
4.446999999999999886e+02 6.500000000000000000e+01
2.682142857140000274e+02 6.635714285699999948e+01
3.180000000000000000e+02 6.600000000000000000e+01
2.415588235289999943e+02 6.826470588200000122e+01
4.001315789469999800e+02 6.860526315799999963e+01
4.657857142859999726e+02 6.800000000000000000e+01
7.009999999999999432e+01 6.943333333299999310e+01
2.960000000000000000e+02 6.900000000000000000e+01
4.257857142859999726e+02 6.900000000000000000e+01
4.465789473699999945e+01 7.134210526299999344e+01
1.419615384619999929e+02 7.065384615399999291e+01
6.444444444000000161e+00 7.250000000000000000e+01
3.492777777779999724e+02 7.188888888900000040e+01
4.918999999999999773e+02 7.209999999999999432e+01
5.720000000000000000e+02 7.221428571399999896e+01
1.925000000000000000e+02 7.314705882399999837e+01
4.170000000000000000e+02 7.350000000000000000e+01
1.061363636359999987e+02 7.459090909100000033e+01
5.291250000000000000e+02 7.575000000000000000e+01
2.730000000000000000e+02 7.627777777800000081e+01
6.126470588200000122e+01 7.826470588200000122e+01
3.092105263199999854e+01 7.960526315799999963e+01
9.700000000000000000e+01 7.972222222199999919e+01
2.260999999999999943e+02 7.890000000000000568e+01
5.100000000000000000e+02 7.921428571399999896e+01
5.490000000000000000e+02 7.900000000000000000e+01
1.321153846150000106e+02 7.988461538500000358e+01
1.526875000000000000e+02 8.062500000000000000e+01
1.783095238100000017e+02 8.035714285699999948e+01
3.661800000000000068e+02 8.126000000000000512e+01
2.333000000000000114e+02 8.290000000000000568e+01
3.243666666670000041e+02 8.396666666699999837e+01
3.900000000000000000e+02 8.450000000000000000e+01
2.027105263159999993e+02 8.686842105300000583e+01
2.605000000000000000e+02 8.700000000000000000e+01
4.825000000000000000e+02 8.614705882399999837e+01
4.518846153850000178e+02 8.688461538500000358e+01
4.640714285710000127e+02 8.850000000000000000e+01
1.280000000000000000e+02 8.950000000000000000e+01
4.966999999999999886e+02 8.929999999999999716e+01
4.066250000000000000e+02 9.056250000000000000e+01
7.100000000000000000e+01 9.050000000000000000e+01
3.070000000000000000e+02 9.100000000000000000e+01
4.346578947369999923e+02 9.234210526299999344e+01
5.625000000000000000e+01 9.316666666700000121e+01
3.662500000000000000e+01 9.418750000000000000e+01
1.754230769229999964e+02 9.380769230800000003e+01
5.280000000000000000e+02 9.400000000000000000e+01
1.107857142860000010e+02 9.500000000000000000e+01
5.647105263160000277e+02 9.586842105300000583e+01
1.913750000000000000e+02 9.668750000000000000e+01
2.288529411760000016e+02 9.650000000000000000e+01
3.241000000000000227e+02 9.609999999999999432e+01
5.860000000000000000e+02 9.627777777800000081e+01
8.667647058800000082e+01 9.767647058800000082e+01
2.470000000000000000e+02 9.750000000000000000e+01
2.922894736839999723e+02 9.813157894699999417e+01
3.831250000000000000e+02 1.001250000000000000e+02
4.862222222220000276e+02 9.961111111099999960e+01
4.062500000000000000e+00 1.007500000000000000e+02
2.681000000000000227e+02 1.005666666670000069e+02
3.400882352940000146e+02 1.013823529409999935e+02
1.409615384619999929e+02 1.023461538460000071e+02
7.018000000000000682e+01 1.051400000000000006e+02
1.030000000000000000e+02 1.060000000000000000e+02
5.459090909090000423e+02 1.068181818179999993e+02
2.838235294100000061e+01 1.069117647059999996e+02
1.233181818179999993e+02 1.073181818179999993e+02
4.286333333329999959e+02 1.080333333330000016e+02
4.525000000000000000e+02 1.080000000000000000e+02
4.740000000000000000e+02 1.090000000000000000e+02
3.695000000000000000e+02 1.105000000000000000e+02
2.827105263160000277e+02 1.115000000000000000e+02
5.124473684209999647e+02 1.112894736840000007e+02
5.349285714290000442e+02 1.115000000000000000e+02
1.609615384619999929e+02 1.116538461539999929e+02
1.993461538459999929e+02 1.119615384619999929e+02
2.383750000000000000e+02 1.123750000000000000e+02
3.079117647059999854e+02 1.133823529409999935e+02
4.416250000000000000e+02 1.126250000000000000e+02
5.636818181820000291e+02 1.139545454550000017e+02
3.985526315789999785e+02 1.153421052629999934e+02
1.908846153849999894e+02 1.158846153850000036e+02
5.818846153849999610e+02 1.168846153850000036e+02
3.330000000000000000e+02 1.175000000000000000e+02
5.000000000000000000e+01 1.190000000000000000e+02
2.253823529409999935e+02 1.190882352940000004e+02
2.585000000000000000e+02 1.195000000000000000e+02
1.490000000000000036e+01 1.200999999999999943e+02
1.478333333330000130e+02 1.208333333329999988e+02
3.503999999999999773e+02 1.204500000000000028e+02
5.498846153849999610e+02 1.201153846149999964e+02
1.613888888889999862e+02 1.219444444439999984e+02
3.200000000000000000e+02 1.225000000000000000e+02
4.944545454550000159e+02 1.237727272730000010e+02
5.168684210530000200e+02 1.247105263159999993e+02
2.350882352939999862e+02 1.266176470590000065e+02
8.850000000000000000e+01 1.283000000000000114e+02
5.672999999999999545e+02 1.275000000000000000e+02
3.788999999999999773e+02 1.290999999999999943e+02
4.160000000000000000e+02 1.295000000000000000e+02
1.087727272730000010e+02 1.310000000000000000e+02
2.927500000000000000e+02 1.308750000000000000e+02
1.205000000000000000e+02 1.320000000000000000e+02
2.035000000000000000e+02 1.322894736840000007e+02
3.847941176470000073e+02 1.326176470590000065e+02
4.768846153850000178e+02 1.331153846150000106e+02
2.918750000000000000e+01 1.343750000000000000e+02
6.811538461499999642e+01 1.341153846150000106e+02
1.380333333330000016e+02 1.346333333329999959e+02
3.281666666670000154e+02 1.345000000000000000e+02
4.638333333329999846e+02 1.342500000000000000e+02
2.748846153850000178e+02 1.348846153849999894e+02
4.411000000000000227e+02 1.349000000000000057e+02
4.400000000000000355e+00 1.364499999999999886e+02
1.796538461540000071e+02 1.370384615380000071e+02
5.838333333330000414e+02 1.367500000000000000e+02
1.600000000000000000e+01 1.392142857139999990e+02
2.499000000000000057e+02 1.389000000000000057e+02
3.060882352940000146e+02 1.393823529409999935e+02
1.607689075629999991e+02 1.469705882350000081e+02
4.042777777779999724e+02 1.410000000000000000e+02
4.251666666670000154e+02 1.422500000000000000e+02
5.047666666669999813e+02 1.438333333330000130e+02
5.371000000000000227e+02 1.430999999999999943e+02
5.605000000000000000e+02 1.445000000000000000e+02
1.897857142860000010e+02 1.450000000000000000e+02
5.188529411759999448e+02 1.456764705880000008e+02
3.314090909089999855e+02 1.465909090909999861e+02
3.555000000000000000e+02 1.467105263159999993e+02
4.700555555560000016e+02 1.490000000000000000e+02
4.192105263199999854e+01 1.496052631580000138e+02
8.350000000000000000e+01 1.495000000000000000e+02
2.466578947369999923e+02 1.491315789470000084e+02
3.931315789469999800e+02 1.497105263159999993e+02
2.150999999999999943e+02 1.500999999999999943e+02
2.216904761899999983e+02 1.505476190480000014e+02
4.538571428569999853e+02 1.502857142860000010e+02
2.088235293999999964e+00 1.516176470590000065e+02
1.391250000000000000e+02 1.515000000000000000e+02
2.810000000000000000e+02 1.515000000000000000e+02
5.825000000000000000e+01 1.532500000000000000e+02
1.170000000000000000e+02 1.530000000000000000e+02
3.015909090910000145e+02 1.534090909090000139e+02
3.522500000000000000e+02 1.538333333330000130e+02
5.381428571430000147e+02 1.547142857139999990e+02
9.565789473700000656e+01 1.563421052630000077e+02
1.866428571429999863e+02 1.563095238100000017e+02
2.585000000000000000e+02 1.565000000000000000e+02
5.635399999999999636e+02 1.569000000000000057e+02
2.135000000000000000e+02 1.586999999999999886e+02
2.175000000000000000e+01 1.606500000000000057e+02
2.682500000000000000e+02 1.598750000000000000e+02
3.733461538459999929e+02 1.600384615380000071e+02
4.914090909089999855e+02 1.604090909090000139e+02
4.388846153850000178e+02 1.621153846150000106e+02
2.846250000000000000e+02 1.636250000000000000e+02
3.182142857140000274e+02 1.640000000000000000e+02
4.277173913039999888e+02 1.655869565220000084e+02
4.005000000000000000e+02 1.655000000000000000e+02
3.800000000000000000e+01 1.665000000000000000e+02
1.210000000000000000e+02 1.672142857139999990e+02
5.146578947369999923e+02 1.686578947369999923e+02
5.886842105299999872e+01 1.697105263159999993e+02
9.097619047599999931e+01 1.701190476190000140e+02
1.531153846150000106e+02 1.692692307689999893e+02
2.476250000000000000e+02 1.698333333330000130e+02
5.783421052630000077e+02 1.693421052630000077e+02
9.500000000000000000e+00 1.705000000000000000e+02
7.932352941199999918e+01 1.703823529409999935e+02
3.743421052630000077e+02 1.706578947369999923e+02
4.580000000000000000e+02 1.705000000000000000e+02
4.716578947369999923e+02 1.723421052630000077e+02
1.955999999999999943e+02 1.735500000000000114e+02
3.896578947369999923e+02 1.731842105259999869e+02
5.415000000000000000e+02 1.735000000000000000e+02
2.830000000000000000e+02 1.745000000000000000e+02
5.546333333329999959e+02 1.740333333330000016e+02
3.397857142859999726e+02 1.750000000000000000e+02
3.000000000000000000e+00 1.770000000000000000e+02
1.405000000000000000e+02 1.775000000000000000e+02
4.448684210530000200e+02 1.787105263159999993e+02
5.032894736839999723e+02 1.785000000000000000e+02
1.658529411760000016e+02 1.790294117649999919e+02
4.041666666670000154e+02 1.792500000000000000e+02
4.500000000000000000e+01 1.807500000000000000e+02
3.610000000000000000e+02 1.815000000000000000e+02
2.166578947369999923e+02 1.823421052630000077e+02
4.625000000000000000e+02 1.816999999999999886e+02
5.195000000000000000e+02 1.821666666669999870e+02
5.670000000000000000e+02 1.837222222219999992e+02
1.840909090899999967e+01 1.838636363640000013e+02
1.841363636359999987e+02 1.835909090909999861e+02
2.957500000000000000e+02 1.870625000000000000e+02
3.195833333329999846e+02 1.871666666669999870e+02
1.126250000000000000e+02 1.884375000000000000e+02
2.632608695700000112e+01 1.905000000000000000e+02
5.507777777779999724e+02 1.906111111110000138e+02
1.011538461499999997e+01 1.908846153849999894e+02
2.496578947369999923e+02 1.916578947369999923e+02
3.517105263160000277e+02 1.915000000000000000e+02
4.278999999999999773e+02 1.909000000000000057e+02
4.849117647059999854e+02 1.913823529409999935e+02
7.990000000000000568e+01 1.920999999999999943e+02
2.695769230770000036e+02 1.918076923079999858e+02
2.887222222220000276e+02 1.920000000000000000e+02
4.965000000000000000e+02 1.940000000000000000e+02
5.341470588240000552e+02 1.955000000000000000e+02
3.980000000000000000e+02 1.960000000000000000e+02
1.009666666669999984e+02 1.973666666670000041e+02
1.209615384619999929e+02 1.973461538459999929e+02
1.359000000000000057e+02 1.969000000000000057e+02
3.700555555560000016e+02 1.973888888889999862e+02
5.400000000000000000e+01 1.987222222219999992e+02
2.078181818179999993e+02 1.984545454549999874e+02
4.420000000000000000e+02 1.990000000000000000e+02
4.563095238099999733e+02 1.993571428570000137e+02
8.750000000000000000e-01 2.005000000000000000e+02
1.679000000000000057e+02 2.020999999999999943e+02
1.879117647060000138e+02 2.019117647060000138e+02
3.315000000000000000e+02 2.045000000000000000e+02
7.878571428600000104e+01 2.050000000000000000e+02
2.228333333330000130e+02 2.045833333330000130e+02
2.346333333329999959e+02 2.049666666669999984e+02
1.860000000000000142e+01 2.069499999999999886e+02
4.018750000000000000e+01 2.066250000000000000e+02
1.560000000000000000e+02 2.057857142860000010e+02
3.140882352940000146e+02 2.063823529409999935e+02
4.125952380950000133e+02 2.066904761899999983e+02
2.901999999999999886e+02 2.074000000000000057e+02
2.487500000000000000e+02 2.089000000000000057e+02
4.280000000000000000e+02 2.077857142860000010e+02
5.190000000000000000e+02 2.082142857139999990e+02
5.665000000000000000e+02 2.091470588239999984e+02
3.842142857140000274e+02 2.105000000000000000e+02
4.813421052630000077e+02 2.133421052630000077e+02
5.305000000000000000e+02 2.135000000000000000e+02
3.863636363999999990e+00 2.135909090909999861e+02
1.110000000000000000e+02 2.140000000000000000e+02
1.330000000000000000e+02 2.140000000000000000e+02
2.689583333329999846e+02 2.152083333330000130e+02
3.403421052630000077e+02 2.143421052630000077e+02
4.560000000000000000e+02 2.142142857139999990e+02
5.517307692309999538e+02 2.135769230770000036e+02
6.738888888900000040e+01 2.148333333330000130e+02
2.530000000000000071e+01 2.186999999999999886e+02
2.245000000000000000e+02 2.179285714289999873e+02
2.810789473680000015e+02 2.226842105259999869e+02
5.826250000000000000e+02 2.188125000000000000e+02
9.891176470599999959e+01 2.196176470590000065e+02
2.079545454549999874e+02 2.188636363640000013e+02
3.646000000000000227e+02 2.199499999999999886e+02
1.773888888889999862e+02 2.202222222219999992e+02
5.368181818200000066e+01 2.213181818179999993e+02
4.995000000000000000e+02 2.205000000000000000e+02
3.218636363640000013e+02 2.230000000000000000e+02
4.212500000000000000e+02 2.245500000000000114e+02
4.894130434780000201e+02 2.248478260869999872e+02
5.696428571430000147e+02 2.243095238100000017e+02
1.375869565220000084e+02 2.262826086960000112e+02
5.185769230769999467e+02 2.268846153849999894e+02
4.000000000000000000e+02 2.280000000000000000e+02
1.285000000000000000e+02 2.295000000000000000e+02
2.464499999999999886e+02 2.295999999999999943e+02
3.813500000000000227e+02 2.297500000000000000e+02
1.569117647060000138e+02 2.306176470590000065e+02
2.633421052630000077e+02 2.303421052630000077e+02
2.172777777780000008e+02 2.310000000000000000e+02
1.075000000000000000e+01 2.327500000000000000e+02
1.902894736840000007e+02 2.321315789470000084e+02
4.366999999999999886e+02 2.315000000000000000e+02
8.323684210499999381e+01 2.337631578950000062e+02
4.008823529400000041e+01 2.342647058819999870e+02
3.552142857140000274e+02 2.340000000000000000e+02
4.653421052630000077e+02 2.347105263159999993e+02
3.086666666670000154e+02 2.366666666669999870e+02
9.803333333300000163e+01 2.393666666670000041e+02
2.833421052630000077e+02 2.396578947369999923e+02
4.496000000000000227e+02 2.394499999999999886e+02
5.148333333330000414e+02 2.402500000000000000e+02
5.358333333330000414e+02 2.402333333329999903e+02
5.570000000000000000e+02 2.405000000000000000e+02
2.130000000000000000e+02 2.417857142860000010e+02
2.623684210500000091e+01 2.431315789470000084e+02
3.787857142859999726e+02 2.430000000000000000e+02
4.060000000000000000e+02 2.440000000000000000e+02
4.307500000000000000e+02 2.435625000000000000e+02
5.878571428600000104e+01 2.440000000000000000e+02
1.746538461540000071e+02 2.439615384619999929e+02
2.653421052630000077e+02 2.443421052630000077e+02
3.395000000000000000e+02 2.435000000000000000e+02
1.935000000000000000e+02 2.476739130429999989e+02
2.364499999999999886e+02 2.485999999999999943e+02
4.660384615379999786e+02 2.476538461540000071e+02
4.813181818180000278e+02 2.476818181820000007e+02
5.738999999999999773e+02 2.479000000000000057e+02
3.002142857140000274e+02 2.496904761899999983e+02
1.511428571429999863e+02 2.507142857139999990e+02
3.228529411760000016e+02 2.505000000000000000e+02
1.119000000000000057e+02 2.510999999999999943e+02
4.737500000000000000e+01 2.528125000000000000e+02
1.269666666669999984e+02 2.526333333329999959e+02
3.656538461540000071e+02 2.519615384619999929e+02
2.844166666670000154e+02 2.531666666669999870e+02
2.218000000000000114e+02 2.546500000000000057e+02
5.353260869570000295e+02 2.555000000000000000e+02
3.901470588239999984e+02 2.562058823529999927e+02
8.445000000000000284e+01 2.573999999999999773e+02
1.696176470590000065e+02 2.570882352940000146e+02
4.107857142859999726e+02 2.580000000000000000e+02
4.984090909089999855e+02 2.595909090910000145e+02
1.565789473699999945e+01 2.606578947369999923e+02
6.669047618999999827e+01 2.629285714289999873e+02
4.317105263160000277e+02 2.625000000000000000e+02
5.592272727270000132e+02 2.626818181819999722e+02
2.481999999999999886e+02 2.646499999999999773e+02
5.799117647059999854e+02 2.643823529410000219e+02
2.755000000000000000e+02 2.650000000000000000e+02
3.495000000000000000e+02 2.657105263160000277e+02
4.607142857140000274e+02 2.648571428569999853e+02
1.135000000000000000e+02 2.656999999999999886e+02
3.175000000000000000e+01 2.671250000000000000e+02
1.476333333329999959e+02 2.670333333329999732e+02
1.795000000000000000e+02 2.675000000000000000e+02
3.184473684210000215e+02 2.676578947369999923e+02
5.231153846150000390e+02 2.668846153850000178e+02
5.027941176470000073e+02 2.680882352940000146e+02
4.452142857140000274e+02 2.688571428569999853e+02
4.717857142859999726e+02 2.690000000000000000e+02
7.700000000000000000e+01 2.715000000000000000e+02
1.005588235289999943e+02 2.716764705879999724e+02
2.923181818180000278e+02 2.713181818180000278e+02
4.882222222220000276e+02 2.716111111110000138e+02
3.893000000000000114e+02 2.715000000000000000e+02
3.285714285710000127e+02 2.728571428569999853e+02
3.775909090910000145e+02 2.731363636359999987e+02
5.358333333330000414e+02 2.723888888889999862e+02
2.072599999999999909e+02 2.758600000000000136e+02
3.513823529410000219e+02 2.756176470589999781e+02
1.508636363640000013e+02 2.759545454550000159e+02
5.681666666669999586e+02 2.765000000000000000e+02
6.083333333299999879e+01 2.765833333329999846e+02
1.335000000000000000e+02 2.771250000000000000e+02
1.722142857139999990e+02 2.770000000000000000e+02
2.242142857139999990e+02 2.770000000000000000e+02
2.391363636359999987e+02 2.764090909089999855e+02
4.363636364000000434e+00 2.801818181819999722e+02
4.985714285699999948e+01 2.794285714289999873e+02
4.055000000000000000e+02 2.790000000000000000e+02
2.497592592590000038e+02 2.820925925930000062e+02
5.488571428569999853e+02 2.812142857140000274e+02
4.706052631580000138e+02 2.829210526319999985e+02
3.174333333330000073e+02 2.853666666670000041e+02
3.633461538459999929e+02 2.850384615379999786e+02
4.856428571430000147e+02 2.853095238099999733e+02
1.831470588239999984e+02 2.865000000000000000e+02
2.079000000000000057e+02 2.871000000000000227e+02
2.818846153850000178e+02 2.878846153850000178e+02
3.884333333330000073e+02 2.878999999999999773e+02
5.270000000000000000e+02 2.882142857140000274e+02
2.726250000000000000e+02 2.883750000000000000e+02
4.347222222220000276e+02 2.890000000000000000e+02
2.434210526300000055e+01 2.916578947369999923e+02
8.387500000000000000e+01 2.912500000000000000e+02
1.057500000000000000e+02 2.911250000000000000e+02
1.533823529409999935e+02 2.912058823529999927e+02
4.226176470589999781e+02 2.909117647059999854e+02
5.800000000000000000e+01 2.920000000000000000e+02
1.199117647059999996e+02 2.953823529410000219e+02
5.842142857139999705e+02 2.950000000000000000e+02
2.973999999999999773e+02 2.964499999999999886e+02
3.653888888889999862e+02 2.963888888889999862e+02
3.346333333329999959e+02 2.968999999999999773e+02
4.566578947369999923e+02 2.974473684210000215e+02
1.690999999999999943e+02 2.978999999999999773e+02
4.058000000000000114e+02 2.985500000000000114e+02
7.465384615399999291e+01 2.990384615379999786e+02
3.156904761900000267e+02 2.996428571430000147e+02
5.551315789469999800e+02 2.992368421049999938e+02
2.380000000000000000e+02 3.005000000000000000e+02
3.636666666699999695e+01 3.009666666670000268e+02
3.412333333330000187e+02 3.013000000000000114e+02
4.806000000000000227e+02 3.035500000000000114e+02
5.082500000000000000e+02 3.029375000000000000e+02
5.000000000000000000e-01 3.030000000000000000e+02
1.374130434779999916e+02 3.050652173909999760e+02
1.783181818179999993e+02 3.056818181819999722e+02
2.147631578950000062e+02 3.061315789469999800e+02
2.789117647059999854e+02 3.063823529410000219e+02
4.556666666670000154e+02 3.075000000000000000e+02
5.720000000000000000e+02 3.072142857140000274e+02
2.537631578950000062e+02 3.081315789469999800e+02
3.811000000000000227e+02 3.083666666670000041e+02
4.420625000000000000e+02 3.082500000000000000e+02
5.510263157890000230e+02 3.091842105260000153e+02
9.803333333300000163e+01 3.106333333329999959e+02
1.481578947400000068e+01 3.114473684210000215e+02
1.109761904759999993e+02 3.117857142859999726e+02
1.962222222219999992e+02 3.116111111110000138e+02
2.416538461540000071e+02 3.145000000000000000e+02
3.341153846149999822e+02 3.144230769229999964e+02
4.083666666670000041e+02 3.139666666670000268e+02
6.788461538500000358e+01 3.151153846149999822e+02
5.388461538499999648e+01 3.161153846149999822e+02
2.686250000000000000e+02 3.165625000000000000e+02
3.130000000000000000e+02 3.167857142859999726e+02
4.276176470589999781e+02 3.169117647059999854e+02
5.275000000000000000e+02 3.175000000000000000e+02
1.550000000000000000e+02 3.192272727270000132e+02
5.005000000000000000e+02 3.191470588239999984e+02
3.350000000000000000e+01 3.215000000000000000e+02
5.707857142860000295e+02 3.210000000000000000e+02
2.908913043480000056e+02 3.228478260869999872e+02
3.558913043480000056e+02 3.229782608699999855e+02
3.879285714289999873e+02 3.233095238099999733e+02
2.193181818179999993e+02 3.243181818180000278e+02
4.675000000000000000e+02 3.240000000000000000e+02
8.413157894699999417e+01 3.252894736839999723e+02
1.990000000000000000e+02 3.250000000000000000e+02
5.855000000000000000e+02 3.255000000000000000e+02
2.478750000000000000e+02 3.262500000000000000e+02
6.812500000000000000e+00 3.276250000000000000e+02
1.330000000000000000e+02 3.285000000000000000e+02
3.729117647059999854e+02 3.283823529410000219e+02
4.851153846149999822e+02 3.292692307689999893e+02
5.162777777779999724e+02 3.290000000000000000e+02
3.386904761900000267e+02 3.320714285710000127e+02
3.224523809519999986e+02 3.326904761900000267e+02
2.754761904800000138e+01 3.333095238099999733e+02
1.524090909090000139e+02 3.335909090910000145e+02
4.060000000000000000e+02 3.332142857140000274e+02
1.777631578950000062e+02 3.341315789469999800e+02
2.291666666669999870e+02 3.337666666669999813e+02
4.960000000000000000e+02 3.342142857140000274e+02
1.030000000000000000e+02 3.350000000000000000e+02
2.960000000000000000e+02 3.355000000000000000e+02
4.456333333329999959e+02 3.350333333329999732e+02
3.905000000000000000e+02 3.361666666670000154e+02
6.796153846199999293e+01 3.366538461540000071e+02
2.103181818179999993e+02 3.366818181819999722e+02
5.491428571430000147e+02 3.367857142859999726e+02
4.327222222220000276e+02 3.405555555560000016e+02
9.138888888900000040e+01 3.425000000000000000e+02
5.365000000000000000e+02 3.425625000000000000e+02
4.816666666700000121e+01 3.427500000000000000e+02
2.783095238099999733e+02 3.434523809519999986e+02
5.239285714290000442e+02 3.432857142859999726e+02
5.687400000000000091e+02 3.448600000000000136e+02
4.710526316000000158e+00 3.455000000000000000e+02
1.208333333329999988e+02 3.456428571430000147e+02
4.658571428569999853e+02 3.452142857140000274e+02
2.465555555560000016e+02 3.462222222220000276e+02
3.525000000000000000e+02 3.460000000000000000e+02
4.835526315789999785e+02 3.462894736839999723e+02
1.690263157889999945e+02 3.478684210530000200e+02
3.708333333329999846e+02 3.472500000000000000e+02
1.905000000000000000e+02 3.490000000000000000e+02
6.800000000000000000e+01 3.510000000000000000e+02
5.538636363639999445e+02 3.505909090910000145e+02
1.450000000000000000e+02 3.535000000000000000e+02
9.578571428600000104e+01 3.541428571430000147e+02
3.305000000000000000e+02 3.550000000000000000e+02
4.977500000000000000e+02 3.548333333329999846e+02
2.896153846200000004e+01 3.564230769229999964e+02
2.280000000000000000e+02 3.564090909089999855e+02
3.156538461540000071e+02 3.559615384620000214e+02
3.692826086960000112e+02 3.568913043480000056e+02
4.421999999999999886e+02 3.563999999999999773e+02
5.153181818179999709e+02 3.556818181819999722e+02
5.377500000000000000e+02 3.558333333329999846e+02
2.801363636359999987e+02 3.575909090910000145e+02
2.920000000000000000e+02 3.583181818180000278e+02
4.070000000000000000e+02 3.577857142859999726e+02
2.570000000000000000e+02 3.603181818180000278e+02
2.028260869600000049e+01 3.615869565219999799e+02
1.152272727269999990e+02 3.616818181819999722e+02
2.066999999999999886e+02 3.605000000000000000e+02
4.383333333299999879e+01 3.615833333329999846e+02
1.895909090909999861e+02 3.638636363640000013e+02
8.350000000000000000e+01 3.658809523809999860e+02
1.642333333329999903e+02 3.651666666670000154e+02
3.951000000000000227e+02 3.661000000000000227e+02
4.637857142859999726e+02 3.660000000000000000e+02
1.308846153849999894e+02 3.671153846149999822e+02
4.271000000000000227e+02 3.670000000000000000e+02
5.730499999999999545e+02 3.675500000000000114e+02
6.100000000000000000e+01 3.685000000000000000e+02
3.448529411760000016e+02 3.685588235289999943e+02
3.790882352940000146e+02 3.693823529410000219e+02
1.495000000000000000e+02 3.698750000000000000e+02
2.225769230770000036e+02 3.701153846149999822e+02
4.830882352940000146e+02 3.706176470589999781e+02
5.270000000000000000e+02 3.700000000000000000e+02
4.396000000000000227e+02 3.734499999999999886e+02
2.408157894740000131e+02 3.755526315789999785e+02
2.874090909089999855e+02 3.755909090910000145e+02
4.105000000000000000e+02 3.758333333329999846e+02
5.052500000000000000e+02 3.762500000000000000e+02
5.458636363639999445e+02 3.765000000000000000e+02
2.080000000000000000e+02 3.785000000000000000e+02
3.189999999999999858e+01 3.791000000000000227e+02
9.080769230800000003e+01 3.795769230770000036e+02
2.649117647059999854e+02 3.836176470589999781e+02
3.098846153850000178e+02 3.828846153850000178e+02
3.670000000000000000e+02 3.845000000000000000e+02
7.138235294099999351e+01 3.849117647059999854e+02
1.830000000000000000e+02 3.850000000000000000e+02
1.597222222219999992e+02 3.865555555560000016e+02
4.772826086960000112e+02 3.862826086960000112e+02
4.578999999999999773e+02 3.868999999999999773e+02
3.392619047619999719e+02 3.889761904759999993e+02
5.014230769229999964e+02 3.881923076919999858e+02
5.152142857139999705e+02 3.880000000000000000e+02
5.746000000000000227e+02 3.889499999999999886e+02
1.239117647059999996e+02 3.896176470589999781e+02
3.191315789469999800e+02 3.894473684210000215e+02
5.409666666670000268e+02 3.896333333329999959e+02
2.563421052630000077e+02 3.904473684210000215e+02
1.365789473699999945e+01 3.916578947369999923e+02
2.993999999999999773e+02 3.914499999999999886e+02
3.934411764710000057e+02 3.918529411760000016e+02
4.331153846149999822e+02 3.911153846149999822e+02
2.100000000000000000e+02 3.930000000000000000e+02
4.191176470599999959e+01 3.946176470589999781e+02
1.410000000000000000e+02 3.942142857140000274e+02
2.401315789470000084e+02 3.957105263160000277e+02
4.119090909089999855e+02 3.958636363640000013e+02
5.861111111099999960e+01 3.977777777779999724e+02
1.715000000000000000e+02 3.965000000000000000e+02
2.756999999999999886e+02 3.975000000000000000e+02
4.462894736839999723e+02 3.988684210530000200e+02
8.516666666700000121e+01 3.996111111110000138e+02
1.013823529409999935e+02 4.000882352940000146e+02
1.646428571429999863e+02 4.006904761900000267e+02
3.696200000000000045e+02 4.007799999999999727e+02
2.316666666700000121e+01 4.006111111110000138e+02
1.898846153849999894e+02 4.008846153850000178e+02
5.120000000000000000e+02 4.010000000000000000e+02
4.252500000000000000e+02 4.018750000000000000e+02
5.525909090909999577e+02 4.025909090910000145e+02
3.991000000000000227e+02 4.061000000000000227e+02
1.166666667000000102e+00 4.070555555560000016e+02
1.242500000000000000e+02 4.068333333329999846e+02
2.666111111110000138e+02 4.077777777779999724e+02
3.825000000000000000e+02 4.079545454550000159e+02
4.667608695650000072e+02 4.084130434780000201e+02
2.352142857139999990e+02 4.088571428569999853e+02
3.041875000000000000e+02 4.094375000000000000e+02
3.406818181819999722e+02 4.097727272729999868e+02
5.750000000000000000e+02 4.087857142859999726e+02
7.575000000000000000e+01 4.101250000000000000e+02
1.465999999999999943e+02 4.104499999999999886e+02
2.035909090909999861e+02 4.108636363640000013e+02
3.261000000000000227e+02 4.111000000000000227e+02
4.975000000000000000e+02 4.115000000000000000e+02
5.321153846150000390e+02 4.108846153850000178e+02
2.766250000000000000e+02 4.128125000000000000e+02
1.858333333330000130e+02 4.142500000000000000e+02
9.200000000000000000e+01 4.152142857140000274e+02
2.253750000000000000e+02 4.158333333329999846e+02
3.161000000000000227e+02 4.181000000000000227e+02
4.996666666699999837e+01 4.196333333329999959e+02
1.146904761899999983e+02 4.205476190480000014e+02
4.424375000000000000e+02 4.206250000000000000e+02
5.671666666669999586e+02 4.202500000000000000e+02
3.721190476190000140e+02 4.212619047619999719e+02
5.872500000000000000e+02 4.205000000000000000e+02
1.699285714289999873e+02 4.225000000000000000e+02
4.811666666670000154e+02 4.228333333329999846e+02
5.387105263160000277e+02 4.225000000000000000e+02
2.165789473699999945e+01 4.236578947369999923e+02
1.470000000000000000e+02 4.232142857140000274e+02
3.922500000000000000e+02 4.237500000000000000e+02
1.295869565220000084e+02 4.262826086960000112e+02
2.426176470590000065e+02 4.250882352940000146e+02
2.625000000000000000e+02 4.256333333329999959e+02
4.551842105260000153e+02 4.265526315789999785e+02
3.583333333299999879e+01 4.270555555560000016e+02
2.085000000000000000e+02 4.266999999999999886e+02
4.097105263160000277e+02 4.271315789469999800e+02
2.922500000000000000e+02 4.282500000000000000e+02
5.160555555559999448e+02 4.293888888889999862e+02
3.492142857140000274e+02 4.300000000000000000e+02
9.222222222199999919e+01 4.313888888889999862e+02
2.451666666669999870e+02 4.314166666670000154e+02
3.623461538459999929e+02 4.309615384620000214e+02
5.021363636359999987e+02 4.315909090910000145e+02
1.923750000000000000e+02 4.323750000000000000e+02
2.803750000000000000e+02 4.326250000000000000e+02
5.536818181820000291e+02 4.336818181819999722e+02
4.276578947369999923e+02 4.354473684210000215e+02
1.808333333299999879e+01 4.357500000000000000e+02
4.838235294100000061e+01 4.360882352940000146e+02
3.303095238099999733e+02 4.365476190480000014e+02
6.540476190500000087e+01 4.379285714289999873e+02
5.771153846150000390e+02 4.372692307689999893e+02
2.331666666669999870e+02 4.385833333329999846e+02
4.641153846149999822e+02 4.392692307689999893e+02
5.367352941179999561e+02 4.395000000000000000e+02
8.527777777800000081e+01 4.410000000000000000e+02
1.744545454549999874e+02 4.421818181819999722e+02
3.845000000000000000e+02 4.406999999999999886e+02
1.092000000000000028e+02 4.426000000000000227e+02
1.578333333330000130e+02 4.427666666669999813e+02
3.526250000000000000e+02 4.426250000000000000e+02
3.729166666670000154e+02 4.434166666670000154e+02
4.331666666670000154e+02 4.425833333329999846e+02
3.038684210530000200e+02 4.452894736839999723e+02
5.156250000000000000e+02 4.461875000000000000e+02
2.075000000000000000e+02 4.475000000000000000e+02
3.998846153850000178e+02 4.472692307689999893e+02
4.937941176470000073e+02 4.486176470589999781e+02
5.350294117649999635e+02 4.488529411760000016e+02
2.393181818179999993e+02 4.486818181819999722e+02
2.562142857140000274e+02 4.488571428569999853e+02
5.726666666669999586e+02 4.506250000000000000e+02
2.733461538459999929e+02 4.509615384620000214e+02
4.795476190480000014e+02 4.522619047619999719e+02
3.110555555560000016e+02 4.522777777779999724e+02
4.408750000000000000e+02 4.525000000000000000e+02
1.363888888889999862e+02 4.539444444439999984e+02
3.274090909089999855e+02 4.538636363640000013e+02
4.563333333329999846e+02 4.536666666670000154e+02
3.821428571399999896e+01 4.540000000000000000e+02
1.963421052630000077e+02 4.556578947369999923e+02
1.687500000000000000e+00 4.576875000000000000e+02
1.667500000000000000e+02 4.589166666670000154e+02
4.223888888889999862e+02 4.592222222220000276e+02
6.127777777800000081e+01 4.610000000000000000e+02
5.498500000000000227e+02 4.621000000000000227e+02
1.050000000000000000e+02 4.632142857140000274e+02
2.756176470589999781e+02 4.633823529410000219e+02
3.516818181819999722e+02 4.633181818180000278e+02
3.657142857140000274e+02 4.628571428569999853e+02
4.368125000000000000e+02 4.636250000000000000e+02
5.060384615379999786e+02 4.633461538459999929e+02
2.122777777780000008e+02 4.640000000000000000e+02
4.833888888889999862e+02 4.642222222220000276e+02
1.510000000000000000e+02 4.652142857140000274e+02
4.005000000000000000e+02 4.655000000000000000e+02
4.711538461500000352e+01 4.658846153850000178e+02
2.961470588239999984e+02 4.665000000000000000e+02
2.322142857139999990e+02 4.670000000000000000e+02
2.528333333330000130e+02 4.667666666669999813e+02
3.741153846149999822e+02 4.668846153850000178e+02
7.840909090899999967e+01 4.681363636359999987e+02
1.228333333329999988e+02 4.677500000000000000e+02
4.230384615379999786e+02 4.686538461540000071e+02
5.206578947369999923e+02 4.693421052630000077e+02
5.686578947369999923e+02 4.703421052630000077e+02
6.111538461500000352e+01 4.748846153850000178e+02
3.124285714289999873e+02 4.751428571430000147e+02
3.372500000000000000e+02 4.752500000000000000e+02
2.280769230800000003e+01 4.766538461540000071e+02
1.306578947369999923e+02 4.766578947369999923e+02
1.600384615380000071e+02 4.756538461540000071e+02
1.906538461540000071e+02 4.759615384620000214e+02
4.751842105260000153e+02 4.769736842109999770e+02
1.785500000000000114e+02 4.783999999999999773e+02
5.350000000000000000e+02 4.797222222220000276e+02
2.317307692310000107e+02 4.797307692310000107e+02
4.545000000000000000e+02 4.805000000000000000e+02
4.940714285710000127e+02 4.812857142859999726e+02
5.170384615379999786e+02 4.811923076919999858e+02
5.684090909090000423e+02 4.824090909089999855e+02
6.500000000000000000e+00 4.835000000000000000e+02
4.062500000000000000e+02 4.837500000000000000e+02
3.655000000000000000e+02 4.835000000000000000e+02
2.072500000000000000e+02 4.851666666670000154e+02
3.852142857140000274e+02 4.850000000000000000e+02
1.049444444439999984e+02 4.863888888889999862e+02
5.859117647059999854e+02 4.866176470589999781e+02
2.809705882349999797e+02 4.871470588239999984e+02
2.497666666670000097e+02 4.905666666669999927e+02
3.161111111110000138e+02 4.902777777779999724e+02
5.358333333299999879e+01 4.911666666670000154e+02
8.763333333299999595e+01 4.910333333329999732e+02
3.040000000000000000e+02 4.920000000000000000e+02
3.458999999999999773e+02 4.921000000000000227e+02
4.865000000000000000e+02 4.917500000000000000e+02
3.662500000000000000e+01 4.931875000000000000e+02
4.333666666670000041e+02 4.949666666670000268e+02
1.516538461540000071e+02 4.959615384620000214e+02
2.190999999999999943e+02 4.961000000000000227e+02
2.560000000000000000e+02 4.965000000000000000e+02
3.630000000000000000e+02 4.960000000000000000e+02
4.197500000000000000e+02 4.958750000000000000e+02
5.558999999999999773e+02 4.958999999999999773e+02
4.615000000000000000e+02 4.973823529410000219e+02
1.232999999999999972e+02 4.986999999999999886e+02
1.643888888889999862e+02 4.988333333329999846e+02
1.845000000000000000e+02 4.990000000000000000e+02
7.300000000000000000e+01 5.001666666670000154e+02
1.363666666670000041e+02 4.999666666670000268e+02
3.946111111110000138e+02 5.014444444439999984e+02
5.353888888889999862e+02 5.011666666670000154e+02
5.183461538459999929e+02 5.019615384620000214e+02
1.500000000000000000e+00 5.038076923080000142e+02
1.017500000000000000e+02 5.037500000000000000e+02
3.140000000000000000e+02 5.025000000000000000e+02
5.061666666670000154e+02 5.027500000000000000e+02
4.702142857140000274e+02 5.040000000000000000e+02
2.200000000000000000e+01 5.065000000000000000e+02
2.340000000000000000e+02 5.060000000000000000e+02
2.740000000000000000e+02 5.057857142859999726e+02
4.186363636400000132e+01 5.069545454550000159e+02
8.161111111099999960e+01 5.077777777779999724e+02
3.808000000000000114e+02 5.083999999999999773e+02
2.025000000000000000e+02 5.108529411760000016e+02
2.981153846149999822e+02 5.101153846149999822e+02
2.261153846150000106e+02 5.118846153850000178e+02
1.711428571429999863e+02 5.132857142860000295e+02
4.870000000000000000e+02 5.140000000000000000e+02
5.790789473679999446e+02 5.146052631579999570e+02
1.487857142860000010e+02 5.157857142860000295e+02
7.213157894699999417e+01 5.177105263160000277e+02
4.366333333329999959e+02 5.169666666670000268e+02
4.512500000000000000e+02 5.171666666669999586e+02
3.300000000000000000e+02 5.172999999999999545e+02
5.590000000000000000e+02 5.180000000000000000e+02
3.789545454550000159e+02 5.188636363639999445e+02
9.859999999999999432e+01 5.205499999999999545e+02
3.505000000000000000e+02 5.205000000000000000e+02
4.080882352940000146e+02 5.203823529410000219e+02
5.390000000000000000e+02 5.202142857139999705e+02
2.363333333299999950e+01 5.219666666670000268e+02
1.312142857139999990e+02 5.220000000000000000e+02
2.650000000000000000e+02 5.217857142860000295e+02
5.108333333329999846e+02 5.222222222220000276e+02
4.790333333329999732e+02 5.256333333329999959e+02
1.150000000000000000e+01 5.265000000000000000e+02
1.910000000000000000e+02 5.262777777779999724e+02
2.842272727270000132e+02 5.290000000000000000e+02
3.166904761900000267e+02 5.285952380950000133e+02
5.541250000000000000e+02 5.282500000000000000e+02
4.208999999999999773e+02 5.291000000000000227e+02
3.610000000000000000e+02 5.302777777779999724e+02
4.574444444439999984e+02 5.307222222220000276e+02
1.718636363640000013e+02 5.305909090909999577e+02
2.453421052630000077e+02 5.323421052630000077e+02
5.036666666699999695e+01 5.339666666670000268e+02
2.155000000000000000e+02 5.342999999999999545e+02
3.486538461540000071e+02 5.337307692309999538e+02
5.143750000000000000e+02 5.336250000000000000e+02
5.850000000000000000e+02 5.350000000000000000e+02
1.085909090910000003e+02 5.355909090909999577e+02
1.878684210529999916e+02 5.357105263160000277e+02
2.344000000000000057e+02 5.365499999999999545e+02
4.385000000000000000e+02 5.360000000000000000e+02
5.390000000000000000e+02 5.362777777779999724e+02
8.008823529400000041e+01 5.376176470589999781e+02
2.968999999999999773e+02 5.371000000000000227e+02
3.891000000000000227e+02 5.368999999999999773e+02
4.050384615379999786e+02 5.373461538459999929e+02
2.200000000000000000e+01 5.385000000000000000e+02
3.248000000000000114e+02 5.382500000000000000e+02
1.486250000000000000e+02 5.408125000000000000e+02
1.236176470590000065e+02 5.409117647059999854e+02
4.937500000000000000e+02 5.410625000000000000e+02
2.667857142859999726e+02 5.450000000000000000e+02
5.787500000000000000e+01 5.467500000000000000e+02
2.010000000000000000e+02 5.475000000000000000e+02
3.060000000000000000e+02 5.465000000000000000e+02
5.251000000000000227e+02 5.481000000000000227e+02
5.476363636360000555e+02 5.485000000000000000e+02
1.630000000000000000e+02 5.490000000000000000e+02
4.525000000000000000e+02 5.500000000000000000e+02
5.736250000000000000e+02 5.511666666669999586e+02
9.727777777800000081e+01 5.520000000000000000e+02
2.469117647060000138e+02 5.526176470589999781e+02
4.741666666670000154e+02 5.525000000000000000e+02
2.845588235289999943e+02 5.536764705880000292e+02
3.590000000000000000e+02 5.530000000000000000e+02
4.243666666670000041e+02 5.529666666670000268e+02
2.767647058800000082e+01 5.544411764709999488e+02
7.811538461499999642e+01 5.538846153849999610e+02
6.033333332999999854e+00 5.566333333329999959e+02
2.285000000000000000e+02 5.572999999999999545e+02
3.405000000000000000e+02 5.571666666669999586e+02
3.758571428569999853e+02 5.572857142860000295e+02
5.048846153850000178e+02 5.581153846150000390e+02
1.455000000000000000e+02 5.601666666669999586e+02
4.845000000000000000e+02 5.601666666669999586e+02
4.629999999999999716e+01 5.605000000000000000e+02
3.215000000000000000e+02 5.605000000000000000e+02
2.115000000000000000e+02 5.611250000000000000e+02
2.950000000000000000e+02 5.610000000000000000e+02
5.750000000000000000e+02 5.615000000000000000e+02
