3.100000000000000000e+01 2.227272726999999897e+00
3.950000000000000000e+01 5.000000000000000000e-01
5.200000000000000000e+01 8.333333330000000094e-01
7.550000000000000000e+01 5.000000000000000000e-01
1.349285714289999873e+02 2.285714286000000151e+00
1.581923076920000142e+02 1.423076922999999994e+00
1.816428571429999863e+02 7.857142860000000395e-01
2.426578947369999923e+02 2.552631578999999817e+00
2.905000000000000000e+02 5.000000000000000000e-01
3.080000000000000000e+02 2.500000000000000000e+00
3.370000000000000000e+02 5.000000000000000000e-01
4.076333333329999959e+02 1.699999999999999956e+00
5.043421052630000077e+02 2.342105263000000104e+00
1.154166666699999944e+01 6.166666667000000324e+00
3.460882352940000146e+02 5.617647059000000276e+00
3.353888888889999862e+02 7.777777777999999920e+00
2.015000000000000000e+02 8.147058824000000143e+00
2.265000000000000000e+02 7.500000000000000000e+00
4.690000000000000000e+02 8.500000000000000000e+00
5.610000000000000000e+02 9.214285714000000738e+00
7.186363636400000132e+01 1.059090909100000033e+01
1.102500000000000000e+02 1.175000000000000000e+01
2.781111111110000138e+02 1.172222222199999919e+01
3.684523809519999986e+02 1.130952380999999995e+01
4.852777777779999724e+02 1.100000000000000000e+01
5.280333333329999732e+02 1.136666666700000050e+01
5.877999999999999545e+02 1.140000000000000036e+01
2.177222222219999992e+02 1.300000000000000000e+01
4.376666666670000154e+02 1.377777777800000081e+01
4.583750000000000000e+02 1.337500000000000000e+01
2.612222222220000276e+02 1.538888888900000040e+01
3.890000000000000000e+02 1.700000000000000000e+01
1.383421052630000077e+02 1.865789473699999945e+01
2.320000000000000000e+02 1.950000000000000000e+01
4.243888888889999862e+02 1.944444444399999838e+01
9.108823529400000041e+01 2.061764705899999939e+01
3.565909090910000145e+02 2.040909090899999967e+01
1.663750000000000000e+02 2.187500000000000000e+01
1.788846153849999894e+02 2.111538461499999997e+01
3.044545454550000159e+02 2.200000000000000000e+01
5.413666666670000041e+02 2.096666666699999837e+01
7.569047618999999827e+01 2.264285714300000052e+01
4.922857142859999726e+02 2.185714285699999948e+01
5.118750000000000000e+02 2.362500000000000000e+01
1.650000000000000000e+01 2.450000000000000000e+01
6.138235294100000061e+01 2.408823529400000041e+01
3.292777777779999724e+02 2.400000000000000000e+01
5.588529411759999448e+02 2.397058823500000102e+01
4.771111111110000138e+02 2.527777777800000081e+01
2.851153846149999822e+02 2.688461538500000003e+01
3.802500000000000000e+02 2.712500000000000000e+01
2.752500000000000000e+02 2.808333333299999879e+01
3.932142857140000274e+02 2.750000000000000000e+01
1.219705882349999939e+02 2.973529411799999878e+01
5.323666666670000041e+02 2.903333333300000163e+01
5.775000000000000000e+02 3.050000000000000000e+01
1.055000000000000071e+01 3.160000000000000142e+01
1.415000000000000000e+02 3.092857142900000156e+01
4.307105263160000277e+02 3.113157894700000128e+01
1.865000000000000000e+02 3.300000000000000000e+01
2.196818181820000007e+02 3.322727272699999901e+01
4.096333333329999959e+02 3.303333333300000163e+01
4.562368421049999938e+02 3.386842105299999872e+01
5.096000000000000227e+02 3.354999999999999716e+01
1.091153846149999964e+02 3.373076923099999647e+01
3.680384615379999786e+02 3.365384615400000001e+01
2.581153846149999822e+02 3.488461538499999648e+01
4.100000000000000000e+01 3.700000000000000000e+01
2.013666666670000041e+02 3.703333333300000163e+01
3.091666666670000154e+02 3.675000000000000000e+01
1.170000000000000000e+02 3.850000000000000000e+01
2.359615384619999929e+02 3.934615384599999999e+01
5.535833333330000414e+02 3.916666666700000121e+01
8.650000000000000000e+01 4.136363636400000132e+01
3.338999999999999773e+02 4.010000000000000142e+01
3.805769230770000036e+02 4.019230769199999997e+01
4.020000000000000000e+02 4.000000000000000000e+01
5.205000000000000000e+02 4.285294117600000163e+01
2.710000000000000142e+01 4.289999999999999858e+01
4.438888888900000040e+01 4.377777777800000081e+01
6.938235294099999351e+01 4.308823529400000041e+01
4.745000000000000000e+02 4.300000000000000000e+01
6.500000000000000000e+00 4.550000000000000000e+01
5.433125000000000000e+02 4.518750000000000000e+01
1.681470588239999984e+02 4.650000000000000000e+01
2.727500000000000000e+02 4.662500000000000000e+01
3.031250000000000000e+02 4.606250000000000000e+01
5.791250000000000000e+02 4.625000000000000000e+01
2.053421052630000077e+02 4.865789473699999945e+01
4.430000000000000000e+02 4.921428571399999896e+01
4.975000000000000000e+02 4.900000000000000000e+01
3.325000000000000000e+02 4.950000000000000000e+01
4.152500000000000000e+02 5.170000000000000284e+01
3.488529411760000016e+02 5.350000000000000000e+01
3.720000000000000000e+02 5.300000000000000000e+01
4.669117647059999854e+02 5.338235294100000061e+01
1.886904761899999983e+02 5.464285714300000052e+01
1.075000000000000000e+02 5.470000000000000284e+01
1.387500000000000000e+02 5.625000000000000000e+01
3.176999999999999886e+02 5.600000000000000000e+01
3.902142857140000274e+02 5.800000000000000000e+01
2.302272727270000132e+02 5.931818181799999934e+01
5.869615384620000214e+02 5.965384615400000001e+01
2.907857142859999726e+02 6.100000000000000000e+01
5.128846153849999610e+02 6.088461538499999648e+01
6.034210526300000055e+01 6.234210526300000055e+01
1.271363636359999987e+02 6.140909090899999967e+01
3.450000000000000000e+02 6.200000000000000000e+01
4.845000000000000000e+02 6.150000000000000000e+01
2.622222222220000276e+02 6.366666666700000121e+01
3.753888888889999862e+02 6.377777777800000081e+01
2.396176470590000065e+02 6.391176470599999959e+01
1.689000000000000057e+02 6.609999999999999432e+01
4.326111111110000138e+02 6.677777777800000081e+01
5.657352941179999561e+02 6.673529411799999878e+01
8.685294117600000163e+01 6.697058823499999392e+01
3.180000000000000000e+02 6.700000000000000000e+01
5.510000000000000000e+02 6.777272727300000099e+01
1.445555555560000016e+02 6.827777777800000081e+01
4.014444444439999984e+02 6.872222222199999919e+01
5.315666666670000495e+02 6.836666666700000405e+01
2.136333333329999959e+02 6.896666666699999837e+01
4.466999999999999886e+02 7.000000000000000000e+01
5.017142857140000274e+02 7.085714285699999948e+01
7.421428571399999896e+01 7.200000000000000000e+01
2.443333333300000021e+01 7.309999999999999432e+01
4.197058823500000102e+01 7.314705882399999837e+01
2.667857142859999726e+02 7.300000000000000000e+01
5.749375000000000000e+02 7.293750000000000000e+01
1.755999999999999943e+02 7.420000000000000284e+01
4.686333333329999959e+02 7.396666666699999837e+01
2.960000000000000000e+02 7.470000000000000284e+01
1.324090909090000139e+02 7.586363636400000132e+01
2.026578947369999923e+02 7.665789473700000656e+01
3.488684210530000200e+02 7.776315789500000619e+01
5.328750000000000000e+02 7.925000000000000000e+01
3.308999999999999773e+02 7.909999999999999432e+01
1.313157894699999950e+01 8.071052631599999927e+01
9.100000000000000000e+01 8.072222222199999919e+01
5.180000000000000000e+02 7.978571428600000104e+01
5.905000000000000000e+02 7.950000000000000000e+01
1.099545454550000017e+02 8.113636363599999868e+01
6.261764705899999939e+01 8.338235294099999351e+01
4.870333333329999732e+02 8.336666666700000405e+01
5.533421052630000077e+02 8.334210526299999344e+01
2.539499999999999886e+02 8.459999999999999432e+01
2.883181818180000278e+02 8.468181818200000066e+01
2.365000000000000000e+02 8.425000000000000000e+01
2.288846153849999894e+02 8.688461538500000358e+01
3.618043478260000256e+02 8.823913043500000697e+01
4.121000000000000227e+02 8.790000000000000568e+01
4.461923076919999858e+02 8.857692307700000356e+01
3.139473684200000037e+01 9.092105263199999854e+01
3.172692307689999893e+02 9.088461538500000358e+01
1.593750000000000000e+02 9.256250000000000000e+01
3.877777777779999724e+02 9.261111111099999960e+01
4.646333333329999959e+02 9.403333333300000163e+01
5.060000000000000000e+02 9.378571428600000104e+01
1.298846153849999894e+02 9.488461538500000358e+01
2.075500000000000114e+02 9.540000000000000568e+01
1.715000000000000000e+02 9.600000000000000000e+01
4.271190476190000140e+02 9.673809523799999965e+01
4.296666666699999837e+01 9.763333333299999595e+01
7.600000000000000000e+01 9.800000000000000000e+01
2.915000000000000000e+02 9.950000000000000000e+01
4.031000000000000227e+02 9.956666666700000690e+01
1.132500000000000000e+02 1.001250000000000000e+02
5.745000000000000000e+02 1.005000000000000000e+02
2.475000000000000000e+02 1.010000000000000000e+02
8.692857142900000156e+01 1.027142857139999990e+02
2.782142857140000274e+02 1.020000000000000000e+02
3.313823529410000219e+02 1.019117647059999996e+02
3.668684210530000200e+02 1.025000000000000000e+02
5.266538461540000071e+02 1.017307692309999965e+02
6.088461538499999648e+01 1.031153846149999964e+02
5.937500000000000000e+00 1.042500000000000000e+02
1.916999999999999886e+02 1.037666666669999955e+02
3.886818181819999722e+02 1.046818181820000007e+02
2.282222222219999992e+02 1.073888888890000004e+02
5.420000000000000000e+02 1.085000000000000000e+02
1.453666666670000041e+02 1.090333333330000016e+02
3.481470588239999984e+02 1.089705882349999939e+02
7.450000000000000000e+01 1.112083333329999988e+02
1.612142857139999990e+02 1.100000000000000000e+02
5.643461538459999929e+02 1.099615384619999929e+02
4.545666666669999927e+02 1.110999999999999943e+02
4.942500000000000000e+02 1.112500000000000000e+02
5.120882352940000146e+02 1.136176470590000065e+02
4.212857142859999726e+02 1.141428571430000005e+02
4.770294117650000203e+02 1.141470588239999984e+02
5.857857142860000295e+02 1.150000000000000000e+02
3.489999999999999858e+01 1.165666666670000069e+02
3.112058823529999927e+02 1.166176470590000065e+02
2.051666666669999870e+02 1.167666666669999955e+02
2.277777777780000008e+02 1.173888888890000004e+02
2.676176470589999781e+02 1.170882352940000004e+02
1.019000000000000057e+02 1.180999999999999943e+02
4.523750000000000000e+02 1.176250000000000000e+02
1.350000000000000000e+01 1.187857142860000010e+02
1.208846153850000036e+02 1.198846153850000036e+02
2.413000000000000114e+02 1.200000000000000000e+02
5.017500000000000000e+02 1.210000000000000000e+02
3.428846153850000178e+02 1.208846153850000036e+02
5.336666666699999695e+01 1.230333333330000016e+02
1.920000000000000000e+02 1.227857142860000010e+02
4.081875000000000000e+02 1.236250000000000000e+02
2.867222222220000276e+02 1.240000000000000000e+02
5.330333333329999732e+02 1.246333333329999959e+02
1.501999999999999886e+02 1.275999999999999943e+02
1.703421052630000077e+02 1.281842105259999869e+02
1.732510917029999860e+02 1.475960698689999901e+02
8.750000000000000000e+01 1.285000000000000000e+02
3.542777777779999724e+02 1.290000000000000000e+02
3.731428571430000147e+02 1.297142857139999990e+02
5.670000000000000000e+02 1.290000000000000000e+02
3.210000000000000000e+02 1.305000000000000000e+02
4.471666666670000154e+02 1.302333333329999903e+02
5.560000000000000000e+02 1.312142857139999990e+02
1.104047619050000009e+02 1.336904761899999983e+02
7.368181818200000066e+01 1.336818181820000007e+02
3.954285714289999873e+02 1.343571428570000137e+02
2.312142857139999990e+02 1.350000000000000000e+02
2.812500000000000000e+02 1.351666666669999870e+02
2.085000000000000000e+02 1.365000000000000000e+02
2.539000000000000057e+02 1.359000000000000057e+02
4.263823529410000219e+02 1.360882352939999862e+02
4.650000000000000000e+02 1.372500000000000000e+02
4.828846153850000178e+02 1.371153846150000106e+02
5.195476190480000014e+02 1.373095238100000017e+02
1.250000000000000000e+02 1.380000000000000000e+02
1.431470588239999984e+02 1.389705882350000081e+02
2.926333333329999959e+02 1.389666666669999984e+02
3.320000000000000000e+02 1.390000000000000000e+02
5.086999999999999886e+02 1.396999999999999886e+02
5.847142857139999705e+02 1.391428571429999863e+02
1.583333333300000056e+01 1.397500000000000000e+02
4.000000000000000000e+01 1.412142857139999990e+02
3.189666666670000268e+02 1.423666666670000041e+02
4.850000000000000000e+01 1.455000000000000000e+02
3.651666666670000154e+02 1.452222222219999992e+02
4.565000000000000000e+02 1.458529411760000016e+02
3.833333333000000120e+00 1.462222222219999992e+02
1.766875000000000000e+02 1.463125000000000000e+02
5.549666666670000268e+02 1.466333333329999959e+02
5.374333333329999505e+02 1.473666666670000041e+02
4.110000000000000000e+02 1.497500000000000000e+02
1.953666666670000041e+02 1.500333333330000016e+02
2.607222222220000276e+02 1.510000000000000000e+02
5.253666666670000041e+02 1.509666666669999984e+02
2.143461538459999929e+02 1.529615384619999929e+02
4.281153846149999822e+02 1.527307692310000107e+02
2.246363636359999987e+02 1.549545454549999874e+02
2.515000000000000000e+02 1.545000000000000000e+02
2.876578947369999923e+02 1.546578947369999923e+02
1.194333333329999931e+02 1.566999999999999886e+02
4.985000000000000000e+02 1.567727272729999868e+02
8.750000000000000000e-01 1.575000000000000000e+02
4.698000000000000114e+02 1.573499999999999943e+02
6.261111111099999960e+01 1.583333333330000130e+02
3.398809523809999860e+02 1.582142857139999990e+02
3.530000000000000000e+02 1.577857142860000010e+02
8.450000000000000000e+01 1.590000000000000000e+02
3.915500000000000114e+02 1.594000000000000057e+02
5.676904761900000267e+02 1.598809523809999860e+02
1.045952380949999991e+02 1.630714285710000127e+02
5.397857142860000295e+02 1.620000000000000000e+02
1.427857142860000010e+02 1.630000000000000000e+02
2.168636363640000013e+02 1.640454545450000126e+02
3.788999999999999773e+02 1.644333333330000073e+02
4.397666666669999813e+02 1.648333333330000130e+02
1.898750000000000000e+02 1.663333333330000130e+02
2.776250000000000000e+02 1.646250000000000000e+02
3.050000000000000000e+02 1.675000000000000000e+02
4.603823529410000219e+02 1.670882352939999862e+02
2.134210526300000055e+01 1.696578947369999923e+02
2.464090909090000139e+02 1.704090909090000139e+02
4.068636363640000013e+02 1.700454545450000126e+02
5.199117647059999854e+02 1.703823529409999935e+02
4.203333333300000163e+01 1.713666666670000041e+02
1.261111111099999960e+01 1.723333333330000130e+02
1.294166666669999870e+02 1.718333333330000130e+02
2.024047619049999867e+02 1.743095238100000017e+02
6.702941176500000608e+01 1.751470588239999984e+02
2.865000000000000000e+02 1.745000000000000000e+02
3.252142857140000274e+02 1.750000000000000000e+02
3.755588235289999943e+02 1.756764705880000008e+02
5.435476190480000014e+02 1.766904761899999983e+02
5.548750000000000000e+02 1.766250000000000000e+02
4.772500000000000000e+02 1.768750000000000000e+02
7.166666667000000324e+00 1.782333333329999903e+02
9.488888888900000040e+01 1.781111111110000138e+02
3.917105263160000277e+02 1.785000000000000000e+02
4.293823529410000219e+02 1.779117647060000138e+02
5.800263157890000230e+02 1.808157894740000131e+02
1.532619047620000003e+02 1.818333333330000130e+02
1.773888888889999862e+02 1.812222222219999992e+02
2.282647058819999870e+02 1.817941176470000073e+02
3.430000000000000000e+02 1.810000000000000000e+02
5.425000000000000000e+01 1.822500000000000000e+02
8.014285714300000052e+01 1.822857142860000010e+02
3.616578947369999923e+02 1.823421052630000077e+02
5.057105263160000277e+02 1.825000000000000000e+02
4.506999999999999886e+02 1.840000000000000000e+02
2.300000000000000000e+01 1.840000000000000000e+02
2.829117647059999854e+02 1.853823529409999935e+02
4.643888888889999862e+02 1.851666666669999870e+02
3.230000000000000000e+02 1.872142857139999990e+02
1.880000000000000000e+02 1.880000000000000000e+02
4.156818181819999722e+02 1.883181818179999993e+02
1.191666666670000012e+02 1.889666666669999984e+02
3.075555555560000016e+02 1.893888888889999862e+02
1.419999999999999929e+01 1.898000000000000114e+02
4.795000000000000000e+02 1.905000000000000000e+02
2.883333333299999879e+01 1.916250000000000000e+02
2.750000000000000000e+02 1.910000000000000000e+02
7.902941176500000608e+01 1.928529411760000016e+02
5.175000000000000000e+02 1.935000000000000000e+02
1.428571429000000004e+00 1.946428571429999863e+02
2.546578947369999923e+02 1.946578947369999923e+02
5.534500000000000455e+02 1.945999999999999943e+02
3.763421052630000077e+02 1.953421052630000077e+02
5.740000000000000000e+02 1.957222222219999992e+02
2.905000000000000000e+02 1.960000000000000000e+02
1.063823529409999935e+02 1.970882352939999862e+02
1.410882352939999862e+02 1.986176470590000065e+02
3.314090909089999855e+02 1.985909090909999861e+02
5.323421052630000077e+02 1.983421052630000077e+02
2.103571428570000137e+02 1.995000000000000000e+02
4.706904761900000267e+02 1.996428571429999863e+02
3.586250000000000000e+02 2.018125000000000000e+02
4.280000000000000000e+02 2.015000000000000000e+02
1.248846153850000036e+02 2.018846153849999894e+02
1.742500000000000000e+02 2.031666666669999870e+02
3.934166666670000154e+02 2.043333333330000130e+02
5.961111111099999960e+01 2.067777777780000008e+02
2.286818181820000007e+02 2.056818181820000007e+02
4.448846153850000178e+02 2.058846153849999894e+02
4.988529411760000016e+02 2.065000000000000000e+02
2.460000000000000000e+02 2.070000000000000000e+02
8.909999999999999432e+01 2.079000000000000057e+02
5.747857142860000295e+02 2.080000000000000000e+02
5.905000000000000000e+02 2.070000000000000000e+02
2.300000000000000000e+01 2.097222222219999992e+02
1.593666666670000041e+02 2.110333333330000016e+02
5.145769230769999467e+02 2.123461538459999929e+02
5.863636364000000434e+00 2.125909090909999861e+02
1.871470588239999984e+02 2.135000000000000000e+02
4.934615384599999999e+01 2.140384615380000071e+02
4.075000000000000000e+02 2.142894736840000007e+02
4.732222222220000276e+02 2.146666666669999870e+02
1.370999999999999943e+02 2.154333333330000073e+02
2.619545454550000159e+02 2.155000000000000000e+02
2.998684210530000200e+02 2.154473684209999931e+02
7.304545454499999835e+01 2.163181818179999993e+02
2.777916666670000154e+02 2.172083333330000130e+02
1.210000000000000000e+02 2.175000000000000000e+02
3.825000000000000000e+02 2.165000000000000000e+02
3.237500000000000000e+02 2.179375000000000000e+02
4.377857142859999726e+02 2.180000000000000000e+02
4.500384615379999786e+02 2.188076923079999858e+02
1.020000000000000000e+02 2.200000000000000000e+02
1.750000000000000000e+02 2.200000000000000000e+02
5.897000000000000455e+02 2.201999999999999886e+02
2.285714285699999948e+01 2.224285714289999873e+02
2.852549019609999732e+02 2.262941176470000073e+02
3.633947368419999862e+02 2.219210526319999985e+02
2.096111111110000138e+02 2.231666666669999870e+02
2.320000000000000000e+02 2.245000000000000000e+02
2.515625000000000000e+02 2.236875000000000000e+02
3.498529411760000016e+02 2.239705882350000081e+02
5.023181818180000278e+02 2.244090909090000139e+02
5.529285714290000442e+02 2.251428571429999863e+02
1.422894736840000007e+02 2.295000000000000000e+02
3.863095238099999733e+02 2.295476190480000014e+02
4.628684210530000200e+02 2.302368421049999938e+02
5.336739130429999705e+02 2.305000000000000000e+02
6.111538461500000352e+01 2.311153846150000106e+02
2.256578947369999923e+02 2.326578947369999923e+02
4.078846153850000178e+02 2.321153846150000106e+02
4.195000000000000000e+02 2.320000000000000000e+02
4.855000000000000000e+02 2.336052631580000138e+02
5.160000000000000000e+02 2.340000000000000000e+02
1.680625000000000000e+02 2.357500000000000000e+02
1.933888888889999862e+02 2.353333333330000130e+02
4.446818181819999722e+02 2.363181818179999993e+02
5.683571428569999853e+02 2.363095238100000017e+02
3.132692307689999893e+02 2.368846153849999894e+02
3.261842105260000153e+02 2.373421052630000077e+02
3.650000000000000000e+02 2.375000000000000000e+02
2.250000000000000000e+00 2.387500000000000000e+02
1.268125000000000000e+02 2.383750000000000000e+02
2.897500000000000000e+02 2.383499999999999943e+02
2.650882352940000146e+02 2.396176470590000065e+02
5.340000000000000000e+02 2.390000000000000000e+02
3.971052631599999927e+01 2.408684210529999916e+02
1.070384615380000071e+02 2.396538461540000071e+02
8.061764705900000649e+01 2.409117647060000138e+02
1.775909090909999861e+02 2.428636363640000013e+02
5.498999999999999773e+02 2.430999999999999943e+02
4.090652173909999760e+02 2.459782608700000139e+02
5.161153846150000390e+02 2.451153846150000106e+02
2.108823529400000041e+01 2.463823529409999935e+02
2.111153846150000106e+02 2.458846153849999894e+02
2.702500000000000000e+02 2.468750000000000000e+02
3.427500000000000000e+02 2.471666666669999870e+02
5.849117647059999854e+02 2.476176470590000065e+02
3.842142857140000274e+02 2.480000000000000000e+02
6.712500000000000000e+01 2.492500000000000000e+02
1.480000000000000000e+02 2.492142857139999990e+02
3.310000000000000000e+02 2.490555555560000016e+02
4.690000000000000000e+02 2.487857142860000010e+02
4.478571428600000104e+01 2.510000000000000000e+02
2.406111111110000138e+02 2.517777777780000008e+02
4.360000000000000000e+02 2.522142857139999990e+02
4.475476190480000014e+02 2.542619047620000003e+02
1.088846153850000036e+02 2.541153846150000106e+02
3.699615384620000214e+02 2.536538461540000071e+02
2.887857142859999726e+02 2.550000000000000000e+02
4.853666666670000041e+02 2.550333333330000016e+02
1.292142857139999990e+02 2.560000000000000000e+02
1.915000000000000000e+02 2.570000000000000000e+02
9.135714285699999948e+01 2.576904761900000267e+02
3.005555555560000016e+02 2.577222222220000276e+02
5.672222222220000276e+02 2.573888888889999862e+02
1.128947368400000073e+01 2.585000000000000000e+02
5.056000000000000227e+02 2.584499999999999886e+02
6.140909090899999967e+01 2.605909090910000145e+02
3.533888888889999862e+02 2.624444444439999984e+02
4.330000000000000000e+02 2.625000000000000000e+02
5.281153846150000390e+02 2.628846153850000178e+02
1.191363636359999987e+02 2.635909090910000145e+02
1.650000000000000000e+02 2.655000000000000000e+02
3.899117647059999854e+02 2.656176470589999781e+02
5.463260869570000295e+02 2.655000000000000000e+02
2.245500000000000114e+02 2.663999999999999773e+02
5.893125000000000000e+02 2.663125000000000000e+02
2.729705882349999797e+02 2.681470588239999984e+02
4.157666666669999813e+02 2.681666666670000154e+02
5.644090909090000423e+02 2.681363636359999987e+02
2.561666666670000154e+02 2.693571428569999853e+02
4.737142857140000274e+02 2.690714285710000127e+02
1.491470588239999984e+02 2.705000000000000000e+02
2.070000000000000000e+02 2.710000000000000000e+02
3.338571428569999853e+02 2.702857142859999726e+02
4.429117647059999854e+02 2.706176470589999781e+02
4.587857142859999726e+02 2.700000000000000000e+02
3.206578947369999923e+02 2.712368421049999938e+02
4.892222222220000276e+02 2.736111111110000138e+02
3.125000000000000000e+01 2.742500000000000000e+02
7.934210526299999344e+01 2.746578947369999923e+02
3.938636363640000013e+02 2.735909090910000145e+02
1.030000000000000000e+02 2.756000000000000227e+02
5.090882352940000146e+02 2.766176470589999781e+02
1.357857142860000010e+02 2.773571428569999853e+02
1.863947368419999862e+02 2.770789473680000015e+02
2.943181818180000278e+02 2.766818181819999722e+02
1.546999999999999886e+02 2.775000000000000000e+02
6.888461538500000358e+01 2.788846153850000178e+02
3.795000000000000000e+02 2.785000000000000000e+02
4.750000000000000000e+01 2.797857142859999726e+02
2.433750000000000000e+02 2.803750000000000000e+02
1.761153846150000106e+02 2.827307692310000107e+02
3.436176470589999781e+02 2.839705882349999797e+02
5.366111111110000138e+02 2.833888888889999862e+02
3.702500000000000000e+02 2.839166666670000154e+02
2.247500000000000000e+02 2.851875000000000000e+02
3.900000000000000000e+02 2.850000000000000000e+02
7.452380952000000391e+00 2.868809523809999860e+02
4.121428571430000147e+02 2.862857142859999726e+02
5.775000000000000000e+02 2.865000000000000000e+02
2.930000000000000000e+02 2.880000000000000000e+02
2.550000000000000000e+01 2.894411764710000057e+02
3.191000000000000227e+02 2.888999999999999773e+02
4.975000000000000000e+02 2.892894736839999723e+02
2.696250000000000000e+02 2.893750000000000000e+02
5.495714285709999558e+02 2.898571428569999853e+02
1.504444444439999984e+02 2.926111111110000138e+02
1.083750000000000000e+02 2.933125000000000000e+02
2.594090909089999855e+02 2.934090909089999855e+02
4.382222222220000276e+02 2.933888888889999862e+02
5.871000000000000227e+02 2.931000000000000227e+02
1.286052631580000138e+02 2.950789473680000015e+02
1.910000000000000000e+02 2.950000000000000000e+02
4.750000000000000000e+02 2.950000000000000000e+02
2.079166666669999870e+02 2.957500000000000000e+02
9.036666666700000405e+01 2.968333333329999846e+02
2.400000000000000000e+02 2.965000000000000000e+02
5.224473684209999647e+02 2.978684210530000200e+02
5.621470588240000552e+02 2.970294117650000203e+02
3.258571428569999853e+02 3.017142857140000274e+02
4.255000000000000000e+02 3.016052631580000138e+02
4.586176470589999781e+02 3.009117647059999854e+02
2.193421052630000077e+02 3.023421052630000077e+02
3.038888888889999862e+02 3.027777777779999724e+02
4.100000000000000000e+01 3.032777777779999724e+02
6.409999999999999432e+01 3.035666666669999927e+02
3.597222222220000276e+02 3.028888888889999862e+02
1.465999999999999943e+02 3.055500000000000114e+02
2.627222222220000276e+02 3.050000000000000000e+02
3.464444444439999984e+02 3.052777777779999724e+02
3.880000000000000000e+02 3.050000000000000000e+02
5.056111111110000138e+02 3.055555555560000016e+02
1.986904761899999983e+02 3.063571428569999853e+02
1.047941176469999931e+02 3.079117647059999854e+02
1.672500000000000000e+02 3.081250000000000000e+02
7.331818181799999934e+01 3.087727272729999868e+02
5.748846153849999610e+02 3.092692307689999893e+02
2.830000000000000000e+02 3.097857142859999726e+02
4.047941176470000073e+02 3.100882352940000146e+02
1.816818181820000007e+02 3.113181818180000278e+02
4.783000000000000114e+02 3.113999999999999773e+02
1.438888888900000040e+01 3.137777777779999724e+02
4.408999999999999773e+02 3.128999999999999773e+02
5.483947368420000430e+02 3.150789473680000015e+02
2.961000000000000227e+02 3.155400000000000205e+02
2.397857142860000010e+02 3.160000000000000000e+02
3.159444444439999984e+02 3.158888888889999862e+02
3.614090909089999855e+02 3.175909090910000145e+02
4.622500000000000000e+02 3.181666666670000154e+02
3.396818181819999722e+02 3.193181818180000278e+02
4.112142857140000274e+02 3.190000000000000000e+02
2.678125000000000000e+02 3.203750000000000000e+02
5.100000000000000000e+01 3.210000000000000000e+02
1.154090909089999997e+02 3.224090909089999855e+02
7.503846153800000707e+01 3.226538461540000071e+02
4.285666666669999927e+02 3.231000000000000227e+02
4.976176470589999781e+02 3.229117647059999854e+02
5.326111111110000138e+02 3.237777777779999724e+02
3.181363636359999987e+02 3.249545454550000159e+02
2.553888888889999862e+02 3.267777777779999724e+02
1.460526315799999963e+01 3.280789473680000015e+02
3.914545454550000159e+02 3.272272727270000132e+02
4.667307692310000107e+02 3.268846153850000178e+02
4.832500000000000000e+02 3.271666666670000154e+02
3.702631578900000164e+01 3.281842105260000153e+02
1.646904761899999983e+02 3.283571428569999853e+02
1.842894736840000007e+02 3.281315789469999800e+02
2.162142857139999990e+02 3.280000000000000000e+02
1.933666666670000041e+02 3.289666666670000268e+02
5.163421052630000077e+02 3.296578947369999923e+02
8.986842105300000583e+01 3.307105263160000277e+02
3.803666666670000041e+02 3.320333333329999732e+02
5.750000000000000000e+02 3.320000000000000000e+02
1.357777777780000008e+02 3.343333333329999846e+02
4.533888888889999862e+02 3.344444444439999984e+02
7.700000000000000000e+01 3.347857142859999726e+02
3.527727272729999868e+02 3.360000000000000000e+02
2.308846153849999894e+02 3.358846153850000178e+02
1.487500000000000000e+02 3.392500000000000000e+02
5.510000000000000000e+02 3.410000000000000000e+02
4.351470588239999984e+02 3.420294117650000203e+02
5.397857142860000295e+02 3.420000000000000000e+02
1.136250000000000000e+02 3.431875000000000000e+02
1.743947368419999862e+02 3.435000000000000000e+02
3.294523809519999986e+02 3.436904761900000267e+02
4.143333333329999846e+02 3.436111111110000138e+02
5.111538461500000352e+01 3.441153846149999822e+02
3.992857142859999726e+02 3.437857142859999726e+02
5.025000000000000000e+02 3.440000000000000000e+02
2.816578947369999923e+02 3.464473684210000215e+02
3.017222222220000276e+02 3.460000000000000000e+02
5.199666666670000268e+02 3.463666666670000041e+02
5.709705882350000365e+02 3.461470588239999984e+02
2.129615384619999929e+02 3.466538461540000071e+02
3.720000000000000284e+01 3.485000000000000000e+02
2.573823529410000219e+02 3.480882352940000146e+02
8.650000000000000000e+01 3.490000000000000000e+02
3.778846153850000178e+02 3.488846153850000178e+02
4.631000000000000227e+02 3.498999999999999773e+02
4.796764705879999724e+02 3.511470588239999984e+02
1.272222222199999919e+01 3.520000000000000000e+02
6.588461538500000358e+01 3.517307692310000107e+02
1.973823529409999935e+02 3.520882352940000146e+02
2.364000000000000057e+02 3.534499999999999886e+02
5.545909090909999577e+02 3.541363636359999987e+02
4.990454545449999841e+02 3.551363636359999987e+02
3.571363636359999987e+02 3.565909090910000145e+02
1.547222222219999992e+02 3.581111111110000138e+02
2.588999999999999773e+02 3.592200000000000273e+02
3.721190476190000140e+02 3.583571428569999853e+02
9.797058823499999392e+01 3.598529411760000016e+02
1.305000000000000000e+02 3.600000000000000000e+02
2.962272727270000132e+02 3.610000000000000000e+02
4.155000000000000000e+02 3.595833333329999846e+02
1.720333333330000016e+02 3.615666666669999927e+02
5.422692307690000462e+02 3.611153846149999822e+02
3.496666666699999837e+01 3.623666666670000041e+02
3.151666666670000154e+02 3.615833333329999846e+02
3.381000000000000227e+02 3.621000000000000227e+02
4.498529411760000016e+02 3.620294117650000203e+02
5.171153846150000390e+02 3.617307692310000107e+02
5.765499999999999545e+02 3.626000000000000227e+02
4.500000000000000000e+01 3.630000000000000000e+02
2.780000000000000000e+02 3.630000000000000000e+02
4.651250000000000000e+02 3.637500000000000000e+02
2.168846153849999894e+02 3.638846153850000178e+02
1.165000000000000000e+02 3.664583333329999846e+02
4.843000000000000114e+02 3.675666666669999927e+02
2.467500000000000000e+02 3.683500000000000227e+02
4.352500000000000000e+02 3.678333333329999846e+02
8.454545454499999835e+01 3.701818181819999722e+02
1.905909090909999861e+02 3.701363636359999987e+02
2.136363636400000132e+01 3.720454545449999841e+02
6.250000000000000000e+01 3.720000000000000000e+02
5.063571428569999853e+02 3.723095238099999733e+02
3.983823529410000219e+02 3.730882352940000146e+02
3.502500000000000000e+02 3.738750000000000000e+02
1.341923076920000142e+02 3.765769230770000036e+02
1.505000000000000000e+02 3.765000000000000000e+02
2.258333333330000130e+02 3.764166666670000154e+02
5.896666666669999586e+02 3.763333333329999846e+02
3.779117647059999854e+02 3.773823529410000219e+02
2.875909090910000145e+02 3.795909090910000145e+02
5.581000000000000227e+02 3.807500000000000000e+02
4.145625000000000000e+02 3.817500000000000000e+02
5.295000000000000000e+02 3.818529411760000016e+02
3.106333333329999959e+02 3.820333333329999732e+02
4.515000000000000000e+02 3.825000000000000000e+02
1.829210526319999985e+02 3.846052631580000138e+02
3.710625000000000000e+02 3.842500000000000000e+02
2.060999999999999943e+02 3.848999999999999773e+02
2.734444444439999984e+02 3.857222222220000276e+02
1.620882352939999862e+02 3.863823529410000219e+02
4.611000000000000227e+02 3.871000000000000227e+02
9.285714290000000037e-01 3.877857142859999726e+02
7.377777777800000081e+01 3.883888888889999862e+02
1.004285714290000016e+02 3.878571428569999853e+02
1.200000000000000000e+02 3.895000000000000000e+02
4.238235294100000061e+01 3.900882352940000146e+02
1.380999999999999943e+02 3.911000000000000227e+02
9.599999999999999645e+00 3.924499999999999886e+02
5.435000000000000000e+02 3.925000000000000000e+02
3.925000000000000000e+02 3.930000000000000000e+02
4.371153846149999822e+02 3.931153846149999822e+02
5.757105263160000277e+02 3.931315789469999800e+02
3.280000000000000000e+02 3.940000000000000000e+02
4.076904761900000267e+02 3.943571428569999853e+02
3.427105263160000277e+02 3.968684210530000200e+02
4.988846153850000178e+02 3.958846153850000178e+02
5.252142857139999705e+02 3.960000000000000000e+02
5.800000000000000000e+01 3.970000000000000000e+02
2.775769230770000036e+02 3.969615384620000214e+02
4.836578947369999923e+02 3.973421052630000077e+02
5.169117647059999854e+02 3.983823529410000219e+02
8.970000000000000284e+01 3.995000000000000000e+02
1.092142857139999990e+02 4.000000000000000000e+02
2.170000000000000000e+02 4.005000000000000000e+02
1.766250000000000000e+02 4.013750000000000000e+02
2.005000000000000000e+02 4.020000000000000000e+02
3.013000000000000114e+02 4.030000000000000000e+02
1.695999999999999943e+02 4.035500000000000114e+02
4.581875000000000000e+02 4.033750000000000000e+02
2.356578947369999923e+02 4.056578947369999923e+02
3.075000000000000000e+01 4.058333333329999846e+02
4.000000000000000000e+01 4.075000000000000000e+02
1.207000000000000028e+02 4.070000000000000000e+02
3.268571428569999853e+02 4.067857142859999726e+02
5.585000000000000000e+02 4.075000000000000000e+02
4.757380952380000281e+02 4.087857142859999726e+02
5.728999999999999773e+02 4.091000000000000227e+02
3.638999999999999773e+02 4.104599999999999795e+02
3.905909090910000145e+02 4.101363636359999987e+02
5.305625000000000000e+02 4.102500000000000000e+02
7.221428571399999896e+01 4.120000000000000000e+02
2.592222222220000276e+02 4.123888888889999862e+02
2.883125000000000000e+02 4.118125000000000000e+02
4.996578947369999923e+02 4.123421052630000077e+02
5.115000000000000000e+02 4.118333333329999846e+02
1.488333333330000130e+02 4.145000000000000000e+02
4.264333333330000073e+02 4.138999999999999773e+02
2.052500000000000000e+02 4.151666666670000154e+02
4.025000000000000000e+02 4.158333333329999846e+02
1.409090908999999892e+00 4.171363636359999987e+02
2.417500000000000000e+02 4.168333333329999846e+02
3.505000000000000000e+02 4.175000000000000000e+02
5.925000000000000000e+01 4.197500000000000000e+02
9.521428571399999896e+01 4.200000000000000000e+02
2.175000000000000000e+01 4.209375000000000000e+02
1.847857142860000010e+02 4.230000000000000000e+02
2.290000000000000000e+02 4.233500000000000227e+02
4.379666666670000268e+02 4.246333333329999959e+02
5.420000000000000000e+02 4.242777777779999724e+02
5.626666666669999586e+02 4.245000000000000000e+02
1.127105263159999993e+02 4.251315789469999800e+02
3.081000000000000227e+02 4.255666666669999927e+02
3.792826086960000112e+02 4.258913043480000056e+02
1.695909090909999861e+02 4.271363636359999987e+02
3.172142857140000274e+02 4.270000000000000000e+02
5.234047619049999867e+02 4.276904761900000267e+02
3.957222222220000276e+02 4.280555555560000016e+02
4.588333333329999846e+02 4.285476190480000014e+02
4.150000000000000000e+01 4.295000000000000000e+02
2.406111111110000138e+02 4.307777777779999724e+02
1.568636363640000013e+02 4.304090909089999855e+02
4.157272727270000132e+02 4.317727272729999868e+02
2.943750000000000000e+02 4.316250000000000000e+02
5.450000000000000000e+01 4.315000000000000000e+02
3.438999999999999773e+02 4.331000000000000227e+02
5.012142857140000274e+02 4.330000000000000000e+02
2.630833333329999846e+02 4.342500000000000000e+02
7.368181818200000066e+01 4.364090909089999855e+02
5.360000000000000000e+02 4.355000000000000000e+02
5.832142857139999705e+02 4.350000000000000000e+02
4.833333332999999676e+00 4.363888888889999862e+02
9.427777777800000081e+01 4.370000000000000000e+02
1.385909090909999861e+02 4.374090909089999855e+02
2.085000000000000000e+02 4.375000000000000000e+02
3.650454545449999841e+02 4.378636363640000013e+02
4.317352941180000130e+02 4.383235294120000276e+02
4.821999999999999886e+02 4.383000000000000114e+02
2.826111111110000138e+02 4.388333333329999846e+02
2.308846153849999894e+02 4.411153846149999822e+02
1.955000000000000000e+02 4.415000000000000000e+02
5.602500000000000000e+02 4.418333333329999846e+02
1.730000000000000000e+02 4.430000000000000000e+02
2.578846153850000178e+02 4.432692307689999893e+02
3.047173913039999888e+02 4.436304347829999983e+02
3.280000000000000000e+02 4.441666666670000154e+02
3.596250000000000000e+02 4.433750000000000000e+02
5.100000000000000000e+01 4.465000000000000000e+02
9.014705882399999837e+01 4.464411764710000057e+02
1.721428571399999896e+01 4.470000000000000000e+02
1.105999999999999943e+02 4.474499999999999886e+02
3.908750000000000000e+02 4.467500000000000000e+02
4.077500000000000000e+02 4.478333333329999846e+02
3.757500000000000000e+02 4.488333333329999846e+02
4.655000000000000000e+02 4.493181818180000278e+02
5.142500000000000000e+02 4.489375000000000000e+02
1.523823529409999935e+02 4.516176470589999781e+02
4.363181818180000278e+02 4.506818181819999722e+02
4.863999999999999773e+02 4.515500000000000114e+02
4.444375000000000000e+02 4.522500000000000000e+02
2.112272727270000132e+02 4.535454545449999841e+02
3.335000000000000000e+02 4.543636363640000013e+02
5.041250000000000000e+02 4.542500000000000000e+02
2.400000000000000000e+02 4.550000000000000000e+02
2.765000000000000000e+02 4.550000000000000000e+02
3.165000000000000000e+02 4.545000000000000000e+02
1.997105263159999993e+02 4.571315789469999800e+02
5.714500000000000455e+02 4.573999999999999773e+02
2.570000000000000000e+02 4.595000000000000000e+02
4.237222222220000276e+02 4.590000000000000000e+02
4.619444444439999984e+02 4.593888888889999862e+02
3.410000000000000142e+01 4.608999999999999773e+02
1.370000000000000000e+02 4.613000000000000114e+02
3.641153846149999822e+02 4.621153846149999822e+02
5.449117647059999854e+02 4.626176470589999781e+02
6.244736842100000018e+01 4.637105263160000277e+02
3.977727272729999868e+02 4.655454545449999841e+02
7.657894737000000340e+00 4.663421052630000077e+02
1.067666666669999955e+02 4.665000000000000000e+02
1.477500000000000000e+02 4.665000000000000000e+02
1.742500000000000000e+02 4.660833333329999846e+02
3.470000000000000000e+02 4.665000000000000000e+02
5.208529411759999448e+02 4.675000000000000000e+02
5.575000000000000000e+02 4.671666666670000154e+02
2.776250000000000000e+02 4.681875000000000000e+02
3.032500000000000000e+02 4.701250000000000000e+02
2.788461538500000003e+01 4.721153846149999822e+02
3.208999999999999773e+02 4.718999999999999773e+02
1.258846153850000036e+02 4.728846153850000178e+02
2.334285714289999873e+02 4.733571428569999853e+02
4.383750000000000000e+02 4.738125000000000000e+02
5.213636363599999868e+01 4.734090909089999855e+02
5.736176470589999781e+02 4.739117647059999854e+02
8.400000000000000000e+01 4.745000000000000000e+02
5.058846153850000178e+02 4.748846153850000178e+02
4.876578947369999923e+02 4.766578947369999923e+02
2.103823529409999935e+02 4.779117647059999854e+02
6.321428571399999896e+01 4.790000000000000000e+02
1.621875000000000000e+02 4.796875000000000000e+02
3.740000000000000000e+02 4.790000000000000000e+02
4.750000000000000000e+02 4.797222222220000276e+02
4.533000000000000114e+02 4.795000000000000000e+02
5.427777777779999724e+02 4.798888888889999862e+02
1.250000000000000000e+01 4.815000000000000000e+02
1.905000000000000000e+02 4.806999999999999886e+02
2.586428571430000147e+02 4.815714285710000127e+02
1.042500000000000000e+02 4.821250000000000000e+02
3.477777777779999724e+02 4.836111111110000138e+02
3.851153846149999822e+02 4.831153846149999822e+02
4.000000000000000000e+02 4.837222222220000276e+02
2.318846153849999894e+02 4.841153846149999822e+02
9.050000000000000000e+01 4.867857142859999726e+02
1.333421052630000077e+02 4.876578947369999923e+02
4.220000000000000000e+02 4.867857142859999726e+02
5.716428571430000147e+02 4.876904761900000267e+02
1.807500000000000000e+02 4.879375000000000000e+02
2.770000000000000000e+02 4.887222222220000276e+02
3.666250000000000000e+02 4.883750000000000000e+02
4.998750000000000000e+02 4.903750000000000000e+02
5.878333333330000414e+02 4.899666666670000268e+02
5.192142857139999705e+02 4.910000000000000000e+02
2.064090909090000139e+02 4.918636363640000013e+02
2.573666666670000041e+02 4.919666666670000268e+02
2.983461538459999929e+02 4.920384615379999786e+02
5.289999999999999858e+01 4.938999999999999773e+02
3.162058823529999927e+02 4.946176470589999781e+02
4.897777777779999724e+02 4.943888888889999862e+02
4.450000000000000000e+02 4.950000000000000000e+02
4.000000000000000000e+01 4.960000000000000000e+02
1.925000000000000000e+02 4.977666666669999813e+02
1.715000000000000000e+02 4.975000000000000000e+02
3.488999999999999773e+02 4.985666666669999927e+02
6.786363636400000132e+01 4.990454545449999841e+02
1.510000000000000000e+02 4.990000000000000000e+02
4.054499999999999886e+02 5.017500000000000000e+02
4.650000000000000000e+02 5.010000000000000000e+02
1.250000000000000000e+02 5.022142857140000274e+02
2.077777777800000081e+01 5.032222222220000276e+02
2.260333333330000016e+02 5.036333333329999959e+02
4.255000000000000000e+02 5.036176470589999781e+02
1.143181818179999993e+02 5.052272727270000132e+02
1.422500000000000000e+02 5.040625000000000000e+02
5.391666666669999586e+02 5.036111111110000138e+02
3.798000000000000114e+02 5.053999999999999773e+02
5.595000000000000000e+02 5.050384615379999786e+02
5.000000000000000000e-01 5.050000000000000000e+02
5.080000000000000000e+02 5.062142857140000274e+02
5.216538461540000071e+02 5.060384615379999786e+02
2.831153846149999822e+02 5.071153846149999822e+02
3.650000000000000000e+02 5.085000000000000000e+02
8.444444444399999838e+01 5.130000000000000000e+02
2.999166666670000154e+02 5.126666666669999586e+02
4.825000000000000000e+02 5.128529411759999448e+02
4.975000000000000000e+02 5.128529411759999448e+02
5.798684210530000200e+02 5.122894736839999723e+02
2.428846153849999894e+02 5.134230769230000533e+02
2.615000000000000000e+02 5.130000000000000000e+02
1.595454545450000126e+02 5.153636363639999445e+02
2.080000000000000000e+02 5.140000000000000000e+02
3.187307692310000107e+02 5.138846153849999610e+02
3.315000000000000000e+02 5.160000000000000000e+02
7.279166666700000121e+01 5.175000000000000000e+02
4.875000000000000000e+01 5.178333333330000414e+02
4.494090909089999855e+02 5.181363636360000555e+02
4.056578947369999923e+02 5.196578947369999923e+02
1.285666666669999927e+02 5.211000000000000227e+02
3.600000000000000000e+01 5.220000000000000000e+02
2.331428571429999863e+02 5.227142857139999705e+02
3.507222222220000276e+02 5.220000000000000000e+02
4.368846153850000178e+02 5.222692307690000462e+02
1.788333333330000130e+02 5.244166666669999586e+02
5.105000000000000000e+02 5.240000000000000000e+02
5.422857142860000295e+02 5.249285714290000442e+02
5.598571428569999853e+02 5.245714285709999558e+02
2.611153846149999822e+02 5.251153846150000390e+02
1.021470588239999984e+02 5.260294117649999635e+02
2.815000000000000000e+02 5.275000000000000000e+02
4.615000000000000000e+02 5.290714285709999558e+02
1.924000000000000057e+02 5.295499999999999545e+02
3.878333333329999846e+02 5.296333333329999959e+02
3.214473684210000215e+02 5.308157894739999847e+02
2.153000000000000114e+02 5.315000000000000000e+02
1.265789473699999945e+01 5.336578947369999923e+02
2.442500000000000000e+02 5.329375000000000000e+02
3.638000000000000114e+02 5.343999999999999773e+02
4.801250000000000000e+02 5.342500000000000000e+02
5.462500000000000000e+01 5.368750000000000000e+02
1.500000000000000000e+02 5.365000000000000000e+02
3.462500000000000000e+02 5.358750000000000000e+02
2.354499999999999886e+02 5.383999999999999773e+02
2.961153846149999822e+02 5.378846153849999610e+02
5.555000000000000000e+02 5.380000000000000000e+02
4.189666666670000268e+02 5.396333333329999959e+02
4.389210526319999985e+02 5.396052631579999570e+02
5.814500000000000455e+02 5.396000000000000227e+02
7.261111111099999960e+01 5.409444444440000552e+02
1.202500000000000000e+02 5.407500000000000000e+02
3.821153846149999822e+02 5.408846153849999610e+02
4.956578947369999923e+02 5.413421052630000077e+02
1.715000000000000000e+02 5.422999999999999545e+02
5.195000000000000000e+02 5.422999999999999545e+02
1.881500000000000057e+02 5.431499999999999773e+02
4.099666666670000268e+02 5.433666666670000041e+02
3.611904761899999983e+01 5.450238095239999438e+02
5.374500000000000455e+02 5.443999999999999773e+02
1.364000000000000057e+02 5.465499999999999545e+02
2.620000000000000000e+02 5.485000000000000000e+02
3.285909090910000145e+02 5.515909090909999577e+02
5.578571428600000104e+01 5.515000000000000000e+02
5.523999999999999773e+02 5.522000000000000455e+02
5.671086956520000513e+02 5.530217391300000145e+02
2.313181818179999993e+02 5.526818181820000291e+02
3.140000000000000000e+02 5.525000000000000000e+02
2.128571428570000137e+02 5.547142857139999705e+02
4.341000000000000227e+02 5.548999999999999773e+02
4.486333333329999959e+02 5.549666666670000268e+02
1.049117647059999996e+02 5.566176470589999781e+02
1.607500000000000000e+02 5.571250000000000000e+02
3.820333333329999732e+02 5.576333333329999959e+02
5.240000000000000000e+02 5.567857142860000295e+02
5.901666666669999586e+02 5.570000000000000000e+02
1.100000000000000000e+01 5.580000000000000000e+02
4.728888888889999862e+02 5.588888888889999862e+02
5.101153846149999822e+02 5.591153846150000390e+02
3.545000000000000000e+02 5.610000000000000000e+02
7.588461538500000358e+01 5.621153846150000390e+02
2.525555555560000016e+02 5.627222222220000276e+02
1.201666666670000012e+02 5.634166666669999586e+02
3.450000000000000000e+01 5.636538461540000071e+02
2.825000000000000000e+02 5.636538461540000071e+02
3.445000000000000000e+02 5.636538461540000071e+02
1.832777777780000008e+02 5.640555555559999448e+02
1.460000000000000000e+02 5.645000000000000000e+02
2.985000000000000000e+02 5.645000000000000000e+02
5.780000000000000000e+02 5.645000000000000000e+02
