3.950000000000000000e+01 5.000000000000000000e-01
8.750000000000000000e+01 5.000000000000000000e-01
1.055000000000000000e+02 1.500000000000000000e+00
1.724411764710000057e+02 1.735294118000000108e+00
2.245000000000000000e+02 1.000000000000000000e+00
3.175000000000000000e+02 5.000000000000000000e-01
4.351000000000000227e+02 6.999999999999999556e-01
4.680000000000000000e+02 8.333333330000000094e-01
5.672142857139999705e+02 9.285714290000000037e-01
4.400000000000000355e+00 3.549999999999999822e+00
2.785000000000000000e+02 3.500000000000000000e+00
3.724090909089999855e+02 3.409090909000000114e+00
4.896176470589999781e+02 4.088235294000000408e+00
5.823095238099999733e+02 4.642857142999999631e+00
3.540882352940000146e+02 5.617647059000000276e+00
5.357692307699999645e+01 8.500000000000000000e+00
2.550882352939999862e+02 8.088235294000000408e+00
5.221428571430000147e+02 8.714285714000000738e+00
5.556538461540000071e+02 8.038461537999999962e+00
1.547777777780000008e+02 9.611111110999999596e+00
7.640909090899999967e+01 9.863636363999999546e+00
1.937666666670000097e+02 1.083333333300000056e+01
5.077500000000000000e+02 1.075000000000000000e+01
3.325000000000000000e+01 1.175000000000000000e+01
1.361666666669999870e+02 1.150000000000000000e+01
3.946250000000000000e+02 1.037500000000000000e+01
4.081000000000000227e+02 1.090000000000000036e+01
3.276578947369999923e+02 1.234210526300000055e+01
5.433823529410000219e+02 1.250000000000000000e+01
9.090000000000000568e+01 1.290000000000000036e+01
3.038809523809999860e+02 1.335714285699999948e+01
4.200000000000000000e+02 1.427777777800000081e+01
4.479375000000000000e+02 1.425000000000000000e+01
1.771153846150000106e+02 1.488461538500000003e+01
5.163888888889999862e+02 1.777777777800000081e+01
1.029761904759999993e+02 1.888095238100000017e+01
5.666176470589999781e+02 1.808823529400000041e+01
2.121470588239999984e+02 1.950000000000000000e+01
2.420000000000000000e+02 2.050000000000000000e+01
4.576999999999999886e+02 2.000000000000000000e+01
3.730882352940000146e+02 2.138235294100000061e+01
4.673947368419999862e+02 2.307894736800000146e+01
5.783888888889999862e+02 2.277777777800000081e+01
1.252777777780000008e+02 2.300000000000000000e+01
3.497380952380000281e+02 2.711904761899999983e+01
2.322222222199999919e+01 2.761111111099999960e+01
1.578888888889999862e+02 2.783333333299999879e+01
4.140000000000000000e+02 2.700000000000000000e+01
3.210000000000000000e+02 2.800000000000000000e+01
4.967857142859999726e+02 2.800000000000000000e+01
5.550000000000000000e+01 2.900000000000000000e+01
2.002857142860000010e+02 2.885714285699999948e+01
7.932608695700000112e+01 3.093478260899999910e+01
2.720000000000000000e+02 3.100000000000000000e+01
3.055000000000000000e+02 3.100000000000000000e+01
3.910000000000000142e+01 3.300000000000000000e+01
1.017857142860000010e+02 3.300000000000000000e+01
2.920000000000000000e+02 3.300000000000000000e+01
5.396333333329999959e+02 3.296666666699999837e+01
5.592999999999999545e+02 3.329999999999999716e+01
3.930000000000000000e+02 3.350000000000000000e+01
5.260000000000000000e+02 3.500000000000000000e+01
5.898636363639999445e+02 3.550000000000000000e+01
1.770000000000000000e+02 3.600000000000000000e+01
2.425769230770000036e+02 3.611538461500000352e+01
3.398125000000000000e+02 3.637500000000000000e+01
2.513000000000000114e+02 3.700000000000000000e+01
3.858333333329999846e+02 3.725000000000000000e+01
4.490000000000000000e+02 3.772222222199999919e+01
6.509999999999999432e+01 3.910000000000000142e+01
1.475714285710000127e+02 3.885714285699999948e+01
3.650000000000000000e+02 3.850000000000000000e+01
1.180000000000000071e+01 4.035000000000000142e+01
2.216818181820000007e+02 3.968181818200000066e+01
4.326176470589999781e+02 3.991176470599999959e+01
5.025500000000000114e+02 4.025000000000000000e+01
4.835000000000000000e+02 4.200000000000000000e+01
4.091000000000000227e+02 4.389999999999999858e+01
1.586111111110000138e+02 4.555555555600000162e+01
2.632222222220000276e+02 4.661111111099999960e+01
2.955555555560000016e+02 4.672222222199999919e+01
3.541000000000000227e+02 4.610000000000000142e+01
5.701250000000000000e+02 4.625000000000000000e+01
9.204166666700000121e+01 4.879166666700000121e+01
1.203823529409999935e+02 4.808823529400000041e+01
1.447500000000000000e+02 4.925000000000000000e+01
2.325454545450000126e+02 4.922727272699999901e+01
3.636333333329999959e+02 4.903333333300000163e+01
3.901428571430000147e+02 5.121428571399999896e+01
2.588461538500000003e+01 5.211538461500000352e+01
3.115000000000000000e+02 5.280769230800000003e+01
4.100000000000000000e+01 5.300000000000000000e+01
4.500000000000000000e+00 5.400000000000000000e+01
6.638888888900000040e+01 5.477777777800000081e+01
3.355000000000000000e+02 5.350000000000000000e+01
5.169615384620000214e+02 5.434615384599999999e+01
5.398571428569999853e+02 5.378571428600000104e+01
2.016578947369999923e+02 5.734210526300000055e+01
2.820000000000000000e+02 5.721428571399999896e+01
4.940000000000000000e+02 5.678571428600000104e+01
8.881250000000000000e+01 5.856250000000000000e+01
4.425000000000000000e+02 5.800000000000000000e+01
5.531190476189999572e+02 5.854761904800000138e+01
5.663888888889999862e+02 5.844444444399999838e+01
1.810454545450000126e+02 5.963636363599999868e+01
3.816666666670000154e+02 5.933333333299999879e+01
4.196578947369999923e+02 6.065789473699999945e+01
4.623947368419999862e+02 6.050000000000000000e+01
5.293235294119999708e+02 6.085294117600000163e+01
1.080000000000000000e+02 6.100000000000000000e+01
2.536176470590000065e+02 6.191176470599999959e+01
2.600000000000000000e+01 6.421428571399999896e+01
1.212000000000000028e+02 6.579999999999999716e+01
1.600000000000000000e+02 6.621428571399999896e+01
2.202142857139999990e+02 6.700000000000000000e+01
3.403571428569999853e+02 6.742857142900000156e+01
5.838846153849999610e+02 6.711538461499999642e+01
5.150000000000000000e+01 6.950000000000000000e+01
3.503947368419999862e+02 6.950000000000000000e+01
4.799545454550000159e+02 6.886363636400000132e+01
4.545000000000000000e+02 7.029999999999999716e+01
1.959000000000000057e+02 7.090000000000000568e+01
2.745000000000000000e+02 7.150000000000000000e+01
1.105000000000000000e+02 7.250000000000000000e+01
2.407777777780000008e+02 7.361111111099999960e+01
1.522142857139999990e+02 7.400000000000000000e+01
3.968529411760000016e+02 7.397058823499999392e+01
4.282142857140000274e+02 7.400000000000000000e+01
4.930000000000000000e+02 7.400000000000000000e+01
3.020000000000000000e+02 7.470000000000000284e+01
3.168999999999999773e+02 7.509999999999999432e+01
4.130625000000000000e+02 7.675000000000000000e+01
4.735294117999999663e+00 7.897058823499999392e+01
7.965384615399999291e+01 7.796153846199999293e+01
2.900000000000000000e+01 8.100000000000000000e+01
2.796363636359999987e+02 8.095454545500000165e+01
2.237500000000000000e+02 8.116666666700000121e+01
3.863999999999999773e+02 8.254999999999999716e+01
4.650000000000000000e+02 8.178571428600000104e+01
5.726176470589999781e+02 8.208823529400000041e+01
5.367647058800000082e+01 8.344117647100000568e+01
5.107857142859999726e+02 8.300000000000000000e+01
1.331923076920000142e+02 8.442307692299999644e+01
1.796500000000000057e+02 8.420000000000000284e+01
5.390000000000000000e+02 8.400000000000000000e+01
2.135000000000000000e+02 8.685294117600000163e+01
9.808823529400000041e+01 8.761764705900000649e+01
1.534411764710000057e+02 8.767647058800000082e+01
2.415000000000000000e+02 8.650000000000000000e+01
3.705000000000000000e+02 8.763636363599999868e+01
3.292777777779999724e+02 8.800000000000000000e+01
4.825000000000000000e+02 8.900000000000000000e+01
4.542500000000000000e+02 9.008333333299999879e+01
2.614523809519999986e+02 9.311904761899999983e+01
7.737500000000000000e+01 9.237500000000000000e+01
1.091666666670000012e+02 9.350000000000000000e+01
5.277857142860000295e+02 9.300000000000000000e+01
5.500000000000000000e+02 9.300000000000000000e+01
3.098846153850000178e+02 9.388461538500000358e+01
4.376000000000000227e+02 9.554999999999999716e+01
4.988750000000000000e+02 9.525000000000000000e+01
5.677500000000000000e+02 9.575000000000000000e+01
1.905000000000000000e+02 9.600000000000000000e+01
1.789666666669999984e+02 9.736666666700000405e+01
2.305000000000000000e+02 9.850000000000000000e+01
3.462647058819999870e+02 9.873529411799999878e+01
4.741363636359999987e+02 9.795454545500000165e+01
5.588461538499999648e+01 9.888461538500000358e+01
5.877777777779999724e+02 9.938888888900000040e+01
3.013095238099999733e+02 1.006428571430000005e+02
4.121000000000000227e+02 9.990000000000000568e+01
1.508823529400000041e+01 1.016176470590000065e+02
1.480000000000000000e+02 1.012142857139999990e+02
4.555000000000000000e+02 1.021666666670000012e+02
1.310333333330000016e+02 1.036333333329999959e+02
9.390000000000000568e+01 1.050999999999999943e+02
4.879117647059999854e+02 1.063823529409999935e+02
5.497857142860000295e+02 1.067380952379999997e+02
3.936666666699999695e+01 1.069666666669999984e+02
2.528333333330000130e+02 1.069444444439999984e+02
3.248999999999999773e+02 1.080999999999999943e+02
2.081923076920000142e+02 1.085000000000000000e+02
2.727857142859999726e+02 1.090000000000000000e+02
3.091000000000000227e+02 1.090999999999999943e+02
1.045666666670000069e+02 1.110999999999999943e+02
1.709615384619999929e+02 1.106538461539999929e+02
4.293461538459999929e+02 1.107307692309999965e+02
5.197222222220000276e+02 1.110000000000000000e+02
1.233461538460000071e+02 1.119615384619999929e+02
3.678529411760000016e+02 1.125588235289999943e+02
3.932500000000000000e+02 1.118333333329999988e+02
2.512500000000000000e+01 1.157500000000000000e+02
5.377857142860000295e+02 1.150000000000000000e+02
1.871153846150000106e+02 1.158846153850000036e+02
2.457222222219999992e+02 1.159444444439999984e+02
6.706521739100000445e+01 1.176739130429999989e+02
2.920000000000000000e+02 1.175000000000000000e+02
4.010000000000000000e+02 1.175000000000000000e+02
5.660833333330000414e+02 1.184166666670000012e+02
4.696333333329999959e+02 1.199666666669999984e+02
1.430294117649999919e+02 1.228529411760000016e+02
2.593421052630000077e+02 1.226578947370000066e+02
4.491666666670000154e+02 1.216111111109999996e+02
2.208846153849999894e+02 1.228846153850000036e+02
3.351153846149999822e+02 1.231153846149999964e+02
5.898333333330000414e+02 1.229444444439999984e+02
3.151923076919999858e+02 1.245769230770000036e+02
3.626578947369999923e+02 1.244473684209999931e+02
1.300000000000000000e+01 1.267857142860000010e+02
4.260000000000000000e+02 1.275000000000000000e+02
4.944090909089999855e+02 1.274090909089999997e+02
1.624499999999999886e+02 1.285999999999999943e+02
1.736698113209999974e+02 1.472442348010000046e+02
5.224500000000000455e+02 1.285999999999999943e+02
5.480384615379999786e+02 1.276538461539999929e+02
4.670000000000000000e+02 1.292142857139999990e+02
5.000000000000000000e+01 1.302142857139999990e+02
9.431818181799999934e+01 1.296818181820000007e+02
5.755000000000000000e+02 1.303000000000000114e+02
2.147105263159999993e+02 1.311315789470000084e+02
1.209782608699999997e+02 1.331086956519999944e+02
2.111538461499999997e+01 1.341153846150000106e+02
3.323333333299999737e+01 1.358333333330000130e+02
1.327857142860000010e+02 1.351428571429999863e+02
2.402142857139999990e+02 1.350000000000000000e+02
3.773000000000000114e+02 1.350000000000000000e+02
3.010000000000000000e+02 1.365000000000000000e+02
8.277777778000000808e+00 1.380000000000000000e+02
6.900000000000000000e+01 1.375000000000000000e+02
3.879666666670000268e+02 1.383666666670000041e+02
4.453823529410000219e+02 1.380882352939999862e+02
2.755000000000000000e+02 1.386999999999999886e+02
3.410000000000000000e+02 1.390000000000000000e+02
4.125000000000000000e+02 1.407352941180000130e+02
5.425000000000000000e+02 1.400000000000000000e+02
2.588999999999999773e+02 1.429000000000000057e+02
4.846538461540000071e+02 1.429615384619999929e+02
1.508846153849999894e+02 1.438846153849999894e+02
2.005000000000000000e+02 1.460000000000000000e+02
1.223125000000000000e+02 1.473125000000000000e+02
4.289545454550000159e+02 1.465000000000000000e+02
5.028999999999999773e+02 1.470999999999999943e+02
3.141923076919999858e+02 1.479615384619999929e+02
5.841363636360000555e+02 1.475909090909999861e+02
2.081153846150000106e+02 1.492692307689999893e+02
3.586000000000000227e+02 1.495500000000000114e+02
8.350000000000000000e+01 1.507105263159999993e+02
3.339499999999999886e+02 1.505999999999999943e+02
3.936176470589999781e+02 1.510882352939999862e+02
5.623666666670000041e+02 1.508333333330000130e+02
1.023181818179999993e+02 1.537727272729999868e+02
4.794090909089999855e+02 1.534090909090000139e+02
4.750000000000000000e+01 1.555000000000000000e+02
7.127777777800000081e+01 1.550000000000000000e+02
1.378846153849999894e+02 1.548846153849999894e+02
4.577857142859999726e+02 1.550000000000000000e+02
7.375000000000000000e+00 1.571250000000000000e+02
2.449285714289999873e+02 1.573095238100000017e+02
2.362500000000000000e+02 1.587500000000000000e+02
4.430000000000000000e+02 1.582142857139999990e+02
5.263823529410000219e+02 1.580882352939999862e+02
2.654499999999999886e+02 1.597500000000000000e+02
3.096904761900000267e+02 1.594047619049999867e+02
4.907380952380000281e+02 1.611190476190000140e+02
2.880882352940000146e+02 1.613823529409999935e+02
5.456333333329999959e+02 1.609666666669999984e+02
5.774090909090000423e+02 1.615909090909999861e+02
2.465789473699999945e+01 1.633421052630000077e+02
1.802391304349999928e+02 1.634565217390000100e+02
3.720333333329999732e+02 1.633666666670000041e+02
4.056000000000000227e+02 1.643000000000000114e+02
4.488461538499999648e+01 1.651153846150000106e+02
6.000000000000000000e+00 1.665000000000000000e+02
3.215000000000000000e+02 1.665000000000000000e+02
3.558636363640000013e+02 1.654090909090000139e+02
7.140000000000000568e+01 1.685500000000000114e+02
2.723750000000000000e+02 1.680000000000000000e+02
5.120882352940000146e+02 1.686176470590000065e+02
2.115000000000000000e+02 1.686999999999999886e+02
2.853750000000000000e+02 1.683750000000000000e+02
4.312222222220000276e+02 1.693888888889999862e+02
5.592500000000000000e+02 1.708750000000000000e+02
1.020000000000000000e+02 1.720000000000000000e+02
4.837500000000000000e+02 1.726500000000000057e+02
5.831000000000000227e+02 1.721500000000000057e+02
1.239000000000000057e+02 1.760999999999999943e+02
4.600000000000000000e+02 1.765000000000000000e+02
8.650000000000000000e+01 1.770000000000000000e+02
1.680000000000000000e+02 1.775000000000000000e+02
2.850333333329999732e+02 1.786333333329999959e+02
4.963999999999999773e+02 1.795500000000000114e+02
2.428181818179999993e+02 1.806363636359999987e+02
1.425000000000000000e+02 1.815000000000000000e+02
3.351923076919999858e+02 1.815769230770000036e+02
5.350000000000000000e+02 1.815000000000000000e+02
2.050000000000000000e+01 1.823000000000000114e+02
2.037857142860000010e+02 1.841190476190000140e+02
3.956000000000000227e+02 1.835500000000000114e+02
4.090000000000000000e+02 1.832142857139999990e+02
3.539117647059999854e+02 1.846176470590000065e+02
3.732647058819999870e+02 1.845000000000000000e+02
4.403823529410000219e+02 1.840882352939999862e+02
4.766666666999999968e+00 1.855000000000000000e+02
2.206578947369999923e+02 1.863421052630000077e+02
5.235000000000000000e+02 1.865000000000000000e+02
5.707352941179999561e+02 1.877352941180000130e+02
1.100000000000000000e+02 1.895000000000000000e+02
4.678846153850000178e+02 1.891153846150000106e+02
2.499000000000000057e+02 1.899000000000000057e+02
5.418181818200000066e+01 1.916818181820000007e+02
2.054523809519999986e+02 1.916904761899999983e+02
3.000000000000000000e+02 1.925000000000000000e+02
3.862500000000000000e+01 1.941666666669999870e+02
4.238333333329999846e+02 1.932333333329999903e+02
1.400000000000000000e+01 1.940000000000000000e+02
3.178846153850000178e+02 1.941153846150000106e+02
4.888529411760000016e+02 1.945000000000000000e+02
1.300384615380000071e+02 1.963461538459999929e+02
1.858846153849999894e+02 1.958846153849999894e+02
8.591176470599999959e+01 1.972058823529999927e+02
2.775000000000000000e+02 1.965000000000000000e+02
3.499117647059999854e+02 1.973823529409999935e+02
5.015555555560000016e+02 1.977222222219999992e+02
5.905000000000000000e+02 1.980000000000000000e+02
1.490000000000000000e+02 1.995000000000000000e+02
8.088235294000000408e+00 2.006176470590000065e+02
3.998571428569999853e+02 2.002142857139999990e+02
4.488333333329999846e+02 1.997500000000000000e+02
4.604090909089999855e+02 2.004090909090000139e+02
1.655000000000000000e+02 2.010000000000000000e+02
1.111428571430000005e+02 2.027142857139999990e+02
2.372142857139999990e+02 2.030000000000000000e+02
2.872500000000000000e+02 2.028750000000000000e+02
3.766578947369999923e+02 2.036578947369999923e+02
5.563999999999999773e+02 2.038000000000000114e+02
6.700000000000000000e+01 2.043000000000000114e+02
5.377666666669999813e+02 2.048333333330000130e+02
2.198636363640000013e+02 2.060454545450000126e+02
2.982222222220000276e+02 2.063888888889999862e+02
2.585000000000000000e+02 2.077105263159999993e+02
3.352500000000000000e+02 2.077500000000000000e+02
4.147631578950000062e+02 2.078684210529999916e+02
5.216538461540000071e+02 2.090384615380000071e+02
4.300000000000000000e+01 2.097857142860000010e+02
1.960000000000000000e+02 2.112777777780000008e+02
2.686578947369999923e+02 2.126578947369999923e+02
3.152058823529999927e+02 2.136176470590000065e+02
3.865000000000000000e+02 2.130000000000000000e+02
2.900000000000000000e+01 2.140000000000000000e+02
8.373076923099999647e+01 2.138846153849999894e+02
3.695666666669999927e+02 2.149000000000000057e+02
1.278125000000000000e+02 2.164375000000000000e+02
4.298571428569999853e+02 2.164285714289999873e+02
5.016538461540000071e+02 2.159615384619999929e+02
5.713666666670000041e+02 2.159666666669999984e+02
4.839117647059999854e+02 2.172058823529999927e+02
2.120000000000000000e+02 2.173000000000000114e+02
2.280000000000000000e+02 2.182142857139999990e+02
3.435000000000000000e+02 2.187105263159999993e+02
5.522142857139999705e+02 2.180000000000000000e+02
1.142142857139999990e+02 2.190000000000000000e+02
1.575000000000000000e+02 2.187857142860000010e+02
4.581666666670000154e+02 2.186111111110000138e+02
5.396000000000000227e+02 2.205500000000000114e+02
4.136363635999999566e+00 2.209545454549999874e+02
7.529999999999999716e+01 2.220000000000000000e+02
2.858846153850000178e+02 2.263846153849999894e+02
9.450000000000000000e+01 2.245000000000000000e+02
1.818333333330000130e+02 2.241666666669999870e+02
2.908823529400000041e+01 2.256176470590000065e+02
4.020000000000000000e+02 2.270000000000000000e+02
5.160000000000000000e+02 2.270000000000000000e+02
5.895909090909999577e+02 2.271363636359999987e+02
5.440909090899999967e+01 2.288636363640000013e+02
1.270000000000000000e+02 2.295000000000000000e+02
4.456999999999999886e+02 2.285000000000000000e+02
3.335000000000000000e+02 2.300000000000000000e+02
5.770000000000000000e+02 2.305000000000000000e+02
3.808823529400000041e+01 2.313823529409999935e+02
2.500294117649999919e+02 2.316176470590000065e+02
4.947777777779999724e+02 2.313888888889999862e+02
1.520000000000000000e+02 2.325000000000000000e+02
2.023888888889999862e+02 2.337777777780000008e+02
8.472222222199999919e+01 2.340000000000000000e+02
2.617777777779999724e+02 2.343888888889999862e+02
4.709117647059999854e+02 2.346176470590000065e+02
3.590833333329999846e+02 2.356666666669999870e+02
1.065789473699999945e+01 2.366578947369999923e+02
3.051000000000000227e+02 2.360999999999999943e+02
4.265000000000000000e+02 2.360000000000000000e+02
1.600000000000000000e+02 2.375000000000000000e+02
3.882777777779999724e+02 2.390000000000000000e+02
9.831818181799999934e+01 2.413181818179999993e+02
5.592894736839999723e+02 2.414473684209999931e+02
2.242222222219999992e+02 2.423888888889999862e+02
3.491153846149999822e+02 2.418846153849999894e+02
2.444130434779999916e+02 2.440652173910000045e+02
6.063333333300000305e+01 2.439666666669999984e+02
2.910000000000000000e+02 2.450000000000000000e+02
4.311153846149999822e+02 2.452692307689999893e+02
3.758571428569999853e+02 2.467142857139999990e+02
4.825909090910000145e+02 2.481363636359999987e+02
4.031190476190000140e+02 2.492619047620000003e+02
5.095000000000000000e+02 2.490000000000000000e+02
5.330000000000000000e+02 2.487857142860000010e+02
1.824166666669999870e+02 2.501666666669999870e+02
2.879411764700000020e+01 2.512058823529999927e+02
8.259999999999999432e+01 2.514499999999999886e+02
1.142857142860000010e+02 2.511428571429999863e+02
1.543461538459999929e+02 2.509615384619999929e+02
2.150384615380000071e+02 2.513461538459999929e+02
1.367142857139999990e+02 2.516428571429999863e+02
4.757142857140000274e+02 2.518571428570000137e+02
5.763750000000000000e+02 2.521875000000000000e+02
2.696578947369999923e+02 2.536578947369999923e+02
3.618846153850000178e+02 2.528846153849999894e+02
4.570000000000000000e+02 2.530000000000000000e+02
2.007400000000000091e+02 2.571800000000000068e+02
2.255000000000000000e+02 2.561315789469999800e+02
3.273125000000000000e+02 2.563750000000000000e+02
5.462500000000000000e+02 2.567500000000000000e+02
4.821428571399999896e+01 2.580000000000000000e+02
3.089117647059999854e+02 2.583823529410000219e+02
3.855000000000000000e+02 2.580000000000000000e+02
4.965000000000000000e+02 2.585000000000000000e+02
1.715000000000000000e+02 2.610000000000000000e+02
2.520000000000000000e+02 2.610000000000000000e+02
2.861153846149999822e+02 2.621153846149999822e+02
3.155500000000000114e+02 2.636000000000000227e+02
4.081000000000000227e+02 2.641000000000000227e+02
1.760000000000000142e+01 2.654499999999999886e+02
1.020789473680000015e+02 2.676052631580000138e+02
1.428846153849999894e+02 2.668846153850000178e+02
4.262500000000000000e+02 2.677500000000000000e+02
3.877777777800000081e+01 2.683888888889999862e+02
1.895000000000000000e+02 2.695000000000000000e+02
6.459999999999999432e+01 2.701999999999999886e+02
8.750000000000000000e+01 2.711470588239999984e+02
1.232999999999999972e+02 2.710000000000000000e+02
3.566176470589999781e+02 2.709117647059999854e+02
4.960000000000000000e+02 2.715000000000000000e+02
5.246333333329999959e+02 2.709666666670000268e+02
5.835000000000000000e+02 2.715000000000000000e+02
1.125000000000000000e+00 2.717500000000000000e+02
4.492142857140000274e+02 2.728571428569999853e+02
5.618846153849999610e+02 2.731153846149999822e+02
3.026999999999999886e+02 2.735000000000000000e+02
4.637142857140000274e+02 2.738571428569999853e+02
2.375000000000000000e+02 2.753000000000000114e+02
3.400000000000000000e+02 2.750000000000000000e+02
3.770000000000000000e+02 2.745000000000000000e+02
5.021111111110000138e+02 2.751666666670000154e+02
2.775000000000000000e+02 2.760000000000000000e+02
4.010000000000000000e+02 2.758999999999999773e+02
4.788571428569999853e+02 2.757857142859999726e+02
5.355000000000000000e+02 2.766999999999999886e+02
1.489130434800000025e+01 2.820217391300000145e+02
1.581666666669999870e+02 2.814166666670000154e+02
2.084523809519999986e+02 2.816904761900000267e+02
1.310999999999999943e+02 2.828999999999999773e+02
2.300000000000000000e+02 2.827857142859999726e+02
5.483461538459999929e+02 2.830384615379999786e+02
5.693421052630000077e+02 2.836578947369999923e+02
4.403947368419999862e+02 2.850789473680000015e+02
2.515909090909999861e+02 2.865909090910000145e+02
6.968181818200000066e+01 2.873181818180000278e+02
1.126176470590000065e+02 2.872058823529999927e+02
1.709615384619999929e+02 2.866538461540000071e+02
3.521470588239999984e+02 2.869705882349999797e+02
4.713947368419999862e+02 2.869210526319999985e+02
3.121428571430000147e+02 2.887142857140000274e+02
4.942307692300000355e+01 2.888076923080000142e+02
9.200000000000000000e+01 2.890000000000000000e+02
4.052142857140000274e+02 2.890000000000000000e+02
2.760000000000000000e+02 2.895000000000000000e+02
2.848846153850000178e+02 2.898846153850000178e+02
3.671363636359999987e+02 2.905909090910000145e+02
1.826111111110000138e+02 2.928333333329999846e+02
2.028846153849999894e+02 2.921153846149999822e+02
3.881000000000000227e+02 2.918999999999999773e+02
4.570882352940000146e+02 2.936176470589999781e+02
1.582500000000000000e+02 2.950625000000000000e+02
4.899705882349999797e+02 2.951470588239999984e+02
5.318999999999999773e+02 2.951000000000000227e+02
6.204545454499999835e+01 2.961363636359999987e+02
2.897058823500000102e+01 2.973823529410000219e+02
2.964523809519999986e+02 2.986904761900000267e+02
5.905000000000000000e+02 2.980000000000000000e+02
3.671470588239999984e+02 2.995000000000000000e+02
4.190000000000000000e+02 2.990000000000000000e+02
3.350333333329999732e+02 3.006333333329999959e+02
4.048157894739999847e+02 3.005526315789999785e+02
1.666333333329999959e+02 3.010333333329999732e+02
3.740000000000000213e+00 3.041800000000000068e+02
1.259500000000000028e+02 3.036000000000000227e+02
2.381250000000000000e+02 3.032500000000000000e+02
5.122500000000000000e+02 3.028750000000000000e+02
7.875000000000000000e+01 3.051666666670000154e+02
5.582500000000000000e+02 3.057500000000000000e+02
4.433823529410000219e+02 3.060882352940000146e+02
3.199210526319999985e+02 3.070789473680000015e+02
2.177777777800000081e+01 3.083888888889999862e+02
2.760000000000000000e+02 3.082142857140000274e+02
2.560000000000000000e+02 3.090000000000000000e+02
5.817857142860000295e+02 3.090000000000000000e+02
4.514705882399999837e+01 3.105000000000000000e+02
2.257352941180000130e+02 3.102647058819999870e+02
4.872222222220000276e+02 3.103888888889999862e+02
9.600000000000000000e+01 3.115000000000000000e+02
1.509117647060000138e+02 3.116176470589999781e+02
3.816538461540000071e+02 3.111923076919999858e+02
3.492142857140000274e+02 3.130000000000000000e+02
4.668571428569999853e+02 3.132142857140000274e+02
2.033421052630000077e+02 3.143421052630000077e+02
5.345000000000000000e+02 3.140000000000000000e+02
1.755000000000000000e+02 3.156999999999999886e+02
4.995000000000000000e+02 3.160000000000000000e+02
1.225909090910000003e+02 3.175909090910000145e+02
1.628684210529999916e+02 3.187105263160000277e+02
5.540499999999999545e+02 3.206000000000000227e+02
7.857142860000000395e-01 3.216428571430000147e+02
9.165789473700000656e+01 3.216578947369999923e+02
2.197500000000000000e+02 3.211666666670000154e+02
2.437307692310000107e+02 3.213461538459999929e+02
3.980000000000000000e+02 3.217222222220000276e+02
6.688461538500000358e+01 3.221153846149999822e+02
4.196538461540000071e+02 3.220384615379999786e+02
5.766666666700000121e+01 3.235000000000000000e+02
2.962500000000000000e+02 3.237500000000000000e+02
5.698999999999999773e+02 3.241000000000000227e+02
3.344090909089999855e+02 3.251363636359999987e+02
4.358846153850000178e+02 3.248846153850000178e+02
5.886428571430000147e+02 3.256904761900000267e+02
3.605454545449999841e+02 3.277727272729999868e+02
5.236578947369999923e+02 3.273421052630000077e+02
2.015000000000000000e+02 3.288529411760000016e+02
2.720333333329999732e+02 3.296333333329999959e+02
3.110384615379999786e+02 3.286538461540000071e+02
6.450000000000000178e+00 3.306000000000000227e+02
1.532500000000000000e+02 3.307500000000000000e+02
4.897500000000000000e+02 3.301666666670000154e+02
1.281250000000000000e+02 3.317500000000000000e+02
4.707307692310000107e+02 3.308846153850000178e+02
3.730000000000000000e+02 3.325000000000000000e+02
3.189130434799999847e+01 3.344565217389999816e+02
2.523333333330000130e+02 3.343333333329999846e+02
4.141666666670000154e+02 3.349666666670000268e+02
5.536818181820000291e+02 3.346818181819999722e+02
2.375909090909999861e+02 3.358636363640000013e+02
3.030333333329999732e+02 3.366333333329999959e+02
4.454333333330000073e+02 3.361000000000000227e+02
5.027142857140000274e+02 3.358571428569999853e+02
5.332142857139999705e+02 3.360000000000000000e+02
1.071666666670000012e+02 3.367666666669999813e+02
1.790000000000000000e+02 3.370000000000000000e+02
3.230000000000000000e+02 3.370000000000000000e+02
3.435000000000000000e+02 3.375000000000000000e+02
5.650000000000000000e+01 3.383000000000000114e+02
7.300000000000000000e+01 3.392142857140000274e+02
3.428947368400000073e+01 3.408684210530000200e+02
2.778888888889999862e+02 3.413333333329999846e+02
2.158333333330000130e+02 3.407500000000000000e+02
2.509117647060000138e+02 3.419705882349999797e+02
9.309999999999999432e+01 3.441000000000000227e+02
4.671000000000000227e+02 3.438999999999999773e+02
3.918999999999999773e+02 3.461000000000000227e+02
4.856176470589999781e+02 3.470882352940000146e+02
5.796904761900000267e+02 3.473571428569999853e+02
4.282500000000000000e+02 3.478750000000000000e+02
5.276428571430000147e+02 3.485714285710000127e+02
1.314090909090000139e+02 3.495909090910000145e+02
1.920000000000000000e+02 3.495000000000000000e+02
3.600000000000000000e+02 3.486999999999999886e+02
3.710000000000000000e+02 3.490000000000000000e+02
1.691470588239999984e+02 3.509705882349999797e+02
1.485000000000000000e+02 3.522894736839999723e+02
4.473421052630000077e+02 3.533421052630000077e+02
3.340333333329999732e+02 3.546333333329999959e+02
4.080000000000000000e+02 3.572142857140000274e+02
2.759090909100000033e+01 3.581363636359999987e+02
5.898333333330000414e+02 3.579444444439999984e+02
6.926923076900000353e+01 3.593461538459999929e+02
1.055000000000000000e+02 3.593947368419999862e+02
3.033999999999999773e+02 3.594499999999999886e+02
5.598333333330000414e+02 3.586111111110000138e+02
1.450000000000000000e+01 3.601666666670000154e+02
2.098571428570000137e+02 3.602857142859999726e+02
8.384999999999999432e+01 3.618500000000000227e+02
4.975000000000000000e+02 3.606999999999999886e+02
2.318684210529999916e+02 3.622894736839999723e+02
2.670000000000000000e+02 3.620000000000000000e+02
5.101666666670000154e+02 3.615833333329999846e+02
5.358571428569999853e+02 3.622142857140000274e+02
5.000000000000000000e-01 3.615000000000000000e+02
5.111538461500000352e+01 3.642692307689999893e+02
1.886666666669999870e+02 3.634166666670000154e+02
2.850000000000000000e+02 3.646999999999999886e+02
3.211000000000000227e+02 3.661000000000000227e+02
3.945000000000000000e+02 3.660000000000000000e+02
4.265000000000000000e+02 3.660000000000000000e+02
3.695000000000000000e+02 3.680000000000000000e+02
1.690999999999999943e+02 3.698999999999999773e+02
4.653666666670000041e+02 3.709666666670000268e+02
5.733888888889999862e+02 3.727777777779999724e+02
1.425769230770000036e+02 3.729615384620000214e+02
3.418999999999999773e+02 3.741000000000000227e+02
4.193823529410000219e+02 3.740882352940000146e+02
5.297500000000000000e+02 3.741250000000000000e+02
1.194090909089999997e+02 3.755909090910000145e+02
4.845000000000000000e+02 3.761250000000000000e+02
5.506666666669999586e+02 3.761666666670000154e+02
2.108529411760000016e+02 3.775000000000000000e+02
4.420789473680000015e+02 3.776052631580000138e+02
5.914285714300000052e+01 3.787142857140000274e+02
1.590882352939999862e+02 3.783823529410000219e+02
2.465999999999999943e+02 3.785500000000000114e+02
3.866000000000000227e+02 3.790000000000000000e+02
9.900000000000000000e+01 3.790000000000000000e+02
2.476086956500000014e+01 3.806739130430000273e+02
2.310999999999999943e+02 3.805666666669999927e+02
5.014090909089999855e+02 3.804090909089999855e+02
3.877777777800000081e+01 3.816111111110000138e+02
1.927105263159999993e+02 3.815000000000000000e+02
2.660000000000000000e+02 3.820000000000000000e+02
8.050000000000000000e+01 3.835000000000000000e+02
3.251666666670000154e+02 3.845000000000000000e+02
5.813999999999999773e+02 3.844499999999999886e+02
2.925000000000000000e+02 3.855000000000000000e+02
1.690000000000000000e+02 3.860000000000000000e+02
3.621000000000000227e+02 3.868999999999999773e+02
3.995000000000000000e+02 3.870000000000000000e+02
4.836428571430000147e+02 3.883095238099999733e+02
3.098636363640000013e+02 3.885909090910000145e+02
4.676333333329999959e+02 3.889666666670000268e+02
1.280555555560000016e+02 3.916111111110000138e+02
3.513421052630000077e+02 3.926578947369999923e+02
4.186363636359999987e+02 3.930454545449999841e+02
5.028333333329999846e+02 3.913888888889999862e+02
5.148636363639999445e+02 3.938030303030000141e+02
1.409090908999999892e+00 3.938636363640000013e+02
6.677777777800000081e+01 3.956111111110000138e+02
1.788000000000000114e+02 3.958000000000000114e+02
2.117500000000000000e+02 3.968333333329999846e+02
2.835000000000000000e+02 3.965000000000000000e+02
1.445833333330000130e+02 3.978333333329999846e+02
2.321111111110000138e+02 3.981111111110000138e+02
3.094499999999999886e+02 3.991999999999999886e+02
5.361153846150000390e+02 3.981153846149999822e+02
5.603888888889999862e+02 3.987777777779999724e+02
1.607777777780000008e+02 4.006111111110000138e+02
3.697173913039999888e+02 4.005869565219999799e+02
4.358846153850000178e+02 4.001153846149999822e+02
1.172222222199999919e+01 4.010000000000000000e+02
4.844117647099999857e+01 4.023235294120000276e+02
1.926538461540000071e+02 4.030384615379999786e+02
2.559090909100000033e+01 4.038636363640000013e+02
1.045555555560000016e+02 4.046111111110000138e+02
8.750000000000000000e+01 4.055000000000000000e+02
3.840000000000000000e+02 4.055000000000000000e+02
4.265000000000000000e+02 4.060000000000000000e+02
4.480882352940000146e+02 4.066176470589999781e+02
5.170000000000000000e+02 4.060000000000000000e+02
5.827666666669999813e+02 4.061666666670000154e+02
1.414499999999999886e+02 4.083999999999999773e+02
4.081666666670000154e+02 4.092333333330000187e+02
3.440000000000000000e+02 4.117222222220000276e+02
1.268846153850000036e+02 4.118846153850000178e+02
2.682058823529999927e+02 4.132647058819999870e+02
3.311000000000000227e+02 4.131000000000000227e+02
1.000333333330000016e+02 4.153666666670000041e+02
2.203750000000000000e+02 4.158333333329999846e+02
2.492500000000000000e+02 4.148333333329999846e+02
5.348999999999999773e+02 4.155666666669999927e+02
1.100000000000000000e+01 4.160000000000000000e+02
4.734523809519999986e+02 4.166904761900000267e+02
4.907105263160000277e+02 4.165000000000000000e+02
7.750000000000000000e+01 4.190000000000000000e+02
1.698636363640000013e+02 4.185909090910000145e+02
3.040000000000000000e+02 4.187857142859999726e+02
3.737500000000000000e+02 4.192500000000000000e+02
5.497500000000000000e+02 4.197500000000000000e+02
1.903000000000000114e+02 4.196000000000000227e+02
2.025769230770000036e+02 4.211923076919999858e+02
5.692500000000000000e+02 4.211666666670000154e+02
5.008823529400000041e+01 4.226176470589999781e+02
2.851153846149999822e+02 4.218846153850000178e+02
4.192777777779999724e+02 4.230000000000000000e+02
4.466875000000000000e+02 4.231875000000000000e+02
3.242142857140000274e+02 4.250000000000000000e+02
4.820789473680000015e+02 4.266052631580000138e+02
3.910000000000000000e+02 4.265000000000000000e+02
5.125555555559999448e+02 4.277222222220000276e+02
5.900714285709999558e+02 4.272142857140000274e+02
2.372222222199999919e+01 4.290000000000000000e+02
3.661111111099999960e+01 4.283888888889999862e+02
3.501666666670000154e+02 4.294166666670000154e+02
9.000000000000000000e+01 4.307222222220000276e+02
1.315000000000000000e+02 4.306739130430000273e+02
1.485000000000000000e+02 4.305000000000000000e+02
2.096111111110000138e+02 4.308333333329999846e+02
2.640000000000000000e+02 4.307857142859999726e+02
1.156052631579999996e+02 4.330789473680000015e+02
2.996250000000000000e+02 4.323750000000000000e+02
4.637380952380000281e+02 4.348333333329999846e+02
3.296764705879999724e+02 4.360294117650000203e+02
3.708636363640000013e+02 4.344090909089999855e+02
2.469117647060000138e+02 4.362058823529999927e+02
6.575000000000000000e+01 4.375500000000000114e+02
2.795000000000000000e+02 4.365000000000000000e+02
5.747857142860000295e+02 4.381428571430000147e+02
2.110000000000000142e+01 4.388999999999999773e+02
3.913000000000000114e+02 4.388000000000000114e+02
4.508823529400000041e+01 4.403823529410000219e+02
1.905000000000000000e+02 4.405000000000000000e+02
4.247941176470000073e+02 4.407941176470000073e+02
5.006818181819999722e+02 4.413181818180000278e+02
5.518846153849999610e+02 4.408846153850000178e+02
5.378750000000000000e+02 4.435000000000000000e+02
4.643888888889999862e+02 4.441666666670000154e+02
5.208571428569999853e+02 4.457142857140000274e+02
1.600999999999999943e+02 4.458999999999999773e+02
2.348636363640000013e+02 4.455909090910000145e+02
1.805500000000000114e+02 4.471999999999999886e+02
3.555000000000000000e+02 4.462142857140000274e+02
4.000000000000000000e+02 4.470000000000000000e+02
2.638846153850000178e+02 4.478846153850000178e+02
5.723571428569999853e+02 4.486904761900000267e+02
1.195000000000000000e+02 4.523636363640000013e+02
1.346578947369999923e+02 4.516578947369999923e+02
2.978529411760000016e+02 4.509117647059999854e+02
4.540000000000000000e+02 4.517222222220000276e+02
2.835000000000000000e+02 4.527352941180000130e+02
8.213157894699999417e+01 4.532894736839999723e+02
2.190000000000000000e+02 4.535000000000000000e+02
3.818636363640000013e+02 4.524090909089999855e+02
4.959375000000000000e+02 4.532500000000000000e+02
4.797500000000000000e+02 4.546499999999999773e+02
3.989999999999999858e+01 4.548999999999999773e+02
5.387777777779999724e+02 4.552222222220000276e+02
4.320454545449999841e+02 4.558636363640000013e+02
6.991176470599999959e+01 4.573823529410000219e+02
5.893571428569999853e+02 4.577857142859999726e+02
2.479166666669999870e+02 4.582500000000000000e+02
1.000999999999999943e+02 4.591000000000000227e+02
2.646538461540000071e+02 4.590384615379999786e+02
1.465789473699999945e+01 4.603421052630000077e+02
1.907352941180000130e+02 4.612058823529999927e+02
3.194090909089999855e+02 4.608636363640000013e+02
3.693666666670000041e+02 4.609666666670000268e+02
4.158999999999999773e+02 4.608999999999999773e+02
1.690000000000000000e+02 4.622142857140000274e+02
3.376000000000000227e+02 4.631999999999999886e+02
4.680555555560000016e+02 4.646111111110000138e+02
5.745000000000000000e+02 4.657105263160000277e+02
2.301666666669999870e+02 4.664166666670000154e+02
3.557500000000000000e+02 4.658333333329999846e+02
8.611538461499999642e+01 4.668846153850000178e+02
1.556666666669999870e+02 4.675000000000000000e+02
5.082500000000000000e+02 4.670833333329999846e+02
4.442500000000000000e+02 4.691250000000000000e+02
4.876176470589999781e+02 4.690882352940000146e+02
4.030454545449999841e+02 4.706363636359999987e+02
2.167222222219999992e+02 4.714444444439999984e+02
5.293421052630000077e+02 4.713421052630000077e+02
2.590333333329999732e+02 4.723666666670000041e+02
3.775000000000000000e+02 4.720000000000000000e+02
5.519210526320000554e+02 4.746052631580000138e+02
2.841153846149999822e+02 4.748846153850000178e+02
1.188333333329999988e+02 4.762500000000000000e+02
4.459090909100000033e+01 4.771363636359999987e+02
2.990000000000000000e+02 4.780000000000000000e+02
2.316666666700000121e+01 4.792500000000000000e+02
1.956999999999999886e+02 4.785000000000000000e+02
3.210000000000000000e+02 4.805000000000000000e+02
3.390263157890000230e+02 4.811315789469999800e+02
4.300000000000000000e+02 4.797857142859999726e+02
1.404499999999999886e+02 4.813999999999999773e+02
7.121428571399999896e+01 4.820000000000000000e+02
1.748750000000000000e+02 4.827500000000000000e+02
1.558571428570000137e+02 4.837142857140000274e+02
4.988999999999999773e+02 4.838999999999999773e+02
3.289473683999999842e+00 4.855000000000000000e+02
2.389000000000000057e+02 4.865666666669999927e+02
4.558846153850000178e+02 4.861153846149999822e+02
5.258846153849999610e+02 4.858846153850000178e+02
5.625000000000000000e+02 4.865000000000000000e+02
4.081666666670000154e+02 4.871666666670000154e+02
1.088125000000000000e+02 4.883750000000000000e+02
5.422500000000000000e+02 4.885000000000000000e+02
4.730000000000000000e+02 4.890000000000000000e+02
3.825000000000000000e+02 4.903333333329999846e+02
5.793235294119999708e+02 4.906764705879999724e+02
2.508571428570000137e+02 4.917142857140000274e+02
4.826764705879999724e+02 4.933235294120000276e+02
8.463333333299999595e+01 4.941000000000000227e+02
1.553461538459999929e+02 4.940384615379999786e+02
3.650555555560000016e+02 4.939444444439999984e+02
3.240555555560000016e+02 4.953888888889999862e+02
3.100000000000000000e+01 4.960000000000000000e+02
1.259000000000000057e+02 4.958999999999999773e+02
2.128333333330000130e+02 4.957500000000000000e+02
2.826578947369999923e+02 4.963421052630000077e+02
2.214230769229999964e+02 4.976538461540000071e+02
3.053000000000000114e+02 4.975666666669999927e+02
5.896666666699999837e+01 4.996333333329999959e+02
5.052500000000000000e+02 4.998333333329999846e+02
5.446250000000000000e+02 4.993750000000000000e+02
7.486363636400000132e+01 5.022272727270000132e+02
4.384285714289999873e+02 5.017142857140000274e+02
4.571153846149999822e+02 5.022692307689999893e+02
2.611153846149999822e+02 5.028846153850000178e+02
5.695000000000000000e+02 5.030000000000000000e+02
3.440000000000000000e+02 5.042142857140000274e+02
3.685000000000000000e+02 5.032142857140000274e+02
4.176538461540000071e+02 5.040384615379999786e+02
6.309523809999999955e+00 5.055476190480000014e+02
1.730000000000000000e+02 5.050000000000000000e+02
1.940000000000000000e+02 5.062142857140000274e+02
2.405769230770000036e+02 5.061153846149999822e+02
3.985555555560000016e+02 5.065000000000000000e+02
5.290000000000000000e+02 5.060000000000000000e+02
9.322222222199999919e+01 5.086111111110000138e+02
3.135000000000000000e+02 5.080000000000000000e+02
1.064000000000000057e+02 5.111999999999999886e+02
1.426250000000000000e+02 5.114375000000000000e+02
1.893750000000000000e+01 5.122500000000000000e+02
4.425000000000000000e+01 5.118333333329999846e+02
3.874565217389999816e+02 5.125434782610000184e+02
4.720000000000000000e+02 5.120000000000000000e+02
2.791000000000000227e+02 5.141000000000000227e+02
5.391000000000000227e+02 5.165666666670000495e+02
1.769615384619999929e+02 5.166538461540000071e+02
3.583999999999999773e+02 5.174500000000000455e+02
4.566999999999999886e+02 5.165000000000000000e+02
2.132222222219999992e+02 5.186111111110000138e+02
4.317857142859999726e+02 5.180000000000000000e+02
5.575714285709999558e+02 5.182857142860000295e+02
2.251923076920000142e+02 5.194230769230000533e+02
2.973888888889999862e+02 5.186111111110000138e+02
4.910555555560000016e+02 5.193888888889999862e+02
3.381363636359999987e+02 5.199545454550000159e+02
5.860000000000000000e+02 5.200000000000000000e+02
3.543478261000000185e+00 5.227608695650000072e+02
5.190263157890000230e+02 5.231315789469999800e+02
3.828636363640000013e+02 5.229545454550000159e+02
1.587727272729999868e+02 5.243181818179999709e+02
6.759999999999999432e+01 5.254500000000000455e+02
9.233333333299999879e+01 5.257777777779999724e+02
1.358571428570000137e+02 5.252857142860000295e+02
2.900000000000000000e+01 5.260000000000000000e+02
2.015555555560000016e+02 5.267222222220000276e+02
4.124473684210000215e+02 5.271315789469999800e+02
2.681153846149999822e+02 5.278846153849999610e+02
3.133999999999999773e+02 5.285499999999999545e+02
5.173529411799999878e+01 5.300882352940000146e+02
2.521315789470000084e+02 5.308684210530000200e+02
5.866000000000000227e+02 5.305499999999999545e+02
5.617142857139999705e+02 5.332857142860000295e+02
1.125000000000000000e+02 5.345000000000000000e+02
5.369736842109999770e+02 5.345000000000000000e+02
1.691999999999999886e+02 5.352000000000000455e+02
4.247142857140000274e+02 5.348571428569999853e+02
4.460000000000000000e+02 5.360000000000000000e+02
3.064999999999999858e+01 5.373500000000000227e+02
2.795500000000000114e+02 5.373999999999999773e+02
4.677777777779999724e+02 5.373888888889999862e+02
4.900000000000000000e+02 5.375000000000000000e+02
5.000000000000000000e-01 5.375000000000000000e+02
2.175909090909999861e+02 5.391363636360000555e+02
3.710000000000000000e+02 5.402777777779999724e+02
1.822222222199999919e+01 5.413888888889999862e+02
5.145000000000000000e+02 5.405000000000000000e+02
3.333421052630000077e+02 5.446578947369999923e+02
3.498846153850000178e+02 5.441153846150000390e+02
1.495000000000000000e+02 5.450000000000000000e+02
2.294499999999999886e+02 5.456000000000000227e+02
2.998846153850000178e+02 5.451153846150000390e+02
3.898999999999999773e+02 5.448999999999999773e+02
4.017307692310000107e+02 5.451153846150000390e+02
7.997058823499999392e+01 5.468529411759999448e+02
5.031875000000000000e+02 5.463750000000000000e+02
1.019117647059999996e+02 5.476176470589999781e+02
3.115000000000000000e+02 5.467000000000000455e+02
6.035714285699999948e+01 5.490714285709999558e+02
1.270000000000000000e+02 5.500000000000000000e+02
2.701153846149999822e+02 5.491153846150000390e+02
4.749210526319999985e+02 5.496052631579999570e+02
4.536999999999999886e+02 5.507000000000000455e+02
1.887500000000000000e+02 5.515499999999999545e+02
2.043461538459999929e+02 5.510384615379999786e+02
1.600000000000000000e+01 5.542142857139999705e+02
2.826176470589999781e+02 5.540882352940000146e+02
2.499705882350000081e+02 5.551470588240000552e+02
5.767173913039999888e+02 5.558913043479999487e+02
3.450000000000000000e+01 5.560000000000000000e+02
4.261875000000000000e+02 5.573750000000000000e+02
5.327857142860000295e+02 5.568571428569999853e+02
5.497105263160000277e+02 5.588684210530000200e+02
1.709666666669999984e+02 5.596333333329999959e+02
3.741000000000000227e+02 5.591000000000000227e+02
2.300000000000000000e+02 5.600000000000000000e+02
8.378571428600000104e+01 5.610000000000000000e+02
4.922142857140000274e+02 5.617857142860000295e+02
3.633571428569999853e+02 5.627857142860000295e+02
1.390789473680000015e+02 5.632894736839999723e+02
3.060000000000000000e+02 5.627857142860000295e+02
3.205000000000000000e+02 5.642500000000000000e+02
3.355000000000000000e+02 5.645000000000000000e+02
