1.310000000000000000e+02 5.000000000000000000e-01
1.576875000000000000e+02 1.687500000000000000e+00
2.275000000000000000e+02 1.000000000000000000e+00
3.150000000000000000e+02 1.000000000000000000e+00
3.515000000000000000e+02 2.000000000000000000e+00
4.806578947369999923e+02 2.657894736999999896e+00
5.855000000000000000e+02 1.500000000000000000e+00
4.850000000000000000e+01 4.333333332999999676e+00
1.917222222219999992e+02 4.444444444000000161e+00
3.647173913039999888e+02 6.586956522000000369e+00
4.063823529410000219e+02 6.088235294000000408e+00
5.027777777779999724e+02 6.611111110999999596e+00
5.527857142860000295e+02 6.000000000000000000e+00
6.762500000000000000e+01 6.375000000000000000e+00
2.775000000000000000e+02 7.000000000000000000e+00
3.014047619049999867e+02 7.928571428999999782e+00
3.245000000000000000e+02 7.710526316000000158e+00
3.893000000000000114e+02 6.500000000000000000e+00
5.196333333329999959e+02 7.033333332999999854e+00
3.150000000000000000e+01 8.500000000000000000e+00
4.442333333330000187e+02 9.833333333000000565e+00
4.519166666670000154e+02 9.250000000000000000e+00
1.390000000000000000e+02 1.050000000000000000e+01
2.319666666669999984e+02 1.063333333299999950e+01
9.171428571399999896e+01 1.085714285699999948e+01
2.090999999999999943e+02 1.109999999999999964e+01
4.169375000000000000e+02 1.125000000000000000e+01
2.588684210530000200e+02 1.228947368400000073e+01
5.361153846150000390e+02 1.411538461499999997e+01
1.706999999999999886e+02 1.450000000000000000e+01
5.070882352940000146e+02 1.638235294100000061e+01
1.028809523810000002e+02 1.726190476200000035e+01
5.308823529400000041e+01 1.938235294100000061e+01
3.188529411760000016e+02 2.050000000000000000e+01
5.630000000000000000e+02 2.072222222199999919e+01
6.958695652199999415e+01 2.206521739100000090e+01
2.865000000000000000e+02 2.233333333299999879e+01
5.786578947369999923e+02 2.265789473699999945e+01
1.027857142860000010e+02 2.400000000000000000e+01
3.540652173909999760e+02 2.441304347799999874e+01
4.941923076919999858e+02 2.457692307700000001e+01
1.400000000000000000e+01 2.572222222199999919e+01
1.991153846150000106e+02 2.488461538500000003e+01
4.663823529410000219e+02 2.491176470599999959e+01
1.209444444439999984e+02 2.638888888900000040e+01
1.586111111110000138e+02 2.677777777800000081e+01
2.666999999999999886e+02 2.550000000000000000e+01
3.731000000000000227e+02 2.656666666699999979e+01
5.033571428569999853e+02 2.730952381000000173e+01
3.850000000000000000e+01 2.750000000000000000e+01
3.621666666670000154e+02 2.925000000000000000e+01
4.129285714289999873e+02 2.950000000000000000e+01
1.356538461540000071e+02 3.003846153799999996e+01
2.551363636359999987e+02 2.995454545500000165e+01
3.021153846149999822e+02 2.988461538500000003e+01
3.883888888889999862e+02 3.016666666700000121e+01
4.457105263160000277e+02 3.186842105299999872e+01
5.217500000000000000e+02 3.112500000000000000e+01
5.330000000000000000e+02 3.121428571399999896e+01
5.566333333329999959e+02 3.096666666699999837e+01
5.869444444440000552e+02 3.150000000000000000e+01
6.434615384600000709e+01 3.280769230800000003e+01
1.744000000000000057e+02 3.345000000000000284e+01
2.328846153849999894e+02 3.288461538499999648e+01
3.367941176470000073e+02 3.426470588200000122e+01
3.791363636359999987e+02 3.340909090899999967e+01
4.243421052630000077e+02 3.434210526300000055e+01
7.400000000000000355e+00 3.645000000000000284e+01
2.170000000000000000e+02 3.550000000000000000e+01
8.192857142900000156e+01 3.840476190500000087e+01
1.579000000000000057e+02 3.810000000000000142e+01
4.063823529410000219e+02 3.791176470599999959e+01
2.935000000000000000e+02 3.914705882399999837e+01
3.808823529400000041e+01 4.038235294100000061e+01
1.996666666699999837e+01 4.163333333300000305e+01
3.657500000000000000e+02 4.312500000000000000e+01
4.775000000000000000e+02 4.385294117600000163e+01
1.136176470590000065e+02 4.391176470599999959e+01
1.985000000000000000e+02 4.585294117600000163e+01
3.875000000000000000e+00 4.625000000000000000e+01
3.890384615379999786e+02 4.565384615400000001e+01
1.335000000000000000e+02 4.750000000000000000e+01
2.635000000000000000e+02 4.700000000000000000e+01
3.136538461540000071e+02 4.726923076900000353e+01
3.316111111110000138e+02 4.683333333299999879e+01
5.710714285709999558e+02 4.750000000000000000e+01
2.317500000000000000e+02 4.875000000000000000e+01
3.440882352940000146e+02 4.838235294100000061e+01
4.875000000000000000e+02 4.800000000000000000e+01
5.408999999999999773e+02 4.789999999999999858e+01
1.858809523809999860e+02 4.950000000000000000e+01
5.090000000000000000e+02 4.978571428600000104e+01
6.586842105300000583e+01 5.171052631599999927e+01
4.211315789469999800e+02 5.250000000000000000e+01
4.430000000000000000e+02 5.250000000000000000e+01
4.657857142859999726e+02 5.300000000000000000e+01
8.800000000000000000e+01 5.521428571399999896e+01
2.798750000000000000e+02 5.625000000000000000e+01
1.037500000000000000e+02 5.783333333299999879e+01
4.803000000000000114e+02 5.760000000000000142e+01
5.858846153849999610e+02 5.911538461500000352e+01
2.405000000000000000e+02 6.016666666700000121e+01
5.440454545449999841e+02 6.063636363599999868e+01
5.664444444440000552e+02 6.061111111099999960e+01
1.182999999999999972e+02 6.050000000000000000e+01
2.130625000000000000e+02 6.125000000000000000e+01
3.350000000000000000e+02 6.100000000000000000e+01
1.667500000000000000e+02 6.191666666700000121e+01
2.518684210529999916e+02 6.228947368400000073e+01
3.732500000000000000e+02 6.187500000000000000e+01
5.240000000000000000e+02 6.350000000000000000e+01
3.118999999999999773e+02 6.389999999999999858e+01
3.929705882349999797e+02 6.585294117600000163e+01
2.686333333329999959e+02 6.603333333300000163e+01
4.431363636359999987e+02 6.704545454499999835e+01
2.100000000000000000e+01 6.800000000000000000e+01
3.500000000000000000e+02 6.800000000000000000e+01
4.240000000000000000e+02 6.878571428600000104e+01
4.545000000000000284e+01 7.040000000000000568e+01
1.919000000000000057e+02 6.990000000000000568e+01
2.931666666670000154e+02 6.975000000000000000e+01
4.901428571430000147e+02 7.042857142900000156e+01
1.125000000000000000e+02 7.050000000000000000e+01
1.440000000000000000e+02 7.100000000000000000e+01
4.606176470589999781e+02 7.138235294099999351e+01
5.323529412000000072e+00 7.267647058800000082e+01
1.277500000000000000e+02 7.216666666700000121e+01
5.868999999999999773e+02 7.340000000000000568e+01
4.143947368419999862e+02 7.507894736800000146e+01
5.151000000000000227e+02 7.390000000000000568e+01
7.550000000000000000e+01 7.500000000000000000e+01
5.661875000000000000e+02 7.568750000000000000e+01
5.450000000000000000e+01 7.583333333299999879e+01
2.827857142859999726e+02 7.678571428600000104e+01
3.050000000000000000e+01 7.902631578899999454e+01
3.323666666670000041e+02 7.896666666699999837e+01
3.878529411760000016e+02 7.950000000000000000e+01
1.771315789470000084e+02 8.002631578899999454e+01
2.391666666669999870e+02 7.883333333299999879e+01
2.550263157889999945e+02 8.018421052600000110e+01
9.697058823499999392e+01 8.214705882399999837e+01
5.311000000000000227e+02 8.290000000000000568e+01
2.230000000000000000e+02 8.421428571399999896e+01
4.430000000000000000e+02 8.421428571399999896e+01
3.137857142859999726e+02 8.500000000000000000e+01
3.664130434780000201e+02 8.645652173899999582e+01
4.821000000000000227e+02 8.490000000000000568e+01
5.868333333330000414e+02 8.605555555600000162e+01
1.560999999999999943e+02 8.709999999999999432e+01
4.245000000000000000e+02 8.750000000000000000e+01
5.525000000000000000e+02 8.785294117600000163e+01
1.691153846150000106e+02 8.926923076900000353e+01
4.952142857140000274e+02 8.900000000000000000e+01
7.637500000000000000e+01 8.962500000000000000e+01
2.088529411760000016e+02 9.250000000000000000e+01
1.016666666699999944e+01 9.303333333300000163e+01
1.069666666669999984e+02 9.463333333299999595e+01
1.240000000000000000e+02 9.521428571399999896e+01
5.657500000000000000e+02 9.525000000000000000e+01
2.495000000000000000e+02 9.650000000000000000e+01
3.432777777779999724e+02 9.700000000000000000e+01
4.646538461540000071e+02 9.703846153800000707e+01
2.765000000000000000e+02 9.800000000000000000e+01
2.897777777779999724e+02 9.838888888900000040e+01
4.002142857140000274e+02 9.800000000000000000e+01
5.238846153849999610e+02 9.788461538500000358e+01
5.419347826089999671e+02 9.841304347800000585e+01
4.287500000000000000e+01 1.007500000000000000e+02
5.700000000000000000e+01 1.000000000000000000e+02
1.862500000000000000e+02 9.993750000000000000e+01
3.711000000000000227e+02 9.990000000000000568e+01
3.890384615379999786e+02 1.003461538460000071e+02
1.389285714289999873e+02 1.014285714290000016e+02
8.500000000000000000e+01 1.030000000000000000e+02
2.243421052630000077e+02 1.036578947370000066e+02
3.300000000000000000e+02 1.035000000000000000e+02
4.562692307689999893e+02 1.033461538460000071e+02
4.842222222220000276e+02 1.033888888890000004e+02
5.065000000000000000e+02 1.051470588239999984e+02
2.561764705899999939e+01 1.069117647059999996e+02
4.263666666670000041e+02 1.090333333330000016e+02
2.075000000000000000e+02 1.099285714290000016e+02
2.870000000000000000e+02 1.105000000000000000e+02
5.845000000000000000e+02 1.100000000000000000e+02
4.435000000000000000e+02 1.110000000000000000e+02
5.341153846150000390e+02 1.111153846149999964e+02
1.058846153850000036e+02 1.121153846149999964e+02
1.631666666669999870e+02 1.117500000000000000e+02
3.040000000000000000e+02 1.125000000000000000e+02
2.436250000000000000e+02 1.126250000000000000e+02
5.649545454550000159e+02 1.128636363640000013e+02
4.003421052630000077e+02 1.145526315790000069e+02
1.184285714290000016e+02 1.151428571430000005e+02
7.006000000000000227e+01 1.169000000000000057e+02
3.411153846149999822e+02 1.161153846149999964e+02
3.584499999999999886e+02 1.165999999999999943e+02
2.566000000000000227e+02 1.187000000000000028e+02
4.713888888889999862e+02 1.182222222219999992e+02
3.170000000000000000e+02 1.190000000000000000e+02
1.478571428599999926e+01 1.200000000000000000e+02
2.200000000000000000e+02 1.212142857139999990e+02
5.035000000000000000e+02 1.215000000000000000e+02
5.250000000000000000e+01 1.218750000000000000e+02
1.862500000000000000e+02 1.218333333329999988e+02
5.658333333330000414e+02 1.217500000000000000e+02
1.446111111110000138e+02 1.232222222219999992e+02
8.770000000000000284e+01 1.235000000000000000e+02
1.675999999999999943e+02 1.244500000000000028e+02
2.073947368419999862e+02 1.250789473680000015e+02
1.145000000000000000e+02 1.265000000000000000e+02
3.764090909089999855e+02 1.258636363640000013e+02
1.261153846149999964e+02 1.271153846149999964e+02
2.346176470590000065e+02 1.273235294119999992e+02
4.390625000000000000e+02 1.282500000000000000e+02
5.527857142860000295e+02 1.280000000000000000e+02
4.260882352940000146e+02 1.293823529409999935e+02
1.805769230770000036e+02 1.301923076920000142e+02
2.703181818180000278e+02 1.296818181820000007e+02
2.533823529409999935e+02 1.310882352939999862e+02
7.050000000000000000e+01 1.315000000000000000e+02
4.755000000000000000e+02 1.320000000000000000e+02
1.430000000000000000e+02 1.332142857139999990e+02
3.850000000000000000e+02 1.327857142860000010e+02
4.610000000000000000e+02 1.332142857139999990e+02
1.241666666699999944e+01 1.338333333330000130e+02
5.213823529410000219e+02 1.340882352939999862e+02
4.657894737000000340e+00 1.363421052630000077e+02
4.049666666670000268e+02 1.372333333329999903e+02
2.901666666670000154e+02 1.377666666670000097e+02
3.600000000000000000e+01 1.390000000000000000e+02
1.953823529409999935e+02 1.389117647060000138e+02
3.324473684210000215e+02 1.396578947369999923e+02
3.596111111110000138e+02 1.399444444439999984e+02
5.840000000000000000e+02 1.390000000000000000e+02
5.430000000000000000e+02 1.410000000000000000e+02
5.064285714300000052e+01 1.426904761899999983e+02
1.638559870550000142e+02 1.501990291259999992e+02
5.601153846150000390e+02 1.418846153849999894e+02
5.016999999999999886e+02 1.436999999999999886e+02
4.518999999999999773e+02 1.444333333330000073e+02
2.070999999999999943e+02 1.450999999999999943e+02
2.325000000000000000e+02 1.451190476190000140e+02
3.110000000000000000e+02 1.452142857139999990e+02
3.326000000000000227e+02 1.455500000000000114e+02
6.255263157899999982e+01 1.461842105259999869e+02
5.237142857139999705e+02 1.458571428570000137e+02
4.245000000000000000e+02 1.470000000000000000e+02
3.929375000000000000e+02 1.492500000000000000e+02
1.218846153850000036e+02 1.501153846150000106e+02
1.340999999999999943e+02 1.510999999999999943e+02
2.869375000000000000e+02 1.512500000000000000e+02
7.559090909100000033e+01 1.525909090909999861e+02
9.507894736800000146e+01 1.526052631580000138e+02
2.414047619049999867e+02 1.530714285710000127e+02
3.045000000000000000e+02 1.545000000000000000e+02
3.715000000000000000e+02 1.539285714289999873e+02
4.411000000000000227e+02 1.545666666669999927e+02
4.691363636359999987e+02 1.551818181820000007e+02
3.937500000000000000e+00 1.567500000000000000e+02
2.613333333329999846e+02 1.562222222219999992e+02
3.541153846149999822e+02 1.571153846150000106e+02
4.973095238099999733e+02 1.576428571429999863e+02
2.095000000000000000e+02 1.575000000000000000e+02
5.645869565220000368e+02 1.587173913039999888e+02
2.715000000000000000e+02 1.585000000000000000e+02
1.775000000000000000e+01 1.602500000000000000e+02
4.026000000000000227e+02 1.603000000000000114e+02
5.388999999999999773e+02 1.610999999999999943e+02
5.166666666669999586e+02 1.622222222219999992e+02
3.678571428600000104e+01 1.630000000000000000e+02
5.590000000000000000e+02 1.627857142860000010e+02
6.026190476200000035e+01 1.671190476190000140e+02
4.285000000000000000e+02 1.661666666669999870e+02
4.748684210530000200e+02 1.670263157889999945e+02
1.409090908999999892e+00 1.678636363640000013e+02
1.550000000000000000e+02 1.700000000000000000e+02
2.846111111110000138e+02 1.698333333330000130e+02
1.209615384619999929e+02 1.713461538459999929e+02
3.238999999999999773e+02 1.709000000000000057e+02
4.599117647059999854e+02 1.716176470590000065e+02
5.507857142860000295e+02 1.710000000000000000e+02
7.700000000000000000e+01 1.735000000000000000e+02
1.465000000000000000e+02 1.755000000000000000e+02
9.500000000000000000e+01 1.765000000000000000e+02
2.448000000000000114e+02 1.764000000000000057e+02
1.711538461499999997e+01 1.768846153849999894e+02
1.972500000000000000e+02 1.780000000000000000e+02
3.726578947369999923e+02 1.776578947369999923e+02
5.778529411759999448e+02 1.785000000000000000e+02
3.385000000000000000e+02 1.795000000000000000e+02
4.958000000000000114e+02 1.795999999999999943e+02
1.739705882350000081e+02 1.801470588239999984e+02
3.901190476190000140e+02 1.804523809519999986e+02
5.367105263160000277e+02 1.808684210529999916e+02
2.841000000000000227e+02 1.809000000000000057e+02
4.660000000000000000e+02 1.812142857139999990e+02
9.000000000000000222e-01 1.813000000000000114e+02
2.175000000000000000e+02 1.828529411760000016e+02
3.160000000000000000e+02 1.825000000000000000e+02
3.573421052630000077e+02 1.823421052630000077e+02
3.029375000000000000e+02 1.828750000000000000e+02
5.213421052630000077e+02 1.836578947369999923e+02
4.390000000000000000e+02 1.840000000000000000e+02
4.774499999999999886e+02 1.845999999999999943e+02
3.335714285699999948e+01 1.853095238100000017e+02
4.671052631599999927e+01 1.855526315790000069e+02
1.156111111109999996e+02 1.853888888889999862e+02
1.873181818179999993e+02 1.846818181820000007e+02
1.150000000000000000e+01 1.855000000000000000e+02
4.093181818180000278e+02 1.863181818179999993e+02
2.530000000000000000e+02 1.870000000000000000e+02
7.508823529400000041e+01 1.886176470590000065e+02
4.256250000000000000e+02 1.905625000000000000e+02
5.718333333330000414e+02 1.911666666669999870e+02
1.992500000000000000e+02 1.927500000000000000e+02
2.748333333329999846e+02 1.927500000000000000e+02
1.207142857139999990e+02 1.938571428570000137e+02
2.821470588239999984e+02 1.945000000000000000e+02
4.998999999999999773e+02 1.940999999999999943e+02
1.027666666669999955e+02 1.958333333330000130e+02
3.355000000000000000e+02 1.955000000000000000e+02
5.275000000000000000e+02 1.968529411760000016e+02
5.562000000000000455e+02 1.965999999999999943e+02
5.965789473699999945e+01 1.973421052630000077e+02
1.626538461540000071e+02 1.980384615380000071e+02
3.969615384620000214e+02 1.976538461540000071e+02
4.408846153850000178e+02 1.978846153849999894e+02
2.233000000000000114e+02 1.985000000000000000e+02
3.717500000000000000e+02 1.997500000000000000e+02
4.663095238099999733e+02 1.996428571429999863e+02
1.346153845999999987e+00 2.005000000000000000e+02
1.385526315790000069e+02 2.003421052630000077e+02
3.506578947369999923e+02 2.016578947369999923e+02
2.412692307689999893e+02 2.036538461540000071e+02
2.522142857139999990e+02 2.042142857139999990e+02
2.910263157890000230e+02 2.035000000000000000e+02
2.175000000000000000e+01 2.050000000000000000e+02
4.121666666670000154e+02 2.061666666669999870e+02
3.151315789469999800e+02 2.074473684209999931e+02
4.723421052630000077e+02 2.075526315790000069e+02
1.845999999999999943e+02 2.085500000000000114e+02
1.150000000000000000e+02 2.095000000000000000e+02
1.522692307689999893e+02 2.096538461540000071e+02
2.644130434780000201e+02 2.102826086960000112e+02
3.800000000000000000e+02 2.085000000000000000e+02
8.188461538500000358e+01 2.098846153849999894e+02
5.123461538459999929e+02 2.099615384619999929e+02
4.689999999999999858e+01 2.120999999999999943e+02
5.668999999999999773e+02 2.119000000000000057e+02
6.800000000000000000e+01 2.140000000000000000e+02
2.300000000000000000e+02 2.142142857139999990e+02
1.267352941179999988e+02 2.157352941180000130e+02
4.409090908999999670e+00 2.161363636359999987e+02
3.683888888889999862e+02 2.160555555560000016e+02
4.320000000000000000e+02 2.162142857139999990e+02
5.042500000000000000e+02 2.158333333330000130e+02
5.865909090909999577e+02 2.161363636359999987e+02
3.481315789469999800e+02 2.177105263159999993e+02
2.210000000000000142e+01 2.187666666670000097e+02
1.779000000000000057e+02 2.179000000000000057e+02
2.055909090909999861e+02 2.181363636359999987e+02
2.468333333330000130e+02 2.188333333330000130e+02
2.828578947369999810e+02 2.222263157890000116e+02
5.545000000000000000e+02 2.180000000000000000e+02
4.501363636359999987e+02 2.204090909090000139e+02
9.838235294099999351e+01 2.220882352939999862e+02
1.466500000000000057e+02 2.231999999999999886e+02
5.275000000000000000e+02 2.221315789470000084e+02
1.943421052630000077e+02 2.253421052630000077e+02
5.050000000000000000e+01 2.260000000000000000e+02
3.590000000000000000e+02 2.282142857139999990e+02
3.992142857140000274e+02 2.280000000000000000e+02
4.384090909089999855e+02 2.281363636359999987e+02
3.913999999999999773e+02 2.295500000000000114e+02
4.243888888889999862e+02 2.292222222219999992e+02
4.920000000000000000e+02 2.297222222219999992e+02
2.593888888889999862e+02 2.302222222219999992e+02
5.170000000000000000e+02 2.300000000000000000e+02
5.636904761900000267e+02 2.306428571429999863e+02
4.038888888900000040e+01 2.317777777780000008e+02
1.572333333329999903e+02 2.318333333330000130e+02
3.237631578950000062e+02 2.317105263159999993e+02
4.664473684210000215e+02 2.336578947369999923e+02
1.226111111109999996e+02 2.342222222219999992e+02
2.182222222219999992e+02 2.353888888889999862e+02
8.138235294099999351e+01 2.360882352939999862e+02
3.069285714289999873e+02 2.362857142860000010e+02
5.275000000000000000e+02 2.361470588239999984e+02
1.875000000000000000e+00 2.372500000000000000e+02
6.550000000000000000e+01 2.398529411760000016e+02
9.850000000000000000e+01 2.390000000000000000e+02
4.025000000000000000e+02 2.395000000000000000e+02
5.080000000000000000e+02 2.390000000000000000e+02
5.557777777779999724e+02 2.396111111110000138e+02
2.885000000000000000e+02 2.418529411760000016e+02
3.388333333329999846e+02 2.407500000000000000e+02
2.668333333329999846e+02 2.422333333329999903e+02
3.220882352940000146e+02 2.436176470590000065e+02
4.249375000000000000e+02 2.442500000000000000e+02
4.854333333330000073e+02 2.440999999999999943e+02
2.555263157899999982e+01 2.456578947369999923e+02
3.720000000000000000e+02 2.457857142860000010e+02
4.448684210530000200e+02 2.462894736840000007e+02
1.108846153850000036e+02 2.468846153849999894e+02
1.763000000000000114e+02 2.465000000000000000e+02
2.077857142860000010e+02 2.480000000000000000e+02
2.395000000000000000e+02 2.489545454549999874e+02
4.810000000000000142e+01 2.494333333330000073e+02
5.741250000000000000e+02 2.490625000000000000e+02
1.462142857139999990e+02 2.500000000000000000e+02
3.037631578950000062e+02 2.501315789470000084e+02
7.773809523799999965e+01 2.521190476190000140e+02
1.342142857139999990e+02 2.510000000000000000e+02
1.874090909090000139e+02 2.515909090909999861e+02
4.714166666670000154e+02 2.513333333330000130e+02
5.390000000000000000e+02 2.525000000000000000e+02
2.236428571429999863e+02 2.533095238100000017e+02
3.635000000000000000e+02 2.526999999999999886e+02
6.342105262999999660e+00 2.563421052630000077e+02
3.525000000000000000e+02 2.561666666670000154e+02
4.943421052630000077e+02 2.566578947369999923e+02
1.692333333329999903e+02 2.571666666670000154e+02
5.469047618999999827e+01 2.586428571430000147e+02
2.477105263159999993e+02 2.588684210530000200e+02
4.085000000000000000e+02 2.580000000000000000e+02
4.302500000000000000e+02 2.585500000000000114e+02
2.828846153850000178e+02 2.588846153850000178e+02
5.220000000000000000e+02 2.590000000000000000e+02
3.829705882349999797e+02 2.601470588239999984e+02
3.350000000000000000e+01 2.625000000000000000e+02
1.835000000000000000e+02 2.645000000000000000e+02
8.200000000000000000e+01 2.657857142859999726e+02
1.043888888890000004e+02 2.667777777779999724e+02
3.092272727270000132e+02 2.670000000000000000e+02
3.300384615379999786e+02 2.663461538459999929e+02
4.885000000000000000e+02 2.667352941180000130e+02
2.077105263159999993e+02 2.671315789469999800e+02
2.667500000000000000e+02 2.671250000000000000e+02
5.571363636360000555e+02 2.665909090910000145e+02
5.816176470589999781e+02 2.672058823529999927e+02
1.194166666670000012e+02 2.681666666670000154e+02
1.416250000000000000e+02 2.688125000000000000e+02
3.920000000000000000e+02 2.676999999999999886e+02
4.560000000000000000e+02 2.712142857140000274e+02
4.730000000000000000e+02 2.715000000000000000e+02
5.064499999999999886e+02 2.733999999999999773e+02
5.305000000000000000e+02 2.730000000000000000e+02
6.716666666700000121e+01 2.742500000000000000e+02
3.763000000000000114e+02 2.735000000000000000e+02
4.418846153850000178e+02 2.738846153850000178e+02
2.403000000000000114e+02 2.760000000000000000e+02
5.671666666669999586e+02 2.768333333329999846e+02
9.690476190000000045e+00 2.776428571430000147e+02
2.232142857139999990e+02 2.770000000000000000e+02
3.482500000000000000e+02 2.771250000000000000e+02
4.211538461500000352e+01 2.778846153850000178e+02
1.335000000000000000e+02 2.785000000000000000e+02
1.678333333330000130e+02 2.777500000000000000e+02
2.961000000000000227e+02 2.780000000000000000e+02
1.553000000000000114e+02 2.785000000000000000e+02
4.024230769229999964e+02 2.803461538459999929e+02
2.520000000000000000e+02 2.822857142859999726e+02
3.847352941180000130e+02 2.812647058819999870e+02
4.701842105260000153e+02 2.819736842109999770e+02
4.319117647059999854e+02 2.826176470589999781e+02
2.818846153850000178e+02 2.841153846149999822e+02
2.864999999999999858e+01 2.850500000000000114e+02
5.501666666669999586e+02 2.863666666670000041e+02
1.030294117650000061e+02 2.871470588239999984e+02
1.811470588239999984e+02 2.869705882349999797e+02
3.661000000000000227e+02 2.871000000000000227e+02
4.849117647059999854e+02 2.873823529410000219e+02
3.151153846149999822e+02 2.878846153850000178e+02
2.685000000000000000e+02 2.895000000000000000e+02
9.200000000000000000e+01 2.910000000000000000e+02
5.293333333330000414e+02 2.913888888889999862e+02
2.055000000000000000e+02 2.922142857140000274e+02
5.612777777779999724e+02 2.930000000000000000e+02
1.642857142860000010e+02 2.942857142859999726e+02
5.875000000000000000e+02 2.935000000000000000e+02
5.721428571399999896e+01 2.950000000000000000e+02
3.243823529410000219e+02 2.955000000000000000e+02
4.571470588239999984e+02 2.955000000000000000e+02
1.490000000000000000e+02 2.965000000000000000e+02
1.428571429000000004e+00 2.973571428569999853e+02
3.650294117650000203e+02 2.971470588239999984e+02
4.193823529410000219e+02 2.970882352940000146e+02
2.387857142860000010e+02 2.980000000000000000e+02
1.217500000000000000e+02 2.992500000000000000e+02
7.325000000000000000e+01 2.998333333329999846e+02
3.178750000000000000e+02 3.007500000000000000e+02
9.750000000000000000e+01 3.010000000000000000e+02
3.005000000000000000e+02 3.015000000000000000e+02
3.468999999999999773e+02 3.011000000000000227e+02
3.970789473680000015e+02 3.033947368419999862e+02
4.391000000000000227e+02 3.028999999999999773e+02
5.018999999999999773e+02 3.031000000000000227e+02
4.826578947369999923e+02 3.053421052630000077e+02
3.850000000000000000e+01 3.065000000000000000e+02
1.413095238100000017e+02 3.075952380950000133e+02
1.776999999999999886e+02 3.065000000000000000e+02
2.176176470590000065e+02 3.069117647059999854e+02
2.760000000000000000e+02 3.072142857140000274e+02
4.577857142859999726e+02 3.070000000000000000e+02
2.590882352940000146e+02 3.083823529410000219e+02
1.738235294100000061e+01 3.090882352940000146e+02
3.830000000000000000e+02 3.087857142859999726e+02
1.174130434780000058e+02 3.112826086960000112e+02
5.283421052630000077e+02 3.103421052630000077e+02
5.768571428569999853e+02 3.097857142859999726e+02
1.956111111110000138e+02 3.112222222220000276e+02
4.120000000000000000e+02 3.120000000000000000e+02
2.415833333330000130e+02 3.133333333329999846e+02
2.938999999999999773e+02 3.141499999999999773e+02
5.540000000000000000e+02 3.145000000000000000e+02
5.203846153799999996e+01 3.153461538459999929e+02
4.939375000000000000e+02 3.172500000000000000e+02
3.645000000000000000e+02 3.190000000000000000e+02
6.400000000000000000e+01 3.190000000000000000e+02
3.372500000000000000e+02 3.191666666670000154e+02
8.388888889000000404e+00 3.212222222220000276e+02
8.325000000000000000e+01 3.217500000000000000e+02
1.626578947369999923e+02 3.216578947369999923e+02
5.687857142860000295e+02 3.210000000000000000e+02
4.648636363640000013e+02 3.220454545449999841e+02
5.845000000000000000e+02 3.225000000000000000e+02
2.721153846149999822e+02 3.228846153850000178e+02
3.160000000000000000e+02 3.237857142859999726e+02
3.459523809499999913e+01 3.263095238099999733e+02
2.151153846150000106e+02 3.248846153850000178e+02
3.937173913039999888e+02 3.254130434780000201e+02
4.312142857140000274e+02 3.250000000000000000e+02
1.906111111110000138e+02 3.265555555560000016e+02
2.464411764710000057e+02 3.268529411760000016e+02
5.165000000000000000e+02 3.275000000000000000e+02
1.435000000000000000e+02 3.295000000000000000e+02
4.488846153850000178e+02 3.288846153850000178e+02
4.801666666670000154e+02 3.287500000000000000e+02
2.288846153849999894e+02 3.301153846149999822e+02
3.787352941180000130e+02 3.307352941180000130e+02
4.097666666669999813e+02 3.305000000000000000e+02
1.305000000000000000e+02 3.321470588239999984e+02
1.023823529409999935e+02 3.330882352940000146e+02
1.756176470590000065e+02 3.330882352940000146e+02
2.950000000000000000e+01 3.355000000000000000e+02
7.457692307700000356e+01 3.356538461540000071e+02
2.104166666669999870e+02 3.361666666670000154e+02
3.481086956519999944e+02 3.364565217389999816e+02
4.955000000000000000e+02 3.360000000000000000e+02
5.383333333299999879e+01 3.367500000000000000e+02
5.500000000000000000e+02 3.370000000000000000e+02
4.249117647059999854e+02 3.386176470589999781e+02
8.337500000000000000e+01 3.391875000000000000e+02
3.029117647059999854e+02 3.396176470589999781e+02
5.720000000000000000e+02 3.390000000000000000e+02
1.735000000000000000e+02 3.401666666670000154e+02
5.355000000000000000e+02 3.409615384620000214e+02
3.216052631580000138e+02 3.419210526319999985e+02
1.925000000000000000e+02 3.430000000000000000e+02
2.756111111110000138e+02 3.430555555560000016e+02
5.160384615379999786e+02 3.433461538459999929e+02
1.186842105300000050e+01 3.452894736839999723e+02
2.536578947369999923e+02 3.456578947369999923e+02
1.244500000000000028e+02 3.463999999999999773e+02
3.945714285710000127e+02 3.457142857140000274e+02
4.611153846149999822e+02 3.457307692310000107e+02
3.731153846149999822e+02 3.471153846149999822e+02
2.328529411760000016e+02 3.485000000000000000e+02
4.775000000000000000e+02 3.490000000000000000e+02
6.013636363599999868e+01 3.494090909089999855e+02
1.530000000000000000e+02 3.510000000000000000e+02
3.581153846149999822e+02 3.508846153850000178e+02
3.746904761900000267e+02 3.530714285710000127e+02
4.121000000000000227e+02 3.521000000000000227e+02
4.985000000000000000e+02 3.523000000000000114e+02
5.000000000000000000e-01 3.535000000000000000e+02
4.486818181819999722e+02 3.552272727270000132e+02
5.076818181819999722e+02 3.547727272729999868e+02
3.368999999999999773e+02 3.561000000000000227e+02
2.140000000000000000e+02 3.570000000000000000e+02
2.801153846149999822e+02 3.568846153850000178e+02
5.315909090909999577e+02 3.568636363640000013e+02
5.525000000000000000e+02 3.565000000000000000e+02
2.736666666700000050e+01 3.580333333329999732e+02
9.900000000000000000e+01 3.580000000000000000e+02
3.001315789469999800e+02 3.582894736839999723e+02
5.752777777779999724e+02 3.580000000000000000e+02
4.734615384599999999e+01 3.599615384620000214e+02
8.584782608700000139e+01 3.608913043480000056e+02
1.855909090909999861e+02 3.601363636359999987e+02
2.605476190480000014e+02 3.607380952380000281e+02
3.103181818180000278e+02 3.607727272729999868e+02
1.125999999999999943e+02 3.621999999999999886e+02
4.657941176470000073e+02 3.646176470589999781e+02
1.651923076920000142e+02 3.650384615379999786e+02
3.418999999999999773e+02 3.658999999999999773e+02
4.263181818180000278e+02 3.663181818180000278e+02
4.777352941180000130e+02 3.662647058819999870e+02
1.371153846150000106e+02 3.668846153850000178e+02
3.910294117650000203e+02 3.671470588239999984e+02
2.650000000000000000e+01 3.690000000000000000e+02
5.865666666670000495e+02 3.688333333329999846e+02
2.258076923079999858e+02 3.705769230770000036e+02
6.158333333299999879e+01 3.718333333329999846e+02
5.469705882350000365e+02 3.721470588239999984e+02
4.189117647059999854e+02 3.732058823529999927e+02
1.842500000000000000e+02 3.742500000000000000e+02
2.406578947369999923e+02 3.753421052630000077e+02
4.387500000000000000e+02 3.756499999999999773e+02
3.434210526300000055e+01 3.766578947369999923e+02
7.322222222199999919e+01 3.763888888889999862e+02
2.093750000000000000e+02 3.768125000000000000e+02
2.705000000000000000e+02 3.766428571430000147e+02
5.002500000000000000e+02 3.762500000000000000e+02
5.268999999999999773e+02 3.758999999999999773e+02
1.489000000000000057e+02 3.778999999999999773e+02
2.913095238099999733e+02 3.786428571430000147e+02
3.620882352940000146e+02 3.783823529410000219e+02
3.749444444439999984e+02 3.786111111110000138e+02
9.888461538500000358e+01 3.811153846149999822e+02
3.197222222220000276e+02 3.820000000000000000e+02
5.690000000000000000e+02 3.822777777779999724e+02
1.670882352939999862e+02 3.843823529410000219e+02
3.100000000000000000e+02 3.842142857140000274e+02
4.806578947369999923e+02 3.846578947369999923e+02
3.443421052630000077e+02 3.853421052630000077e+02
4.638750000000000000e+02 3.875000000000000000e+02
5.332333333330000187e+02 3.878333333329999846e+02
3.961470588239999984e+02 3.885000000000000000e+02
1.247777777780000008e+02 3.896111111110000138e+02
2.791153846149999822e+02 3.918846153850000178e+02
4.151190476190000140e+02 3.929761904759999993e+02
5.221153846150000390e+02 3.918846153850000178e+02
1.938846153849999894e+02 3.931153846149999822e+02
2.160000000000000000e+02 3.925000000000000000e+02
4.358846153850000178e+02 3.941153846149999822e+02
4.991153846149999822e+02 3.941153846149999822e+02
1.398333333330000130e+02 3.947500000000000000e+02
2.367941176470000073e+02 3.952058823529999927e+02
4.512500000000000000e+01 3.967500000000000000e+02
6.186842105299999872e+01 3.962894736839999723e+02
5.533947368420000430e+02 3.959210526319999985e+02
1.059999999999999964e+01 3.974499999999999886e+02
2.769999999999999929e+01 3.965000000000000000e+02
1.726250000000000000e+02 3.963750000000000000e+02
8.816666666700000121e+01 3.973888888889999862e+02
1.038529411760000016e+02 3.985000000000000000e+02
1.653421052630000077e+02 3.983421052630000077e+02
3.582500000000000000e+02 4.002916666670000154e+02
3.005476190480000014e+02 4.013095238099999733e+02
5.090000000000000000e+02 4.020000000000000000e+02
4.910000000000000000e+02 4.055000000000000000e+02
5.787857142860000295e+02 4.050000000000000000e+02
5.875000000000000000e+02 4.040000000000000000e+02
3.427500000000000000e+02 4.064499999999999886e+02
4.530625000000000000e+02 4.062500000000000000e+02
6.000000000000000000e+00 4.080000000000000000e+02
2.242500000000000000e+02 4.079375000000000000e+02
3.297857142859999726e+02 4.080000000000000000e+02
3.830000000000000000e+02 4.075000000000000000e+02
4.256176470589999781e+02 4.090882352940000146e+02
5.335909090909999577e+02 4.088636363640000013e+02
2.010000000000000000e+02 4.096999999999999886e+02
2.578529411760000016e+02 4.100294117650000203e+02
4.685500000000000114e+02 4.103999999999999773e+02
6.783333333299999879e+01 4.118333333329999846e+02
1.182999999999999972e+02 4.105000000000000000e+02
1.450000000000000000e+02 4.112777777779999724e+02
4.047222222220000276e+02 4.130000000000000000e+02
9.673076923099999647e+01 4.148846153850000178e+02
2.780000000000000000e+02 4.155000000000000000e+02
4.379666666670000268e+02 4.153666666670000041e+02
2.410384615380000071e+02 4.156538461540000071e+02
3.694499999999999886e+02 4.167500000000000000e+02
1.620000000000000000e+02 4.175000000000000000e+02
5.677500000000000000e+02 4.168333333329999846e+02
2.161363636359999987e+02 4.191363636359999987e+02
4.700000000000000000e+01 4.190000000000000000e+02
1.860000000000000000e+02 4.200000000000000000e+02
3.891666666670000154e+02 4.196111111110000138e+02
3.100862068970000109e+02 4.225000000000000000e+02
5.439117647059999854e+02 4.219705882349999797e+02
3.278571428600000104e+01 4.235000000000000000e+02
5.079117647059999854e+02 4.243823529410000219e+02
2.150000000000000000e+01 4.250000000000000000e+02
9.073529411799999878e+01 4.257352941180000130e+02
1.156363636359999987e+02 4.260454545449999841e+02
1.297380952379999997e+02 4.258809523809999860e+02
1.538846153849999894e+02 4.251153846149999822e+02
2.902500000000000000e+02 4.252500000000000000e+02
4.175000000000000000e+02 4.257500000000000000e+02
4.609166666670000154e+02 4.251666666670000154e+02
2.375000000000000000e+02 4.265000000000000000e+02
5.000000000000000000e-01 4.265000000000000000e+02
2.045000000000000000e+02 4.285000000000000000e+02
3.418846153850000178e+02 4.291153846149999822e+02
5.783666666670000041e+02 4.289666666670000268e+02
2.758333333329999846e+02 4.310555555560000016e+02
4.925000000000000000e+02 4.310000000000000000e+02
2.620000000000000000e+02 4.320000000000000000e+02
4.742894736839999723e+02 4.321315789469999800e+02
1.920000000000000000e+02 4.323000000000000114e+02
3.310000000000000000e+02 4.340000000000000000e+02
3.622500000000000000e+02 4.329166666670000154e+02
6.339473684200000037e+01 4.350789473680000015e+02
2.590000000000000000e+02 4.372142857140000274e+02
4.263888888889999862e+02 4.373333333329999846e+02
2.295833333330000130e+02 4.388333333329999846e+02
3.916250000000000000e+02 4.396250000000000000e+02
5.570000000000000000e+02 4.396999999999999886e+02
5.333461538459999929e+02 4.409615384620000214e+02
3.565000000000000000e+02 4.420000000000000000e+02
1.481470588239999984e+02 4.429705882349999797e+02
1.770000000000000000e+02 4.433181818180000278e+02
4.595000000000000000e+02 4.430000000000000000e+02
1.600000000000000000e+01 4.440000000000000000e+02
4.341666666670000154e+02 4.442500000000000000e+02
4.261764705899999939e+01 4.447941176470000073e+02
1.074000000000000057e+02 4.455500000000000114e+02
2.145434782609999900e+02 4.461086956519999944e+02
3.995909090910000145e+02 4.451363636359999987e+02
4.961250000000000000e+02 4.452500000000000000e+02
5.178846153849999610e+02 4.448846153850000178e+02
2.745000000000000000e+02 4.470000000000000000e+02
2.976499999999999773e+02 4.480500000000000114e+02
3.745909090910000145e+02 4.491363636359999987e+02
4.833095238099999733e+02 4.493571428569999853e+02
8.677777777800000081e+01 4.506111111110000138e+02
1.368684210529999916e+02 4.507105263160000277e+02
4.415000000000000000e+02 4.507105263160000277e+02
6.289473683999999842e+00 4.518684210530000200e+02
6.104999999999999716e+01 4.513999999999999773e+02
1.967777777780000008e+02 4.543888888889999862e+02
5.667380952380000281e+02 4.548809523809999860e+02
2.371153846150000106e+02 4.551153846149999822e+02
3.362500000000000000e+02 4.557500000000000000e+02
4.220882352940000146e+02 4.556176470589999781e+02
4.651818181819999722e+02 4.554545454550000159e+02
2.608999999999999773e+02 4.571000000000000227e+02
5.402999999999999545e+02 4.576999999999999886e+02
3.140000000000000000e+02 4.575000000000000000e+02
3.438235294100000061e+01 4.590882352940000146e+02
1.665000000000000000e+02 4.603000000000000114e+02
3.660000000000000000e+02 4.612142857140000274e+02
3.440000000000000000e+02 4.620000000000000000e+02
1.450000000000000000e+02 4.630000000000000000e+02
9.909999999999999432e+01 4.638999999999999773e+02
5.062500000000000000e+02 4.640833333329999846e+02
5.741000000000000227e+02 4.648999999999999773e+02
1.153181818179999993e+02 4.663181818180000278e+02
4.013999999999999773e+02 4.660500000000000114e+02
7.840909090899999967e+01 4.668636363640000013e+02
5.471666666669999586e+02 4.675000000000000000e+02
2.271153846150000106e+02 4.681153846149999822e+02
4.209666666670000268e+02 4.683666666670000041e+02
2.373076923100000002e+01 4.691153846149999822e+02
3.000000000000000000e+02 4.690000000000000000e+02
5.228529411759999448e+02 4.695000000000000000e+02
2.741000000000000227e+02 4.701000000000000227e+02
3.207142857140000274e+02 4.699285714289999873e+02
4.370000000000000000e+02 4.697857142859999726e+02
4.916666666700000121e+01 4.717500000000000000e+02
1.895000000000000000e+02 4.716999999999999886e+02
4.863823529410000219e+02 4.726176470589999781e+02
6.600000000000000000e+01 4.742142857140000274e+02
1.548846153849999894e+02 4.748846153850000178e+02
2.088529411760000016e+02 4.749705882349999797e+02
1.358529411760000016e+02 4.765000000000000000e+02
2.580000000000000000e+02 4.762142857140000274e+02
3.753000000000000114e+02 4.755000000000000000e+02
8.500000000000000000e+00 4.775000000000000000e+02
1.779444444439999984e+02 4.782777777779999724e+02
3.801153846149999822e+02 4.798846153850000178e+02
3.976578947369999923e+02 4.813421052630000077e+02
4.545000000000000000e+02 4.805000000000000000e+02
4.943461538459999929e+02 4.815000000000000000e+02
5.450000000000000000e+02 4.810000000000000000e+02
8.328571428600000104e+01 4.828571428569999853e+02
3.415500000000000114e+02 4.843999999999999773e+02
3.637857142859999726e+02 4.835000000000000000e+02
4.722222222220000276e+02 4.841666666670000154e+02
1.035555555560000016e+02 4.853888888889999862e+02
2.460000000000000000e+02 4.850000000000000000e+02
2.335000000000000000e+02 4.863000000000000114e+02
4.840000000000000000e+02 4.862142857140000274e+02
3.030333333329999732e+02 4.873666666670000041e+02
5.203461538459999929e+02 4.890384615379999786e+02
5.650000000000000000e+02 4.894166666670000154e+02
5.837777777779999724e+02 4.896666666670000154e+02
2.225000000000000000e+02 4.906538461540000071e+02
2.800882352940000146e+02 4.913823529410000219e+02
2.030384615380000071e+02 4.923461538459999929e+02
3.220000000000000000e+02 4.920000000000000000e+02
1.903000000000000114e+02 4.934333333330000073e+02
3.372222222199999919e+01 4.940000000000000000e+02
7.220000000000000284e+01 4.951999999999999886e+02
1.183571428569999995e+02 4.965714285710000127e+02
1.508333333330000130e+02 4.955833333329999846e+02
3.415769230770000036e+02 4.961923076919999858e+02
4.325000000000000000e+02 4.960000000000000000e+02
5.043333333329999846e+02 4.954166666670000154e+02
3.641999999999999886e+02 4.971999999999999886e+02
5.063333333300000305e+01 4.980333333329999732e+02
4.151000000000000227e+02 4.981000000000000227e+02
2.138235294100000061e+01 4.989117647059999854e+02
5.428333333330000414e+02 4.990000000000000000e+02
3.813947368419999862e+02 4.999210526319999985e+02
4.623461538459999929e+02 5.000384615379999786e+02
5.223461538459999929e+02 4.995769230770000036e+02
8.487500000000000000e+01 5.017500000000000000e+02
1.690454545450000126e+02 5.011363636359999987e+02
3.969117647059999854e+02 5.026176470589999781e+02
2.350000000000000000e+02 5.030000000000000000e+02
2.790333333329999732e+02 5.036333333329999959e+02
2.147058824000000143e+00 5.055000000000000000e+02
1.107631578950000062e+02 5.068157894739999847e+02
1.367500000000000000e+02 5.060625000000000000e+02
5.580000000000000000e+02 5.056666666670000154e+02
2.581000000000000227e+02 5.078999999999999773e+02
2.968636363640000013e+02 5.085909090910000145e+02
4.031818181799999934e+01 5.096818181819999722e+02
3.158636363640000013e+02 5.094090909089999855e+02
4.528846153850000178e+02 5.118846153850000178e+02
5.769117647059999854e+02 5.123823529410000219e+02
4.776250000000000000e+02 5.137500000000000000e+02
4.956578947369999923e+02 5.133421052630000077e+02
6.969047618999999827e+01 5.146428571430000147e+02
3.482777777779999724e+02 5.140000000000000000e+02
5.111842105260000153e+02 5.146578947369999923e+02
5.409615384620000214e+02 5.153461538459999929e+02
2.032500000000000000e+02 5.159375000000000000e+02
2.215000000000000000e+02 5.165000000000000000e+02
3.281153846149999822e+02 5.158846153849999610e+02
1.331428571429999863e+02 5.185714285709999558e+02
1.525000000000000000e+02 5.180000000000000000e+02
1.779000000000000057e+02 5.198999999999999773e+02
4.298999999999999773e+02 5.201000000000000227e+02
5.582142857139999705e+02 5.201428571430000147e+02
2.636250000000000000e+02 5.206250000000000000e+02
2.663333333299999950e+01 5.219666666670000268e+02
2.778809523809999860e+02 5.219285714290000442e+02
3.795000000000000000e+02 5.217000000000000455e+02
4.079705882349999797e+02 5.221470588240000552e+02
1.938750000000000000e+02 5.277500000000000000e+02
5.552142857139999705e+02 5.270000000000000000e+02
9.427777777800000081e+01 5.280000000000000000e+02
3.105500000000000114e+02 5.282500000000000000e+02
1.083571428569999995e+02 5.306904761900000267e+02
1.665000000000000000e+02 5.297000000000000455e+02
2.489705882350000081e+02 5.301470588240000552e+02
5.762894736839999723e+02 5.305000000000000000e+02
4.370000000000000000e+02 5.310000000000000000e+02
5.357380952380000281e+02 5.321190476189999572e+02
1.626190476200000035e+01 5.328809523810000428e+02
4.800000000000000000e+01 5.317857142860000295e+02
1.450000000000000000e+02 5.317857142860000295e+02
3.135714285699999948e+01 5.336904761900000267e+02
2.085000000000000000e+02 5.327000000000000455e+02
4.590000000000000000e+02 5.340000000000000000e+02
4.973888888889999862e+02 5.347777777779999724e+02
4.783888888889999862e+02 5.357777777779999724e+02
2.976818181819999722e+02 5.366818181820000291e+02
3.615000000000000000e+02 5.368333333330000414e+02
3.415666666669999927e+02 5.378999999999999773e+02
3.982500000000000000e+02 5.381666666669999586e+02
4.180000000000000000e+02 5.377857142860000295e+02
5.124090909090000423e+02 5.378636363639999445e+02
7.850000000000000000e+01 5.395000000000000000e+02
3.301315789469999800e+02 5.402894736839999723e+02
1.923421052630000077e+02 5.415526315790000353e+02
3.792333333330000187e+02 5.411666666669999586e+02
3.106999999999999886e+02 5.415000000000000000e+02
2.322777777780000008e+02 5.430000000000000000e+02
2.677857142859999726e+02 5.430000000000000000e+02
5.438888888900000040e+01 5.438333333330000414e+02
5.661190476189999572e+02 5.457857142860000295e+02
1.299117647060000138e+02 5.476176470589999781e+02
2.010999999999999943e+02 5.468999999999999773e+02
4.321000000000000227e+02 5.491000000000000227e+02
4.659117647059999854e+02 5.493823529410000219e+02
5.872142857139999705e+02 5.496428571430000147e+02
5.447105263160000277e+02 5.508684210530000200e+02
7.000000000000000000e+00 5.512142857139999705e+02
9.965789473700000656e+01 5.516578947369999923e+02
2.823333333329999846e+02 5.513888888889999862e+02
4.538846153850000178e+02 5.508846153849999610e+02
1.666333333329999959e+02 5.540333333329999732e+02
3.713125000000000000e+02 5.550000000000000000e+02
5.101153846149999822e+02 5.551153846150000390e+02
2.518529411760000016e+02 5.565000000000000000e+02
2.298000000000000114e+02 5.567999999999999545e+02
3.510000000000000000e+02 5.575000000000000000e+02
5.231000000000000227e+02 5.568999999999999773e+02
2.959666666670000268e+02 5.583666666670000041e+02
3.523684210500000091e+01 5.591315789469999800e+02
1.455000000000000000e+02 5.598809523810000428e+02
4.858333333329999846e+02 5.596428571430000147e+02
3.405000000000000000e+02 5.609444444440000552e+02
7.450000000000000000e+01 5.611250000000000000e+02
4.045000000000000000e+02 5.611250000000000000e+02
