2.750000000000000000e+01 8.750000000000000000e-01
1.565000000000000000e+02 8.750000000000000000e-01
1.702777777780000008e+02 9.444444440000000496e-01
3.444166666670000154e+02 1.833333332999999898e+00
4.695000000000000000e+02 5.000000000000000000e-01
4.800000000000000000e+02 2.500000000000000000e+00
5.077222222220000276e+02 1.888888888999999960e+00
5.570000000000000000e+02 1.300000000000000044e+00
5.785000000000000000e+02 8.750000000000000000e-01
4.516666666700000121e+01 3.250000000000000000e+00
2.254090909090000139e+02 3.863636363999999990e+00
2.802647058819999870e+02 4.088235294000000408e+00
3.318529411760000016e+02 5.500000000000000000e+00
3.691818181819999722e+02 6.454545454999999876e+00
4.375555555560000016e+02 6.722222222000000080e+00
5.190000000000000000e+02 5.785714286000000151e+00
1.065499999999999972e+02 7.400000000000000355e+00
8.700000000000000000e+01 9.000000000000000000e+00
6.800000000000000000e+01 9.785714285999999262e+00
1.913823529409999935e+02 9.911764705999999592e+00
2.600882352940000146e+02 1.038235294100000061e+01
4.179117647059999854e+02 1.161764705899999939e+01
4.585000000000000000e+02 1.130000000000000071e+01
5.608529411759999448e+02 1.250000000000000000e+01
1.370000000000000000e+02 1.350000000000000000e+01
5.100625000000000000e+02 1.325000000000000000e+01
3.495000000000000000e+02 1.550000000000000000e+01
1.590000000000000000e+02 1.650000000000000000e+01
1.720384615380000071e+02 1.634615384599999999e+01
2.116052631580000138e+02 1.650000000000000000e+01
3.898000000000000114e+02 1.619999999999999929e+01
3.015000000000000000e+02 1.700000000000000000e+01
4.716176470589999781e+02 1.691176470599999959e+01
5.372999999999999545e+02 1.676666666699999908e+01
3.746176470589999781e+02 1.791176470599999959e+01
2.375000000000000000e+02 1.950000000000000000e+01
5.741315789469999800e+02 1.950000000000000000e+01
4.878846153850000178e+02 1.988461538500000003e+01
2.860000000000000000e+02 2.221428571399999896e+01
1.240294117650000061e+02 2.314705882399999837e+01
3.906999999999999886e+02 2.250000000000000000e+01
1.871052631599999927e+01 2.586842105299999872e+01
1.051666666670000012e+02 2.541666666700000121e+01
2.681999999999999886e+02 2.519999999999999929e+01
5.367857142860000295e+02 2.535714285699999948e+01
5.361111111099999960e+01 2.622222222199999919e+01
7.241666666700000121e+01 2.700000000000000000e+01
3.208157894739999847e+02 2.734210526300000055e+01
4.983999999999999773e+02 2.780000000000000071e+01
3.093000000000000114e+02 2.750000000000000000e+01
1.830000000000000000e+02 3.000000000000000000e+01
1.938846153849999894e+02 2.988461538500000003e+01
4.091153846149999822e+02 3.111538461499999997e+01
1.308823529400000041e+01 3.238235294100000061e+01
3.620000000000000284e+01 3.180000000000000071e+01
3.312333333330000187e+02 3.216666666700000121e+01
3.657500000000000000e+02 3.183333333299999879e+01
5.150000000000000000e+02 3.450000000000000000e+01
5.582142857139999705e+02 3.400000000000000000e+01
1.388846153849999894e+02 3.488461538499999648e+01
2.135000000000000000e+02 3.450000000000000000e+01
2.338846153849999894e+02 3.511538461500000352e+01
2.514166666669999870e+02 3.483333333299999879e+01
4.275000000000000000e+02 3.600000000000000000e+01
4.516176470589999781e+02 3.591176470599999959e+01
4.798529411760000016e+02 3.650000000000000000e+01
6.700000000000000000e+01 3.700000000000000000e+01
9.145238095199999862e+01 3.730952381000000173e+01
1.204000000000000057e+02 3.745000000000000284e+01
3.828333333329999846e+02 3.825000000000000000e+01
4.068750000000000000e+02 3.825000000000000000e+01
5.747857142860000295e+02 3.900000000000000000e+01
5.865909090909999577e+02 3.913636363599999868e+01
2.695000000000000000e+02 4.100000000000000000e+01
3.603421052630000077e+02 4.465789473699999945e+01
1.565000000000000000e+02 4.500000000000000000e+01
2.933823529410000219e+02 4.491176470599999959e+01
3.733333333299999879e+01 4.722222222199999919e+01
4.127500000000000000e+02 4.725000000000000000e+01
2.257692307700000001e+01 4.780769230800000003e+01
1.428571429000000004e+00 4.964285714300000052e+01
5.408571428569999853e+02 4.921428571399999896e+01
5.786842105299999872e+01 5.050000000000000000e+01
1.038846153850000036e+02 5.011538461500000352e+01
3.480000000000000000e+02 5.050000000000000000e+01
5.084166666670000154e+02 5.066666666700000121e+01
3.152692307689999893e+02 5.134615384599999999e+01
1.422222222219999992e+02 5.233333333299999879e+01
2.245000000000000000e+02 5.271052631599999927e+01
3.278636363640000013e+02 5.140909090899999967e+01
4.650882352940000146e+02 5.261764705899999939e+01
1.986176470590000065e+02 5.279411764700000020e+01
4.426538461540000071e+02 5.273076923099999647e+01
3.872142857140000274e+02 5.400000000000000000e+01
4.892142857140000274e+02 5.400000000000000000e+01
5.657222222220000276e+02 5.544444444399999838e+01
2.583823529410000219e+02 5.608823529400000041e+01
8.111538461499999642e+01 5.688461538499999648e+01
1.808478260869999872e+02 5.741304347799999874e+01
5.535499999999999545e+02 5.760000000000000142e+01
4.768636363640000013e+02 5.740909090899999967e+01
5.852857142860000295e+02 5.814285714300000052e+01
3.426333333329999959e+02 5.896666666699999837e+01
2.100000000000000000e+01 6.000000000000000000e+01
1.185000000000000000e+02 5.950000000000000000e+01
1.670000000000000000e+02 6.050000000000000000e+01
2.875000000000000000e+02 6.000000000000000000e+01
3.770000000000000000e+02 6.100000000000000000e+01
3.963823529410000219e+02 6.267647058800000082e+01
3.891176470599999959e+01 6.461764705900000649e+01
4.500000000000000000e+02 6.370000000000000284e+01
5.248999999999999773e+02 6.409999999999999432e+01
1.498125000000000000e+02 6.562500000000000000e+01
2.678846153850000178e+02 6.511538461499999642e+01
2.164333333330000073e+02 6.663333333299999595e+01
3.435000000000000000e+02 6.600000000000000000e+01
2.378529411760000016e+02 6.850000000000000000e+01
3.100000000000000000e+02 6.900000000000000000e+01
4.320882352940000146e+02 6.961764705900000649e+01
1.802500000000000000e+02 7.175000000000000000e+01
2.992500000000000000e+02 7.216666666700000121e+01
4.983666666670000041e+02 7.196666666699999837e+01
5.120714285709999558e+02 7.242857142900000156e+01
9.134210526299999344e+01 7.434210526299999344e+01
1.985000000000000000e+02 7.450000000000000000e+01
2.783095238099999733e+02 7.445238095199999862e+01
1.130000000000000000e+02 7.500000000000000000e+01
7.185714285699999948e+01 7.578571428600000104e+01
1.251153846149999964e+02 7.611538461499999642e+01
4.634285714289999873e+02 7.685714285699999948e+01
5.871666666669999586e+02 7.600000000000000000e+01
4.059117647059999854e+02 7.761764705900000649e+01
5.486875000000000000e+02 7.962500000000000000e+01
3.000000000000000000e+00 8.000000000000000000e+01
5.358571428569999853e+02 8.028571428600000104e+01
5.302941176499999898e+01 8.185294117600000163e+01
3.226176470589999781e+02 8.108823529400000041e+01
3.805000000000000000e+02 8.150000000000000000e+01
5.691875000000000000e+02 8.162500000000000000e+01
1.570000000000000000e+02 8.250000000000000000e+01
2.392105263199999854e+01 8.360526315799999963e+01
2.248846153849999894e+02 8.311538461499999642e+01
2.340000000000000000e+02 8.150000000000000000e+01
3.092500000000000000e+02 8.416666666700000121e+01
4.825000000000000000e+02 8.407142857099999844e+01
3.610652173909999760e+02 8.558695652199999415e+01
2.125000000000000000e+02 8.750000000000000000e+01
5.853888888889999862e+02 8.777777777800000081e+01
4.440000000000000000e+02 8.778571428600000104e+01
2.898684210530000200e+02 8.950000000000000000e+01
2.595952380950000133e+02 9.069047618999999827e+01
7.650000000000000000e+01 9.229999999999999716e+01
4.326578947369999923e+02 9.365789473700000656e+01
1.749666666669999984e+02 9.463333333299999595e+01
5.000000000000000000e+02 9.378571428600000104e+01
3.488888888900000040e+01 9.577777777800000081e+01
1.073888888890000004e+02 9.644444444399999838e+01
2.722142857140000274e+02 9.600000000000000000e+01
4.705000000000000000e+02 9.600000000000000000e+01
5.925000000000000000e+01 9.708333333299999879e+01
1.298846153849999894e+02 9.688461538500000358e+01
2.490555555560000016e+02 9.683333333299999879e+01
3.213823529410000219e+02 9.750000000000000000e+01
5.268571428569999853e+02 9.828571428600000104e+01
5.726000000000000227e+02 9.845000000000000284e+01
3.875000000000000000e+02 9.921428571399999896e+01
1.885666666669999927e+02 1.000999999999999943e+02
4.047857142859999726e+02 1.000000000000000000e+02
4.523823529410000219e+02 9.991176470599999959e+01
5.444444444000000161e+00 1.013888888890000004e+02
1.395000000000000000e+02 1.010000000000000000e+02
2.279736842110000055e+02 1.025000000000000000e+02
4.842222222220000276e+02 1.023888888890000004e+02
8.850000000000000000e+01 1.030000000000000000e+02
2.051923076920000142e+02 1.044230769229999964e+02
1.672500000000000000e+02 1.051666666670000012e+02
4.203571428569999853e+02 1.057857142860000010e+02
6.720833333299999879e+01 1.065000000000000000e+02
3.444499999999999886e+02 1.065999999999999943e+02
5.083888888889999862e+02 1.067777777780000008e+02
5.459210526320000554e+02 1.061842105260000011e+02
4.708529411760000016e+02 1.079705882349999939e+02
3.663823529410000219e+02 1.099117647059999996e+02
5.818571428569999853e+02 1.112857142860000010e+02
5.651363636360000555e+02 1.119545454550000017e+02
2.173529411799999878e+01 1.137352941179999988e+02
3.058333333329999846e+02 1.135000000000000000e+02
3.390000000000000000e+02 1.132142857139999990e+02
1.021153846149999964e+02 1.137307692309999965e+02
1.221153846149999964e+02 1.138846153850000036e+02
5.271000000000000227e+02 1.139000000000000057e+02
2.260333333330000016e+02 1.153666666670000041e+02
2.375000000000000000e+02 1.155000000000000000e+02
2.646000000000000227e+02 1.164500000000000028e+02
4.408636363640000013e+02 1.159545454550000017e+02
2.850000000000000000e+02 1.180000000000000000e+02
1.396666666700000015e+01 1.193666666670000041e+02
5.161764705899999939e+01 1.200882352940000004e+02
1.892692307689999893e+02 1.201153846149999964e+02
1.035833333329999988e+02 1.215833333329999988e+02
1.657941176470000073e+02 1.216176470590000065e+02
3.112857142859999726e+02 1.221428571430000005e+02
4.023823529410000219e+02 1.220882352940000004e+02
1.455000000000000000e+02 1.236428571430000005e+02
4.945476190480000014e+02 1.241190476189999998e+02
5.657500000000000000e+02 1.239166666670000012e+02
3.527777777779999724e+02 1.253888888890000004e+02
4.255500000000000114e+02 1.254000000000000057e+02
5.550000000000000000e+02 1.247857142860000010e+02
3.775000000000000000e+02 1.265000000000000000e+02
2.345000000000000000e+02 1.270000000000000000e+02
4.446176470589999781e+02 1.270882352940000004e+02
2.739166666670000154e+02 1.282500000000000000e+02
8.950000000000000000e+01 1.293000000000000114e+02
4.802500000000000000e+02 1.290833333330000130e+02
3.214285714300000052e+01 1.307142857139999990e+02
5.240000000000000000e+02 1.307222222219999992e+02
6.370000000000000284e+01 1.320000000000000000e+02
1.820000000000000000e+02 1.322142857139999990e+02
2.499666666669999984e+02 1.326333333329999959e+02
1.410999999999999943e+02 1.329000000000000057e+02
1.230000000000000000e+02 1.340000000000000000e+02
2.056428571429999863e+02 1.348333333330000130e+02
4.630833333329999846e+02 1.337500000000000000e+02
5.386333333329999959e+02 1.344333333330000073e+02
3.927857142859999726e+02 1.350000000000000000e+02
1.388461538500000003e+01 1.358846153849999894e+02
3.366578947369999923e+02 1.363421052630000077e+02
5.060000000000000000e+02 1.370000000000000000e+02
5.845769230769999467e+02 1.371923076920000142e+02
1.908571428570000137e+02 1.385714285710000127e+02
2.936333333329999959e+02 1.380333333330000016e+02
6.999999999999999556e-01 1.410999999999999943e+02
3.561470588239999984e+02 1.409705882350000081e+02
1.612822580650000077e+02 1.474677419349999923e+02
5.601153846150000390e+02 1.418846153849999894e+02
1.191428571430000005e+02 1.434285714289999873e+02
2.118846153849999894e+02 1.432692307689999893e+02
4.306818181819999722e+02 1.443181818179999993e+02
3.079615384620000214e+02 1.446538461540000071e+02
4.070000000000000000e+02 1.450000000000000000e+02
5.215000000000000000e+02 1.455000000000000000e+02
2.637777777779999724e+02 1.481111111110000138e+02
4.501000000000000227e+02 1.469000000000000057e+02
4.160000000000000142e+01 1.484499999999999886e+02
8.350000000000000000e+01 1.483947368419999862e+02
2.421111111110000138e+02 1.492222222219999992e+02
3.850000000000000000e+02 1.490000000000000000e+02
2.845000000000000000e+02 1.502647058819999870e+02
5.690000000000000000e+02 1.512272727270000132e+02
2.225909090909999861e+02 1.525909090909999861e+02
1.402142857139999990e+02 1.530000000000000000e+02
4.716111111110000138e+02 1.537777777780000008e+02
6.150000000000000000e+01 1.542894736840000007e+02
3.303888888889999862e+02 1.542222222219999992e+02
3.747857142859999726e+02 1.541428571429999863e+02
4.433461538459999929e+02 1.564230769229999964e+02
3.540000000000000000e+02 1.570000000000000000e+02
4.896428571430000147e+02 1.576904761899999983e+02
1.013260869570000011e+02 1.585000000000000000e+02
1.871052631599999927e+01 1.598684210529999916e+02
5.368999999999999773e+02 1.600999999999999943e+02
1.791666666669999870e+02 1.613750000000000000e+02
3.005000000000000000e+02 1.615000000000000000e+02
2.735000000000000000e+02 1.620000000000000000e+02
5.120882352940000146e+02 1.623823529409999935e+02
2.085000000000000000e+02 1.630000000000000000e+02
3.673076923099999647e+01 1.641153846150000106e+02
9.875000000000000000e+00 1.652500000000000000e+02
2.413000000000000114e+02 1.670000000000000000e+02
3.251666666670000154e+02 1.672333333329999903e+02
4.026999999999999886e+02 1.665000000000000000e+02
4.211315789469999800e+02 1.672894736840000007e+02
1.520000000000000000e+02 1.680000000000000000e+02
6.039999999999999858e+01 1.694499999999999886e+02
3.690625000000000000e+02 1.692500000000000000e+02
2.883750000000000000e+02 1.693750000000000000e+02
9.972222222199999919e+01 1.714444444439999984e+02
1.194285714290000016e+02 1.707142857139999990e+02
4.600294117650000203e+02 1.711470588239999984e+02
5.387222222220000276e+02 1.710000000000000000e+02
7.778571428600000104e+01 1.720000000000000000e+02
5.509615384620000214e+02 1.726538461540000071e+02
4.739117647059999854e+02 1.746176470590000065e+02
5.036666666670000154e+02 1.742222222219999992e+02
1.640882352939999862e+02 1.756176470590000065e+02
5.815000000000000000e+02 1.751250000000000000e+02
4.440000000000000000e+02 1.762500000000000000e+02
2.049117647060000138e+02 1.776176470590000065e+02
3.881315789469999800e+02 1.780263157889999945e+02
3.397500000000000000e+02 1.788333333330000130e+02
4.071153846149999822e+02 1.788846153849999894e+02
2.068181818200000066e+01 1.799545454549999874e+02
2.251111111110000138e+02 1.808333333330000130e+02
5.000000000000000000e-01 1.805000000000000000e+02
1.525000000000000000e+02 1.815000000000000000e+02
2.786875000000000000e+02 1.813750000000000000e+02
2.993947368419999862e+02 1.815000000000000000e+02
4.619615384620000214e+02 1.823461538459999929e+02
3.584499999999999886e+02 1.834000000000000057e+02
1.867857142860000010e+02 1.840000000000000000e+02
2.490000000000000000e+02 1.840000000000000000e+02
5.135000000000000000e+02 1.855000000000000000e+02
8.500000000000000000e+00 1.860000000000000000e+02
1.061428571430000005e+02 1.862857142860000010e+02
5.325000000000000000e+01 1.877500000000000000e+02
3.122142857140000274e+02 1.870000000000000000e+02
5.733888888889999862e+02 1.880555555560000016e+02
4.200000000000000000e+02 1.915000000000000000e+02
4.055555555999999839e+00 1.927777777780000008e+02
7.350000000000000000e+01 1.921470588239999984e+02
3.520000000000000000e+02 1.925000000000000000e+02
5.474523809519999986e+02 1.928333333330000130e+02
2.804166666700000121e+01 1.933750000000000000e+02
4.835555555560000016e+02 1.936111111110000138e+02
1.077500000000000000e+02 1.940625000000000000e+02
2.737500000000000000e+02 1.938333333330000130e+02
1.205769230770000036e+02 1.953461538459999929e+02
3.790000000000000000e+02 1.957222222219999992e+02
5.850000000000000000e+02 1.952142857139999990e+02
2.083181818179999993e+02 1.967727272729999868e+02
4.555000000000000000e+02 1.965000000000000000e+02
1.455000000000000000e+02 1.971470588239999984e+02
2.191153846150000106e+02 1.978846153849999894e+02
4.917105263160000277e+02 1.985000000000000000e+02
1.713000000000000114e+02 1.993000000000000114e+02
2.845000000000000000e+02 1.990000000000000000e+02
3.971666666670000154e+02 1.990000000000000000e+02
4.401153846149999822e+02 1.991153846150000106e+02
2.335000000000000000e+02 2.003000000000000114e+02
5.290000000000000000e+02 2.005000000000000000e+02
3.300652173909999760e+02 2.035869565220000084e+02
4.040238095240000007e+02 2.038809523809999860e+02
1.942500000000000000e+02 2.041250000000000000e+02
5.700000000000000000e+01 2.050000000000000000e+02
2.069047618999999827e+01 2.063571428570000137e+02
8.000000000000000000e+01 2.082142857139999990e+02
4.611538461500000352e+01 2.088846153849999894e+02
1.336999999999999886e+02 2.096999999999999886e+02
3.649117647059999854e+02 2.096176470590000065e+02
2.958000000000000114e+02 2.106500000000000057e+02
5.748846153849999610e+02 2.098846153849999894e+02
5.140000000000000000e+02 2.105000000000000000e+02
2.058636363640000013e+02 2.120454545450000126e+02
2.538809523809999860e+02 2.118333333330000130e+02
4.351153846149999822e+02 2.117307692310000107e+02
4.997500000000000000e+02 2.118333333330000130e+02
5.342500000000000000e+02 2.128499999999999943e+02
1.185000000000000000e+02 2.130000000000000000e+02
2.754090909089999855e+02 2.135909090909999861e+02
3.836250000000000000e+02 2.126250000000000000e+02
7.383333333299999879e+01 2.139444444439999984e+02
1.542142857139999990e+02 2.140000000000000000e+02
3.126176470589999781e+02 2.137941176470000073e+02
3.467222222220000276e+02 2.140000000000000000e+02
5.856111111110000138e+02 2.156666666669999870e+02
5.250000000000000000e+00 2.161666666669999870e+02
4.798999999999999773e+02 2.159000000000000057e+02
2.388461538500000003e+01 2.177307692310000107e+02
2.824456521739999744e+02 2.229891304349999928e+02
4.475000000000000000e+02 2.176999999999999886e+02
1.788809523809999860e+02 2.192142857139999990e+02
2.301153846150000106e+02 2.188846153849999894e+02
5.518750000000000000e+02 2.213750000000000000e+02
9.900000000000000000e+01 2.220000000000000000e+02
2.430789473680000015e+02 2.223947368419999862e+02
3.271315789469999800e+02 2.219736842110000055e+02
5.165384615400000001e+01 2.240384615380000071e+02
4.663888888889999862e+02 2.257777777780000008e+02
4.166904761900000267e+02 2.264523809519999986e+02
4.845476190480000014e+02 2.272619047620000003e+02
5.737500000000000000e+02 2.262500000000000000e+02
3.992142857140000274e+02 2.280000000000000000e+02
5.120000000000000000e+02 2.280000000000000000e+02
1.392894736840000007e+02 2.291315789470000084e+02
2.613888888889999862e+02 2.294444444439999984e+02
3.818000000000000114e+02 2.296500000000000057e+02
3.155000000000000071e+01 2.307500000000000000e+02
4.376818181819999722e+02 2.303181818179999993e+02
3.628846153850000178e+02 2.318846153849999894e+02
7.538235294099999351e+01 2.339117647060000138e+02
1.250294117650000061e+02 2.341470588239999984e+02
1.917777777780000008e+02 2.343333333330000130e+02
5.478529411759999448e+02 2.344411764710000057e+02
3.063750000000000000e+02 2.368750000000000000e+02
6.089999999999999858e+01 2.379000000000000057e+02
5.840294117649999635e+02 2.381470588239999984e+02
5.333333332999999676e+00 2.396111111110000138e+02
9.900000000000000000e+01 2.392142857139999990e+02
1.593666666670000041e+02 2.390333333330000016e+02
2.249444444439999984e+02 2.393888888889999862e+02
1.993750000000000000e+01 2.400625000000000000e+02
3.795833333329999846e+02 2.406666666669999870e+02
2.360000000000000000e+02 2.415000000000000000e+02
5.270000000000000000e+02 2.407857142860000010e+02
1.821153846150000106e+02 2.418846153849999894e+02
2.730882352940000146e+02 2.426176470590000065e+02
2.857500000000000000e+02 2.422500000000000000e+02
3.388636363640000013e+02 2.414090909090000139e+02
3.990000000000000000e+02 2.425000000000000000e+02
4.540000000000000000e+02 2.437222222219999992e+02
5.049666666670000268e+02 2.436333333329999959e+02
2.067307692310000107e+02 2.441153846150000106e+02
4.330000000000000000e+02 2.442142857139999990e+02
1.461153846150000106e+02 2.454230769229999964e+02
3.273999999999999773e+02 2.455500000000000114e+02
5.641250000000000000e+02 2.477500000000000000e+02
1.132142857139999990e+02 2.490000000000000000e+02
1.974600000000000080e+02 2.500999999999999943e+02
4.877500000000000000e+02 2.498333333330000130e+02
4.736666666699999695e+01 2.510333333330000016e+02
4.684166666670000154e+02 2.518333333330000130e+02
8.777777777800000081e+01 2.533888888889999862e+02
1.327666666670000097e+02 2.531666666669999870e+02
3.640000000000000000e+02 2.530000000000000000e+02
2.975000000000000000e+02 2.541470588239999984e+02
1.622142857139999990e+02 2.550000000000000000e+02
5.033421052630000077e+02 2.566578947369999923e+02
2.812142857140000274e+02 2.570000000000000000e+02
5.421666666669999586e+02 2.596250000000000000e+02
3.870000000000000000e+02 2.600000000000000000e+02
7.277777777999999920e+00 2.610000000000000000e+02
5.180000000000000000e+02 2.612142857140000274e+02
2.173499999999999943e+02 2.628000000000000114e+02
3.176904761900000267e+02 2.636428571430000147e+02
4.050000000000000000e+02 2.635000000000000000e+02
5.711111111099999960e+01 2.647777777779999724e+02
9.888095238100000017e+01 2.645000000000000000e+02
5.566818181820000291e+02 2.646818181819999722e+02
2.535000000000000000e+02 2.665000000000000000e+02
3.477500000000000000e+02 2.661250000000000000e+02
4.276904761900000267e+02 2.663571428569999853e+02
4.545000000000000000e+02 2.673000000000000114e+02
4.798999999999999773e+02 2.668999999999999773e+02
5.803823529410000219e+02 2.669117647059999854e+02
1.171666666670000012e+02 2.684166666670000154e+02
1.433000000000000114e+02 2.686999999999999886e+02
3.281000000000000227e+02 2.681000000000000227e+02
3.910000000000000000e+02 2.687857142859999726e+02
4.878999999999999773e+02 2.691000000000000227e+02
4.388846153850000178e+02 2.698846153850000178e+02
3.127777777800000081e+01 2.710000000000000000e+02
1.828333333330000130e+02 2.714047619049999867e+02
5.065000000000000000e+02 2.711666666670000154e+02
2.695000000000000000e+02 2.720000000000000000e+02
5.317000000000000455e+02 2.720000000000000000e+02
2.345000000000000000e+02 2.733000000000000114e+02
6.583333333299999879e+01 2.736111111110000138e+02
7.935714285699999948e+01 2.744285714289999873e+02
1.691666666669999870e+02 2.742500000000000000e+02
3.009166666670000154e+02 2.737500000000000000e+02
3.765000000000000000e+02 2.735000000000000000e+02
1.495909090909999861e+02 2.761363636359999987e+02
2.045000000000000000e+02 2.767105263160000277e+02
2.237857142860000010e+02 2.770000000000000000e+02
3.492777777779999724e+02 2.770000000000000000e+02
1.332142857139999990e+02 2.780000000000000000e+02
5.342105262999999660e+00 2.836578947369999923e+02
4.270000000000000284e+01 2.834333333330000073e+02
5.685000000000000000e+02 2.835000000000000000e+02
3.831000000000000227e+02 2.851000000000000227e+02
9.107142857099999844e+01 2.860714285710000127e+02
2.667500000000000000e+02 2.857500000000000000e+02
4.025000000000000000e+02 2.860000000000000000e+02
3.168999999999999773e+02 2.868999999999999773e+02
3.653461538459999929e+02 2.869615384620000214e+02
1.043823529409999935e+02 2.880882352940000146e+02
4.655526315789999785e+02 2.885526315789999785e+02
5.448076923080000142e+02 2.875000000000000000e+02
2.488333333330000130e+02 2.900833333329999846e+02
2.868846153850000178e+02 2.887307692310000107e+02
4.373823529410000219e+02 2.892058823529999927e+02
2.008846153849999894e+02 2.898846153850000178e+02
4.895500000000000114e+02 2.906000000000000227e+02
2.385714285699999948e+01 2.917142857140000274e+02
5.197857142860000295e+02 2.920000000000000000e+02
5.750000000000000000e+01 2.933000000000000114e+02
1.555000000000000000e+02 2.932647058819999870e+02
5.577222222220000276e+02 2.930000000000000000e+02
1.672142857139999990e+02 2.945000000000000000e+02
3.600000000000000000e+02 2.943125000000000000e+02
4.510555555560000016e+02 2.946111111110000138e+02
1.801470588239999984e+02 2.949705882349999797e+02
4.199666666670000268e+02 2.953666666670000041e+02
5.870000000000000000e+02 2.950000000000000000e+02
1.286578947369999923e+02 2.965526315789999785e+02
2.385666666669999927e+02 2.985666666669999927e+02
3.010294117650000203e+02 2.991470588239999984e+02
3.273823529410000219e+02 2.989117647059999854e+02
4.062777777779999724e+02 2.991111111110000138e+02
3.457857142859999726e+02 3.000000000000000000e+02
7.286363636400000132e+01 3.004090909089999855e+02
2.230999999999999943e+02 3.008999999999999773e+02
1.573529411800000055e+01 3.037352941180000130e+02
9.221428571399999896e+01 3.030000000000000000e+02
5.041000000000000227e+02 3.041000000000000227e+02
2.017500000000000000e+02 3.052500000000000000e+02
4.410000000000000000e+02 3.052142857140000274e+02
4.400000000000000000e+01 3.065000000000000000e+02
1.387777777780000008e+02 3.066111111110000138e+02
4.566666666670000154e+02 3.063333333329999846e+02
4.735000000000000000e+02 3.062894736839999723e+02
2.769666666670000268e+02 3.073666666670000041e+02
3.131470588239999984e+02 3.075000000000000000e+02
3.824285714289999873e+02 3.086428571430000147e+02
2.573823529410000219e+02 3.089117647059999854e+02
5.472058823529999927e+02 3.103823529410000219e+02
4.111153846149999822e+02 3.118846153850000178e+02
5.748846153849999610e+02 3.121153846149999822e+02
1.788636363640000013e+02 3.130454545449999841e+02
2.421428571429999863e+02 3.137142857140000274e+02
1.640000000000000000e+02 3.157222222220000276e+02
5.188461538499999648e+01 3.158846153850000178e+02
6.450000000000000000e+01 3.175000000000000000e+02
1.113571428569999995e+02 3.173095238099999733e+02
3.365000000000000000e+02 3.175000000000000000e+02
3.946904761900000267e+02 3.186428571430000147e+02
2.625000000000000000e+02 3.190000000000000000e+02
5.305000000000000000e+02 3.195000000000000000e+02
2.137500000000000000e+02 3.199166666670000154e+02
3.545909090910000145e+02 3.205909090910000145e+02
4.958333333329999846e+02 3.197666666669999813e+02
3.722222222000000080e+00 3.210000000000000000e+02
8.325000000000000000e+01 3.217500000000000000e+02
2.909090909089999855e+02 3.221363636359999987e+02
3.151153846149999822e+02 3.211153846149999822e+02
3.454761904800000138e+01 3.242619047619999719e+02
4.800000000000000000e+02 3.230000000000000000e+02
4.270000000000000000e+02 3.237857142859999726e+02
5.110000000000000000e+02 3.242777777779999724e+02
5.627857142860000295e+02 3.260000000000000000e+02
3.783888888889999862e+02 3.279444444439999984e+02
4.448999999999999773e+02 3.278999999999999773e+02
4.644166666670000154e+02 3.281666666670000154e+02
1.834499999999999886e+02 3.293999999999999773e+02
1.922647058819999870e+02 3.295000000000000000e+02
2.530000000000000000e+02 3.295000000000000000e+02
3.406818181819999722e+02 3.307727272729999868e+02
1.319117647060000138e+02 3.313823529410000219e+02
1.527500000000000000e+02 3.315500000000000114e+02
2.289666666669999984e+02 3.313666666670000041e+02
5.489166666669999586e+02 3.307500000000000000e+02
3.220000000000000000e+02 3.320000000000000000e+02
4.958571428569999853e+02 3.342857142859999726e+02
5.310000000000000000e+02 3.345000000000000000e+02
6.775000000000000000e+01 3.351666666670000154e+02
3.033666666670000041e+02 3.349666666670000268e+02
2.103461538459999929e+02 3.370384615379999786e+02
3.910000000000000000e+02 3.377857142859999726e+02
4.067857142859999726e+02 3.390000000000000000e+02
5.411538461500000352e+01 3.398846153850000178e+02
1.085625000000000000e+02 3.407500000000000000e+02
9.091176470599999959e+01 3.416176470589999781e+02
8.657894736999999452e+00 3.426578947369999923e+02
2.450000000000000000e+01 3.420000000000000000e+02
2.772222222220000276e+02 3.436111111110000138e+02
3.728846153850000178e+02 3.428846153850000178e+02
2.451470588239999984e+02 3.439705882349999797e+02
4.233888888889999862e+02 3.450555555560000016e+02
1.662500000000000000e+02 3.460625000000000000e+02
1.946764705880000008e+02 3.463823529410000219e+02
3.598846153850000178e+02 3.458846153850000178e+02
1.502500000000000000e+02 3.470625000000000000e+02
4.630000000000000000e+02 3.470000000000000000e+02
5.181666666669999586e+02 3.467500000000000000e+02
2.290000000000000000e+02 3.480000000000000000e+02
5.712272727270000132e+02 3.486363636359999987e+02
4.455000000000000000e+02 3.495000000000000000e+02
4.788999999999999773e+02 3.498500000000000227e+02
4.072333333330000187e+02 3.503000000000000114e+02
3.371000000000000227e+02 3.518999999999999773e+02
1.032500000000000000e+02 3.534499999999999886e+02
5.101363636359999987e+02 3.525909090910000145e+02
5.000000000000000000e-01 3.530000000000000000e+02
6.000000000000000000e+01 3.537857142859999726e+02
1.295000000000000000e+02 3.545000000000000000e+02
3.731190476190000140e+02 3.549761904759999993e+02
2.108846153849999894e+02 3.551153846149999822e+02
5.329545454550000159e+02 3.548636363640000013e+02
2.635000000000000000e+02 3.561190476190000140e+02
4.938846153850000178e+02 3.562692307689999893e+02
5.502999999999999545e+02 3.558000000000000114e+02
8.011904761899999983e+01 3.576428571430000147e+02
2.865384615400000001e+01 3.591153846149999822e+02
2.791363636359999987e+02 3.585909090910000145e+02
4.750000000000000000e+01 3.600000000000000000e+02
1.878636363640000013e+02 3.599545454550000159e+02
2.977777777779999724e+02 3.606666666670000154e+02
1.650000000000000000e+01 3.640000000000000000e+02
1.702142857139999990e+02 3.630000000000000000e+02
3.160000000000000000e+02 3.640000000000000000e+02
4.643125000000000000e+02 3.653750000000000000e+02
1.200600000000000023e+02 3.671000000000000227e+02
3.926764705879999724e+02 3.673235294120000276e+02
4.265000000000000000e+02 3.665000000000000000e+02
5.716111111110000138e+02 3.672222222220000276e+02
2.477500000000000000e+02 3.696499999999999773e+02
5.069117647059999854e+02 3.697352941180000130e+02
6.100000000000000000e+01 3.710000000000000000e+02
2.248333333330000130e+02 3.707500000000000000e+02
1.302500000000000000e+02 3.721666666670000154e+02
3.383823529410000219e+02 3.717941176470000073e+02
4.769375000000000000e+02 3.718750000000000000e+02
2.040333333330000016e+02 3.736333333329999959e+02
5.290625000000000000e+02 3.737500000000000000e+02
9.709999999999999432e+01 3.741000000000000227e+02
2.646578947369999923e+02 3.746578947369999923e+02
4.181470588239999984e+02 3.760294117650000203e+02
2.843421052630000077e+02 3.776578947369999923e+02
3.810789473680000015e+02 3.776052631580000138e+02
1.531875000000000000e+02 3.784375000000000000e+02
5.527105263160000277e+02 3.782368421049999938e+02
1.201250000000000000e+02 3.827500000000000000e+02
3.910000000000000000e+02 3.825000000000000000e+02
3.100000000000000000e+02 3.827857142859999726e+02
3.580000000000000000e+02 3.832142857140000274e+02
4.439736842109999770e+02 3.831315789469999800e+02
7.493750000000000000e+01 3.847500000000000000e+02
5.767105263160000277e+02 3.848684210530000200e+02
3.500000000000000000e+01 3.855000000000000000e+02
1.847777777780000008e+02 3.856111111110000138e+02
4.120238095240000007e+02 3.861190476190000140e+02
1.423181818179999993e+02 3.873181818180000278e+02
1.650000000000000000e+02 3.870000000000000000e+02
5.211153846150000390e+02 3.872692307689999893e+02
4.619285714289999873e+02 3.885000000000000000e+02
8.388888889000000404e+00 3.897777777779999724e+02
6.338235294100000061e+01 3.899117647059999854e+02
3.238333333329999846e+02 3.905000000000000000e+02
1.750000000000000000e+02 3.920000000000000000e+02
4.763999999999999773e+02 3.921999999999999886e+02
4.944090909089999855e+02 3.918636363640000013e+02
5.335000000000000000e+02 3.920000000000000000e+02
2.327941176470000073e+02 3.937352941180000130e+02
4.352142857140000274e+02 3.930000000000000000e+02
3.402894736839999723e+02 3.941315789469999800e+02
2.527631578950000062e+02 3.952368421049999938e+02
1.971923076920000142e+02 3.964230769229999964e+02
2.140454545450000126e+02 3.961363636359999987e+02
2.753666666670000041e+02 3.969666666670000268e+02
3.041499999999999773e+02 3.981000000000000227e+02
3.785294117600000163e+01 3.985000000000000000e+02
1.056578947370000066e+02 3.986578947369999923e+02
4.463888888889999862e+02 3.982222222220000276e+02
5.738333333330000414e+02 3.992333333330000187e+02
8.250000000000000000e+01 3.995000000000000000e+02
3.702826086960000112e+02 4.004130434780000201e+02
2.927777777800000081e+01 4.011666666670000154e+02
5.093181818180000278e+02 4.006818181819999722e+02
5.585000000000000000e+02 4.025000000000000000e+02
1.591315789470000084e+02 4.042894736839999723e+02
1.161666666670000012e+02 4.072500000000000000e+02
4.070000000000000000e+02 4.072142857140000274e+02
4.273666666670000041e+02 4.069666666670000268e+02
3.843750000000000000e+02 4.076250000000000000e+02
5.332142857139999705e+02 4.090000000000000000e+02
3.300000000000000000e+02 4.105000000000000000e+02
4.755000000000000000e+02 4.105000000000000000e+02
9.496153846199999293e+01 4.106538461540000071e+02
4.885000000000000000e+02 4.111666666670000154e+02
2.258636363640000013e+02 4.129545454550000159e+02
2.445833333330000130e+02 4.118333333329999846e+02
1.402222222219999992e+02 4.128888888889999862e+02
2.605000000000000000e+02 4.131666666670000154e+02
5.000000000000000000e-01 4.145000000000000000e+02
3.435000000000000000e+02 4.155000000000000000e+02
7.207142857099999844e+01 4.165000000000000000e+02
4.365000000000000000e+02 4.165000000000000000e+02
5.449210526320000554e+02 4.163947368419999862e+02
2.015909090909999861e+02 4.171363636359999987e+02
2.500000000000000000e+01 4.185000000000000000e+02
5.671666666669999586e+02 4.182500000000000000e+02
1.707307692310000107e+02 4.196538461540000071e+02
4.164473684210000215e+02 4.196578947369999923e+02
5.634210526300000055e+01 4.201842105260000153e+02
1.107222222219999992e+02 4.197222222220000276e+02
2.850625000000000000e+02 4.202500000000000000e+02
1.534090909090000139e+02 4.211363636359999987e+02
1.818846153849999894e+02 4.208846153850000178e+02
3.094230769229999964e+02 4.208846153850000178e+02
3.770000000000000000e+02 4.212777777779999724e+02
5.187222222220000276e+02 4.210000000000000000e+02
4.816111111110000138e+02 4.235555555560000016e+02
3.880714285710000127e+02 4.252142857140000274e+02
3.800000000000000000e+01 4.268999999999999773e+02
9.479411764699999310e+01 4.272647058819999870e+02
2.365000000000000000e+02 4.271666666670000154e+02
3.180000000000000000e+02 4.270000000000000000e+02
2.935000000000000000e+02 4.275000000000000000e+02
4.533999999999999773e+02 4.284499999999999886e+02
2.653181818180000278e+02 4.293181818180000278e+02
5.734230769230000533e+02 4.293461538459999929e+02
3.299999999999999822e+00 4.295000000000000000e+02
3.667500000000000000e+02 4.298333333329999846e+02
2.116999999999999886e+02 4.308000000000000114e+02
3.225500000000000114e+02 4.313999999999999773e+02
3.441000000000000227e+02 4.311000000000000227e+02
1.285000000000000000e+02 4.335000000000000000e+02
2.755000000000000000e+02 4.320000000000000000e+02
5.365714285709999558e+02 4.341428571430000147e+02
7.171052631599999927e+01 4.367631578950000062e+02
1.741470588239999984e+02 4.359705882349999797e+02
4.940454545449999841e+02 4.358636363640000013e+02
5.581923076919999858e+02 4.364230769229999964e+02
4.961764705899999939e+01 4.370882352940000146e+02
1.893750000000000000e+02 4.363750000000000000e+02
3.893888888889999862e+02 4.363888888889999862e+02
4.263666666670000041e+02 4.370333333329999732e+02
3.006176470589999781e+02 4.390882352940000146e+02
1.154500000000000028e+02 4.406000000000000227e+02
5.150000000000000000e+02 4.396999999999999886e+02
2.014285714300000052e+01 4.417142857140000274e+02
8.227777777800000081e+01 4.408888888889999862e+02
3.513750000000000000e+02 4.403750000000000000e+02
4.660000000000000000e+02 4.405000000000000000e+02
2.335000000000000000e+02 4.415000000000000000e+02
2.572142857140000274e+02 4.430000000000000000e+02
4.440000000000000000e+02 4.430000000000000000e+02
1.580999999999999943e+02 4.448999999999999773e+02
2.743461538459999929e+02 4.470384615379999786e+02
3.783181818180000278e+02 4.466818181819999722e+02
3.992142857140000274e+02 4.470000000000000000e+02
1.300000000000000000e+02 4.495000000000000000e+02
5.389705882350000365e+02 4.491470588239999984e+02
4.298846153850000178e+02 4.498846153850000178e+02
2.095869565220000084e+02 4.519347826090000240e+02
3.286739130430000273e+02 4.515000000000000000e+02
4.777105263160000277e+02 4.518684210530000200e+02
5.013823529410000219e+02 4.509117647059999854e+02
5.868333333330000414e+02 4.508333333329999846e+02
5.697500000000000000e+02 4.550000000000000000e+02
2.850000000000000000e+01 4.558529411760000016e+02
4.565000000000000000e+02 4.566052631580000138e+02
2.431666666669999870e+02 4.567500000000000000e+02
2.590000000000000000e+02 4.570000000000000000e+02
3.117307692310000107e+02 4.571153846149999822e+02
3.618846153850000178e+02 4.571153846149999822e+02
1.887222222219999992e+02 4.594444444439999984e+02
3.998333333329999846e+02 4.596250000000000000e+02
4.151000000000000227e+02 4.588999999999999773e+02
6.361111111099999960e+01 4.617777777779999724e+02
1.667500000000000000e+02 4.608333333329999846e+02
5.599999999999999645e+00 4.624499999999999886e+02
1.009615384619999929e+02 4.633461538459999929e+02
1.175833333329999988e+02 4.638333333329999846e+02
5.265000000000000000e+02 4.640000000000000000e+02
1.445833333330000130e+02 4.661666666670000154e+02
3.453000000000000114e+02 4.655000000000000000e+02
7.850000000000000000e+01 4.673000000000000114e+02
5.006818181819999722e+02 4.673181818180000278e+02
2.995000000000000000e+02 4.680000000000000000e+02
4.401470588239999984e+02 4.685000000000000000e+02
4.895000000000000000e+02 4.685000000000000000e+02
5.746333333329999959e+02 4.679666666670000268e+02
4.950000000000000000e+01 4.690000000000000000e+02
2.291153846150000106e+02 4.688846153850000178e+02
2.050000000000000000e+01 4.700000000000000000e+02
2.804230769229999964e+02 4.701923076919999858e+02
3.784090909089999855e+02 4.698636363640000013e+02
2.599666666670000268e+02 4.713666666670000041e+02
5.529444444440000552e+02 4.723888888889999862e+02
6.478571428600000104e+01 4.740000000000000000e+02
2.139210526319999985e+02 4.743947368419999862e+02
4.725000000000000000e+02 4.742894736839999723e+02
3.386176470589999781e+02 4.759117647059999854e+02
4.141000000000000227e+02 4.758999999999999773e+02
1.901153846150000106e+02 4.768846153850000178e+02
3.139615384620000214e+02 4.766538461540000071e+02
1.714375000000000000e+02 4.793125000000000000e+02
1.073666666670000041e+02 4.800333333329999732e+02
1.285000000000000000e+02 4.810000000000000000e+02
1.530000000000000000e+02 4.797857142859999726e+02
5.357500000000000000e+02 4.805625000000000000e+02
5.660000000000000000e+02 4.805909090910000145e+02
4.543888888889999862e+02 4.811666666670000154e+02
4.940333333329999732e+02 4.813666666670000041e+02
2.757222222220000276e+02 4.820000000000000000e+02
2.490999999999999943e+02 4.831000000000000227e+02
3.983333333329999846e+02 4.837777777779999724e+02
2.250000000000000000e+00 4.842500000000000000e+02
3.775833333329999846e+02 4.843333333329999846e+02
4.395000000000000000e+02 4.825000000000000000e+02
5.237500000000000000e+02 4.848333333329999846e+02
7.900000000000000000e+01 4.862142857140000274e+02
2.298846153849999894e+02 4.858846153850000178e+02
5.850294117649999635e+02 4.878529411760000016e+02
3.033666666670000041e+02 4.881666666670000154e+02
3.655000000000000000e+02 4.875000000000000000e+02
4.790882352940000146e+02 4.896176470589999781e+02
1.501363636359999987e+02 4.900454545449999841e+02
2.006818181820000007e+02 4.896818181819999722e+02
1.871666666669999870e+02 4.928999999999999773e+02
3.661111111099999960e+01 4.937777777779999724e+02
2.251666666669999870e+02 4.932500000000000000e+02
4.711538461500000352e+01 4.951153846149999822e+02
3.200000000000000000e+02 4.960000000000000000e+02
3.629545454550000159e+02 4.966818181819999722e+02
5.067500000000000000e+02 4.968333333329999846e+02
7.250000000000000000e+01 4.972142857140000274e+02
1.189000000000000057e+02 4.978999999999999773e+02
2.600000000000000089e+00 4.994499999999999886e+02
4.388846153850000178e+02 4.991153846149999822e+02
4.623125000000000000e+02 4.993125000000000000e+02
5.215000000000000000e+02 5.000000000000000000e+02
2.768999999999999773e+02 5.016333333329999959e+02
3.441666666670000154e+02 5.012500000000000000e+02
4.029705882349999797e+02 5.018529411760000016e+02
1.675000000000000000e+02 5.015000000000000000e+02
2.604375000000000000e+02 5.025000000000000000e+02
5.409444444440000552e+02 5.017222222220000276e+02
1.010000000000000000e+02 5.030000000000000000e+02
1.355666666669999927e+02 5.044333333330000073e+02
4.168999999999999773e+02 5.038999999999999773e+02
5.615000000000000000e+02 5.052333333330000187e+02
5.813421052630000077e+02 5.055526315789999785e+02
4.710000000000000000e+02 5.060000000000000000e+02
3.170000000000000000e+02 5.070000000000000000e+02
1.714705882399999837e+01 5.085000000000000000e+02
3.812222222220000276e+02 5.083888888889999862e+02
4.000000000000000000e+01 5.090000000000000000e+02
8.365789473700000656e+01 5.106578947369999923e+02
2.383571428570000137e+02 5.094285714289999873e+02
3.325000000000000000e+02 5.116999999999999886e+02
4.867222222220000276e+02 5.121111111110000138e+02
4.081315789469999800e+02 5.137105263160000277e+02
1.790000000000000000e+02 5.143333333330000414e+02
2.096764705880000008e+02 5.146764705880000292e+02
2.226538461540000071e+02 5.140384615379999786e+02
4.535000000000000000e+02 5.142999999999999545e+02
5.335909090909999577e+02 5.138636363639999445e+02
2.958636363640000013e+02 5.154090909090000423e+02
1.598499999999999943e+02 5.181000000000000227e+02
3.476578947369999923e+02 5.173421052630000077e+02
5.533666666670000041e+02 5.170333333329999732e+02
9.707894736800000146e+01 5.196052631579999570e+02
1.305000000000000000e+02 5.200000000000000000e+02
2.643181818180000278e+02 5.203181818179999709e+02
4.325769230770000036e+02 5.201923076919999858e+02
5.000000000000000000e-01 5.195000000000000000e+02
2.489999999999999858e+01 5.225666666670000495e+02
6.969047618999999827e+01 5.228809523810000428e+02
1.987500000000000000e+02 5.221250000000000000e+02
3.796111111110000138e+02 5.218333333330000414e+02
5.109705882349999797e+02 5.226764705880000292e+02
2.466111111110000138e+02 5.242222222220000276e+02
3.187777777779999724e+02 5.256111111110000138e+02
8.400000000000000355e+00 5.285499999999999545e+02
5.546333333329999959e+02 5.280333333329999732e+02
1.690000000000000000e+02 5.282999999999999545e+02
2.098636363640000013e+02 5.290454545449999841e+02
4.662058823529999927e+02 5.313823529410000219e+02
4.756250000000000000e+01 5.326250000000000000e+02
4.370000000000000000e+02 5.325000000000000000e+02
2.803095238099999733e+02 5.333571428569999853e+02
5.860000000000000000e+02 5.332777777779999724e+02
1.428571428570000137e+02 5.347142857139999705e+02
2.331470588239999984e+02 5.345000000000000000e+02
5.166111111110000138e+02 5.341666666669999586e+02
5.297105263160000277e+02 5.341315789469999800e+02
7.250000000000000000e+01 5.350000000000000000e+02
3.692222222220000276e+02 5.353888888889999862e+02
4.847352941180000130e+02 5.352647058820000439e+02
1.150789473680000015e+02 5.363947368420000430e+02
2.975000000000000000e+02 5.360000000000000000e+02
4.951000000000000227e+02 5.358999999999999773e+02
1.892500000000000000e+02 5.380000000000000000e+02
4.000333333329999732e+02 5.373666666670000041e+02
4.220000000000000000e+02 5.365000000000000000e+02
1.242222222219999992e+02 5.403888888889999862e+02
3.451428571430000147e+02 5.407142857139999705e+02
2.518181818200000066e+01 5.415454545449999841e+02
3.240000000000000000e+02 5.435000000000000000e+02
3.829615384620000214e+02 5.426538461540000071e+02
2.679285714289999873e+02 5.452857142860000295e+02
3.118636363640000013e+02 5.444090909090000423e+02
9.370000000000000284e+01 5.463666666670000041e+02
4.290000000000000000e+02 5.465000000000000000e+02
5.759090909100000033e+01 5.488636363639999445e+02
4.471153846149999822e+02 5.488846153849999610e+02
4.762894736839999723e+02 5.511315789469999800e+02
2.526111111110000138e+02 5.525555555559999448e+02
1.560000000000000000e+02 5.530000000000000000e+02
2.061428571429999863e+02 5.537142857139999705e+02
2.740000000000000000e+02 5.532777777779999724e+02
5.727727272729999868e+02 5.538181818179999709e+02
5.714285713999999849e+00 5.538571428569999853e+02
3.782692307689999893e+02 5.543461538459999929e+02
5.080000000000000000e+02 5.545000000000000000e+02
3.475000000000000000e+01 5.551250000000000000e+02
1.380000000000000000e+02 5.552272727270000132e+02
5.290000000000000000e+02 5.552142857139999705e+02
5.472368421050000507e+02 5.557105263160000277e+02
2.285000000000000000e+02 5.575000000000000000e+02
2.955000000000000000e+02 5.598529411759999448e+02
3.552142857140000274e+02 5.603571428569999853e+02
7.913636363599999868e+01 5.605909090909999577e+02
3.411923076919999858e+02 5.604230769230000533e+02
