7.550000000000000000e+01 5.000000000000000000e-01
1.097857142860000010e+02 9.285714290000000037e-01
1.285000000000000000e+02 2.000000000000000000e+00
3.498636363640000013e+02 1.409090908999999892e+00
4.555000000000000000e+02 5.000000000000000000e-01
5.705000000000000000e+02 5.000000000000000000e-01
2.226111111110000138e+02 2.833333333000000120e+00
4.660000000000000000e+02 3.333333333000000120e+00
5.104473684210000215e+02 3.657894736999999896e+00
3.708823529400000041e+01 4.617647059000000276e+00
3.671999999999999886e+02 4.549999999999999822e+00
4.129666666670000268e+02 4.633333333000000387e+00
5.610000000000000142e+01 4.900000000000000355e+00
1.801399999999999864e+02 5.740000000000000213e+00
4.850000000000000000e+02 5.000000000000000000e+00
1.598684210529999916e+02 7.763157894999999975e+00
2.743888888889999862e+02 7.222222222000000080e+00
6.777777777999999920e+00 8.388888889000000404e+00
4.418529411760000016e+02 9.029411765000000756e+00
5.556818181820000291e+02 8.681818182000000661e+00
3.931666666670000154e+02 1.005555555599999984e+01
5.817500000000000000e+02 1.075000000000000000e+01
7.670000000000000284e+01 1.050000000000000000e+01
5.227857142860000295e+02 1.200000000000000000e+01
1.350000000000000000e+02 1.368750000000000000e+01
1.990999999999999943e+02 1.309999999999999964e+01
3.344499999999999886e+02 1.340000000000000036e+01
2.360000000000000000e+02 1.400000000000000000e+01
2.541470588239999984e+02 1.402941176500000076e+01
5.381000000000000227e+02 1.509999999999999964e+01
8.736666666700000405e+01 1.603333333300000163e+01
9.285714290000000037e-01 1.721428571399999896e+01
2.997380952380000281e+02 1.788095238100000017e+01
5.595000000000000000e+02 1.714705882399999837e+01
1.112222222219999992e+02 1.838888888900000040e+01
1.743000000000000114e+02 1.800000000000000000e+01
2.183750000000000000e+02 1.881250000000000000e+01
4.192777777779999724e+02 1.800000000000000000e+01
5.115000000000000000e+02 1.814705882399999837e+01
4.596111111110000138e+02 1.883333333299999879e+01
2.161764705899999939e+01 2.308823529400000041e+01
1.203947368420000004e+02 2.407894736800000146e+01
4.981153846149999822e+02 2.411538461499999997e+01
8.150000000000000000e+01 2.532608695700000112e+01
3.580416666670000154e+02 2.679166666700000121e+01
5.740000000000000000e+02 2.627777777800000081e+01
2.918076923080000142e+02 2.757692307700000001e+01
5.377857142860000295e+02 2.700000000000000000e+01
4.118846153850000178e+02 2.788461538500000003e+01
6.160000000000000142e+01 2.955000000000000071e+01
1.660000000000000000e+02 2.900000000000000000e+01
3.747666666669999813e+02 2.930000000000000071e+01
4.724499999999999886e+02 2.960000000000000142e+01
2.707500000000000000e+02 2.991666666700000121e+01
3.269705882349999797e+02 3.014705882399999837e+01
1.481428571429999863e+02 3.178571428600000104e+01
3.047857142859999726e+02 3.200000000000000000e+01
3.886363636400000132e+01 3.295454545500000165e+01
1.961428571429999863e+02 3.357142857099999844e+01
4.366904761900000267e+02 3.364285714300000052e+01
5.558999999999999773e+02 3.289999999999999858e+01
1.597058823499999924e+01 3.485294117600000163e+01
2.381153846150000106e+02 3.388461538499999648e+01
3.933888888889999862e+02 3.383333333299999879e+01
3.342142857140000274e+02 3.500000000000000000e+01
1.038333333329999988e+02 3.575000000000000000e+01
5.192894736839999723e+02 3.650000000000000000e+01
2.232500000000000000e+02 3.708333333299999879e+01
3.841666666670000154e+02 3.700000000000000000e+01
2.534090909090000139e+02 3.813636363599999868e+01
3.668846153850000178e+02 3.811538461500000352e+01
4.785000000000000000e+02 3.816666666700000121e+01
1.843823529409999935e+02 3.908823529400000041e+01
4.083750000000000000e+02 3.943750000000000000e+01
4.549117647059999854e+02 3.961764705899999939e+01
9.218181818200000066e+01 4.036363636400000132e+01
5.087500000000000000e+02 4.025000000000000000e+01
6.488461538500000358e+01 4.088461538499999648e+01
1.230000000000000000e+02 4.150000000000000000e+01
5.882222222220000276e+02 4.161111111099999960e+01
3.481000000000000227e+02 4.710000000000000142e+01
3.114705882399999837e+01 4.850000000000000000e+01
1.367500000000000000e+02 4.975000000000000000e+01
4.738888888900000040e+01 5.022222222199999919e+01
2.993888888889999862e+02 5.022222222199999919e+01
9.900000000000000355e+00 5.089999999999999858e+01
1.633823529409999935e+02 5.108823529400000041e+01
3.902692307689999893e+02 5.088461538499999648e+01
5.441153846150000390e+02 5.111538461500000352e+01
5.758333333330000414e+02 5.123333333299999737e+01
2.691000000000000227e+02 5.210000000000000142e+01
4.216578947369999923e+02 5.265789473699999945e+01
3.355833333329999846e+02 5.316666666700000121e+01
5.000882352940000146e+02 5.461764705899999939e+01
5.855555555600000162e+01 5.572222222199999919e+01
2.078750000000000000e+02 5.525000000000000000e+01
2.251315789470000084e+02 5.528947368400000073e+01
3.122692307689999893e+02 5.534615384599999999e+01
3.657500000000000000e+02 5.512500000000000000e+01
4.458846153850000178e+02 5.511538461500000352e+01
5.131153846150000390e+02 5.488461538499999648e+01
3.771250000000000000e+02 5.762500000000000000e+01
1.893095238100000017e+02 6.035714285699999948e+01
4.670000000000000000e+02 6.000000000000000000e+01
1.086818181820000007e+02 6.068181818200000066e+01
8.303333333300000163e+01 6.236666666699999695e+01
5.620000000000000000e+02 6.200000000000000000e+01
5.463999999999999773e+02 6.354999999999999716e+01
2.851000000000000227e+02 6.389999999999999858e+01
5.263125000000000000e+02 6.487500000000000000e+01
2.187500000000000000e+02 6.612500000000000000e+01
2.456176470590000065e+02 6.608823529400000041e+01
5.881363636360000555e+02 6.559090909100000033e+01
4.250000000000000000e+01 6.716666666700000121e+01
1.245000000000000000e+02 6.729999999999999716e+01
1.514285714289999873e+02 6.692857142900000156e+01
2.575000000000000000e+02 6.739473684200000037e+01
3.414230769229999964e+02 6.680769230800000003e+01
4.530833333329999846e+02 6.825000000000000000e+01
4.848333333329999846e+02 6.761111111099999960e+01
2.710000000000000000e+02 6.900000000000000000e+01
1.988461538500000003e+01 6.988461538500000358e+01
1.640000000000000000e+02 7.078571428600000104e+01
3.212142857140000274e+02 7.200000000000000000e+01
3.455000000000000000e+02 7.285294117600000163e+01
4.351875000000000000e+02 7.262500000000000000e+01
3.016111111110000138e+02 7.316666666700000121e+01
8.009999999999999432e+01 7.390000000000000568e+01
3.998999999999999773e+02 7.390000000000000568e+01
1.076250000000000000e+02 7.462500000000000000e+01
1.824047619049999867e+02 7.645238095199999862e+01
4.993666666670000041e+02 7.616666666700000121e+01
1.968684210529999916e+02 7.828947368400000073e+01
5.380000000000000000e+02 7.800000000000000000e+01
4.707857142859999726e+02 7.900000000000000000e+01
5.781000000000000227e+02 7.909999999999999432e+01
9.761764705900000649e+01 8.008823529400000041e+01
1.368846153849999894e+02 7.988461538500000358e+01
4.078333333329999846e+02 8.176666666699999553e+01
2.614499999999999886e+02 8.359999999999999432e+01
3.353666666670000041e+02 8.303333333300000163e+01
3.635909090910000145e+02 8.340909090899999967e+01
8.264705881999999448e+00 8.473529411799999878e+01
5.155000000000000000e+02 8.507142857099999844e+01
2.232142857139999990e+02 8.600000000000000000e+01
2.410000000000000000e+02 8.500000000000000000e+01
2.811315789469999800e+02 8.650000000000000000e+01
4.516818181819999722e+02 8.568181818200000066e+01
2.585294117600000163e+01 8.808823529400000041e+01
5.775000000000000000e+01 8.706250000000000000e+01
2.062222222219999992e+02 8.838888888900000040e+01
3.820294117650000203e+02 8.814705882399999837e+01
5.572333333330000187e+02 8.883333333299999879e+01
4.858846153850000178e+02 8.888461538500000358e+01
4.297500000000000000e+02 9.025000000000000000e+01
4.707857142859999726e+02 9.100000000000000000e+01
1.532857142860000010e+02 9.214285714300000052e+01
1.752692307689999893e+02 9.211538461499999642e+01
7.570000000000000284e+01 9.300000000000000000e+01
2.945500000000000114e+02 9.359999999999999432e+01
5.238571428569999853e+02 9.528571428600000104e+01
3.147857142859999726e+02 9.600000000000000000e+01
4.085000000000000000e+02 9.600000000000000000e+01
8.147058824000000143e+00 9.844117647100000568e+01
1.080000000000000000e+02 9.800000000000000000e+01
1.345000000000000000e+02 9.800000000000000000e+01
5.029666666670000268e+02 9.863333333299999595e+01
9.190000000000000568e+01 1.000999999999999943e+02
1.873666666670000041e+02 1.000333333330000016e+02
2.254000000000000057e+02 1.015499999999999972e+02
5.692222222220000276e+02 1.026111111109999996e+02
4.634615384599999999e+01 1.029615384619999929e+02
5.588461538499999648e+01 1.028846153850000036e+02
1.437500000000000000e+02 1.031666666670000012e+02
2.538636363640000013e+02 1.024090909089999997e+02
5.446176470589999781e+02 1.039117647059999996e+02
3.422500000000000000e+02 1.057500000000000000e+02
3.730882352940000146e+02 1.056176470590000065e+02
1.661666666669999870e+02 1.057500000000000000e+02
3.945000000000000000e+02 1.069615384619999929e+02
4.230000000000000000e+02 1.075000000000000000e+02
4.508999999999999773e+02 1.069000000000000057e+02
2.788076923080000142e+02 1.085769230770000036e+02
3.328333333329999846e+02 1.082333333330000045e+02
5.151666666669999586e+02 1.086111111109999996e+02
4.879117647059999854e+02 1.103823529409999935e+02
1.015000000000000000e+02 1.112999999999999972e+02
2.025000000000000000e+02 1.110000000000000000e+02
3.067352941180000130e+02 1.125000000000000000e+02
1.185909090910000003e+02 1.141363636359999987e+02
5.684090909090000423e+02 1.151363636359999987e+02
2.450000000000000000e+02 1.155000000000000000e+02
7.533333333299999879e+01 1.176250000000000000e+02
2.851315789469999800e+02 1.182894736840000007e+02
5.299666666670000268e+02 1.183666666670000041e+02
5.905000000000000000e+02 1.175000000000000000e+02
4.768333333329999846e+02 1.205000000000000000e+02
2.965789473699999945e+01 1.216578947370000066e+02
1.856538461540000071e+02 1.210384615380000071e+02
3.553888888889999862e+02 1.229444444439999984e+02
4.492500000000000000e+02 1.218750000000000000e+02
2.670500000000000114e+02 1.234000000000000057e+02
1.611538461499999997e+01 1.241153846149999964e+02
2.270000000000000000e+02 1.237857142860000010e+02
4.021000000000000227e+02 1.249000000000000057e+02
3.393181818180000278e+02 1.256818181820000007e+02
1.439117647060000138e+02 1.273823529409999935e+02
5.730000000000000000e+02 1.262999999999999972e+02
1.143571428569999995e+02 1.281666666669999870e+02
1.733012552300000095e+02 1.475376569039999879e+02
5.033500000000000227e+02 1.280500000000000114e+02
5.408823529400000041e+01 1.293823529409999935e+02
9.350000000000000000e+01 1.285000000000000000e+02
2.080000000000000000e+02 1.307222222219999992e+02
3.150000000000000000e+02 1.305000000000000000e+02
2.365526315790000069e+02 1.315526315790000069e+02
4.222222222220000276e+02 1.316111111110000138e+02
5.173888888889999862e+02 1.312222222219999992e+02
1.656578947369999923e+02 1.321842105259999869e+02
3.784166666670000154e+02 1.318333333330000130e+02
4.624090909089999855e+02 1.318636363640000013e+02
5.497307692309999538e+02 1.321153846150000106e+02
1.265769230770000036e+02 1.328076923079999858e+02
1.678571428600000104e+01 1.340000000000000000e+02
2.957500000000000000e+02 1.338750000000000000e+02
3.366111111110000138e+02 1.352222222219999992e+02
2.598529411760000016e+02 1.375000000000000000e+02
4.485000000000000000e+02 1.370000000000000000e+02
7.031818181799999934e+01 1.383181818179999993e+02
1.503666666670000041e+02 1.390333333330000016e+02
1.812500000000000000e+00 1.406875000000000000e+02
2.778636363640000013e+02 1.395909090909999861e+02
3.940000000000000000e+02 1.395000000000000000e+02
4.861000000000000227e+02 1.410999999999999943e+02
5.357500000000000000e+02 1.408750000000000000e+02
3.475000000000000000e+01 1.431250000000000000e+02
1.970000000000000000e+02 1.455000000000000000e+02
4.065555555560000016e+02 1.457222222219999992e+02
5.874090909090000423e+02 1.448636363640000013e+02
5.097857142859999726e+02 1.460000000000000000e+02
5.615666666670000495e+02 1.459000000000000057e+02
4.278846153850000178e+02 1.471153846150000106e+02
3.180000000000000000e+02 1.480000000000000000e+02
5.354999999999999716e+01 1.494000000000000057e+02
2.314499999999999886e+02 1.494000000000000057e+02
4.603000000000000114e+02 1.496999999999999886e+02
4.727105263160000277e+02 1.505000000000000000e+02
1.165000000000000000e+02 1.510000000000000000e+02
3.636176470589999781e+02 1.510882352939999862e+02
6.355555555600000162e+01 1.525000000000000000e+02
2.082272727270000132e+02 1.523181818179999993e+02
2.675000000000000000e+02 1.528529411760000016e+02
4.500000000000000000e+00 1.538529411760000016e+02
3.881666666670000154e+02 1.545000000000000000e+02
5.711250000000000000e+02 1.548333333330000130e+02
7.950000000000000000e+01 1.560263157889999945e+02
5.289117647059999854e+02 1.553823529409999935e+02
2.477941176470000073e+02 1.587352941180000130e+02
2.906578947369999923e+02 1.583421052630000077e+02
3.336052631580000138e+02 1.579210526319999985e+02
4.395000000000000000e+02 1.580000000000000000e+02
5.437307692309999538e+02 1.588846153849999894e+02
9.913157894699999417e+01 1.602894736840000007e+02
1.361250000000000000e+02 1.602500000000000000e+02
3.024499999999999886e+02 1.624000000000000057e+02
3.582500000000000000e+02 1.618333333330000130e+02
2.060000000000000142e+01 1.638000000000000114e+02
4.973421052630000077e+02 1.633421052630000077e+02
4.055000000000000000e+02 1.646999999999999886e+02
4.103333333300000163e+01 1.663666666670000041e+02
3.728750000000000000e+02 1.662500000000000000e+02
6.650000000000000000e+01 1.685000000000000000e+02
2.860000000000000000e+02 1.675000000000000000e+02
1.835434782609999900e+02 1.698913043480000056e+02
2.161999999999999886e+02 1.691999999999999886e+02
2.745000000000000000e+02 1.685000000000000000e+02
5.552222222220000276e+02 1.703888888889999862e+02
9.555555555600000162e+01 1.722777777780000008e+02
3.192142857140000274e+02 1.720000000000000000e+02
4.768529411760000016e+02 1.719705882350000081e+02
6.605263157999999635e+00 1.735000000000000000e+02
4.257777777779999724e+02 1.733888888889999862e+02
4.631000000000000227e+02 1.729000000000000057e+02
5.148529411759999448e+02 1.735000000000000000e+02
5.782222222220000276e+02 1.743888888889999862e+02
8.112500000000000000e+01 1.767500000000000000e+02
2.505909090909999861e+02 1.764090909090000139e+02
1.270999999999999943e+02 1.769000000000000057e+02
2.085000000000000000e+02 1.775000000000000000e+02
3.796000000000000227e+02 1.794499999999999886e+02
2.826176470589999781e+02 1.799117647060000138e+02
3.960000000000000000e+02 1.810000000000000000e+02
1.995454545500000165e+01 1.816818181820000007e+02
5.425000000000000000e+02 1.835000000000000000e+02
7.653846154000000013e+00 1.844230769229999964e+02
3.380384615379999786e+02 1.843461538459999929e+02
1.727352941180000130e+02 1.857352941180000130e+02
4.678846153850000178e+02 1.851153846150000106e+02
5.926190476200000035e+01 1.871190476190000140e+02
5.007105263160000277e+02 1.868684210529999916e+02
3.450000000000000000e+01 1.875000000000000000e+02
4.847222222220000276e+02 1.870000000000000000e+02
5.163999999999999773e+02 1.874499999999999886e+02
1.505000000000000000e+02 1.880000000000000000e+02
2.269705882350000081e+02 1.881470588239999984e+02
3.580000000000000000e+02 1.880000000000000000e+02
4.461315789469999800e+02 1.897105263159999993e+02
4.103181818180000278e+02 1.903181818179999993e+02
8.509999999999999432e+01 1.920999999999999943e+02
1.115000000000000000e+02 1.918750000000000000e+02
5.683421052630000077e+02 1.930789473680000015e+02
3.230000000000000000e+02 1.932142857139999990e+02
9.500000000000000000e+00 1.954393939390000128e+02
1.905000000000000000e+02 1.935000000000000000e+02
2.788333333329999846e+02 1.937500000000000000e+02
3.045526315789999785e+02 1.944473684209999931e+02
1.461666666669999870e+02 1.957777777780000008e+02
2.493823529409999935e+02 1.949117647060000138e+02
1.252142857139999990e+02 1.960000000000000000e+02
5.598684210530000200e+02 1.967105263159999993e+02
2.037105263159999993e+02 1.988684210529999916e+02
5.380882352940000146e+02 1.986176470590000065e+02
3.375500000000000114e+02 1.997500000000000000e+02
3.803666666670000041e+02 1.990333333330000016e+02
1.123823529409999935e+02 1.999117647060000138e+02
3.966999999999999886e+02 1.995000000000000000e+02
4.216333333329999959e+02 1.999666666669999984e+02
4.445769230770000036e+02 1.998076923079999858e+02
6.061111111099999960e+01 2.017777777780000008e+02
2.925000000000000000e+02 2.010000000000000000e+02
4.951470588239999984e+02 2.015000000000000000e+02
5.870000000000000000e+02 2.027857142860000010e+02
3.528999999999999773e+02 2.049000000000000057e+02
4.673500000000000227e+02 2.059499999999999886e+02
1.686428571429999863e+02 2.064285714289999873e+02
1.882368421049999938e+02 2.077105263159999993e+02
4.074499999999999886e+02 2.072500000000000000e+02
5.169615384620000214e+02 2.073461538459999929e+02
2.825000000000000000e+01 2.097500000000000000e+02
4.783333333329999846e+02 2.097777777780000008e+02
2.243000000000000114e+02 2.095000000000000000e+02
2.411666666669999870e+02 2.107500000000000000e+02
2.943421052630000077e+02 2.126578947369999923e+02
2.564090909089999855e+02 2.134090909090000139e+02
3.858636363640000013e+02 2.124090909090000139e+02
5.772142857139999705e+02 2.135000000000000000e+02
8.750000000000000000e+01 2.140000000000000000e+02
4.400000000000000000e+01 2.145000000000000000e+02
3.628529411760000016e+02 2.154411764710000057e+02
1.622142857139999990e+02 2.158571428570000137e+02
4.555000000000000000e+02 2.160000000000000000e+02
2.100000000000000000e+02 2.180000000000000000e+02
8.000000000000000000e+00 2.190000000000000000e+02
2.715454545449999841e+02 2.200000000000000000e+02
5.500384615379999786e+02 2.193461538459999929e+02
2.819230769199999997e+01 2.205769230770000036e+02
7.600000000000000000e+01 2.200000000000000000e+02
1.165625000000000000e+02 2.207500000000000000e+02
1.344473684209999931e+02 2.208157894740000131e+02
1.813000000000000114e+02 2.210000000000000000e+02
3.174444444439999984e+02 2.203333333330000130e+02
4.320000000000000000e+02 2.197857142860000010e+02
4.981153846149999822e+02 2.202692307689999893e+02
2.272142857139999990e+02 2.210000000000000000e+02
2.852448979590000135e+02 2.260306122449999862e+02
3.435000000000000000e+02 2.243260869570000011e+02
5.296176470589999781e+02 2.239117647060000138e+02
1.473421052630000077e+02 2.253421052630000077e+02
9.850000000000000000e+01 2.261666666669999870e+02
4.893421052630000077e+02 2.275526315790000069e+02
2.545909090909999861e+02 2.284090909090000139e+02
4.687631578950000062e+02 2.282894736840000007e+02
5.135909090909999577e+02 2.281363636359999987e+02
1.955000000000000000e+02 2.292894736840000007e+02
4.245000000000000000e+02 2.295000000000000000e+02
5.670714285709999558e+02 2.293571428570000137e+02
3.240000000000000000e+02 2.307222222219999992e+02
4.018571428569999853e+02 2.312142857139999990e+02
4.420000000000000000e+02 2.310000000000000000e+02
5.550000000000000000e+01 2.323000000000000114e+02
3.915526315789999785e+02 2.323421052630000077e+02
5.500000000000000000e+00 2.335000000000000000e+02
1.232777777780000008e+02 2.330000000000000000e+02
7.714705882399999837e+01 2.365000000000000000e+02
3.460000000000000142e+01 2.374499999999999886e+02
2.304000000000000057e+02 2.374499999999999886e+02
2.607222222220000276e+02 2.374444444439999984e+02
5.523823529410000219e+02 2.370882352939999862e+02
3.596818181819999722e+02 2.376818181820000007e+02
3.080000000000000000e+02 2.400000000000000000e+02
5.872647058820000439e+02 2.407352941180000130e+02
1.650999999999999943e+02 2.410999999999999943e+02
3.441153846149999822e+02 2.408846153849999894e+02
2.931315789469999800e+02 2.432894736840000007e+02
2.644444444399999838e+01 2.446111111110000138e+02
1.020000000000000000e+02 2.440000000000000000e+02
1.838333333330000130e+02 2.444166666669999870e+02
5.380000000000000000e+02 2.440000000000000000e+02
2.370000000000000000e+02 2.475000000000000000e+02
4.496000000000000227e+02 2.478000000000000114e+02
2.163461538459999929e+02 2.479615384619999929e+02
1.111428571430000005e+02 2.497142857139999990e+02
1.538846153849999894e+02 2.488846153849999894e+02
4.759166666670000154e+02 2.487500000000000000e+02
6.100000000000000000e+01 2.497857142860000010e+02
1.330000000000000000e+02 2.500000000000000000e+02
4.075500000000000114e+02 2.507500000000000000e+02
5.141428571430000147e+02 2.507142857139999990e+02
5.688125000000000000e+02 2.503750000000000000e+02
4.810000000000000000e+02 2.507857142860000010e+02
1.947727272729999868e+02 2.523181818179999993e+02
2.715000000000000000e+02 2.520714285710000127e+02
3.800384615379999786e+02 2.516538461540000071e+02
4.300000000000000000e+02 2.520000000000000000e+02
3.040263157890000230e+02 2.538157894740000131e+02
5.000000000000000000e+01 2.540000000000000000e+02
3.303888888889999862e+02 2.557777777780000008e+02
3.643000000000000114e+02 2.565000000000000000e+02
1.772222222199999919e+01 2.590000000000000000e+02
8.465789473700000656e+01 2.593421052630000077e+02
1.655000000000000000e+02 2.598076923080000142e+02
2.196904761899999983e+02 2.616428571430000147e+02
2.891153846149999822e+02 2.608846153850000178e+02
5.415476190480000014e+02 2.616904761900000267e+02
3.597352941180000130e+02 2.622647058819999870e+02
6.765789473700000656e+01 2.633421052630000077e+02
3.840000000000000000e+02 2.630000000000000000e+02
5.021666666670000154e+02 2.635000000000000000e+02
3.113157894700000128e+01 2.677105263160000277e+02
1.248636363640000013e+02 2.670454545449999841e+02
8.055882352899999432e+01 2.686764705879999724e+02
2.496500000000000057e+02 2.682500000000000000e+02
4.342500000000000000e+02 2.682500000000000000e+02
5.000000000000000000e-01 2.685000000000000000e+02
2.790882352940000146e+02 2.696176470589999781e+02
4.487666666669999813e+02 2.695666666669999927e+02
5.303666666670000041e+02 2.690333333329999732e+02
1.440333333330000016e+02 2.706333333329999959e+02
2.972272727270000132e+02 2.703181818180000278e+02
3.390000000000000000e+02 2.705000000000000000e+02
4.100000000000000000e+02 2.697857142859999726e+02
4.796333333329999959e+02 2.699666666670000268e+02
4.922500000000000000e+02 2.698750000000000000e+02
9.928947368400000073e+01 2.718684210530000200e+02
3.148888888889999862e+02 2.718333333329999846e+02
4.640000000000000000e+02 2.712142857140000274e+02
1.835000000000000000e+02 2.725000000000000000e+02
3.991666666670000154e+02 2.716111111110000138e+02
5.643181818179999709e+02 2.723181818180000278e+02
5.880000000000000000e+02 2.720000000000000000e+02
2.132619047620000003e+02 2.738809523809999860e+02
2.376111111110000138e+02 2.771666666670000154e+02
3.763750000000000000e+02 2.776250000000000000e+02
5.038529411760000016e+02 2.789705882349999797e+02
5.332272727270000132e+02 2.793181818180000278e+02
7.605263157999999635e+00 2.809210526319999985e+02
1.588846153849999894e+02 2.811153846149999822e+02
2.267857142860000010e+02 2.810000000000000000e+02
1.356250000000000000e+02 2.823125000000000000e+02
3.501428571430000147e+02 2.822857142859999726e+02
5.321428571399999896e+01 2.830000000000000000e+02
7.300000000000000000e+01 2.840000000000000000e+02
5.468076923080000142e+02 2.849615384620000214e+02
1.082333333330000045e+02 2.878333333329999846e+02
1.740000000000000000e+02 2.872142857140000274e+02
2.746999999999999886e+02 2.870000000000000000e+02
3.711666666670000154e+02 2.891666666670000154e+02
3.925625000000000000e+02 2.897500000000000000e+02
4.345000000000000000e+02 2.892894736839999723e+02
5.717222222220000276e+02 2.888888888889999862e+02
3.159090909100000033e+01 2.905909090910000145e+02
1.556666666669999870e+02 2.902222222220000276e+02
8.775000000000000000e+01 2.911250000000000000e+02
4.106333333329999959e+02 2.910333333329999732e+02
3.146666666670000154e+02 2.915833333329999846e+02
5.249666666670000268e+02 2.923666666670000041e+02
2.029000000000000057e+02 2.931000000000000227e+02
2.901153846149999822e+02 2.928846153850000178e+02
4.690000000000000000e+02 2.930000000000000000e+02
2.522272727270000132e+02 2.944545454550000159e+02
4.966499999999999773e+02 2.958000000000000114e+02
3.303666666670000041e+02 2.969666666670000268e+02
3.616176470589999781e+02 2.969117647059999854e+02
5.905000000000000000e+02 2.960000000000000000e+02
1.333333332999999898e+00 2.993333333329999846e+02
5.950000000000000000e+01 2.993000000000000114e+02
1.857222222219999992e+02 2.990000000000000000e+02
4.540000000000000000e+02 2.990000000000000000e+02
1.322222222219999992e+02 3.003888888889999862e+02
2.415666666669999927e+02 3.013666666670000041e+02
5.080000000000000000e+02 3.010000000000000000e+02
2.259117647060000138e+02 3.027352941180000130e+02
4.199117647059999854e+02 3.023823529410000219e+02
1.642647058819999870e+02 3.035588235289999943e+02
2.982500000000000000e+02 3.035500000000000114e+02
5.641315789469999800e+02 3.032894736839999723e+02
7.500000000000000000e+01 3.040000000000000000e+02
4.663333333300000305e+01 3.050333333329999732e+02
4.813999999999999773e+02 3.058000000000000114e+02
4.001315789469999800e+02 3.067105263160000277e+02
2.054000000000000057e+02 3.079499999999999886e+02
4.399666666670000268e+02 3.073666666670000041e+02
5.795000000000000000e+02 3.070000000000000000e+02
1.538235294100000061e+01 3.080882352940000146e+02
1.516250000000000000e+02 3.088333333329999846e+02
2.639117647059999854e+02 3.096176470589999781e+02
3.515000000000000000e+02 3.090000000000000000e+02
3.132142857140000274e+02 3.101428571430000147e+02
2.774285714289999873e+02 3.113571428569999853e+02
3.862142857140000274e+02 3.120000000000000000e+02
4.627857142859999726e+02 3.130000000000000000e+02
1.018750000000000000e+02 3.145000000000000000e+02
5.538333333330000414e+02 3.145000000000000000e+02
1.161190476189999998e+02 3.162142857140000274e+02
1.825000000000000000e+02 3.156999999999999886e+02
4.178846153850000178e+02 3.171153846149999822e+02
4.961000000000000227e+02 3.171000000000000227e+02
2.443181818179999993e+02 3.183181818180000278e+02
3.008913043480000056e+02 3.190217391300000145e+02
5.285000000000000000e+02 3.185000000000000000e+02
5.671428571399999896e+01 3.201428571430000147e+02
2.746999999999999886e+02 3.215666666669999927e+02
3.665909090910000145e+02 3.215909090910000145e+02
3.919210526319999985e+02 3.213947368419999862e+02
2.172500000000000000e+02 3.218333333329999846e+02
4.342142857140000274e+02 3.220000000000000000e+02
1.595909090909999861e+02 3.235909090910000145e+02
8.700000000000000000e+01 3.245000000000000000e+02
5.169500000000000455e+02 3.246000000000000227e+02
1.975000000000000000e+02 3.250000000000000000e+02
3.385769230770000036e+02 3.251153846149999822e+02
6.911538461499999642e+01 3.258846153850000178e+02
4.891666666670000154e+02 3.277500000000000000e+02
3.160000000000000000e+02 3.300000000000000000e+02
4.713181818180000278e+02 3.296818181819999722e+02
5.687500000000000000e+02 3.311250000000000000e+02
5.905000000000000000e+02 3.310000000000000000e+02
2.581000000000000227e+02 3.318999999999999773e+02
1.150000000000000000e+01 3.330000000000000000e+02
3.650000000000000000e+01 3.343636363640000013e+02
1.461315789470000084e+02 3.337631578950000062e+02
1.862894736840000007e+02 3.338684210530000200e+02
2.340000000000000000e+02 3.325000000000000000e+02
3.757941176470000073e+02 3.357352941180000130e+02
5.514230769230000533e+02 3.348846153850000178e+02
1.298333333330000130e+02 3.357666666669999813e+02
5.211538461500000352e+01 3.381153846149999822e+02
4.500000000000000000e+02 3.392142857140000274e+02
4.983333333329999846e+02 3.395000000000000000e+02
7.396153846199999293e+01 3.396538461540000071e+02
2.971666666670000154e+02 3.408888888889999862e+02
4.095000000000000000e+02 3.400000000000000000e+02
3.506363636359999987e+02 3.421818181819999722e+02
2.124090909090000139e+02 3.418636363640000013e+02
5.750000000000000000e+02 3.422272727270000132e+02
8.612500000000000000e+01 3.432500000000000000e+02
5.251666666669999586e+02 3.434166666670000154e+02
1.070384615380000071e+02 3.436538461540000071e+02
2.769117647059999854e+02 3.446176470589999781e+02
3.232368421049999938e+02 3.442894736839999723e+02
4.631000000000000227e+02 3.441000000000000227e+02
5.345769230769999467e+02 3.436538461540000071e+02
3.134210526300000055e+01 3.466578947369999923e+02
4.817222222220000276e+02 3.460000000000000000e+02
1.770000000000000000e+02 3.482142857140000274e+02
4.335000000000000000e+02 3.486052631580000138e+02
3.974333333330000073e+02 3.488999999999999773e+02
2.517500000000000000e+02 3.498750000000000000e+02
3.550384615379999786e+02 3.508076923080000142e+02
3.721153846149999822e+02 3.502692307689999893e+02
1.919705882350000081e+02 3.518529411760000016e+02
7.090000000000000568e+01 3.541000000000000227e+02
1.783333333299999879e+01 3.558333333329999846e+02
1.013823529409999935e+02 3.553823529410000219e+02
1.245000000000000000e+02 3.558809523809999860e+02
2.636904761900000267e+02 3.566428571430000147e+02
3.005526315789999785e+02 3.566578947369999923e+02
5.601363636360000555e+02 3.559545454550000159e+02
1.486111111110000138e+02 3.577777777779999724e+02
1.500000000000000000e+00 3.575000000000000000e+02
4.443500000000000227e+02 3.588000000000000114e+02
2.380294117649999919e+02 3.598529411760000016e+02
3.322500000000000000e+02 3.599375000000000000e+02
4.985769230770000036e+02 3.602692307689999893e+02
2.830000000000000000e+02 3.610000000000000000e+02
3.208846153850000178e+02 3.608846153850000178e+02
5.013636363599999868e+01 3.614090909089999855e+02
4.101000000000000227e+02 3.618999999999999773e+02
2.850000000000000000e+01 3.633666666670000041e+02
3.755476190480000014e+02 3.643095238099999733e+02
5.123461538459999929e+02 3.640384615379999786e+02
5.380000000000000000e+02 3.642142857140000274e+02
8.030952381000000173e+01 3.664523809519999986e+02
1.749000000000000057e+02 3.661000000000000227e+02
1.865000000000000000e+02 3.660000000000000000e+02
2.110000000000000000e+02 3.653000000000000114e+02
5.814500000000000455e+02 3.671999999999999886e+02
1.220000000000000000e+02 3.676666666670000154e+02
4.691000000000000227e+02 3.681000000000000227e+02
1.359000000000000057e+02 3.706333333329999959e+02
3.936333333329999959e+02 3.700333333329999732e+02
4.290000000000000000e+02 3.700000000000000000e+02
4.890000000000000000e+02 3.715000000000000000e+02
2.754347826100000063e+01 3.728913043480000056e+02
2.515952380950000133e+02 3.733095238099999733e+02
3.832058823529999927e+02 3.733823529410000219e+02
1.560000000000000000e+02 3.737857142859999726e+02
4.160000000000000000e+02 3.742142857140000274e+02
2.308846153849999894e+02 3.762692307689999893e+02
5.260000000000000000e+02 3.775000000000000000e+02
6.221428571399999896e+01 3.780000000000000000e+02
1.854499999999999886e+02 3.782500000000000000e+02
2.047777777780000008e+02 3.786111111110000138e+02
3.466578947369999923e+02 3.786578947369999923e+02
5.087222222220000276e+02 3.780000000000000000e+02
2.925000000000000000e+02 3.795000000000000000e+02
5.525000000000000000e+02 3.825555555560000016e+02
7.312500000000000000e+01 3.832500000000000000e+02
9.540909090899999967e+01 3.841363636359999987e+02
1.672142857139999990e+02 3.840000000000000000e+02
4.452894736839999723e+02 3.858684210530000200e+02
1.246176470590000065e+02 3.860882352940000146e+02
4.668999999999999773e+02 3.861000000000000227e+02
3.130000000000000000e+02 3.865000000000000000e+02
3.920000000000000000e+02 3.870000000000000000e+02
5.720882352940000146e+02 3.873823529410000219e+02
3.610000000000000142e+01 3.881000000000000227e+02
2.677222222220000276e+02 3.880000000000000000e+02
4.122500000000000000e+02 3.886499999999999773e+02
1.442500000000000000e+02 3.901666666670000154e+02
3.437500000000000000e+02 3.905500000000000114e+02
3.680000000000000000e+02 3.900000000000000000e+02
3.215000000000000000e+02 3.915000000000000000e+02
5.009545454550000159e+02 3.908636363640000013e+02
1.899999999999999911e+00 3.924333333330000073e+02
6.150000000000000000e+01 3.925000000000000000e+02
4.787500000000000000e+02 3.931250000000000000e+02
1.500000000000000000e+01 3.952777777779999724e+02
5.194259259259999908e+02 3.967222222220000276e+02
2.828846153850000178e+02 3.958846153850000178e+02
1.765000000000000000e+02 3.965000000000000000e+02
3.035000000000000000e+02 3.975000000000000000e+02
4.398750000000000000e+02 3.987500000000000000e+02
5.420000000000000000e+02 3.985000000000000000e+02
2.119166666669999870e+02 3.987500000000000000e+02
4.089999999999999858e+01 4.008999999999999773e+02
3.605454545449999841e+02 4.037727272729999868e+02
5.542894736839999723e+02 4.031315789469999800e+02
5.756333333329999959e+02 4.030333333329999732e+02
2.297352941180000130e+02 4.042647058819999870e+02
8.862500000000000000e+01 4.046250000000000000e+02
1.083823529409999935e+02 4.050882352940000146e+02
1.947500000000000000e+02 4.051666666670000154e+02
2.569999999999999929e+01 4.060000000000000000e+02
5.131363636360000555e+02 4.059545454550000159e+02
1.654499999999999886e+02 4.073999999999999773e+02
1.275909090910000003e+02 4.081363636359999987e+02
2.653421052630000077e+02 4.094473684210000215e+02
4.029375000000000000e+02 4.091250000000000000e+02
4.229117647059999854e+02 4.093823529410000219e+02
4.568750000000000000e+02 4.097500000000000000e+02
3.329166666670000154e+02 4.097500000000000000e+02
3.845000000000000000e+02 4.103000000000000114e+02
4.562500000000000000e+00 4.112500000000000000e+02
2.443181818179999993e+02 4.116818181819999722e+02
4.784499999999999886e+02 4.136000000000000227e+02
5.359615384620000214e+02 4.126538461540000071e+02
7.836666666700000405e+01 4.140333333329999732e+02
9.521428571399999896e+01 4.150000000000000000e+02
1.432777777780000008e+02 4.170000000000000000e+02
2.917857142859999726e+02 4.180000000000000000e+02
3.445909090910000145e+02 4.185909090910000145e+02
4.975555555560000016e+02 4.182777777779999724e+02
5.438750000000000000e+02 4.187500000000000000e+02
1.878333333330000130e+02 4.187500000000000000e+02
5.666818181820000291e+02 4.193181818180000278e+02
4.420000000000000000e+02 4.200000000000000000e+02
2.046538461540000071e+02 4.209615384620000214e+02
3.020000000000000000e+02 4.215000000000000000e+02
3.192142857140000274e+02 4.220000000000000000e+02
2.632352941199999918e+01 4.236764705879999724e+02
1.648846153849999894e+02 4.238846153850000178e+02
5.650000000000000000e+01 4.258809523809999860e+02
2.215909090909999861e+02 4.254090909089999855e+02
4.134499999999999886e+02 4.259499999999999886e+02
1.181666666670000012e+02 4.265000000000000000e+02
3.734499999999999886e+02 4.266000000000000227e+02
4.646904761900000267e+02 4.280714285710000127e+02
3.461153846149999822e+02 4.281153846149999822e+02
3.662500000000000000e+01 4.283750000000000000e+02
3.915000000000000000e+02 4.282142857140000274e+02
2.662857142859999726e+02 4.300714285710000127e+02
2.466176470590000065e+02 4.307941176470000073e+02
2.085000000000000000e+02 4.316999999999999886e+02
2.987857142859999726e+02 4.315000000000000000e+02
8.886842105300000583e+01 4.337631578950000062e+02
3.690000000000000000e+02 4.332142857140000274e+02
5.178529411759999448e+02 4.330294117650000203e+02
1.521666666669999870e+02 4.342500000000000000e+02
4.758999999999999773e+02 4.351000000000000227e+02
2.791666666670000154e+02 4.356111111110000138e+02
5.000000000000000000e-01 4.370000000000000000e+02
5.050000000000000000e+02 4.372142857140000274e+02
1.323095238100000017e+02 4.383571428569999853e+02
5.410000000000000000e+02 4.385000000000000000e+02
3.247222222220000276e+02 4.388888888889999862e+02
5.800333333329999732e+02 4.406333333329999959e+02
1.534615384599999999e+01 4.409615384620000214e+02
7.140000000000000568e+01 4.415500000000000114e+02
1.792777777780000008e+02 4.410000000000000000e+02
1.901363636359999987e+02 4.404090909089999855e+02
4.283888888889999862e+02 4.427777777779999724e+02
1.155000000000000000e+02 4.432894736839999723e+02
2.636538461540000071e+02 4.430384615379999786e+02
3.871666666670000154e+02 4.429444444439999984e+02
2.351153846150000106e+02 4.438846153850000178e+02
1.520000000000000000e+02 4.455000000000000000e+02
4.634166666670000154e+02 4.451666666670000154e+02
5.158333333330000414e+02 4.445833333329999846e+02
5.550000000000000000e+02 4.450000000000000000e+02
4.467352941180000130e+02 4.460882352940000146e+02
3.565000000000000000e+02 4.465000000000000000e+02
3.803461538459999929e+02 4.469615384620000214e+02
4.550000000000000000e+01 4.480000000000000000e+02
2.153947368419999862e+02 4.489210526319999985e+02
2.801153846149999822e+02 4.504230769229999964e+02
3.057777777779999724e+02 4.502222222220000276e+02
4.021666666670000154e+02 4.505833333329999846e+02
5.676428571430000147e+02 4.513095238099999733e+02
9.122222222199999919e+01 4.533333333329999846e+02
2.459000000000000057e+02 4.531000000000000227e+02
3.689999999999999858e+01 4.548999999999999773e+02
3.398913043480000056e+02 4.560217391300000145e+02
4.861190476190000140e+02 4.560238095240000007e+02
2.620000000000000000e+02 4.562142857140000274e+02
4.342142857140000274e+02 4.560000000000000000e+02
6.172222222199999919e+01 4.570000000000000000e+02
1.310000000000000000e+02 4.582777777779999724e+02
3.208636363640000013e+02 4.575909090910000145e+02
4.670000000000000000e+02 4.580000000000000000e+02
5.019117647059999854e+02 4.586176470589999781e+02
7.555555555999999839e+00 4.592777777779999724e+02
3.690000000000000000e+02 4.612142857140000274e+02
3.516538461540000071e+02 4.620384615379999786e+02
1.528846153849999894e+02 4.631153846149999822e+02
1.994444444439999984e+02 4.633888888889999862e+02
4.225000000000000000e+02 4.638529411760000016e+02
5.382142857139999705e+02 4.630000000000000000e+02
9.980769230800000003e+01 4.645769230770000036e+02
4.027105263160000277e+02 4.648684210530000200e+02
5.270000000000000000e+02 4.650000000000000000e+02
5.905000000000000000e+02 4.640000000000000000e+02
1.692500000000000000e+02 4.658333333329999846e+02
2.840000000000000000e+02 4.682142857140000274e+02
4.395555555560000016e+02 4.687222222220000276e+02
5.712500000000000000e+02 4.678750000000000000e+02
8.200000000000000000e+01 4.690000000000000000e+02
2.286538461540000071e+02 4.700384615379999786e+02
5.030000000000000000e+02 4.700000000000000000e+02
2.110000000000000000e+02 4.710000000000000000e+02
4.843421052630000077e+02 4.723421052630000077e+02
5.589117647059999854e+02 4.736176470589999781e+02
3.730000000000000000e+02 4.733000000000000114e+02
3.266333333329999959e+02 4.749666666670000268e+02
2.540999999999999943e+02 4.761000000000000227e+02
3.040000000000000000e+02 4.760000000000000000e+02
7.000000000000000000e+01 4.772142857140000274e+02
1.910000000000000000e+02 4.770000000000000000e+02
2.878571428600000104e+01 4.780000000000000000e+02
1.215000000000000000e+02 4.776666666670000154e+02
4.950000000000000000e+01 4.792500000000000000e+02
1.330882352939999862e+02 4.813823529410000219e+02
4.058000000000000114e+02 4.816000000000000227e+02
4.575000000000000000e+02 4.823000000000000114e+02
1.097857142860000010e+02 4.830000000000000000e+02
5.474444444440000552e+02 4.833888888889999862e+02
2.374166666669999870e+02 4.838333333329999846e+02
4.167857142859999726e+02 4.840000000000000000e+02
4.790000000000000000e+02 4.842777777779999724e+02
1.610000000000000000e+02 4.850000000000000000e+02
5.200000000000000000e+02 4.847857142859999726e+02
4.960333333329999732e+02 4.863666666670000041e+02
1.175000000000000000e+01 4.877500000000000000e+02
3.435500000000000114e+02 4.876000000000000227e+02
1.752647058819999870e+02 4.880882352940000146e+02
3.870000000000000000e+02 4.882142857140000274e+02
2.835000000000000000e+02 4.898529411760000016e+02
3.180000000000000000e+02 4.900000000000000000e+02
5.673947368420000430e+02 4.920789473680000015e+02
2.128333333330000130e+02 4.927500000000000000e+02
3.044285714289999873e+02 4.928571428569999853e+02
3.666111111110000138e+02 4.931666666670000154e+02
9.136666666700000405e+01 4.939666666670000268e+02
1.523000000000000114e+02 4.935000000000000000e+02
2.520999999999999943e+02 4.941000000000000227e+02
5.826333333329999959e+02 4.939666666670000268e+02
5.931818181799999934e+01 4.963181818180000278e+02
7.338888888900000040e+01 4.981666666670000154e+02
1.222142857139999990e+02 4.980000000000000000e+02
4.851000000000000227e+02 4.981000000000000227e+02
3.434210526300000055e+01 4.993421052630000077e+02
5.415000000000000000e+02 4.985000000000000000e+02
2.450000000000000178e+00 5.003999999999999773e+02
2.203181818179999993e+02 5.003181818180000278e+02
5.640000000000000000e+02 4.997857142859999726e+02
4.450000000000000000e+02 5.012142857140000274e+02
1.975000000000000000e+02 5.019285714289999873e+02
1.750000000000000000e+02 5.023000000000000114e+02
3.660000000000000000e+02 5.026999999999999886e+02
3.863999999999999773e+02 5.034499999999999886e+02
5.037857142859999726e+02 5.030000000000000000e+02
5.258636363639999445e+02 5.025909090910000145e+02
3.491153846149999822e+02 5.038846153850000178e+02
4.610000000000000000e+02 5.052142857140000274e+02
2.583333333299999879e+01 5.071666666670000154e+02
8.550000000000000000e+01 5.068750000000000000e+02
4.052222222220000276e+02 5.073333333329999846e+02
2.560000000000000000e+02 5.080000000000000000e+02
4.223666666670000041e+02 5.081666666670000154e+02
1.450999999999999943e+02 5.091000000000000227e+02
1.141315789469999942e+02 5.117105263160000277e+02
5.858684210530000200e+02 5.110263157890000230e+02
2.378846153849999894e+02 5.117307692310000107e+02
2.133888888889999862e+02 5.136666666669999586e+02
2.836333333329999959e+02 5.130333333329999732e+02
3.130000000000000000e+02 5.127857142860000295e+02
4.530000000000000000e+02 5.140000000000000000e+02
4.350000000000000000e+01 5.155000000000000000e+02
3.540000000000000000e+02 5.157222222220000276e+02
2.994090909089999855e+02 5.178636363639999445e+02
3.376250000000000000e+02 5.173750000000000000e+02
4.783666666670000041e+02 5.181000000000000227e+02
4.990000000000000000e+02 5.190000000000000000e+02
5.137777777779999724e+02 5.190000000000000000e+02
1.640000000000000000e+02 5.195000000000000000e+02
4.119444444439999984e+02 5.193333333330000414e+02
5.561000000000000227e+02 5.201000000000000227e+02
1.351923076920000142e+02 5.209615384620000214e+02
1.740000000000000000e+02 5.210000000000000000e+02
7.565000000000000568e+01 5.227999999999999545e+02
4.315000000000000000e+02 5.220000000000000000e+02
5.369285714290000442e+02 5.224285714290000442e+02
1.960999999999999943e+02 5.241000000000000227e+02
2.270000000000000000e+02 5.237857142860000295e+02
2.670000000000000000e+02 5.242142857139999705e+02
3.820000000000000000e+02 5.267000000000000455e+02
3.310000000000000142e+01 5.281000000000000227e+02
2.479000000000000057e+02 5.278999999999999773e+02
4.689705882349999797e+02 5.298529411759999448e+02
4.866111111110000138e+02 5.309444444440000552e+02
9.838888888900000040e+01 5.317777777779999724e+02
2.866578947369999923e+02 5.323421052630000077e+02
5.575000000000000000e+02 5.320000000000000000e+02
1.900000000000000000e+01 5.335000000000000000e+02
3.700000000000000000e+02 5.337500000000000000e+02
5.783999999999999773e+02 5.334500000000000455e+02
5.002941176499999898e+01 5.341470588240000552e+02
3.171666666670000154e+02 5.348333333330000414e+02
4.197857142859999726e+02 5.340000000000000000e+02
4.411470588239999984e+02 5.345000000000000000e+02
2.195000000000000000e+02 5.367000000000000455e+02
3.525000000000000000e+02 5.381470588240000552e+02
7.900000000000000000e+01 5.395000000000000000e+02
1.673000000000000114e+02 5.385000000000000000e+02
3.878999999999999773e+02 5.391000000000000227e+02
5.320000000000000000e+02 5.402777777779999724e+02
1.540000000000000000e+02 5.415000000000000000e+02
3.012142857140000274e+02 5.410000000000000000e+02
5.025555555560000016e+02 5.413888888889999862e+02
5.145000000000000000e+02 5.412999999999999545e+02
1.135000000000000000e+02 5.421190476189999572e+02
2.927777777800000081e+01 5.440000000000000000e+02
2.370000000000000000e+02 5.445000000000000000e+02
3.275500000000000114e+02 5.453999999999999773e+02
2.673461538459999929e+02 5.459615384620000214e+02
1.929117647060000138e+02 5.476176470589999781e+02
4.049615384620000214e+02 5.473461538459999929e+02
3.105000000000000000e+02 5.480454545449999841e+02
5.720652173910000329e+02 5.487608695650000072e+02
5.916666666700000121e+01 5.486111111110000138e+02
4.532857142859999726e+02 5.499285714290000442e+02
1.236666666700000050e+01 5.529666666670000268e+02
1.353888888889999862e+02 5.532222222220000276e+02
1.652142857139999990e+02 5.530000000000000000e+02
5.287857142860000295e+02 5.530000000000000000e+02
4.688333333329999846e+02 5.545000000000000000e+02
9.912500000000000000e+01 5.560625000000000000e+02
5.543571428569999853e+02 5.568809523810000428e+02
2.071153846150000106e+02 5.572692307690000462e+02
3.598999999999999773e+02 5.571000000000000227e+02
7.965384615399999291e+01 5.579615384620000214e+02
2.335000000000000000e+02 5.580000000000000000e+02
3.023333333300000092e+01 5.598333333330000414e+02
2.769705882349999797e+02 5.591470588240000552e+02
2.480999999999999943e+02 5.598999999999999773e+02
4.318125000000000000e+02 5.603750000000000000e+02
3.022142857140000274e+02 5.610000000000000000e+02
3.791000000000000227e+02 5.621000000000000227e+02
5.151153846150000390e+02 5.628846153849999610e+02
