2.000000000000000000e+00 5.000000000000000000e-01
3.360526315799999963e+01 3.078947368000000129e+00
2.195000000000000000e+02 1.000000000000000000e+00
2.791000000000000227e+02 1.899999999999999911e+00
4.098999999999999773e+02 1.899999999999999911e+00
4.622692307689999893e+02 2.269230768999999981e+00
5.561363636360000555e+02 1.409090908999999892e+00
5.793333333330000414e+02 1.333333332999999898e+00
5.087777777779999724e+02 3.611111111000000040e+00
2.582647058819999870e+02 4.264705882000000337e+00
3.708000000000000114e+02 4.599999999999999645e+00
4.410625000000000000e+02 4.750000000000000000e+00
5.252142857139999705e+02 5.000000000000000000e+00
7.150000000000000000e+01 5.500000000000000000e+00
1.319117647060000138e+02 8.382352941000000612e+00
4.860000000000000000e+02 8.214285714000000738e+00
8.688461538500000358e+01 9.115384614999999968e+00
1.928529411760000016e+02 9.500000000000000000e+00
3.283888888889999862e+02 9.944444444000000161e+00
4.229117647059999854e+02 1.161764705899999939e+01
2.978684210530000200e+02 1.228947368400000073e+01
2.295000000000000000e+02 1.407142857100000022e+01
5.440000000000000000e+02 1.450000000000000000e+01
5.620000000000000000e+02 1.450000000000000000e+01
1.094500000000000028e+02 1.540000000000000036e+01
1.776538461540000071e+02 1.496153846200000004e+01
3.935909090910000145e+02 1.513636363600000045e+01
2.093421052630000077e+02 1.665789473699999945e+01
4.561363636359999987e+02 1.559090909100000033e+01
4.924230769229999964e+02 1.780769230800000003e+01
1.237105263159999993e+02 2.086842105299999872e+01
3.558809523809999860e+02 2.026190476200000035e+01
5.745000000000000000e+02 1.983333333299999879e+01
2.663181818180000278e+02 2.231818181799999934e+01
5.106578947369999923e+02 2.265789473699999945e+01
1.620294117649999919e+02 2.385294117600000163e+01
1.950000000000000000e+01 2.485294117600000163e+01
3.860714285710000127e+02 2.378571428600000104e+01
4.080000000000000000e+02 2.400000000000000000e+01
4.705000000000000000e+02 2.400000000000000000e+01
5.325000000000000000e+01 2.487500000000000000e+01
3.765000000000000000e+02 2.555555555600000162e+01
7.381818181799999934e+01 2.677272727300000099e+01
1.939166666669999870e+02 2.625000000000000000e+01
3.199117647059999854e+02 2.638235294100000061e+01
2.797857142859999726e+02 2.700000000000000000e+01
3.085769230770000036e+02 2.688461538500000003e+01
5.364285714290000442e+02 2.735714285699999948e+01
2.181153846150000106e+02 2.888461538500000003e+01
3.341470588239999984e+02 3.050000000000000000e+01
1.012142857139999990e+02 3.200000000000000000e+01
2.488636363640000013e+02 3.159090909100000033e+01
5.163888888889999862e+02 3.233333333299999879e+01
4.000000000000000000e+01 3.300000000000000000e+01
4.313823529410000219e+02 3.308823529400000041e+01
4.988684210530000200e+02 3.350000000000000000e+01
1.250000000000000000e+01 3.450000000000000000e+01
1.802222222219999992e+02 3.438888888900000040e+01
3.631153846149999822e+02 3.457692307699999645e+01
5.493666666670000041e+02 3.396666666699999837e+01
1.420000000000000000e+02 3.521428571399999896e+01
5.855000000000000000e+02 3.585294117600000163e+01
2.388333333330000130e+02 3.625000000000000000e+01
3.990000000000000000e+02 3.700000000000000000e+01
4.476578947369999923e+02 3.734210526300000055e+01
3.827857142859999726e+02 3.800000000000000000e+01
4.797222222220000276e+02 3.800000000000000000e+01
6.200000000000000000e+01 3.850000000000000000e+01
8.235714285699999948e+01 3.983333333299999879e+01
1.195000000000000000e+02 4.085294117600000163e+01
5.381428571430000147e+02 4.157142857099999844e+01
1.555000000000000000e+02 4.400000000000000000e+01
2.923421052630000077e+02 4.434210526300000055e+01
4.398846153850000178e+02 4.511538461500000352e+01
3.677777777800000081e+01 4.661111111099999960e+01
2.317727272729999868e+02 4.700000000000000000e+01
3.606333333329999959e+02 4.596666666699999837e+01
2.679705882349999797e+02 4.714705882399999837e+01
4.602647058819999870e+02 4.773529411799999878e+01
5.748999999999999773e+02 4.689999999999999858e+01
2.216666666700000121e+01 4.825000000000000000e+01
6.022222222199999919e+01 4.838888888900000040e+01
1.845909090909999861e+02 4.840909090899999967e+01
4.203999999999999773e+02 4.854999999999999716e+01
3.513888888889999862e+02 4.955555555600000162e+01
3.271666666670000154e+02 5.025000000000000000e+01
1.346153845999999987e+00 5.150000000000000000e+01
1.336578947369999923e+02 5.134210526300000055e+01
1.990000000000000000e+02 5.200000000000000000e+01
1.004090909089999997e+02 5.286363636400000132e+01
3.098333333329999846e+02 5.325000000000000000e+01
3.911153846149999822e+02 5.288461538499999648e+01
4.900000000000000000e+02 5.350000000000000000e+01
8.300000000000000000e+01 5.478571428600000104e+01
5.651250000000000000e+02 5.537500000000000000e+01
3.382857142859999726e+02 5.592857142900000156e+01
1.617857142860000010e+02 5.700000000000000000e+01
5.113181818180000278e+02 5.668181818200000066e+01
5.796538461540000071e+02 5.703846153799999996e+01
3.790000000000000000e+02 5.900000000000000000e+01
1.247000000000000028e+02 5.950000000000000000e+01
2.367500000000000000e+02 5.987500000000000000e+01
2.818999999999999773e+02 5.989999999999999858e+01
4.745000000000000000e+02 6.029999999999999716e+01
5.310000000000000000e+02 6.121428571399999896e+01
2.558529411760000016e+02 6.302941176499999898e+01
5.467222222220000276e+02 6.300000000000000000e+01
3.445000000000000000e+02 6.600000000000000000e+01
1.488846153849999894e+02 6.711538461499999642e+01
2.288461538500000003e+01 6.811538461499999642e+01
7.331818181799999934e+01 6.768181818200000066e+01
2.162142857139999990e+02 6.800000000000000000e+01
3.990294117650000203e+02 6.814705882399999837e+01
4.515000000000000000e+02 6.750000000000000000e+01
4.714705882399999837e+01 6.950000000000000000e+01
2.621428571430000147e+02 6.928571428600000104e+01
3.118999999999999773e+02 7.009999999999999432e+01
4.296176470589999781e+02 7.061764705900000649e+01
2.775000000000000000e+02 7.371052631599999927e+01
1.051666666670000012e+02 7.338888888900000040e+01
1.805909090909999861e+02 7.459090909100000033e+01
1.930294117649999919e+02 7.426470588200000122e+01
2.992500000000000000e+02 7.416666666700000121e+01
4.070882352940000146e+02 7.438235294099999351e+01
4.937142857140000274e+02 7.385714285699999948e+01
5.086333333329999959e+02 7.383333333299999879e+01
2.205882352999999796e+00 7.697058823499999392e+01
9.638235294099999351e+01 7.591176470599999959e+01
3.300882352940000146e+02 7.661764705900000649e+01
4.628333333329999846e+02 7.776666666699999553e+01
4.834230769229999964e+02 7.834615384600000709e+01
2.260000000000000000e+02 7.878571428600000104e+01
2.505999999999999943e+02 7.954999999999999716e+01
2.456250000000000000e+01 8.081250000000000000e+01
1.271153846149999964e+02 7.988461538500000358e+01
3.814473684210000215e+02 8.034210526299999344e+01
5.362500000000000000e+02 8.008333333299999879e+01
5.200000000000000000e+01 8.100000000000000000e+01
1.543823529409999935e+02 8.079411764699999310e+01
5.703125000000000000e+02 8.162500000000000000e+01
5.545000000000000000e+02 8.326470588200000122e+01
2.124499999999999886e+02 8.540000000000000568e+01
2.355000000000000000e+02 8.350000000000000000e+01
3.666818181819999722e+02 8.577272727300000099e+01
3.072500000000000000e+02 8.616666666700000121e+01
4.475000000000000000e+02 8.933333333299999879e+01
4.225952380950000133e+02 9.130952381000000173e+01
7.120000000000000284e+01 9.120000000000000284e+01
5.829210526320000554e+02 9.139473684200000037e+01
1.132500000000000000e+02 9.193750000000000000e+01
1.680999999999999943e+02 9.209999999999999432e+01
4.975000000000000000e+02 9.350000000000000000e+01
5.500000000000000000e+00 9.450000000000000000e+01
5.700000000000000000e+01 9.400000000000000000e+01
5.302142857139999705e+02 9.400000000000000000e+01
4.708636363640000013e+02 9.495454545500000165e+01
4.236666666699999695e+01 9.603333333300000163e+01
1.927857142860000010e+02 9.700000000000000000e+01
1.290000000000000000e+02 9.800000000000000000e+01
5.652777777779999724e+02 9.800000000000000000e+01
2.300000000000000000e+02 9.927777777800000081e+01
2.431666666669999870e+02 9.900000000000000000e+01
2.688846153850000178e+02 9.911538461499999642e+01
2.912500000000000000e+02 9.925000000000000000e+01
3.303888888889999862e+02 9.933333333299999879e+01
3.675000000000000000e+02 9.900000000000000000e+01
4.075000000000000000e+02 9.900000000000000000e+01
4.522500000000000000e+02 9.887500000000000000e+01
5.387380952380000281e+02 9.988095238100000017e+01
3.396111111110000138e+02 1.019444444439999984e+02
9.021428571399999896e+01 1.020000000000000000e+02
1.460000000000000000e+02 1.045000000000000000e+02
2.053461538459999929e+02 1.042692307690000035e+02
4.219666666670000268e+02 1.043666666670000041e+02
3.827307692310000107e+02 1.051153846149999964e+02
4.908999999999999773e+02 1.060999999999999943e+02
5.621363636360000555e+02 1.060454545449999983e+02
1.006818181820000007e+02 1.066818181820000007e+02
1.681666666669999870e+02 1.072500000000000000e+02
3.113235294120000276e+02 1.105588235289999943e+02
1.237500000000000000e+02 1.110833333329999988e+02
5.106578947369999923e+02 1.116578947370000066e+02
5.278999999999999773e+02 1.119000000000000057e+02
2.150000000000000000e+01 1.130000000000000000e+02
7.250000000000000000e+01 1.140000000000000000e+02
2.829375000000000000e+02 1.139375000000000000e+02
3.341153846149999822e+02 1.138846153850000036e+02
4.473750000000000000e+02 1.133750000000000000e+02
1.900000000000000000e+02 1.150000000000000000e+02
8.115384614999999968e+00 1.158846153850000036e+02
4.743823529410000219e+02 1.160882352940000004e+02
1.480625000000000000e+02 1.171250000000000000e+02
3.537500000000000000e+02 1.172500000000000000e+02
5.807857142860000295e+02 1.170000000000000000e+02
5.005000000000000000e+02 1.185000000000000000e+02
4.531250000000000000e+01 1.191875000000000000e+02
2.403750000000000000e+02 1.183750000000000000e+02
2.623421052630000077e+02 1.203421052629999934e+02
3.990000000000000000e+02 1.200000000000000000e+02
1.114090909089999997e+02 1.215909090910000003e+02
1.616111111110000138e+02 1.212222222219999992e+02
2.248125000000000000e+02 1.214375000000000000e+02
3.108999999999999773e+02 1.215666666670000069e+02
5.510000000000000000e+02 1.210000000000000000e+02
4.245000000000000000e+02 1.230000000000000000e+02
1.678968668409999907e+02 1.459046997389999945e+02
2.032894736840000007e+02 1.275000000000000000e+02
5.242222222220000276e+02 1.276111111109999996e+02
1.230714285709999984e+02 1.285000000000000000e+02
3.698846153850000178e+02 1.281153846150000106e+02
5.671666666669999586e+02 1.282500000000000000e+02
8.950000000000000000e+01 1.300000000000000000e+02
6.350000000000000000e+01 1.305000000000000000e+02
4.677307692310000107e+02 1.308846153849999894e+02
2.290000000000000000e+02 1.322142857139999990e+02
4.451153846149999822e+02 1.335769230770000036e+02
1.735714285710000127e+02 1.350714285710000127e+02
2.746999999999999886e+02 1.350000000000000000e+02
2.966333333329999959e+02 1.350333333330000016e+02
3.377777777779999724e+02 1.353888888889999862e+02
4.818846153850000178e+02 1.351153846150000106e+02
5.391000000000000227e+02 1.350999999999999943e+02
5.786333333329999959e+02 1.349666666669999984e+02
1.100000000000000089e+00 1.361999999999999886e+02
2.487142857139999990e+02 1.362857142860000010e+02
3.880384615379999786e+02 1.363461538459999929e+02
1.834615384599999999e+01 1.369615384619999929e+02
3.800000000000000000e+01 1.372142857139999990e+02
1.383235294119999992e+02 1.394411764710000057e+02
3.150000000000000000e+02 1.392142857139999990e+02
4.772222222199999919e+01 1.411111111110000138e+02
4.032500000000000000e+02 1.417500000000000000e+02
5.518333333330000414e+02 1.407666666670000097e+02
3.539705882349999797e+02 1.428529411760000016e+02
5.063750000000000000e+02 1.421875000000000000e+02
1.200000000000000000e+02 1.440000000000000000e+02
2.263499999999999943e+02 1.446500000000000057e+02
4.305000000000000000e+02 1.453000000000000114e+02
3.871000000000000227e+02 1.470999999999999943e+02
5.985294117600000163e+01 1.485000000000000000e+02
3.290652173909999760e+02 1.505869565220000084e+02
4.516111111110000138e+02 1.506666666669999870e+02
2.106538461540000071e+02 1.510384615380000071e+02
2.653999999999999773e+02 1.515500000000000114e+02
4.763500000000000227e+02 1.517500000000000000e+02
5.177857142860000295e+02 1.510000000000000000e+02
4.617647059000000276e+00 1.520882352939999862e+02
2.480789473680000015e+02 1.537631578950000062e+02
2.808999999999999773e+02 1.529000000000000057e+02
4.965000000000000000e+02 1.545000000000000000e+02
7.860526315799999963e+01 1.549210526319999985e+02
5.410714285709999558e+02 1.555000000000000000e+02
9.635714285699999948e+01 1.566904761899999983e+02
2.995000000000000000e+02 1.565000000000000000e+02
3.461153846149999822e+02 1.581153846150000106e+02
5.220000000000000000e+02 1.576999999999999886e+02
1.785000000000000000e+02 1.596739130429999989e+02
4.348846153850000178e+02 1.588846153849999894e+02
5.663260869570000295e+02 1.595000000000000000e+02
1.358846153849999894e+02 1.601153846150000106e+02
2.082272727270000132e+02 1.623181818179999993e+02
3.717857142859999726e+02 1.625000000000000000e+02
3.238333333329999846e+02 1.636333333329999959e+02
5.101250000000000000e+02 1.632500000000000000e+02
4.566333333329999959e+02 1.640333333330000016e+02
2.708999999999999773e+02 1.646999999999999886e+02
4.063750000000000000e+02 1.646250000000000000e+02
2.815000000000000000e+02 1.657857142860000010e+02
4.220294117650000203e+02 1.668529411760000016e+02
1.938235294100000061e+01 1.670882352939999862e+02
4.188461538499999648e+01 1.671153846150000106e+02
1.260333333330000016e+02 1.673666666670000041e+02
4.720294117650000203e+02 1.681470588239999984e+02
2.469705882350000081e+02 1.698529411760000016e+02
5.500000000000000000e+00 1.710000000000000000e+02
6.550000000000000000e+01 1.725000000000000000e+02
9.929999999999999716e+01 1.717666666670000097e+02
3.361153846149999822e+02 1.728846153849999894e+02
3.747941176470000073e+02 1.736176470590000065e+02
5.572500000000000000e+02 1.730625000000000000e+02
3.556111111110000138e+02 1.747777777780000008e+02
3.926052631580000138e+02 1.740789473680000015e+02
5.830882352940000146e+02 1.743823529409999935e+02
2.800000000000000000e+02 1.755000000000000000e+02
1.850000000000000000e+01 1.763000000000000114e+02
1.441470588239999984e+02 1.765000000000000000e+02
1.752857142860000010e+02 1.771428571429999863e+02
6.000000000000000000e+00 1.780000000000000000e+02
7.977777777800000081e+01 1.786666666669999870e+02
2.032894736840000007e+02 1.788684210529999916e+02
5.410000000000000000e+02 1.785000000000000000e+02
4.641153846149999822e+02 1.791153846150000106e+02
2.963125000000000000e+02 1.826875000000000000e+02
4.441470588239999984e+02 1.825000000000000000e+02
4.988809523809999860e+02 1.827380952379999997e+02
5.160555555559999448e+02 1.826111111110000138e+02
1.065000000000000000e+02 1.830000000000000000e+02
2.850000000000000000e+01 1.845000000000000000e+02
2.227500000000000000e+02 1.847500000000000000e+02
5.716111111110000138e+02 1.849444444439999984e+02
2.472777777780000008e+02 1.850000000000000000e+02
4.120000000000000000e+02 1.850000000000000000e+02
1.800000000000000000e+02 1.862142857139999990e+02
2.721363636359999987e+02 1.870454545450000126e+02
4.755588235289999943e+02 1.874411764710000057e+02
5.310000000000000142e+01 1.888499999999999943e+02
3.131153846149999822e+02 1.881153846150000106e+02
1.200000000000000000e+01 1.890000000000000000e+02
4.194411764710000057e+02 1.903235294119999992e+02
5.543823529410000219e+02 1.919117647060000138e+02
7.854999999999999716e+01 1.945999999999999943e+02
3.313181818180000278e+02 1.946818181820000007e+02
4.940333333329999732e+02 1.946333333329999959e+02
5.867000000000000455e+02 1.940000000000000000e+02
2.001111111110000138e+02 1.958333333330000130e+02
3.902500000000000000e+02 1.948333333330000130e+02
4.673421052630000077e+02 1.956578947369999923e+02
4.657894737000000340e+00 1.963421052630000077e+02
5.638888888900000040e+01 1.987777777780000008e+02
1.090999999999999943e+02 1.980999999999999943e+02
1.260000000000000000e+02 1.992142857139999990e+02
2.178636363640000013e+02 1.989545454549999874e+02
2.846111111110000138e+02 1.992222222219999992e+02
3.770000000000000000e+02 1.995000000000000000e+02
1.435588235289999943e+02 2.003235294119999992e+02
3.538999999999999773e+02 2.000999999999999943e+02
2.420000000000000000e+02 2.010000000000000000e+02
1.660999999999999943e+02 2.020999999999999943e+02
4.462500000000000000e+02 2.018333333330000130e+02
5.326250000000000000e+02 2.025625000000000000e+02
8.700000000000000000e+01 2.035000000000000000e+02
4.075526315789999785e+02 2.033421052630000077e+02
4.428571428600000104e+01 2.062857142860000010e+02
1.550000000000000000e+01 2.075000000000000000e+02
2.903999999999999773e+02 2.075500000000000114e+02
2.515000000000000000e+02 2.081666666669999870e+02
1.500000000000000000e+00 2.096999999999999886e+02
3.654375000000000000e+02 2.107500000000000000e+02
4.341153846149999822e+02 2.102692307689999893e+02
5.181666666669999586e+02 2.104166666669999870e+02
1.865526315790000069e+02 2.115526315790000069e+02
4.698333333329999846e+02 2.115000000000000000e+02
3.120000000000000000e+02 2.120000000000000000e+02
3.840714285710000127e+02 2.122142857139999990e+02
4.990000000000000000e+02 2.113000000000000114e+02
5.721428571430000147e+02 2.124285714289999873e+02
3.435526315789999785e+02 2.131842105259999869e+02
4.526818181819999722e+02 2.126818181820000007e+02
9.750000000000000000e+01 2.138333333330000130e+02
1.536538461540000071e+02 2.142692307689999893e+02
2.086818181820000007e+02 2.136818181820000007e+02
2.681399999999999864e+02 2.153000000000000114e+02
1.140999999999999943e+02 2.160999999999999943e+02
1.319000000000000057e+02 2.159000000000000057e+02
1.706176470590000065e+02 2.160294117649999919e+02
5.471923076919999858e+02 2.165769230770000036e+02
7.329999999999999716e+01 2.180000000000000000e+02
2.237500000000000000e+02 2.178333333330000130e+02
2.829444444439999984e+02 2.221868686869999863e+02
5.821000000000000227e+02 2.194333333330000073e+02
1.425000000000000000e+02 2.206176470590000065e+02
2.723333333300000092e+01 2.223000000000000114e+02
2.427105263159999993e+02 2.241315789470000084e+02
4.218750000000000000e+02 2.249375000000000000e+02
4.893095238099999733e+02 2.246428571429999863e+02
5.123461538459999929e+02 2.239615384619999929e+02
5.305000000000000000e+02 2.245000000000000000e+02
4.061428571430000147e+02 2.252857142860000010e+02
3.889090909089999855e+02 2.266363636359999987e+02
5.765384615400000001e+01 2.280384615380000071e+02
1.905000000000000000e+02 2.281470588239999984e+02
4.687500000000000000e+02 2.285625000000000000e+02
3.461764705899999939e+01 2.289117647060000138e+02
3.102142857140000274e+02 2.300000000000000000e+02
1.298333333330000130e+02 2.315000000000000000e+02
1.040000000000000000e+02 2.325000000000000000e+02
4.443888888889999862e+02 2.318333333330000130e+02
5.645499999999999545e+02 2.324000000000000057e+02
2.891499999999999773e+02 2.335500000000000114e+02
3.265000000000000000e+02 2.330000000000000000e+02
5.527500000000000000e+02 2.341250000000000000e+02
8.200000000000000000e+01 2.355000000000000000e+02
3.563181818180000278e+02 2.346818181820000007e+02
2.603888888889999862e+02 2.367777777780000008e+02
5.867999999999999545e+02 2.374000000000000057e+02
8.500000000000000000e+00 2.380000000000000000e+02
5.871428571399999896e+01 2.381428571429999863e+02
1.580000000000000000e+02 2.377857142860000010e+02
2.243823529409999935e+02 2.390882352939999862e+02
2.500000000000000000e+01 2.410000000000000000e+02
2.122142857139999990e+02 2.420000000000000000e+02
5.279666666670000268e+02 2.426333333329999959e+02
3.989285714289999873e+02 2.438809523809999860e+02
4.702142857140000274e+02 2.430000000000000000e+02
1.811153846150000106e+02 2.441153846150000106e+02
5.061428571430000147e+02 2.444285714289999873e+02
3.450000000000000000e+02 2.452142857139999990e+02
5.688529411759999448e+02 2.455000000000000000e+02
1.511363636359999987e+02 2.454090909090000139e+02
3.661153846149999822e+02 2.458846153849999894e+02
4.273125000000000000e+02 2.461875000000000000e+02
4.021428571399999896e+01 2.470000000000000000e+02
1.261250000000000000e+02 2.477500000000000000e+02
2.414090909090000139e+02 2.475909090909999861e+02
3.771153846149999822e+02 2.471153846150000106e+02
2.690882352940000146e+02 2.487352941180000130e+02
4.464499999999999886e+02 2.491999999999999886e+02
1.040000000000000000e+02 2.495000000000000000e+02
3.000882352940000146e+02 2.493823529409999935e+02
4.818846153850000178e+02 2.491153846150000106e+02
3.265000000000000000e+02 2.512894736840000007e+02
1.884130434779999916e+02 2.537173913039999888e+02
1.651470588239999984e+02 2.545000000000000000e+02
2.877857142859999726e+02 2.540000000000000000e+02
3.888999999999999773e+02 2.550999999999999943e+02
8.085294117600000163e+01 2.559705882350000081e+02
2.187500000000000000e+02 2.559375000000000000e+02
3.491470588239999984e+02 2.575000000000000000e+02
4.275000000000000000e+02 2.575000000000000000e+02
5.379285714290000442e+02 2.573095238099999733e+02
1.180000000000000000e+02 2.600000000000000000e+02
4.984473684210000215e+02 2.603421052630000077e+02
4.047500000000000000e+02 2.620625000000000000e+02
1.000000000000000000e+01 2.630000000000000000e+02
2.468000000000000114e+02 2.633999999999999773e+02
5.870000000000000000e+02 2.630000000000000000e+02
5.864285714300000052e+01 2.643095238099999733e+02
9.902941176500000608e+01 2.646176470589999781e+02
5.184333333329999505e+02 2.641000000000000227e+02
2.950000000000000000e+01 2.650000000000000000e+02
1.470000000000000000e+02 2.645000000000000000e+02
4.597857142859999726e+02 2.651428571430000147e+02
5.631153846150000390e+02 2.651153846149999822e+02
7.703333333300000163e+01 2.668333333329999846e+02
2.041190476190000140e+02 2.664523809519999986e+02
1.805000000000000000e+02 2.676428571430000147e+02
4.438999999999999773e+02 2.671000000000000227e+02
5.035000000000000000e+02 2.680000000000000000e+02
3.129285714289999873e+02 2.693095238099999733e+02
4.780000000000000000e+02 2.695000000000000000e+02
2.346999999999999886e+02 2.700000000000000000e+02
3.770000000000000000e+02 2.700000000000000000e+02
2.721000000000000227e+02 2.718999999999999773e+02
3.280000000000000000e+02 2.720000000000000000e+02
4.895666666669999927e+02 2.718999999999999773e+02
1.310000000000000000e+02 2.727857142859999726e+02
3.015000000000000000e+02 2.726999999999999886e+02
3.911363636359999987e+02 2.744090909089999855e+02
5.049999999999999822e+00 2.785500000000000114e+02
6.095454545500000165e+01 2.781363636359999987e+02
1.490999999999999943e+02 2.781000000000000227e+02
5.336111111110000138e+02 2.793888888889999862e+02
1.738333333330000130e+02 2.802500000000000000e+02
3.140000000000000000e+02 2.812142857140000274e+02
3.669615384620000214e+02 2.806538461540000071e+02
5.655000000000000000e+02 2.812894736839999723e+02
3.420000000000000000e+02 2.825000000000000000e+02
5.448999999999999773e+02 2.818999999999999773e+02
2.238846153849999894e+02 2.831153846149999822e+02
2.527777777800000081e+01 2.844444444439999984e+02
2.721666666670000154e+02 2.833888888889999862e+02
4.400000000000000000e+01 2.847857142859999726e+02
9.000000000000000000e+01 2.847857142859999726e+02
4.655454545449999841e+02 2.861818181819999722e+02
4.025000000000000000e+02 2.860000000000000000e+02
4.308750000000000000e+02 2.867500000000000000e+02
2.020000000000000000e+02 2.867857142859999726e+02
2.476666666669999870e+02 2.878750000000000000e+02
3.830000000000000000e+02 2.870000000000000000e+02
5.245000000000000000e+02 2.880000000000000000e+02
2.846666666670000154e+02 2.884166666670000154e+02
5.846176470589999781e+02 2.889117647059999854e+02
1.087857142860000010e+02 2.900000000000000000e+02
1.783095238100000017e+02 2.903571428569999853e+02
4.234411764710000057e+02 2.916764705879999724e+02
2.360000000000000000e+02 2.920000000000000000e+02
4.886578947369999923e+02 2.925526315789999785e+02
4.576052631580000138e+02 2.939210526319999985e+02
3.606333333329999959e+02 2.940333333329999732e+02
1.542500000000000000e+02 2.951250000000000000e+02
2.996578947369999923e+02 2.954473684210000215e+02
5.536904761900000267e+02 2.960714285710000127e+02
1.277777777780000008e+02 2.986111111110000138e+02
6.334615384599999999e+01 2.990384615379999786e+02
3.305000000000000000e+02 3.000000000000000000e+02
3.832333333330000187e+02 3.005000000000000000e+02
1.650555555560000016e+02 3.013888888889999862e+02
1.464000000000000057e+02 3.024499999999999886e+02
2.803000000000000114e+02 3.026999999999999886e+02
4.783999999999999773e+02 3.024499999999999886e+02
5.089117647059999854e+02 3.026176470589999781e+02
1.614705882399999837e+01 3.029705882349999797e+02
2.222857142860000010e+02 3.032857142859999726e+02
3.121000000000000227e+02 3.028999999999999773e+02
5.721666666669999586e+02 3.043666666670000041e+02
9.276666666699999553e+01 3.051666666670000154e+02
7.050000000000000000e+01 3.055000000000000000e+02
3.407142857140000274e+02 3.062857142859999726e+02
3.995000000000000000e+02 3.060000000000000000e+02
4.443333333300000021e+01 3.068999999999999773e+02
1.751363636359999987e+02 3.069545454550000159e+02
2.011315789470000084e+02 3.087105263160000277e+02
2.570333333329999732e+02 3.086333333329999959e+02
4.366250000000000000e+02 3.091875000000000000e+02
5.518181818179999709e+02 3.106363636359999987e+02
1.125909090910000003e+02 3.114090909089999855e+02
2.360000000000000000e+02 3.110000000000000000e+02
2.911190476190000140e+02 3.137380952380000281e+02
3.623571428569999853e+02 3.138333333329999846e+02
1.637105263159999993e+02 3.141315789469999800e+02
4.598333333329999846e+02 3.135833333329999846e+02
5.252894736839999723e+02 3.141315789469999800e+02
3.320000000000000000e+02 3.150000000000000000e+02
2.158846153849999894e+02 3.171153846149999822e+02
5.006111111110000138e+02 3.172222222220000276e+02
2.701000000000000227e+02 3.181000000000000227e+02
4.311000000000000227e+02 3.181000000000000227e+02
4.700000000000000000e+01 3.195000000000000000e+02
7.221428571399999896e+01 3.190000000000000000e+02
3.950789473680000015e+02 3.193947368419999862e+02
4.087857142859999726e+02 3.190000000000000000e+02
3.115833333329999846e+02 3.198333333329999846e+02
2.552631578999999817e+00 3.226578947369999923e+02
2.873809523799999965e+01 3.228809523809999860e+02
4.858846153850000178e+02 3.238846153850000178e+02
5.637857142860000295e+02 3.240000000000000000e+02
1.321666666669999870e+02 3.252333333330000187e+02
3.736000000000000227e+02 3.255500000000000114e+02
8.950000000000000000e+01 3.275000000000000000e+02
5.177105263160000277e+02 3.271315789469999800e+02
5.866538461540000071e+02 3.275000000000000000e+02
1.966176470590000065e+02 3.289117647059999854e+02
4.651666666670000154e+02 3.286111111110000138e+02
2.508125000000000000e+02 3.303750000000000000e+02
4.423750000000000000e+02 3.308750000000000000e+02
5.525000000000000000e+02 3.300000000000000000e+02
3.493571428569999853e+02 3.323095238099999733e+02
1.440000000000000000e+02 3.332777777779999724e+02
3.011470588239999984e+02 3.335000000000000000e+02
1.820000000000000000e+02 3.340000000000000000e+02
4.061000000000000227e+02 3.341000000000000227e+02
6.796153846199999293e+01 3.346538461540000071e+02
2.310000000000000000e+02 3.355000000000000000e+02
4.611538461500000352e+01 3.381153846149999822e+02
1.020999999999999943e+02 3.384333333330000073e+02
1.714444444439999984e+02 3.387222222220000276e+02
2.591176470599999959e+01 3.396176470589999781e+02
5.022142857140000274e+02 3.395000000000000000e+02
5.691190476189999572e+02 3.394523809519999986e+02
2.811315789469999800e+02 3.407631578950000062e+02
3.241315789469999800e+02 3.409736842109999770e+02
5.370000000000000000e+02 3.400000000000000000e+02
8.291176470599999959e+01 3.426176470589999781e+02
2.106818181820000007e+02 3.416818181819999722e+02
3.683461538459999929e+02 3.420384615379999786e+02
3.968999999999999773e+02 3.421000000000000227e+02
2.546176470590000065e+02 3.439117647059999854e+02
4.677142857140000274e+02 3.442857142859999726e+02
3.590454545449999841e+02 3.448636363640000013e+02
4.235000000000000000e+02 3.451470588239999984e+02
5.870714285709999558e+02 3.457857142859999726e+02
1.476176470590000065e+02 3.469117647059999854e+02
5.208571428569999853e+02 3.472857142859999726e+02
5.763157894999999975e+00 3.492368421049999938e+02
1.903235294119999992e+02 3.483235294120000276e+02
4.830000000000000000e+02 3.480000000000000000e+02
3.347500000000000000e+02 3.501250000000000000e+02
4.453947368419999862e+02 3.500789473680000015e+02
5.552000000000000455e+02 3.503999999999999773e+02
4.062857142859999726e+02 3.510714285710000127e+02
1.239347826089999955e+02 3.526739130430000273e+02
2.263421052630000077e+02 3.526578947369999923e+02
1.023421052629999934e+02 3.543421052630000077e+02
3.276666666700000263e+01 3.554333333330000073e+02
2.935000000000000000e+02 3.553947368419999862e+02
4.928999999999999773e+02 3.550000000000000000e+02
6.265384615400000001e+01 3.555769230770000036e+02
2.082500000000000000e+02 3.558333333329999846e+02
2.635869565219999799e+02 3.567173913039999888e+02
8.130952381000000173e+01 3.575476190480000014e+02
5.722500000000000000e+02 3.569499999999999886e+02
4.150000000000000000e+01 3.580000000000000000e+02
3.684545454550000159e+02 3.593636363640000013e+02
4.613235294120000276e+02 3.595588235289999943e+02
4.310384615379999786e+02 3.603461538459999929e+02
5.121153846150000390e+02 3.598846153850000178e+02
5.371666666669999586e+02 3.597500000000000000e+02
2.745000000000000000e+02 3.615000000000000000e+02
3.162692307689999893e+02 3.622692307689999893e+02
2.431818181799999934e+01 3.645909090910000145e+02
1.104000000000000057e+02 3.641999999999999886e+02
1.697666666670000097e+02 3.643000000000000114e+02
3.967500000000000000e+02 3.648750000000000000e+02
5.721428571399999896e+01 3.660000000000000000e+02
1.318846153849999894e+02 3.671153846149999822e+02
1.860000000000000000e+02 3.670000000000000000e+02
3.386176470589999781e+02 3.700882352940000146e+02
4.111875000000000000e+02 3.713125000000000000e+02
5.290000000000000000e+02 3.707857142859999726e+02
4.801000000000000227e+02 3.721000000000000227e+02
5.866538461540000071e+02 3.725000000000000000e+02
2.062500000000000000e+02 3.732500000000000000e+02
2.466666666669999870e+02 3.743888888889999862e+02
2.895476190480000014e+02 3.750238095240000007e+02
9.678571428600000104e+01 3.750000000000000000e+02
1.555000000000000000e+02 3.750000000000000000e+02
2.219000000000000057e+02 3.756333333329999959e+02
3.810000000000000000e+02 3.757222222220000276e+02
5.055000000000000000e+02 3.755000000000000000e+02
2.640000000000000000e+02 3.767222222220000276e+02
1.787500000000000000e+02 3.777500000000000000e+02
5.474473684209999647e+02 3.773421052630000077e+02
3.064166666670000154e+02 3.790833333329999846e+02
7.014705882399999837e+01 3.805000000000000000e+02
1.604411764710000057e+02 3.806764705879999724e+02
3.200000000000000000e+01 3.820000000000000000e+02
3.928750000000000000e+02 3.822500000000000000e+02
4.401315789469999800e+02 3.827105263160000277e+02
4.585000000000000000e+02 3.820000000000000000e+02
1.245000000000000000e+02 3.841470588239999984e+02
3.583666666670000041e+02 3.840333333329999732e+02
5.176333333329999959e+02 3.850333333329999732e+02
3.396578947369999923e+02 3.866578947369999923e+02
4.137105263160000277e+02 3.861315789469999800e+02
4.759210526319999985e+02 3.866052631580000138e+02
3.180000000000000000e+02 3.872777777779999724e+02
4.975000000000000000e+02 3.875000000000000000e+02
5.703823529410000219e+02 3.879117647059999854e+02
4.313181818180000278e+02 3.886818181819999722e+02
6.254999999999999716e+01 3.903999999999999773e+02
1.430000000000000000e+02 3.910000000000000000e+02
1.191176470599999959e+01 3.923823529410000219e+02
1.012222222219999992e+02 3.933888888889999862e+02
1.770000000000000000e+02 3.925000000000000000e+02
2.305555555560000016e+02 3.946111111110000138e+02
3.979411764700000020e+01 3.957352941180000130e+02
2.096999999999999886e+02 3.945000000000000000e+02
5.321428571430000147e+02 3.952857142859999726e+02
1.648684210529999916e+02 3.962894736839999723e+02
3.050555555560000016e+02 3.970000000000000000e+02
2.769166666670000154e+02 3.972500000000000000e+02
8.050000000000000000e+01 3.983000000000000114e+02
5.760000000000000000e+02 3.990000000000000000e+02
5.517500000000000000e+02 4.002500000000000000e+02
1.921153846150000106e+02 4.008846153850000178e+02
2.350000000000000000e+01 4.020000000000000000e+02
4.550882352940000146e+02 4.026176470589999781e+02
3.228846153850000178e+02 4.031153846149999822e+02
4.276333333329999959e+02 4.031000000000000227e+02
1.232999999999999972e+02 4.035000000000000000e+02
3.591190476190000140e+02 4.047380952380000281e+02
3.892692307689999893e+02 4.038846153850000178e+02
1.423076922999999994e+00 4.071923076919999858e+02
4.071000000000000227e+02 4.071000000000000227e+02
5.258846153849999610e+02 4.071153846149999822e+02
9.521428571399999896e+01 4.100000000000000000e+02
5.103000000000000114e+02 4.095000000000000000e+02
4.740000000000000000e+02 4.117222222220000276e+02
1.461315789470000084e+02 4.125000000000000000e+02
2.462500000000000000e+02 4.118333333329999846e+02
3.407727272729999868e+02 4.124545454550000159e+02
4.885555555560000016e+02 4.122777777779999724e+02
1.841153846150000106e+02 4.141153846149999822e+02
2.636904761900000267e+02 4.143571428569999853e+02
3.011428571430000147e+02 4.157142857140000274e+02
5.450000000000000000e+02 4.157222222220000276e+02
7.264285714300000052e+01 4.165714285710000127e+02
1.987500000000000000e+02 4.168333333329999846e+02
2.845000000000000000e+02 4.195000000000000000e+02
4.157222222220000276e+02 4.191111111110000138e+02
5.610000000000000000e+02 4.196999999999999886e+02
2.491176470599999959e+01 4.213823529410000219e+02
5.239473684200000037e+01 4.210789473680000015e+02
1.155499999999999972e+02 4.213999999999999773e+02
1.487727272729999868e+02 4.206818181819999722e+02
1.635000000000000000e+02 4.213333333329999846e+02
2.206818181820000007e+02 4.220000000000000000e+02
3.714499999999999886e+02 4.213999999999999773e+02
3.856111111110000138e+02 4.211666666670000154e+02
4.586363636359999987e+02 4.225000000000000000e+02
3.850000000000000000e+01 4.237857142859999726e+02
4.399615384620000214e+02 4.236538461540000071e+02
3.167142857140000274e+02 4.252857142859999726e+02
5.117777777779999724e+02 4.283888888889999862e+02
2.955000000000000000e+02 4.282142857140000274e+02
1.274090909089999997e+02 4.314090909089999855e+02
2.101666666669999870e+02 4.303888888889999862e+02
2.786428571430000147e+02 4.302142857140000274e+02
3.256052631580000138e+02 4.309210526319999985e+02
3.480000000000000000e+02 4.307857142859999726e+02
3.693461538459999929e+02 4.310384615379999786e+02
4.281470588239999984e+02 4.310294117650000203e+02
5.722142857139999705e+02 4.310000000000000000e+02
2.620000000000000000e+02 4.320000000000000000e+02
8.850000000000000000e+01 4.336052631580000138e+02
2.400000000000000000e+02 4.336000000000000227e+02
5.538333333330000414e+02 4.334166666670000154e+02
4.778529411760000016e+02 4.339705882349999797e+02
3.883750000000000000e+02 4.353750000000000000e+02
6.750000000000000000e+01 4.380263157890000230e+02
4.950000000000000000e+02 4.370000000000000000e+02
1.936250000000000000e+02 4.376250000000000000e+02
5.377666666669999813e+02 4.386999999999999886e+02
2.011538461499999997e+01 4.387307692310000107e+02
1.782777777780000008e+02 4.390000000000000000e+02
3.513750000000000000e+02 4.396250000000000000e+02
5.171153846150000390e+02 4.401153846149999822e+02
4.046538461540000071e+02 4.410384615379999786e+02
4.654090909089999855e+02 4.408636363640000013e+02
2.318333333330000130e+02 4.434166666670000154e+02
2.556538461540000071e+02 4.426538461540000071e+02
4.725000000000000000e+01 4.450625000000000000e+02
2.102894736840000007e+02 4.451315789469999800e+02
4.955000000000000000e+02 4.458529411760000016e+02
8.950000000000000000e+01 4.466176470589999781e+02
1.495000000000000000e+02 4.460000000000000000e+02
1.080000000000000000e+02 4.472777777779999724e+02
3.023947368419999862e+02 4.470789473680000015e+02
3.788333333329999846e+02 4.465833333329999846e+02
4.821666666670000154e+02 4.471666666670000154e+02
1.308684210529999916e+02 4.492368421049999938e+02
3.361818181819999722e+02 4.496363636359999987e+02
4.280000000000000000e+02 4.490000000000000000e+02
5.726250000000000000e+02 4.501666666670000154e+02
2.989999999999999858e+01 4.508999999999999773e+02
4.422894736839999723e+02 4.511315789469999800e+02
5.870000000000000000e+02 4.510000000000000000e+02
1.961875000000000000e+02 4.522500000000000000e+02
2.562500000000000000e+02 4.521666666670000154e+02
3.160000000000000000e+02 4.515000000000000000e+02
4.618684210530000200e+02 4.532894736839999723e+02
2.759285714289999873e+02 4.545000000000000000e+02
4.211000000000000227e+02 4.538999999999999773e+02
3.088235293999999964e+00 4.553823529410000219e+02
5.822222222199999919e+01 4.556111111110000138e+02
2.428846153849999894e+02 4.561153846149999822e+02
5.441666666669999586e+02 4.559666666670000268e+02
1.052142857139999990e+02 4.580000000000000000e+02
1.988888888889999862e+02 4.587777777779999724e+02
1.728846153849999894e+02 4.608846153850000178e+02
3.613461538459999929e+02 4.609615384620000214e+02
4.014090909089999855e+02 4.614090909089999855e+02
5.012142857140000274e+02 4.640000000000000000e+02
2.947666666669999813e+02 4.654333333330000073e+02
5.269117647059999854e+02 4.653823529410000219e+02
4.468181818200000066e+01 4.656818181819999722e+02
2.331666666669999870e+02 4.655833333329999846e+02
3.495714285710000127e+02 4.662857142859999726e+02
4.885500000000000114e+02 4.663999999999999773e+02
5.668750000000000000e+02 4.675000000000000000e+02
1.490000000000000000e+02 4.677857142859999726e+02
4.416333333329999959e+02 4.679666666670000268e+02
2.580000000000000000e+02 4.690000000000000000e+02
3.180384615379999786e+02 4.686538461540000071e+02
2.153421052630000077e+02 4.704473684210000215e+02
3.773000000000000114e+02 4.695000000000000000e+02
8.450000000000000000e+01 4.713333333329999846e+02
1.212500000000000000e+02 4.708333333329999846e+02
2.808846153850000178e+02 4.711153846149999822e+02
5.512777777779999724e+02 4.720000000000000000e+02
1.888461538500000003e+01 4.731153846149999822e+02
1.885000000000000000e+02 4.745000000000000000e+02
4.264230769229999964e+02 4.756538461540000071e+02
7.394736842000000365e+00 4.759210526319999985e+02
1.312647058819999870e+02 4.767352941180000130e+02
4.506818181819999722e+02 4.756818181819999722e+02
5.425526315790000353e+02 4.776578947369999923e+02
5.836666666699999695e+01 4.789666666670000268e+02
1.530000000000000000e+02 4.792142857140000274e+02
1.735000000000000000e+02 4.791470588239999984e+02
2.324000000000000057e+02 4.791999999999999886e+02
1.070000000000000000e+02 4.825000000000000000e+02
3.451315789469999800e+02 4.822894736839999723e+02
4.754444444439999984e+02 4.822777777779999724e+02
5.836764705880000292e+02 4.828529411760000016e+02
5.242500000000000000e+02 4.840833333329999846e+02
2.813421052630000077e+02 4.856578947369999923e+02
3.361111111099999960e+01 4.867777777779999724e+02
3.780000000000000000e+02 4.860000000000000000e+02
4.020000000000000000e+02 4.867727272729999868e+02
4.981000000000000227e+02 4.861000000000000227e+02
2.081153846150000106e+02 4.868846153850000178e+02
5.690000000000000000e+02 4.875000000000000000e+02
7.950000000000000000e+01 4.886538461540000071e+02
3.625000000000000000e+02 4.890000000000000000e+02
5.471428571399999896e+01 4.901428571430000147e+02
1.538846153849999894e+02 4.898846153850000178e+02
2.518846153849999894e+02 4.899615384620000214e+02
2.944333333330000073e+02 4.907666666669999813e+02
4.785000000000000000e+02 4.901250000000000000e+02
3.220882352940000146e+02 4.916176470589999781e+02
1.700000000000000000e+02 4.936999999999999886e+02
4.597307692310000107e+02 4.941153846149999822e+02
6.529999999999999716e+01 4.960000000000000000e+02
5.356250000000000000e+02 4.966250000000000000e+02
1.881250000000000000e+01 4.983750000000000000e+02
1.242142857139999990e+02 4.980000000000000000e+02
2.186666666669999870e+02 4.974166666670000154e+02
1.859166666669999870e+02 4.987500000000000000e+02
4.371153846149999822e+02 4.988846153850000178e+02
2.722222222000000080e+00 4.998888888889999862e+02
2.607500000000000000e+02 5.006250000000000000e+02
3.782500000000000000e+02 5.007500000000000000e+02
1.415000000000000000e+02 5.010000000000000000e+02
3.430454545449999841e+02 5.015000000000000000e+02
5.020000000000000000e+02 5.020000000000000000e+02
5.648846153849999610e+02 5.018846153850000178e+02
1.117105263159999993e+02 5.037631578950000062e+02
3.141363636359999987e+02 5.025909090910000145e+02
4.157666666669999813e+02 5.031666666670000154e+02
8.072222222199999919e+01 5.040000000000000000e+02
4.016052631580000138e+02 5.040789473680000015e+02
3.640454545449999841e+02 5.048636363640000013e+02
2.735000000000000000e+02 5.060714285710000127e+02
5.188846153849999610e+02 5.058846153850000178e+02
2.350000000000000000e+02 5.073000000000000114e+02
4.781250000000000000e+02 5.087500000000000000e+02
4.948529411760000016e+02 5.099705882349999797e+02
4.550000000000000000e+01 5.132999999999999545e+02
6.671052631599999927e+01 5.141315789469999800e+02
1.785769230770000036e+02 5.138846153849999610e+02
4.464090909089999855e+02 5.141363636360000555e+02
5.348999999999999773e+02 5.138999999999999773e+02
5.555000000000000000e+02 5.139285714290000442e+02
5.775000000000000000e+02 5.138333333330000414e+02
2.087857142860000010e+02 5.150000000000000000e+02
2.933000000000000114e+02 5.145000000000000000e+02
3.356999999999999886e+02 5.145000000000000000e+02
1.255000000000000000e+02 5.163333333330000414e+02
4.355909090910000145e+02 5.158636363639999445e+02
5.072142857140000274e+02 5.161428571430000147e+02
4.102894736839999723e+02 5.175000000000000000e+02
3.300000000000000000e+01 5.177857142860000295e+02
1.582272727270000132e+02 5.191818181820000291e+02
2.283181818179999993e+02 5.176818181820000291e+02
3.526000000000000227e+02 5.205499999999999545e+02
2.743636363640000013e+02 5.229545454550000159e+02
1.993235294119999992e+02 5.235588235290000512e+02
2.570000000000000000e+02 5.227000000000000455e+02
2.481315789470000084e+02 5.242894736839999723e+02
3.862500000000000000e+02 5.251666666669999586e+02
9.854761904800000138e+01 5.263095238099999733e+02
1.416666666699999944e+01 5.281666666669999586e+02
3.140000000000000000e+02 5.300000000000000000e+02
5.378571428600000104e+01 5.310000000000000000e+02
5.295476190480000014e+02 5.322619047619999719e+02
2.166999999999999886e+02 5.315000000000000000e+02
4.660789473680000015e+02 5.326052631579999570e+02
4.850882352940000146e+02 5.336176470589999781e+02
2.910000000000000000e+02 5.342142857139999705e+02
4.237857142859999726e+02 5.340000000000000000e+02
5.155000000000000000e+02 5.335000000000000000e+02
5.766578947369999923e+02 5.343421052630000077e+02
2.650000000000000000e+01 5.355000000000000000e+02
7.591176470599999959e+01 5.356176470589999781e+02
1.092500000000000000e+02 5.357500000000000000e+02
3.683095238099999733e+02 5.356428571430000147e+02
5.545000000000000000e+02 5.350000000000000000e+02
1.685000000000000000e+02 5.367000000000000455e+02
4.403823529410000219e+02 5.370882352940000146e+02
1.429000000000000057e+02 5.381000000000000227e+02
2.355000000000000000e+02 5.393571428569999853e+02
1.836666666669999870e+02 5.417777777779999724e+02
3.252777777779999724e+02 5.410000000000000000e+02
3.472142857140000274e+02 5.410000000000000000e+02
4.935500000000000114e+02 5.413999999999999773e+02
2.597500000000000000e+02 5.431666666669999586e+02
1.321470588239999984e+02 5.445000000000000000e+02
3.851153846149999822e+02 5.438846153849999610e+02
4.050000000000000000e+02 5.442142857139999705e+02
3.055000000000000000e+02 5.467000000000000455e+02
4.251250000000000000e+02 5.487500000000000000e+02
5.643260869570000295e+02 5.489347826089999671e+02
5.570000000000000284e+01 5.490000000000000000e+02
1.626999999999999886e+02 5.497000000000000455e+02
1.025000000000000000e+02 5.498750000000000000e+02
2.500000000000000000e+02 5.505000000000000000e+02
2.762777777779999724e+02 5.504444444440000552e+02
2.020000000000000000e+02 5.512142857139999705e+02
2.295909090909999861e+02 5.508636363639999445e+02
4.470000000000000000e+02 5.525000000000000000e+02
3.510000000000000142e+01 5.528999999999999773e+02
4.677500000000000000e+02 5.535000000000000000e+02
5.871666666669999586e+02 5.530000000000000000e+02
1.203846153799999996e+01 5.553461538459999929e+02
1.425000000000000000e+02 5.555000000000000000e+02
3.366578947369999923e+02 5.556578947369999923e+02
5.290000000000000000e+02 5.550000000000000000e+02
5.477222222220000276e+02 5.550000000000000000e+02
3.751428571430000147e+02 5.572142857139999705e+02
8.057692307700000356e+01 5.593461538459999929e+02
5.040333333329999732e+02 5.593666666670000041e+02
1.761666666669999870e+02 5.597666666669999813e+02
3.581923076919999858e+02 5.605000000000000000e+02
4.014166666670000154e+02 5.607500000000000000e+02
2.107222222219999992e+02 5.610555555559999448e+02
3.215000000000000000e+02 5.615000000000000000e+02
