1.500000000000000000e+00 7.500000000000000000e-01
1.565000000000000000e+02 8.750000000000000000e-01
2.197857142860000010e+02 9.285714290000000037e-01
2.796666666670000154e+02 1.333333332999999898e+00
4.621363636359999987e+02 1.409090908999999892e+00
4.813333333329999846e+02 1.333333332999999898e+00
4.995000000000000000e+02 8.750000000000000000e-01
5.529615384620000214e+02 2.346153845999999987e+00
5.186250000000000000e+02 3.187500000000000000e+00
4.016176470589999781e+02 3.911764706000000036e+00
3.223333333329999846e+02 5.388888889000000404e+00
3.685000000000000000e+02 5.500000000000000000e+00
5.772000000000000455e+02 5.400000000000000355e+00
6.659090909100000033e+01 7.136363635999999566e+00
2.609705882349999797e+02 7.852941175999999857e+00
3.508999999999999773e+02 6.900000000000000355e+00
1.330999999999999943e+02 8.099999999999999645e+00
1.962500000000000000e+02 7.875000000000000000e+00
3.008000000000000114e+02 8.349999999999999645e+00
2.665789473699999945e+01 1.034210526300000055e+01
4.203888888889999862e+02 1.077777777800000081e+01
2.155000000000000000e+02 1.273529411800000055e+01
8.496153846199999293e+01 1.334615384599999999e+01
4.517307692310000107e+02 1.311538461499999997e+01
3.948636363640000013e+02 1.359090909100000033e+01
2.292142857139999990e+02 1.500000000000000000e+01
4.401470588239999984e+02 1.550000000000000000e+01
5.544473684209999647e+02 1.544736842100000018e+01
1.025000000000000000e+02 1.613157894700000128e+01
1.731153846150000106e+02 1.611538461499999997e+01
5.080000000000000000e+02 1.621428571399999896e+01
5.381000000000000227e+02 1.656666666699999979e+01
1.246578947370000066e+02 2.134210526300000055e+01
2.696999999999999886e+02 2.050000000000000000e+01
3.265000000000000000e+02 2.271052631599999927e+01
5.914705882399999837e+01 2.350000000000000000e+01
2.879615384620000214e+02 2.265384615400000001e+01
3.567173913039999888e+02 2.341304347799999874e+01
5.708529411759999448e+02 2.408823529400000041e+01
2.072222222199999919e+01 2.400000000000000000e+01
7.740909090899999967e+01 2.459090909100000033e+01
3.861363636359999987e+02 2.404545454499999835e+01
4.675588235289999943e+02 2.432352941199999918e+01
4.841153846149999822e+02 2.411538461499999997e+01
3.058636363640000013e+02 2.440909090899999967e+01
4.072500000000000000e+02 2.516666666700000121e+01
1.598529411760000016e+02 2.650000000000000000e+01
5.288846153849999610e+02 2.588461538500000003e+01
1.746578947369999923e+02 2.728947368400000073e+01
2.520000000000000000e+02 2.700000000000000000e+01
3.737142857140000274e+02 2.714285714300000052e+01
7.088235294000000408e+00 2.861764705899999939e+01
4.528157894739999847e+02 2.923684210500000091e+01
2.132500000000000000e+02 3.016666666700000121e+01
1.042857142860000010e+02 3.128571428600000104e+01
2.000000000000000000e+02 3.221428571399999896e+01
3.820000000000000284e+01 3.279999999999999716e+01
1.436333333329999959e+02 3.303333333300000163e+01
3.600000000000000000e+02 3.300000000000000000e+01
3.825000000000000000e+02 3.350000000000000000e+01
4.734473684210000215e+02 3.528947368400000073e+01
5.006904761900000267e+02 3.645238095199999862e+01
1.110294117650000061e+02 3.785294117600000163e+01
2.353461538459999929e+02 3.703846153799999996e+01
4.231000000000000227e+02 3.689999999999999858e+01
5.535625000000000000e+02 3.725000000000000000e+01
3.329375000000000000e+02 3.875000000000000000e+01
6.100000000000000000e+01 3.921428571399999896e+01
5.221000000000000227e+02 3.910000000000000142e+01
4.069666666670000268e+02 4.063333333300000305e+01
8.918181818200000066e+01 4.263636363599999868e+01
2.999666666670000268e+02 4.263333333300000305e+01
1.632222222219999992e+02 4.538888888900000040e+01
2.620625000000000000e+02 4.575000000000000000e+01
2.834615384599999999e+01 4.603846153799999996e+01
3.326111111110000138e+02 4.683333333299999879e+01
5.710000000000000000e+02 4.678571428600000104e+01
4.361764705899999939e+01 4.820588235299999980e+01
1.340882352939999862e+02 4.838235294100000061e+01
1.784090909090000139e+02 4.959090909100000033e+01
3.499117647059999854e+02 5.061764705899999939e+01
4.950333333329999732e+02 5.036666666699999695e+01
5.378846153849999610e+02 5.011538461500000352e+01
2.222894736840000007e+02 5.113157894700000128e+01
2.835000000000000000e+02 5.100000000000000000e+01
5.080000000000000000e+02 5.100000000000000000e+01
9.900000000000000000e+01 5.200000000000000000e+01
3.624375000000000000e+02 5.181250000000000000e+01
2.033823529409999935e+02 5.308823529400000041e+01
3.090000000000000000e+02 5.300000000000000000e+01
4.210294117650000203e+02 5.385294117600000163e+01
2.277777777999999920e+00 5.400000000000000000e+01
4.394166666670000154e+02 5.383333333299999879e+01
1.215000000000000000e+02 5.450000000000000000e+01
4.622368421049999938e+02 5.586842105299999872e+01
3.411153846149999822e+02 5.611538461500000352e+01
3.910000000000000000e+02 5.578571428600000104e+01
5.600294117649999635e+02 5.685294117600000163e+01
6.244736842100000018e+01 5.965789473699999945e+01
1.663666666670000041e+02 5.903333333300000163e+01
3.774411764710000057e+02 5.967647058800000082e+01
2.346500000000000057e+02 6.079999999999999716e+01
4.740384615379999786e+02 6.034615384599999999e+01
5.448888888889999862e+02 6.072222222199999919e+01
5.853181818179999709e+02 5.968181818200000066e+01
4.300000000000000000e+01 6.127777777800000081e+01
2.688461538500000003e+01 6.188461538499999648e+01
8.429999999999999716e+01 6.270000000000000284e+01
1.407142857139999990e+02 6.214285714300000052e+01
2.131153846150000106e+02 6.211538461500000352e+01
4.276250000000000000e+02 6.218750000000000000e+01
2.527500000000000000e+02 6.312500000000000000e+01
5.237857142860000295e+02 6.300000000000000000e+01
4.931153846149999822e+02 6.511538461499999642e+01
1.949375000000000000e+02 6.612500000000000000e+01
4.006764705879999724e+02 6.755882352899999432e+01
6.988461538500000358e+01 6.911538461499999642e+01
2.685000000000000000e+02 6.866666666700000121e+01
4.446250000000000000e+02 6.862500000000000000e+01
2.925000000000000000e+02 6.950000000000000000e+01
3.145666666669999927e+02 7.109999999999999432e+01
3.432500000000000000e+02 7.325000000000000000e+01
1.709545454549999874e+02 7.509090909100000033e+01
2.766000000000000227e+02 7.454999999999999716e+01
4.680294117650000203e+02 7.414705882399999837e+01
5.091428571430000147e+02 7.442857142900000156e+01
5.353666666670000041e+02 7.503333333300000163e+01
1.065000000000000000e+02 7.570000000000000284e+01
3.273125000000000000e+02 7.568750000000000000e+01
1.044444444400000016e+01 7.827777777800000081e+01
5.721000000000000227e+02 7.909999999999999432e+01
1.265000000000000000e+02 7.940909090899999967e+01
1.564333333330000073e+02 8.209999999999999432e+01
2.252142857139999990e+02 8.200000000000000000e+01
4.165000000000000000e+02 8.244117647100000568e+01
8.861764705900000649e+01 8.308823529400000041e+01
2.076176470590000065e+02 8.308823529400000041e+01
2.375000000000000000e+02 8.200000000000000000e+01
5.910000000000000142e+01 8.409999999999999432e+01
3.592727272729999868e+02 8.522727272699999901e+01
4.801153846149999822e+02 8.488461538500000358e+01
3.126470588200000122e+01 8.726470588200000122e+01
2.485000000000000000e+02 8.750000000000000000e+01
2.944499999999999886e+02 8.759999999999999432e+01
3.062692307689999893e+02 8.688461538500000358e+01
3.846111111110000138e+02 8.822222222199999919e+01
5.021363636359999987e+02 8.759090909100000033e+01
5.528999999999999773e+02 8.790000000000000568e+01
4.466818181819999722e+02 8.931818181799999934e+01
4.703333333329999846e+02 8.900000000000000000e+01
7.061111111099999960e+01 9.116666666700000121e+01
4.241315789469999800e+02 9.276315789500000619e+01
5.702777777779999724e+02 9.200000000000000000e+01
5.818888888889999862e+02 9.322222222199999919e+01
1.328846153849999894e+02 9.288461538500000358e+01
1.677857142860000010e+02 9.300000000000000000e+01
1.118750000000000000e+01 9.437500000000000000e+01
5.850000000000000000e+01 9.529999999999999716e+01
1.070000000000000000e+02 9.578571428600000104e+01
2.703666666670000041e+02 9.596666666699999837e+01
4.088999999999999773e+02 9.590000000000000568e+01
3.485000000000000000e+02 9.700000000000000000e+01
5.257500000000000000e+02 9.808333333299999879e+01
1.890000000000000000e+02 9.921428571399999896e+01
2.490000000000000000e+02 9.900000000000000000e+01
3.867857142859999726e+02 9.900000000000000000e+01
4.866176470589999781e+02 9.891176470599999959e+01
9.022222222199999919e+01 1.003888888890000004e+02
1.395000000000000000e+02 1.000000000000000000e+02
2.298333333330000130e+02 1.008888888890000004e+02
3.663333333329999846e+02 1.003333333329999988e+02
5.406000000000000227e+02 1.005499999999999972e+02
4.250000000000000000e+01 1.010714285709999984e+02
3.287222222220000276e+02 1.030000000000000000e+02
1.597500000000000000e+02 1.038333333329999988e+02
4.469666666670000268e+02 1.043666666670000041e+02
1.987857142860000010e+02 1.060000000000000000e+02
1.018333333329999988e+02 1.067500000000000000e+02
5.110625000000000000e+02 1.070625000000000000e+02
2.583421052630000077e+02 1.113421052629999934e+02
2.905555555560000016e+02 1.113888888890000004e+02
1.248846153850000036e+02 1.121153846149999964e+02
3.050000000000000000e+02 1.135000000000000000e+02
5.800000000000000000e+02 1.127857142860000010e+02
2.955263157899999982e+01 1.143421052629999934e+02
7.363636363599999868e+01 1.145000000000000000e+02
3.364230769229999964e+02 1.138846153850000036e+02
4.061000000000000227e+02 1.139000000000000057e+02
4.229666666670000268e+02 1.143666666670000041e+02
5.618846153849999610e+02 1.138846153850000036e+02
4.985000000000000000e+02 1.155000000000000000e+02
4.720000000000000000e+02 1.165000000000000000e+02
4.405000000000000000e+02 1.167857142860000010e+02
2.171470588239999984e+02 1.185000000000000000e+02
2.385000000000000000e+02 1.177000000000000028e+02
1.898333333330000130e+02 1.192500000000000000e+02
3.597941176470000073e+02 1.202647058820000012e+02
5.344230769230000533e+02 1.201923076920000000e+02
1.396666666700000015e+01 1.216333333329999959e+02
5.136666666699999695e+01 1.210333333330000016e+02
1.651470588239999984e+02 1.210294117650000061e+02
5.542692307690000462e+02 1.213461538460000071e+02
1.453823529409999935e+02 1.240882352940000004e+02
4.195000000000000000e+02 1.242894736840000007e+02
5.665000000000000000e+02 1.240000000000000000e+02
8.929999999999999716e+01 1.250000000000000000e+02
1.250000000000000000e+02 1.255000000000000000e+02
5.225000000000000000e+02 1.258684210530000058e+02
2.085000000000000000e+02 1.268529411760000016e+02
3.153181818180000278e+02 1.273181818179999993e+02
3.890000000000000000e+02 1.272142857139999990e+02
2.364375000000000000e+02 1.283750000000000000e+02
1.025999999999999943e+02 1.294499999999999886e+02
3.776818181819999722e+02 1.306818181820000007e+02
7.000000000000000000e+01 1.320000000000000000e+02
3.329117647059999854e+02 1.326176470590000065e+02
4.610384615379999786e+02 1.333461538459999929e+02
3.836666666699999695e+01 1.340333333330000016e+02
1.415000000000000000e+02 1.340000000000000000e+02
2.488750000000000000e+02 1.345000000000000000e+02
2.753000000000000114e+02 1.345000000000000000e+02
2.951000000000000227e+02 1.349000000000000057e+02
4.433666666670000041e+02 1.350333333330000016e+02
4.790000000000000000e+02 1.343000000000000114e+02
1.790000000000000000e+02 1.370000000000000000e+02
1.386363636399999955e+01 1.375909090909999861e+02
4.101666666670000154e+02 1.378333333330000130e+02
5.318846153849999610e+02 1.381153846150000106e+02
5.841153846150000390e+02 1.382692307689999893e+02
3.058999999999999773e+02 1.389000000000000057e+02
4.700000000000000000e+01 1.412777777780000008e+02
4.981250000000000000e+02 1.412500000000000000e+02
1.607950819669999873e+02 1.484180327869999871e+02
1.878846153849999894e+02 1.418846153849999894e+02
6.166666667000000324e+00 1.435000000000000000e+02
3.545000000000000000e+02 1.430000000000000000e+02
5.210000000000000000e+02 1.440000000000000000e+02
6.239999999999999858e+01 1.455500000000000114e+02
2.325000000000000000e+02 1.450000000000000000e+02
4.241363636359999987e+02 1.452272727270000132e+02
4.785000000000000000e+02 1.451666666669999870e+02
5.591153846150000390e+02 1.452692307689999893e+02
2.567941176470000073e+02 1.476176470590000065e+02
1.128846153850000036e+02 1.481153846150000106e+02
4.511000000000000227e+02 1.479000000000000057e+02
9.765789473700000656e+01 1.488157894740000131e+02
2.471315789470000084e+02 1.497631578950000062e+02
2.151153846150000106e+02 1.501153846150000106e+02
2.835000000000000000e+02 1.508333333330000130e+02
3.375000000000000000e+02 1.515000000000000000e+02
4.959347826090000240e+02 1.513260869570000011e+02
7.661764705900000649e+01 1.539117647060000138e+02
1.407857142860000010e+02 1.540000000000000000e+02
3.870000000000000000e+02 1.540000000000000000e+02
5.735869565220000368e+02 1.547173913039999888e+02
5.380000000000000000e+02 1.552142857139999990e+02
3.080000000000000000e+02 1.567222222219999992e+02
3.543181818180000278e+02 1.576818181820000007e+02
5.000000000000000000e-01 1.585000000000000000e+02
3.740000000000000000e+02 1.602142857139999990e+02
2.313157894700000128e+01 1.622894736840000007e+02
2.677857142859999726e+02 1.615000000000000000e+02
4.392857142859999726e+02 1.618571428570000137e+02
1.865909090909999861e+02 1.635909090909999861e+02
3.588461538499999648e+01 1.638846153849999894e+02
2.138636363640000013e+02 1.639545454549999874e+02
3.240000000000000000e+02 1.650000000000000000e+02
4.065000000000000000e+02 1.653000000000000114e+02
5.116111111110000138e+02 1.652222222219999992e+02
5.850000000000000000e+01 1.665000000000000000e+02
9.585294117600000163e+01 1.657941176470000073e+02
1.208846153850000036e+02 1.661153846150000106e+02
4.775000000000000000e+02 1.678684210529999916e+02
1.500000000000000000e+00 1.686538461540000071e+02
1.500833333330000130e+02 1.682500000000000000e+02
2.023333333330000130e+02 1.697777777780000008e+02
8.100000000000000000e+01 1.702142857139999990e+02
1.713823529409999935e+02 1.710882352939999862e+02
2.836250000000000000e+02 1.706250000000000000e+02
4.562647058819999870e+02 1.717352941180000130e+02
4.248529411760000016e+02 1.725000000000000000e+02
5.815000000000000000e+02 1.728529411760000016e+02
3.903421052630000077e+02 1.735526315790000069e+02
5.515000000000000000e+02 1.730000000000000000e+02
2.808529411760000016e+02 1.749705882350000081e+02
2.884615385000000032e+00 1.758846153849999894e+02
2.186176470590000065e+02 1.759117647060000138e+02
2.418000000000000114e+02 1.773499999999999943e+02
3.400000000000000000e+02 1.780000000000000000e+02
3.712222222220000276e+02 1.783888888889999862e+02
4.943421052630000077e+02 1.786578947369999923e+02
5.250000000000000000e+01 1.795000000000000000e+02
1.600000000000000000e+01 1.800000000000000000e+02
5.347105263160000277e+02 1.805000000000000000e+02
4.671153846149999822e+02 1.811153846150000106e+02
2.967777777779999724e+02 1.826111111110000138e+02
3.359090909100000033e+01 1.844090909090000139e+02
1.495500000000000114e+02 1.844000000000000057e+02
1.873461538459999929e+02 1.842692307689999893e+02
3.586111111110000138e+02 1.847777777780000008e+02
4.115000000000000000e+02 1.843000000000000114e+02
4.369705882349999797e+02 1.841470588239999984e+02
1.068181818200000066e+01 1.853181818179999993e+02
1.153666666670000041e+02 1.849666666669999984e+02
5.713888888889999862e+02 1.855555555560000016e+02
4.763421052630000077e+02 1.873421052630000077e+02
2.451875000000000000e+02 1.884375000000000000e+02
3.158999999999999773e+02 1.900999999999999943e+02
4.640000000000000000e+02 1.906999999999999886e+02
5.196000000000000227e+02 1.905500000000000114e+02
1.391250000000000000e+02 1.912500000000000000e+02
2.013421052630000077e+02 1.913421052630000077e+02
3.716176470589999781e+02 1.910882352939999862e+02
2.696999999999999886e+02 1.915000000000000000e+02
7.561764705900000649e+01 1.939117647060000138e+02
3.296904761900000267e+02 1.944523809519999986e+02
1.196818181820000007e+02 1.946818181820000007e+02
1.628846153849999894e+02 1.951153846150000106e+02
4.238750000000000000e+02 1.966250000000000000e+02
6.091176470599999959e+01 1.976176470590000065e+02
2.895000000000000000e+02 1.970000000000000000e+02
4.408333333329999846e+02 1.967500000000000000e+02
2.395769230770000036e+02 1.978076923079999858e+02
5.565526315790000353e+02 1.984473684209999931e+02
1.030000000000000000e+02 1.995000000000000000e+02
3.970454545449999841e+02 1.988636363640000013e+02
3.542222222220000276e+02 2.003888888889999862e+02
2.956111111110000138e+02 2.016666666669999870e+02
5.004375000000000000e+02 2.013750000000000000e+02
5.338846153849999610e+02 2.011153846150000106e+02
2.183000000000000114e+02 2.015000000000000000e+02
5.850000000000000000e+02 2.022142857139999990e+02
5.690000000000000000e+02 2.032142857139999990e+02
7.911538461499999642e+01 2.038846153849999894e+02
2.558809523809999860e+02 2.062619047620000003e+02
2.667500000000000000e+02 2.067500000000000000e+02
4.331153846149999822e+02 2.062692307689999893e+02
4.556250000000000000e+01 2.077500000000000000e+02
1.944736842100000018e+01 2.083421052630000077e+02
3.831666666670000154e+02 2.076111111110000138e+02
1.925000000000000000e+02 2.100000000000000000e+02
1.588846153849999894e+02 2.108846153849999894e+02
3.202142857140000274e+02 2.110000000000000000e+02
3.445000000000000000e+02 2.127105263159999993e+02
4.707500000000000000e+02 2.121250000000000000e+02
5.161363636360000555e+02 2.114090909090000139e+02
1.247500000000000000e+02 2.135000000000000000e+02
4.069499999999999886e+02 2.134000000000000057e+02
4.541363636359999987e+02 2.134090909090000139e+02
2.319230769199999997e+01 2.150384615380000071e+02
1.113571428569999995e+02 2.154285714289999873e+02
3.593999999999999773e+02 2.155500000000000114e+02
5.510000000000000000e+02 2.147857142860000010e+02
5.845000000000000000e+02 2.160000000000000000e+02
5.000000000000000000e+00 2.170000000000000000e+02
6.738888888900000040e+01 2.171666666669999870e+02
4.960000000000000000e+02 2.170000000000000000e+02
2.103000000000000114e+02 2.175999999999999943e+02
2.250000000000000000e+02 2.182142857139999990e+02
2.829268292680000059e+02 2.224756097560000114e+02
5.385000000000000000e+02 2.205000000000000000e+02
5.462500000000000000e+01 2.206250000000000000e+02
9.761111111099999960e+01 2.223333333330000130e+02
1.474499999999999886e+02 2.231999999999999886e+02
1.765000000000000000e+02 2.220000000000000000e+02
1.953947368419999862e+02 2.259210526319999985e+02
2.431190476190000140e+02 2.265000000000000000e+02
3.905000000000000000e+02 2.266428571429999863e+02
5.181666666669999586e+02 2.255833333330000130e+02
3.317105263160000277e+02 2.275000000000000000e+02
3.980000000000000000e+02 2.270000000000000000e+02
4.364090909089999855e+02 2.288636363640000013e+02
7.508823529400000041e+01 2.303823529409999935e+02
1.628571428570000137e+02 2.307142857139999990e+02
2.255999999999999943e+02 2.304499999999999886e+02
2.640000000000000000e+02 2.315000000000000000e+02
4.223823529410000219e+02 2.316176470590000065e+02
4.580882352940000146e+02 2.313823529409999935e+02
1.265000000000000000e+02 2.338529411760000016e+02
4.883421052630000077e+02 2.346578947369999923e+02
5.720000000000000000e+02 2.350000000000000000e+02
3.565000000000000000e+02 2.345000000000000000e+02
3.060000000000000000e+02 2.362142857139999990e+02
8.599999999999999645e+00 2.375500000000000114e+02
9.592857142900000156e+01 2.372857142860000010e+02
3.361111111099999960e+01 2.382222222219999992e+02
1.755000000000000000e+02 2.375000000000000000e+02
2.825000000000000000e+02 2.388529411760000016e+02
5.700000000000000000e+01 2.390000000000000000e+02
2.418000000000000114e+02 2.413499999999999943e+02
3.380000000000000000e+02 2.407857142860000010e+02
2.120000000000000000e+02 2.417857142860000010e+02
3.701923076919999858e+02 2.425769230770000036e+02
5.493125000000000000e+02 2.436250000000000000e+02
2.663750000000000000e+02 2.441875000000000000e+02
5.308333333330000414e+02 2.442333333329999903e+02
5.115769230770000036e+02 2.456538461540000071e+02
4.015000000000000000e+02 2.461190476190000140e+02
4.665833333329999846e+02 2.473333333330000130e+02
2.008823529400000041e+01 2.486176470590000065e+02
7.938235294099999351e+01 2.480882352939999862e+02
5.866666666669999586e+02 2.483333333330000130e+02
1.521153846150000106e+02 2.488846153849999894e+02
4.252857142859999726e+02 2.491428571429999863e+02
4.503888888889999862e+02 2.505555555560000016e+02
4.807500000000000000e+02 2.501666666669999870e+02
5.427857142860000295e+02 2.507380952379999997e+02
3.231470588239999984e+02 2.515000000000000000e+02
1.104333333329999931e+02 2.519000000000000057e+02
1.266333333329999959e+02 2.519666666669999984e+02
2.840000000000000000e+02 2.522142857139999990e+02
4.953823529410000219e+02 2.519117647060000138e+02
3.631153846149999822e+02 2.528846153849999894e+02
4.478571428600000104e+01 2.540000000000000000e+02
3.050000000000000000e+02 2.550000000000000000e+02
5.709666666670000268e+02 2.553666666670000041e+02
1.947727272729999868e+02 2.563181818180000278e+02
3.472142857140000274e+02 2.560000000000000000e+02
2.524090909090000139e+02 2.574090909089999855e+02
3.875555555560000016e+02 2.595000000000000000e+02
2.270882352939999862e+02 2.603823529410000219e+02
1.642692307689999893e+02 2.616538461540000071e+02
4.230555555560000016e+02 2.616111111110000138e+02
3.777777777800000081e+01 2.623888888889999862e+02
4.724285714289999873e+02 2.620714285710000127e+02
1.150000000000000000e+01 2.632894736839999723e+02
1.845952380950000133e+02 2.639285714289999873e+02
4.116999999999999886e+02 2.633000000000000114e+02
5.598636363639999445e+02 2.625909090910000145e+02
5.805000000000000000e+02 2.631470588239999984e+02
6.261111111099999960e+01 2.657777777779999724e+02
1.133181818179999993e+02 2.653181818180000278e+02
4.598846153850000178e+02 2.648846153850000178e+02
5.179615384620000214e+02 2.651153846149999822e+02
8.425000000000000000e+01 2.659375000000000000e+02
2.020000000000000000e+02 2.667727272729999868e+02
4.451000000000000227e+02 2.668999999999999773e+02
1.442142857139999990e+02 2.680000000000000000e+02
2.973000000000000114e+02 2.675000000000000000e+02
2.752647058819999870e+02 2.699117647059999854e+02
3.101315789469999800e+02 2.692894736839999723e+02
3.292142857140000274e+02 2.690000000000000000e+02
3.910000000000000000e+02 2.685000000000000000e+02
4.879375000000000000e+02 2.692500000000000000e+02
5.069444444439999984e+02 2.693888888889999862e+02
9.591176470599999959e+01 2.703823529410000219e+02
5.360454545449999841e+02 2.718636363640000013e+02
6.400000000000000000e+01 2.736999999999999886e+02
3.760555555560000016e+02 2.738333333329999846e+02
2.415000000000000000e+02 2.750000000000000000e+02
1.737857142860000010e+02 2.770000000000000000e+02
2.258571428570000137e+02 2.774285714289999873e+02
3.521470588239999984e+02 2.785000000000000000e+02
5.746000000000000227e+02 2.784499999999999886e+02
1.240476190500000087e+01 2.799285714289999873e+02
1.322500000000000000e+02 2.788750000000000000e+02
1.500000000000000000e+02 2.803000000000000114e+02
4.350000000000000000e+02 2.810000000000000000e+02
5.471000000000000227e+02 2.811000000000000227e+02
2.858636363640000013e+02 2.814090909089999855e+02
2.730952381000000173e+01 2.834047619049999867e+02
4.075000000000000000e+02 2.845000000000000000e+02
4.700000000000000000e+01 2.847857142859999726e+02
2.578333333329999846e+02 2.858750000000000000e+02
3.628846153850000178e+02 2.848846153850000178e+02
2.067142857139999990e+02 2.858571428569999853e+02
8.500000000000000000e+01 2.867857142859999726e+02
3.160714285710000127e+02 2.875000000000000000e+02
4.927222222220000276e+02 2.870000000000000000e+02
4.741111111110000138e+02 2.887222222220000276e+02
1.035000000000000000e+02 2.888333333329999846e+02
2.735000000000000000e+02 2.880000000000000000e+02
3.836176470589999781e+02 2.889705882349999797e+02
5.910000000000000142e+01 2.911000000000000227e+02
1.242777777780000008e+02 2.910000000000000000e+02
4.546333333329999959e+02 2.908333333329999846e+02
1.542857142860000010e+02 2.921428571430000147e+02
1.875000000000000000e+02 2.920000000000000000e+02
4.190000000000000000e+02 2.935000000000000000e+02
5.555000000000000000e+02 2.943947368419999862e+02
5.837857142860000295e+02 2.950000000000000000e+02
3.001842105260000153e+02 2.963421052630000077e+02
5.269117647059999854e+02 2.966176470589999781e+02
1.695000000000000000e+02 2.981470588239999984e+02
3.434230769229999964e+02 2.978846153850000178e+02
2.133125000000000000e+02 2.996875000000000000e+02
3.292647058819999870e+02 2.992647058819999870e+02
4.207142857099999844e+01 3.005000000000000000e+02
7.613636363599999868e+01 3.004090909089999855e+02
2.360000000000000000e+02 3.007857142859999726e+02
3.586578947369999923e+02 3.018157894739999847e+02
1.375000000000000000e+02 3.036052631580000138e+02
1.934000000000000057e+02 3.045500000000000114e+02
3.220882352940000146e+02 3.043823529410000219e+02
5.055000000000000000e+02 3.040000000000000000e+02
3.998529411760000016e+02 3.055000000000000000e+02
1.087500000000000000e+01 3.069375000000000000e+02
2.602647058819999870e+02 3.077352941180000130e+02
2.762142857140000274e+02 3.070000000000000000e+02
4.581000000000000227e+02 3.081000000000000227e+02
5.303421052630000077e+02 3.083421052630000077e+02
5.718846153849999610e+02 3.078846153850000178e+02
9.300000000000000000e+01 3.092142857140000274e+02
3.792142857140000274e+02 3.090000000000000000e+02
4.410000000000000000e+02 3.092142857140000274e+02
4.796578947369999923e+02 3.116578947369999923e+02
1.576111111110000138e+02 3.127777777779999724e+02
1.190000000000000000e+02 3.140000000000000000e+02
1.758333333330000130e+02 3.130000000000000000e+02
3.605000000000000000e+02 3.135000000000000000e+02
4.120384615379999786e+02 3.126538461540000071e+02
6.811538461499999642e+01 3.148846153850000178e+02
2.877380952380000281e+02 3.151666666670000154e+02
2.404230769229999964e+02 3.158846153850000178e+02
5.529705882350000365e+02 3.161470588239999984e+02
3.366818181819999722e+02 3.173181818180000278e+02
4.277857142859999726e+02 3.170000000000000000e+02
5.411538461500000352e+01 3.178846153850000178e+02
3.903999999999999773e+02 3.180500000000000114e+02
3.151153846149999822e+02 3.191153846149999822e+02
4.960333333329999732e+02 3.193666666670000041e+02
5.872999999999999545e+02 3.191000000000000227e+02
5.139705882350000365e+02 3.211470588239999984e+02
8.239473684200000037e+01 3.220789473680000015e+02
4.650833333329999846e+02 3.217500000000000000e+02
2.533125000000000000e+02 3.231875000000000000e+02
3.475000000000000000e+01 3.242500000000000000e+02
2.200000000000000000e+02 3.235000000000000000e+02
2.717857142859999726e+02 3.240000000000000000e+02
3.250000000000000000e+00 3.252500000000000000e+02
1.753235294119999992e+02 3.266764705879999724e+02
3.770000000000000000e+02 3.280000000000000000e+02
4.864090909089999855e+02 3.278636363640000013e+02
1.077857142860000010e+02 3.290000000000000000e+02
1.965000000000000000e+02 3.291470588239999984e+02
5.691363636360000555e+02 3.285909090910000145e+02
3.485909090910000145e+02 3.305909090910000145e+02
1.310999999999999943e+02 3.311000000000000227e+02
2.280714285710000127e+02 3.315000000000000000e+02
4.428999999999999773e+02 3.308999999999999773e+02
1.425000000000000000e+02 3.325000000000000000e+02
4.978846153850000178e+02 3.321153846149999822e+02
5.341470588240000552e+02 3.325000000000000000e+02
2.993666666670000041e+02 3.329666666670000268e+02
4.132142857140000274e+02 3.350000000000000000e+02
5.520000000000000000e+02 3.362142857140000274e+02
7.216666666700000121e+01 3.367500000000000000e+02
1.671875000000000000e+02 3.376250000000000000e+02
2.121363636359999987e+02 3.365909090910000145e+02
2.503235294119999992e+02 3.383235294120000276e+02
5.744500000000000455e+02 3.386000000000000227e+02
3.216666666700000121e+01 3.401111111110000138e+02
3.249761904759999993e+02 3.408809523809999860e+02
8.400000000000000000e+01 3.415000000000000000e+02
7.500000000000000000e+00 3.425000000000000000e+02
4.788461538499999648e+01 3.421153846149999822e+02
3.565000000000000000e+02 3.420000000000000000e+02
2.756578947369999923e+02 3.433421052630000077e+02
3.950882352940000146e+02 3.453823529410000219e+02
4.298500000000000227e+02 3.469499999999999886e+02
4.631153846149999822e+02 3.462692307689999893e+02
5.210000000000000000e+02 3.470000000000000000e+02
1.457500000000000000e+02 3.478750000000000000e+02
9.861764705900000649e+01 3.500882352940000146e+02
1.890000000000000000e+02 3.500000000000000000e+02
3.338529411760000016e+02 3.500294117650000203e+02
3.710000000000000000e+02 3.502142857140000274e+02
4.399499999999999886e+02 3.504499999999999886e+02
4.820555555560000016e+02 3.506666666670000154e+02
5.535909090909999577e+02 3.501363636359999987e+02
2.254000000000000057e+02 3.514499999999999886e+02
4.975000000000000000e+02 3.520000000000000000e+02
6.333333333299999879e+01 3.545000000000000000e+02
1.270909090910000003e+02 3.551818181819999722e+02
2.558333333330000130e+02 3.544523809519999986e+02
4.038999999999999773e+02 3.541000000000000227e+02
2.778571428600000104e+01 3.561428571430000147e+02
2.075000000000000000e+02 3.560000000000000000e+02
5.151153846150000390e+02 3.557307692310000107e+02
5.686578947369999923e+02 3.566578947369999923e+02
3.714090909089999855e+02 3.575909090910000145e+02
5.375000000000000000e+02 3.567500000000000000e+02
1.631428571429999863e+02 3.587142857140000274e+02
2.917777777779999724e+02 3.587777777779999724e+02
2.818636363640000013e+02 3.585909090910000145e+02
3.182692307689999893e+02 3.588846153850000178e+02
4.357692307699999645e+01 3.622692307689999893e+02
7.754761904800000138e+01 3.636904761900000267e+02
1.895000000000000000e+02 3.636999999999999886e+02
4.243181818180000278e+02 3.656818181819999722e+02
4.612142857140000274e+02 3.661428571430000147e+02
2.383888888889999862e+02 3.676666666670000154e+02
3.924333333330000073e+02 3.671000000000000227e+02
2.106521739100000090e+01 3.695869565219999799e+02
1.381153846150000106e+02 3.701153846149999822e+02
5.513888888889999862e+02 3.707777777779999724e+02
1.146428571430000005e+02 3.716904761900000267e+02
4.988000000000000114e+02 3.716000000000000227e+02
6.088461538499999648e+01 3.717307692310000107e+02
1.547857142860000010e+02 3.721428571430000147e+02
1.828529411760000016e+02 3.725000000000000000e+02
2.255000000000000000e+02 3.715833333329999846e+02
3.826176470589999781e+02 3.720882352940000146e+02
4.791923076919999858e+02 3.725769230770000036e+02
9.211538461499999642e+01 3.728846153850000178e+02
5.293823529410000219e+02 3.729117647059999854e+02
3.435000000000000000e+02 3.740714285710000127e+02
5.871250000000000000e+02 3.755000000000000000e+02
3.923333333299999737e+01 3.768333333329999846e+02
7.345000000000000284e+01 3.763999999999999773e+02
4.103823529410000219e+02 3.759117647059999854e+02
4.483095238099999733e+02 3.764523809519999986e+02
2.613750000000000000e+02 3.798750000000000000e+02
5.702222222220000276e+02 3.803888888889999862e+02
2.023823529409999935e+02 3.809117647059999854e+02
2.897727272729999868e+02 3.820000000000000000e+02
3.226176470589999781e+02 3.819117647059999854e+02
3.078333333329999846e+02 3.844166666670000154e+02
1.605000000000000000e+02 3.860000000000000000e+02
4.572857142859999726e+02 3.861428571430000147e+02
5.191153846150000390e+02 3.858846153850000178e+02
1.171470588239999984e+02 3.875000000000000000e+02
3.470294117650000203e+02 3.873823529410000219e+02
3.620000000000000000e+02 3.872142857140000274e+02
5.000000000000000000e+02 3.870000000000000000e+02
3.867941176470000073e+02 3.896176470589999781e+02
4.851666666670000154e+02 3.891666666670000154e+02
1.351153846150000106e+02 3.898846153850000178e+02
5.827777777800000081e+01 3.910000000000000000e+02
4.058684210530000200e+02 3.912894736839999723e+02
3.038000000000000114e+02 3.936499999999999773e+02
2.095000000000000000e+02 3.943000000000000114e+02
4.331153846149999822e+02 3.938846153850000178e+02
5.537500000000000000e+02 3.942500000000000000e+02
2.561470588239999984e+02 3.955000000000000000e+02
5.390000000000000000e+02 3.947857142859999726e+02
2.793000000000000114e+02 3.965000000000000000e+02
8.277777778000000808e+00 3.980000000000000000e+02
8.770000000000000284e+01 3.980000000000000000e+02
1.733750000000000000e+02 3.976250000000000000e+02
2.342777777780000008e+02 3.990000000000000000e+02
1.556176470590000065e+02 4.000882352940000146e+02
2.395454545500000165e+01 4.011363636359999987e+02
1.013823529409999935e+02 4.009117647059999854e+02
4.691176470599999959e+01 4.026176470589999781e+02
1.910000000000000000e+02 4.020000000000000000e+02
5.130000000000000000e+02 4.013000000000000114e+02
4.547352941180000130e+02 4.034411764710000057e+02
3.595909090910000145e+02 4.044090909089999855e+02
4.725500000000000114e+02 4.043999999999999773e+02
1.231153846149999964e+02 4.048846153850000178e+02
2.391153846150000106e+02 4.051153846149999822e+02
4.036176470589999781e+02 4.049117647059999854e+02
4.270000000000000000e+02 4.055000000000000000e+02
5.680000000000000000e+02 4.047857142859999726e+02
3.811363636359999987e+02 4.065909090910000145e+02
1.370000000000000000e+02 4.082777777779999724e+02
3.478809523809999860e+02 4.082619047619999719e+02
3.242500000000000000e+02 4.102500000000000000e+02
8.900000000000000355e+00 4.108999999999999773e+02
9.134615384600000709e+01 4.116538461540000071e+02
2.007500000000000000e+02 4.108333333329999846e+02
2.843125000000000000e+02 4.111875000000000000e+02
3.032142857140000274e+02 4.110000000000000000e+02
5.194444444399999838e+01 4.123888888889999862e+02
5.315000000000000000e+02 4.120000000000000000e+02
2.638000000000000114e+02 4.136499999999999773e+02
3.726000000000000227e+02 4.135500000000000114e+02
1.846818181820000007e+02 4.143181818180000278e+02
4.922777777779999724e+02 4.150000000000000000e+02
7.525000000000000000e+01 4.161250000000000000e+02
5.377352941179999561e+02 4.167352941180000130e+02
1.623461538459999929e+02 4.180384615379999786e+02
1.791176470599999959e+01 4.196176470589999781e+02
2.153260869570000011e+02 4.195000000000000000e+02
4.103999999999999773e+02 4.208000000000000114e+02
4.370000000000000000e+02 4.197857142859999726e+02
5.865909090909999577e+02 4.198636363640000013e+02
1.513181818179999993e+02 4.213181818180000278e+02
5.670000000000000000e+02 4.216428571430000147e+02
3.202142857140000274e+02 4.228571428569999853e+02
4.614565217389999816e+02 4.238913043480000056e+02
3.881000000000000227e+02 4.233000000000000114e+02
3.862500000000000000e+01 4.243750000000000000e+02
2.392777777780000008e+02 4.250000000000000000e+02
5.085000000000000000e+02 4.252647058819999870e+02
2.510999999999999943e+02 4.271000000000000227e+02
2.051666666669999870e+02 4.273888888889999862e+02
1.112777777780000008e+02 4.290000000000000000e+02
2.885000000000000000e+02 4.282142857140000274e+02
6.366666666700000121e+01 4.306666666670000154e+02
1.355000000000000000e+02 4.315000000000000000e+02
2.626538461540000071e+02 4.310384615379999786e+02
3.458999999999999773e+02 4.311000000000000227e+02
9.300000000000000000e+01 4.325000000000000000e+02
4.815000000000000000e+02 4.331666666670000154e+02
3.615909090910000145e+02 4.348636363640000013e+02
4.248750000000000000e+02 4.352500000000000000e+02
5.571153846150000390e+02 4.351153846149999822e+02
5.723666666670000041e+02 4.348333333329999846e+02
1.883888888889999862e+02 4.358333333329999846e+02
4.989545454550000159e+02 4.358636363640000013e+02
5.301000000000000227e+02 4.364333333330000073e+02
2.300000000000000000e+02 4.370000000000000000e+02
2.795000000000000000e+02 4.360000000000000000e+02
3.232777777779999724e+02 4.375555555560000016e+02
3.855000000000000000e+02 4.365000000000000000e+02
2.121428571399999896e+01 4.390000000000000000e+02
1.682894736840000007e+02 4.415526315789999785e+02
4.318846153850000178e+02 4.411153846149999822e+02
4.605000000000000000e+02 4.405000000000000000e+02
3.555000000000000000e+02 4.415000000000000000e+02
3.775000000000000000e+02 4.430000000000000000e+02
5.107857142859999726e+02 4.440000000000000000e+02
4.700000000000000000e+01 4.447857142859999726e+02
2.152777777780000008e+02 4.450000000000000000e+02
4.486176470589999781e+02 4.447941176470000073e+02
4.785000000000000000e+02 4.455000000000000000e+02
1.175499999999999972e+02 4.467500000000000000e+02
1.488125000000000000e+02 4.463125000000000000e+02
2.960000000000000000e+02 4.470000000000000000e+02
3.980384615379999786e+02 4.466538461540000071e+02
2.750000000000000000e+02 4.477857142859999726e+02
8.765789473700000656e+01 4.496578947369999923e+02
2.559000000000000057e+02 4.491000000000000227e+02
3.361363636359999987e+02 4.498636363640000013e+02
7.605263157999999635e+00 4.509210526319999985e+02
6.160000000000000142e+01 4.515500000000000114e+02
2.448571428570000137e+02 4.517142857140000274e+02
3.665384615400000001e+01 4.520384615379999786e+02
5.011000000000000227e+02 4.521000000000000227e+02
3.113000000000000114e+02 4.530000000000000000e+02
4.155555555560000016e+02 4.537222222220000276e+02
5.692619047619999719e+02 4.541190476190000140e+02
1.861250000000000000e+02 4.549375000000000000e+02
5.850882352940000146e+02 4.556176470589999781e+02
1.305000000000000000e+02 4.565000000000000000e+02
4.637105263160000277e+02 4.565000000000000000e+02
5.430000000000000000e+02 4.560000000000000000e+02
1.670000000000000000e+02 4.580000000000000000e+02
3.633181818180000278e+02 4.583181818180000278e+02
5.204500000000000455e+02 4.613999999999999773e+02
3.963500000000000227e+02 4.631999999999999886e+02
1.022857142860000010e+02 4.637142857140000274e+02
4.872777777779999724e+02 4.640000000000000000e+02
5.552647058820000439e+02 4.647941176470000073e+02
7.925000000000000000e+01 4.651666666670000154e+02
2.811666666670000154e+02 4.647500000000000000e+02
3.481153846149999822e+02 4.658846153850000178e+02
4.401000000000000227e+02 4.658999999999999773e+02
1.460000000000000000e+02 4.665000000000000000e+02
2.577500000000000000e+02 4.675625000000000000e+02
3.159615384620000214e+02 4.673461538459999929e+02
3.775000000000000000e+02 4.673000000000000114e+02
1.231153846149999964e+02 4.678846153850000178e+02
2.150000000000000000e+02 4.685000000000000000e+02
2.292142857139999990e+02 4.680000000000000000e+02
2.987222222220000276e+02 4.684444444439999984e+02
4.218846153850000178e+02 4.678846153850000178e+02
4.942307692300000355e+01 4.688076923080000142e+02
5.058846153850000178e+02 4.711153846149999822e+02
5.687352941179999561e+02 4.715000000000000000e+02
2.000000000000000000e+01 4.722142857140000274e+02
1.870454545450000126e+02 4.716818181819999722e+02
2.000000000000000000e+00 4.750000000000000000e+02
6.434615384600000709e+01 4.740384615379999786e+02
1.382222222219999992e+02 4.793888888889999862e+02
2.304166666669999870e+02 4.791666666670000154e+02
5.444375000000000000e+02 4.796250000000000000e+02
1.012647058820000012e+02 4.802647058819999870e+02
4.957857142859999726e+02 4.800000000000000000e+02
1.578846153849999894e+02 4.811153846149999822e+02
3.450000000000000000e+02 4.812777777779999724e+02
5.220000000000000000e+02 4.815000000000000000e+02
1.753823529409999935e+02 4.830882352940000146e+02
3.628333333329999846e+02 4.826111111110000138e+02
4.530000000000000000e+02 4.825000000000000000e+02
4.717105263160000277e+02 4.838684210530000200e+02
2.065000000000000000e+02 4.850000000000000000e+02
4.015000000000000000e+02 4.857105263160000277e+02
3.807857142859999726e+02 4.870000000000000000e+02
2.507857142860000010e+02 4.890000000000000000e+02
5.648809523810000428e+02 4.897380952380000281e+02
5.200000000000000000e+01 4.902142857140000274e+02
8.000000000000000000e+01 4.902142857140000274e+02
2.738529411760000016e+02 4.899705882349999797e+02
5.836176470589999781e+02 4.902058823529999927e+02
3.035000000000000000e+02 4.932647058819999870e+02
3.231470588239999984e+02 4.935000000000000000e+02
4.390333333329999732e+02 4.933666666670000041e+02
1.860000000000000000e+02 4.942142857140000274e+02
4.820000000000000000e+02 4.940000000000000000e+02
3.550000000000000000e+01 4.950000000000000000e+02
1.538846153849999894e+02 4.958846153850000178e+02
2.191666666669999870e+02 4.964166666670000154e+02
3.646111111110000138e+02 4.953888888889999862e+02
3.977222222220000276e+02 4.965555555560000016e+02
3.473461538459999929e+02 4.969615384620000214e+02
1.195000000000000000e+02 4.985000000000000000e+02
1.643181818179999993e+02 4.979545454550000159e+02
2.598999999999999773e+02 4.985666666669999927e+02
4.621428571430000147e+02 4.987142857140000274e+02
1.370000000000000000e+02 4.995000000000000000e+02
3.770294117650000203e+02 4.998529411760000016e+02
5.213461538459999929e+02 5.000384615379999786e+02
5.623666666670000041e+02 5.000333333329999732e+02
7.183333333299999879e+01 5.012500000000000000e+02
2.377727272729999868e+02 5.011363636359999987e+02
4.227500000000000000e+02 5.014375000000000000e+02
5.350000000000000000e+02 5.006999999999999886e+02
1.300000000000000000e+01 5.025000000000000000e+02
8.761764705900000649e+01 5.022058823529999927e+02
5.070000000000000000e+02 5.022142857140000274e+02
1.112894736840000007e+02 5.038684210530000200e+02
2.751153846149999822e+02 5.028846153850000178e+02
3.170000000000000000e+02 5.050000000000000000e+02
5.855000000000000000e+02 5.062894736839999723e+02
4.300000000000000000e+01 5.073000000000000114e+02
2.077500000000000000e+02 5.081250000000000000e+02
4.797857142859999726e+02 5.080000000000000000e+02
1.555000000000000000e+02 5.107916666670000154e+02
2.958636363640000013e+02 5.094090909089999855e+02
4.955000000000000000e+02 5.110000000000000000e+02
1.760000000000000000e+02 5.120000000000000000e+02
2.276999999999999886e+02 5.125000000000000000e+02
5.096111111110000138e+02 5.145555555559999448e+02
5.602142857139999705e+02 5.160000000000000000e+02
1.919000000000000057e+02 5.178999999999999773e+02
3.316818181819999722e+02 5.176818181820000291e+02
3.480000000000000000e+02 5.182777777779999724e+02
3.801999999999999886e+02 5.176000000000000227e+02
4.501153846149999822e+02 5.177307692309999538e+02
2.434615384599999999e+01 5.190384615379999786e+02
6.238235294100000061e+01 5.199117647059999854e+02
4.002777777779999724e+02 5.205555555559999448e+02
4.343461538459999929e+02 5.199615384620000214e+02
5.331363636360000555e+02 5.194090909090000423e+02
1.309000000000000057e+02 5.234333333329999505e+02
2.651153846149999822e+02 5.238846153849999610e+02
4.613421052630000077e+02 5.243421052630000077e+02
3.099210526319999985e+02 5.263947368420000430e+02
4.852222222220000276e+02 5.276111111110000138e+02
9.428947368400000073e+01 5.288684210530000200e+02
1.116111111109999996e+02 5.287777777779999724e+02
2.410000000000000000e+02 5.285000000000000000e+02
2.742619047619999719e+02 5.288809523810000428e+02
3.672777777779999724e+02 5.280000000000000000e+02
5.565000000000000000e+02 5.280000000000000000e+02
1.725909090909999861e+02 5.311363636360000555e+02
4.370000000000000000e+02 5.325000000000000000e+02
5.757500000000000000e+02 5.327500000000000000e+02
4.725000000000000000e+01 5.328750000000000000e+02
2.156818181820000007e+02 5.333181818179999709e+02
4.235000000000000000e+02 5.331470588240000552e+02
1.338888888900000040e+01 5.352222222220000276e+02
3.226190476200000035e+01 5.355476190480000014e+02
5.115000000000000000e+02 5.347000000000000455e+02
4.948750000000000000e+02 5.360625000000000000e+02
1.917105263159999993e+02 5.375000000000000000e+02
1.437142857139999990e+02 5.382857142860000295e+02
3.497857142859999726e+02 5.380000000000000000e+02
4.062692307689999893e+02 5.383461538459999929e+02
2.960384615379999786e+02 5.393461538459999929e+02
5.330000000000000000e+02 5.410000000000000000e+02
9.850000000000000000e+01 5.418333333330000414e+02
3.886333333329999959e+02 5.420333333329999732e+02
7.538235294099999351e+01 5.429117647059999854e+02
2.281666666669999870e+02 5.431666666669999586e+02
3.319117647059999854e+02 5.446176470589999781e+02
5.638888888900000040e+01 5.451666666669999586e+02
2.076333333329999959e+02 5.450333333329999732e+02
3.062500000000000000e+02 5.460833333330000414e+02
1.300263157889999945e+02 5.481315789469999800e+02
2.665714285710000127e+02 5.468571428569999853e+02
4.251153846149999822e+02 5.478846153849999610e+02
2.505000000000000000e+02 5.497105263160000277e+02
4.462142857140000274e+02 5.490000000000000000e+02
4.658888888889999862e+02 5.507222222220000276e+02
5.291666666669999586e+02 5.502500000000000000e+02
3.710000000000000000e+02 5.515000000000000000e+02
5.526818181820000291e+02 5.522272727270000132e+02
3.200000000000000000e+01 5.520000000000000000e+02
5.639285714290000442e+02 5.537380952380000281e+02
4.142857142999999631e+00 5.542857142860000295e+02
1.656333333329999959e+02 5.550333333329999732e+02
5.076818181819999722e+02 5.553181818179999709e+02
2.258846153849999894e+02 5.567307692309999538e+02
3.578571428569999853e+02 5.577142857139999705e+02
4.000000000000000000e+02 5.577727272729999868e+02
8.143333333299999310e+01 5.581000000000000227e+02
2.957500000000000000e+02 5.581250000000000000e+02
1.169285714290000016e+02 5.597142857139999705e+02
4.923999999999999773e+02 5.592000000000000455e+02
2.791000000000000227e+02 5.598999999999999773e+02
3.400000000000000000e+02 5.602142857139999705e+02
4.700000000000000000e+01 5.607000000000000455e+02
1.382142857139999990e+02 5.610714285709999558e+02
