9.312500000000000000e+00 1.812500000000000000e+00
2.844117647099999857e+01 1.735294118000000108e+00
1.051153846149999964e+02 1.346153845999999987e+00
2.493333333330000130e+02 1.333333332999999898e+00
2.890000000000000000e+02 5.000000000000000000e-01
4.300000000000000000e+02 1.500000000000000000e+00
5.705000000000000000e+02 8.750000000000000000e-01
1.815000000000000000e+02 3.500000000000000000e+00
4.045000000000000000e+02 2.833333333000000120e+00
4.655000000000000000e+02 2.700000000000000178e+00
5.012894736839999723e+02 4.552631578999999817e+00
1.974411764710000057e+02 4.735294117999999663e+00
2.821666666670000154e+02 5.166666667000000324e+00
3.152142857140000274e+02 5.000000000000000000e+00
3.753000000000000114e+02 6.000000000000000000e+00
4.890000000000000000e+02 4.785714286000000151e+00
2.225000000000000000e+02 5.700000000000000178e+00
3.335000000000000000e+02 6.710526316000000158e+00
3.475000000000000000e+02 6.852941175999999857e+00
5.890789473679999446e+02 6.394736842000000365e+00
5.610000000000000000e+02 7.000000000000000000e+00
2.605000000000000000e+02 8.000000000000000000e+00
5.513636363599999868e+01 8.590909091000000330e+00
1.532222222219999992e+02 9.388888889000000404e+00
1.095499999999999972e+02 1.040000000000000036e+01
5.217857142860000295e+02 1.000000000000000000e+01
7.700000000000000000e+01 1.200000000000000000e+01
5.440000000000000000e+02 1.250000000000000000e+01
2.120625000000000000e+02 1.475000000000000000e+01
1.351315789470000084e+02 1.550000000000000000e+01
1.780000000000000000e+02 1.500000000000000000e+01
4.206578947369999923e+02 1.534210526300000055e+01
9.536666666700000405e+01 1.603333333300000163e+01
4.413421052630000077e+02 1.665789473699999945e+01
4.608636363640000013e+02 1.559090909100000033e+01
3.901666666670000154e+02 1.825000000000000000e+01
2.321250000000000000e+02 1.925000000000000000e+01
3.556904761900000267e+02 1.940476190500000087e+01
5.197857142860000295e+02 1.900000000000000000e+01
3.046000000000000227e+02 2.144999999999999929e+01
1.653666666670000041e+02 2.203333333300000163e+01
3.245000000000000000e+02 2.214705882399999837e+01
5.714705882399999837e+01 2.297058823500000102e+01
1.272222222219999992e+02 2.561111111099999960e+01
5.651000000000000227e+02 2.510000000000000142e+01
4.763421052630000077e+02 2.618421052600000110e+01
4.973333333329999846e+02 2.650000000000000000e+01
5.815000000000000000e+02 2.750000000000000000e+01
3.782500000000000000e+02 2.812500000000000000e+01
4.101923076919999858e+02 2.842307692299999999e+01
7.509999999999999432e+01 2.985000000000000142e+01
3.875000000000000000e+02 2.850000000000000000e+01
1.850000000000000000e+01 2.983333333299999879e+01
2.715000000000000000e+02 3.050000000000000000e+01
1.860000000000000000e+02 3.250000000000000000e+01
7.611111110999999596e+00 3.394444444399999838e+01
4.295000000000000000e+02 3.314705882399999837e+01
4.532777777779999724e+02 3.300000000000000000e+01
5.560714285709999558e+02 3.350000000000000000e+01
4.450000000000000000e+01 3.350000000000000000e+01
2.045000000000000000e+02 3.400000000000000000e+01
2.908846153850000178e+02 3.411538461500000352e+01
5.332142857139999705e+02 3.400000000000000000e+01
1.021666666670000012e+02 3.525000000000000000e+01
3.680714285710000127e+02 3.528571428600000104e+01
5.017105263160000277e+02 3.513157894700000128e+01
3.111000000000000227e+02 3.589999999999999858e+01
2.561363636359999987e+02 3.659090909100000033e+01
1.410000000000000000e+02 3.850000000000000000e+01
2.224090909090000139e+02 3.786363636400000132e+01
9.050000000000000000e+01 3.983333333299999879e+01
2.425909090909999861e+02 3.986363636400000132e+01
3.805000000000000000e+02 4.000000000000000000e+01
1.144500000000000028e+02 4.139999999999999858e+01
1.626333333329999959e+02 4.103333333300000163e+01
3.005000000000000000e+02 4.285294117600000163e+01
3.361000000000000227e+02 4.210000000000000142e+01
5.239375000000000000e+02 4.225000000000000000e+01
6.521428571399999896e+01 4.285714285699999948e+01
4.090000000000000000e+02 4.350000000000000000e+01
2.723421052630000077e+02 4.565789473699999945e+01
3.707352941180000130e+02 4.626470588200000122e+01
5.799117647059999854e+02 4.638235294100000061e+01
2.185714285699999948e+01 4.771428571399999896e+01
3.767647058800000082e+01 4.767647058800000082e+01
3.570000000000000000e+02 4.850000000000000000e+01
4.792777777779999724e+02 4.800000000000000000e+01
3.308333333329999846e+02 4.938888888900000040e+01
1.166666667000000102e+00 5.105555555600000162e+01
2.000882352939999862e+02 5.138235294100000061e+01
2.241190476190000140e+02 5.197619047599999931e+01
4.920000000000000000e+02 5.078571428600000104e+01
4.133421052630000077e+02 5.334210526300000055e+01
1.372619047620000003e+02 5.488095238100000017e+01
5.399615384620000214e+02 5.365384615400000001e+01
5.160000000000000000e+02 5.500000000000000000e+01
3.137500000000000000e+02 5.616666666700000121e+01
3.977857142859999726e+02 5.600000000000000000e+01
1.037000000000000028e+02 5.650000000000000000e+01
2.913333333329999846e+02 5.844444444399999838e+01
4.425000000000000000e+02 5.833333333299999879e+01
1.894000000000000057e+02 5.945000000000000284e+01
4.601875000000000000e+02 5.962500000000000000e+01
3.401666666670000154e+02 5.975000000000000000e+01
5.293421052630000077e+02 6.134210526300000055e+01
1.610000000000000000e+02 6.178571428600000104e+01
5.704444444440000552e+02 6.261111111099999960e+01
6.386842105299999872e+01 6.376315789499999909e+01
2.422777777780000008e+02 6.300000000000000000e+01
2.617777777779999724e+02 6.338888888900000040e+01
3.820000000000000000e+02 6.300000000000000000e+01
4.322222222199999919e+01 6.538888888900000040e+01
4.276111111110000138e+02 6.577777777800000081e+01
9.138235294099999351e+01 6.608823529400000041e+01
1.223181818179999993e+02 6.668181818200000066e+01
4.782142857140000274e+02 6.650000000000000000e+01
5.497500000000000000e+02 6.725000000000000000e+01
5.831666666669999586e+02 6.675000000000000000e+01
2.146428571429999863e+02 6.921428571399999896e+01
4.475000000000000000e+02 6.850000000000000000e+01
2.033333333299999879e+01 7.050000000000000000e+01
3.127857142859999726e+02 7.000000000000000000e+01
5.006333333329999959e+02 7.003333333300000163e+01
2.740384615379999786e+02 7.065384615399999291e+01
1.450000000000000000e+02 7.378571428600000104e+01
2.028888888889999862e+02 7.505555555600000162e+01
2.959166666670000154e+02 7.441666666700000121e+01
4.005000000000000000e+02 7.383333333299999879e+01
3.521666666670000154e+02 7.583333333299999879e+01
5.701153846150000390e+02 7.488461538500000358e+01
1.055882352899999965e+01 7.667647058800000082e+01
8.026923076900000353e+01 7.573076923099999647e+01
1.071363636359999987e+02 7.540909090899999967e+01
4.632142857140000274e+02 7.600000000000000000e+01
1.731666666669999870e+02 7.788888888900000040e+01
2.855526315789999785e+02 7.834210526299999344e+01
5.881250000000000000e+01 7.931250000000000000e+01
2.261428571429999863e+02 7.928571428600000104e+01
3.332777777779999724e+02 8.000000000000000000e+01
5.106764705879999724e+02 8.044117647100000568e+01
3.690000000000000000e+02 8.177272727300000099e+01
1.293333333330000130e+02 8.250000000000000000e+01
2.571363636359999987e+02 8.281818181799999934e+01
4.180882352940000146e+02 8.261764705900000649e+01
8.913157894699999417e+01 8.371052631599999927e+01
5.521666666669999586e+02 8.323333333300000447e+01
1.580000000000000000e+02 8.478571428600000104e+01
5.340000000000000000e+02 8.478571428600000104e+01
3.450000000000000000e+01 8.750000000000000000e+01
2.358333333330000130e+02 8.583333333299999879e+01
3.906578947369999923e+02 8.765789473700000656e+01
4.825000000000000000e+02 8.900000000000000000e+01
3.100000000000000000e+02 9.000000000000000000e+01
5.035666666669999927e+02 9.009999999999999432e+01
2.153421052630000077e+02 9.265789473700000656e+01
1.110000000000000000e+02 9.350000000000000000e+01
4.273999999999999773e+02 9.354999999999999716e+01
1.712142857139999990e+02 9.400000000000000000e+01
2.971190476190000140e+02 9.426190476200000035e+01
4.531428571430000147e+02 9.378571428600000104e+01
5.303571428569999853e+02 9.442857142900000156e+01
7.470000000000000284e+01 9.500000000000000000e+01
1.930999999999999943e+02 9.509999999999999432e+01
5.911538461500000352e+01 9.726923076900000353e+01
5.867500000000000000e+02 9.725000000000000000e+01
4.310000000000000142e+01 9.790000000000000568e+01
1.261666666670000012e+02 9.841666666700000121e+01
5.748888888889999862e+02 9.816666666700000121e+01
2.333823529409999935e+02 1.000882352940000004e+02
1.488846153849999894e+02 1.011153846149999964e+02
3.712647058819999870e+02 1.017352941179999988e+02
4.690000000000000000e+02 1.005000000000000000e+02
3.313888888889999862e+02 1.027777777780000008e+02
4.092142857140000274e+02 1.031428571430000005e+02
7.382352940999999724e+00 1.049117647059999996e+02
2.711250000000000000e+02 1.057500000000000000e+02
4.591153846149999822e+02 1.071153846149999964e+02
4.870882352940000146e+02 1.076176470590000065e+02
5.406818181820000291e+02 1.076818181820000007e+02
2.506250000000000000e+02 1.076250000000000000e+02
8.938235294099999351e+01 1.089117647059999996e+02
3.116176470589999781e+02 1.089117647059999996e+02
3.511666666670000154e+02 1.091111111109999996e+02
3.238888888900000040e+01 1.113888888890000004e+02
1.008076923080000000e+02 1.113461538460000071e+02
7.700000000000000000e+01 1.125000000000000000e+02
5.205000000000000000e+02 1.120000000000000000e+02
3.920000000000000000e+02 1.127857142860000010e+02
4.767941176470000073e+02 1.136176470590000065e+02
1.268846153850000036e+02 1.141153846149999964e+02
2.111153846150000106e+02 1.138846153850000036e+02
1.648333333330000130e+02 1.147500000000000000e+02
1.896538461540000071e+02 1.152692307690000035e+02
2.644473684210000215e+02 1.162894736840000007e+02
4.251000000000000227e+02 1.160999999999999943e+02
2.262142857139999990e+02 1.170000000000000000e+02
5.680000000000000000e+02 1.170000000000000000e+02
3.347307692310000107e+02 1.203461538460000071e+02
4.089666666670000268e+02 1.206333333329999959e+02
1.434000000000000057e+02 1.214500000000000028e+02
4.457857142859999726e+02 1.205000000000000000e+02
2.883823529410000219e+02 1.230882352940000004e+02
2.440000000000000000e+02 1.232999999999999972e+02
5.377857142860000295e+02 1.240000000000000000e+02
5.875769230769999467e+02 1.241923076920000000e+02
3.219285714289999873e+02 1.252857142860000010e+02
5.047500000000000000e+02 1.252500000000000000e+02
5.490833333330000414e+02 1.247500000000000000e+02
1.321428571400000074e+01 1.260000000000000000e+02
1.621999999999999886e+02 1.265999999999999943e+02
1.740400410679999936e+02 1.471221765909999988e+02
4.800000000000000000e+01 1.292142857139999990e+02
4.301000000000000227e+02 1.289000000000000057e+02
8.662500000000000000e+01 1.296250000000000000e+02
3.558333333329999846e+02 1.305000000000000000e+02
4.692142857140000274e+02 1.300000000000000000e+02
5.253421052630000077e+02 1.326578947369999923e+02
7.375000000000000000e+01 1.331666666669999870e+02
3.921000000000000227e+02 1.329000000000000057e+02
4.490333333329999732e+02 1.336333333329999959e+02
3.768636363640000013e+02 1.340454545450000126e+02
5.747000000000000455e+02 1.335000000000000000e+02
2.271428571399999896e+01 1.348571428570000137e+02
2.395000000000000000e+02 1.360000000000000000e+02
1.088809523810000002e+02 1.377380952379999997e+02
2.084090909090000139e+02 1.374090909090000139e+02
4.847500000000000000e+02 1.371666666669999870e+02
1.253666666670000041e+02 1.390333333330000016e+02
2.800000000000000000e+02 1.390000000000000000e+02
5.068999999999999773e+02 1.390999999999999943e+02
2.999615384620000214e+02 1.413461538459999929e+02
3.376111111110000138e+02 1.427777777780000008e+02
2.552500000000000000e+02 1.428750000000000000e+02
3.612500000000000000e+01 1.442500000000000000e+02
6.558823528999999652e+00 1.458529411760000016e+02
4.954999999999999716e+01 1.459499999999999886e+02
1.495000000000000000e+02 1.460000000000000000e+02
2.011923076920000142e+02 1.464230769229999964e+02
5.443125000000000000e+02 1.463750000000000000e+02
1.770000000000000000e+02 1.470000000000000000e+02
3.580000000000000000e+02 1.470000000000000000e+02
5.839615384620000214e+02 1.476538461540000071e+02
4.117105263160000277e+02 1.492368421049999938e+02
5.621153846150000390e+02 1.492692307689999893e+02
3.150000000000000000e+02 1.510000000000000000e+02
3.407380952380000281e+02 1.531190476190000140e+02
2.082142857139999990e+02 1.530000000000000000e+02
4.268333333329999846e+02 1.523888888889999862e+02
4.545000000000000000e+02 1.538529411760000016e+02
5.718750000000000000e+02 1.550416666669999870e+02
1.260000000000000000e+02 1.550000000000000000e+02
1.376538461540000071e+02 1.559615384619999929e+02
2.245000000000000000e+02 1.575000000000000000e+02
2.585000000000000000e+02 1.571470588239999984e+02
4.405000000000000000e+02 1.570000000000000000e+02
3.940882352940000146e+02 1.583823529409999935e+02
4.994090909089999855e+02 1.585909090909999861e+02
5.226875000000000000e+02 1.578750000000000000e+02
5.432857142860000295e+02 1.581428571429999863e+02
6.300000000000000000e+01 1.590000000000000000e+02
8.544736842099999308e+01 1.592894736840000007e+02
2.471315789470000084e+02 1.589736842110000055e+02
1.885909090909999861e+02 1.605909090909999861e+02
4.752222222220000276e+02 1.603888888889999862e+02
2.852941175999999857e+00 1.615588235289999943e+02
2.866578947369999923e+02 1.613421052630000077e+02
2.550000000000000000e+01 1.632894736840000007e+02
1.048913043480000056e+02 1.632826086960000112e+02
2.124090909090000139e+02 1.638636363640000013e+02
5.182058823529999927e+02 1.647941176470000073e+02
1.027777777800000081e+01 1.654444444439999984e+02
3.245000000000000000e+02 1.649285714289999873e+02
4.711538461500000352e+01 1.661153846150000106e+02
2.765000000000000000e+02 1.657857142860000010e+02
3.560000000000000000e+02 1.662142857139999990e+02
2.905000000000000000e+02 1.670000000000000000e+02
3.087631578950000062e+02 1.688684210529999916e+02
3.733461538459999929e+02 1.679615384619999929e+02
7.150000000000000000e+01 1.695000000000000000e+02
2.443095238100000017e+02 1.704523809519999986e+02
4.101666666670000154e+02 1.693888888889999862e+02
5.598999999999999773e+02 1.710999999999999943e+02
5.869117647059999854e+02 1.743823529409999935e+02
4.602142857140000274e+02 1.750000000000000000e+02
1.259285714290000016e+02 1.765000000000000000e+02
4.345000000000000000e+02 1.765000000000000000e+02
5.438888888889999862e+02 1.761666666669999870e+02
9.214285714000000738e+00 1.770000000000000000e+02
8.650000000000000000e+01 1.771470588239999984e+02
3.735000000000000000e+02 1.768333333330000130e+02
1.015000000000000000e+02 1.785000000000000000e+02
1.982500000000000000e+02 1.787500000000000000e+02
4.780000000000000000e+02 1.785000000000000000e+02
2.234333333330000073e+02 1.799000000000000057e+02
5.054499999999999886e+02 1.804000000000000057e+02
2.811250000000000000e+02 1.817500000000000000e+02
3.361999999999999886e+02 1.808000000000000114e+02
3.963999999999999773e+02 1.815500000000000114e+02
2.150000000000000000e+01 1.825000000000000000e+02
3.530000000000000000e+02 1.832777777780000008e+02
4.525000000000000000e+02 1.835000000000000000e+02
1.750000000000000000e+02 1.842777777780000008e+02
4.639285714289999873e+02 1.855714285710000127e+02
5.020000000000000284e+01 1.864000000000000057e+02
1.457500000000000000e+02 1.880000000000000000e+02
4.829375000000000000e+02 1.871250000000000000e+02
2.999117647059999854e+02 1.883823529409999935e+02
3.168571428569999853e+02 1.887142857139999990e+02
4.143181818180000278e+02 1.883181818179999993e+02
5.742777777779999724e+02 1.880000000000000000e+02
1.189117647059999996e+02 1.896176470590000065e+02
2.543823529409999935e+02 1.889117647060000138e+02
2.846000000000000085e+01 1.909000000000000057e+02
1.200000000000000000e+01 1.940000000000000000e+02
5.213888888889999862e+02 1.942222222219999992e+02
2.780000000000000000e+02 1.950000000000000000e+02
4.315000000000000000e+02 1.950000000000000000e+02
5.525000000000000000e+02 1.955000000000000000e+02
1.310000000000000000e+02 1.962142857139999990e+02
1.844090909090000139e+02 1.958636363640000013e+02
1.092857142860000010e+02 1.969285714289999873e+02
2.849666666670000268e+02 1.973666666670000041e+02
3.320217391300000145e+02 1.981086956519999944e+02
3.730000000000000000e+02 1.980000000000000000e+02
7.500000000000000000e+00 1.997105263159999993e+02
8.226470588200000122e+01 1.995000000000000000e+02
3.958333333329999846e+02 1.992500000000000000e+02
2.114499999999999886e+02 2.005999999999999943e+02
1.750000000000000000e+02 2.010000000000000000e+02
4.490000000000000000e+02 2.010000000000000000e+02
4.706904761900000267e+02 2.026428571429999863e+02
1.475000000000000000e+02 2.031250000000000000e+02
2.218636363640000013e+02 2.025909090909999861e+02
3.575000000000000000e+02 2.030000000000000000e+02
5.336250000000000000e+02 2.058125000000000000e+02
5.808823529400000041e+01 2.066176470590000065e+02
5.037500000000000000e+02 2.059375000000000000e+02
4.350000000000000000e+01 2.090000000000000000e+02
2.431153846150000106e+02 2.101153846150000106e+02
5.699375000000000000e+02 2.101250000000000000e+02
4.747105263160000277e+02 2.114473684209999931e+02
1.880000000000000000e+02 2.120000000000000000e+02
2.650555555560000016e+02 2.136111111110000138e+02
5.221153846150000390e+02 2.128846153849999894e+02
8.600000000000000000e+01 2.142142857139999990e+02
1.375000000000000000e+02 2.140000000000000000e+02
3.006052631580000138e+02 2.140789473680000015e+02
3.232500000000000000e+02 2.141250000000000000e+02
3.006521739100000090e+01 2.155869565220000084e+02
1.540999999999999943e+02 2.159000000000000057e+02
2.785000000000000000e+02 2.161190476190000140e+02
4.116499999999999773e+02 2.168000000000000114e+02
4.551000000000000227e+02 2.160999999999999943e+02
3.455000000000000000e+02 2.175000000000000000e+02
3.823888888889999862e+02 2.168333333330000130e+02
7.462500000000000000e+01 2.173750000000000000e+02
4.299666666670000268e+02 2.183666666670000041e+02
5.066666666670000154e+02 2.185833333330000130e+02
3.750000000000000000e+00 2.198333333330000130e+02
1.190000000000000000e+02 2.202142857139999990e+02
3.691666666670000154e+02 2.208888888889999862e+02
1.813095238100000017e+02 2.224523809519999986e+02
2.861542056069999944e+02 2.259953271029999939e+02
5.500000000000000000e+02 2.215000000000000000e+02
9.465789473700000656e+01 2.233421052630000077e+02
2.090000000000000000e+02 2.226999999999999886e+02
2.281666666669999870e+02 2.227500000000000000e+02
4.045000000000000000e+02 2.252142857139999990e+02
5.875666666670000495e+02 2.270999999999999943e+02
2.437500000000000000e+01 2.288125000000000000e+02
2.476500000000000057e+02 2.287500000000000000e+02
3.907608695650000072e+02 2.285434782609999900e+02
4.465000000000000000e+02 2.275000000000000000e+02
5.318684210530000200e+02 2.282894736840000007e+02
5.466666666700000121e+01 2.295000000000000000e+02
1.293888888889999862e+02 2.292222222219999992e+02
1.415869565220000084e+02 2.307173913039999888e+02
3.250000000000000000e+02 2.302777777780000008e+02
1.661666666669999870e+02 2.319666666669999984e+02
5.138636363639999445e+02 2.314090909090000139e+02
1.919705882350000081e+02 2.338529411760000016e+02
4.629705882349999797e+02 2.338529411760000016e+02
5.682142857139999705e+02 2.338809523809999860e+02
4.195555555560000016e+02 2.347222222219999992e+02
2.616578947369999923e+02 2.356578947369999923e+02
4.883421052630000077e+02 2.356578947369999923e+02
7.700000000000000000e+01 2.360000000000000000e+02
2.202222222219999992e+02 2.363888888889999862e+02
3.052142857140000274e+02 2.360000000000000000e+02
4.255263157899999982e+01 2.383421052630000077e+02
3.621153846149999822e+02 2.391153846150000106e+02
1.013157894699999950e+01 2.407105263159999993e+02
6.564285714300000052e+01 2.425714285710000127e+02
2.924545454550000159e+02 2.438181818179999993e+02
9.821428571399999896e+01 2.440000000000000000e+02
3.500000000000000000e+02 2.435000000000000000e+02
5.122142857139999705e+02 2.440000000000000000e+02
4.036052631580000138e+02 2.450789473680000015e+02
5.287500000000000000e+02 2.451250000000000000e+02
5.517941176470000073e+02 2.466176470590000065e+02
2.150000000000000000e+02 2.472142857139999990e+02
3.842142857140000274e+02 2.470000000000000000e+02
4.747857142859999726e+02 2.470000000000000000e+02
2.044999999999999929e+01 2.484000000000000057e+02
1.512142857139999990e+02 2.480000000000000000e+02
1.752142857139999990e+02 2.480000000000000000e+02
2.356904761899999983e+02 2.483571428570000137e+02
1.138846153850000036e+02 2.491153846150000106e+02
2.730000000000000000e+02 2.490000000000000000e+02
4.479444444439999984e+02 2.493888888889999862e+02
4.827307692310000107e+02 2.493461538459999929e+02
1.335000000000000000e+02 2.500000000000000000e+02
5.881000000000000227e+02 2.509000000000000057e+02
3.615000000000000000e+02 2.515000000000000000e+02
4.350000000000000000e+02 2.522142857139999990e+02
3.325000000000000000e+02 2.530000000000000000e+02
1.915000000000000000e+02 2.546739130429999989e+02
5.053999999999999773e+02 2.565500000000000114e+02
9.138888888900000040e+01 2.572222222220000276e+02
3.867222222220000276e+02 2.574444444439999984e+02
4.936666666699999695e+01 2.580333333329999732e+02
5.710000000000000000e+02 2.595000000000000000e+02
3.013888888889999862e+02 2.607777777779999724e+02
2.883181818180000278e+02 2.613181818180000278e+02
4.151666666670000154e+02 2.632333333330000187e+02
3.541000000000000227e+02 2.638999999999999773e+02
5.468913043479999487e+02 2.657173913039999888e+02
1.265789473699999945e+01 2.666578947369999923e+02
1.433666666670000041e+02 2.660333333329999732e+02
1.680333333330000016e+02 2.666333333329999959e+02
2.291315789470000084e+02 2.660263157890000230e+02
4.345000000000000000e+02 2.671315789469999800e+02
5.218333333330000414e+02 2.674166666670000154e+02
2.570000000000000000e+02 2.686666666670000154e+02
4.483000000000000114e+02 2.678333333329999846e+02
1.243333333329999988e+02 2.695000000000000000e+02
2.104499999999999886e+02 2.706000000000000227e+02
3.212894736839999723e+02 2.708684210530000200e+02
4.640000000000000000e+02 2.702142857140000274e+02
1.250000000000000000e+00 2.715833333329999846e+02
1.049500000000000028e+02 2.713500000000000227e+02
5.853888888889999862e+02 2.717777777779999724e+02
5.020294117650000203e+02 2.728529411760000016e+02
5.649166666669999586e+02 2.722500000000000000e+02
4.710000000000000000e+02 2.730000000000000000e+02
4.961000000000000227e+02 2.731000000000000227e+02
3.180000000000000071e+01 2.743500000000000227e+02
6.054761904800000138e+01 2.743095238099999733e+02
3.781666666670000154e+02 2.736111111110000138e+02
7.838235294099999351e+01 2.749117647059999854e+02
3.390333333329999732e+02 2.756333333329999959e+02
2.713421052630000077e+02 2.763421052630000077e+02
4.010000000000000000e+02 2.770000000000000000e+02
1.875000000000000000e+02 2.785000000000000000e+02
5.336111111110000138e+02 2.778333333329999846e+02
1.531363636359999987e+02 2.800454545449999841e+02
3.023000000000000114e+02 2.795000000000000000e+02
2.301153846150000106e+02 2.812692307689999893e+02
2.428636363640000013e+02 2.812272727270000132e+02
5.766000000000000227e+02 2.824499999999999886e+02
1.309000000000000057e+02 2.831000000000000227e+02
4.093571428569999853e+02 2.840000000000000000e+02
2.905000000000000000e+02 2.855000000000000000e+02
4.389999999999999858e+01 2.871000000000000227e+02
6.688461538500000358e+01 2.867307692310000107e+02
1.135625000000000000e+02 2.877500000000000000e+02
1.730000000000000000e+02 2.872142857140000274e+02
3.120000000000000000e+02 2.872142857140000274e+02
3.518750000000000000e+02 2.877500000000000000e+02
4.950454545449999841e+02 2.874545454550000159e+02
7.549999999999999822e+00 2.888000000000000114e+02
2.743750000000000000e+02 2.873750000000000000e+02
2.627777777800000081e+01 2.890000000000000000e+02
3.853666666670000041e+02 2.895000000000000000e+02
5.478999999999999773e+02 2.888999999999999773e+02
1.887500000000000000e+02 2.911250000000000000e+02
2.602272727270000132e+02 2.913181818180000278e+02
3.682500000000000000e+02 2.911666666670000154e+02
4.395000000000000000e+02 2.920000000000000000e+02
4.780000000000000000e+02 2.927222222220000276e+02
9.423333333300000447e+01 2.944333333330000073e+02
6.150000000000000000e+01 2.970000000000000000e+02
1.248684210530000058e+02 2.977631578950000062e+02
2.067142857139999990e+02 2.971428571430000147e+02
2.980789473680000015e+02 2.973947368419999862e+02
5.905000000000000000e+02 2.965000000000000000e+02
1.510625000000000000e+02 2.987500000000000000e+02
4.208999999999999773e+02 2.978999999999999773e+02
4.535000000000000000e+02 2.983947368419999862e+02
5.254444444440000552e+02 3.002777777779999724e+02
1.650999999999999943e+02 3.018999999999999773e+02
2.390000000000000000e+02 3.030000000000000000e+02
3.336333333329999959e+02 3.030333333329999732e+02
5.571818181820000291e+02 3.036363636359999987e+02
7.778571428600000104e+01 3.040000000000000000e+02
2.177352941180000130e+02 3.055588235289999943e+02
3.609444444439999984e+02 3.062222222220000276e+02
4.420882352940000146e+02 3.053823529410000219e+02
5.117666666669999813e+02 3.058333333329999846e+02
2.770000000000000000e+02 3.065000000000000000e+02
9.609999999999999432e+01 3.068999999999999773e+02
5.792142857139999705e+02 3.070000000000000000e+02
3.978571428600000104e+01 3.090000000000000000e+02
4.041470588239999984e+02 3.090294117650000203e+02
1.526111111110000138e+02 3.102222222220000276e+02
1.977105263159999993e+02 3.115000000000000000e+02
2.560000000000000000e+02 3.117222222220000276e+02
3.817857142859999726e+02 3.120000000000000000e+02
4.783947368419999862e+02 3.125000000000000000e+02
3.465000000000000000e+02 3.130000000000000000e+02
4.660384615379999786e+02 3.148076923080000142e+02
2.002941176499999898e+01 3.158529411760000016e+02
1.829545454549999874e+02 3.158636363640000013e+02
2.975000000000000000e+02 3.165000000000000000e+02
3.193823529410000219e+02 3.160882352940000146e+02
3.610000000000000000e+02 3.170000000000000000e+02
5.478333333330000414e+02 3.165000000000000000e+02
4.354722222220000276e+02 3.193055555560000016e+02
5.015000000000000000e+02 3.170000000000000000e+02
1.676052631580000138e+02 3.200789473680000015e+02
2.439000000000000057e+02 3.201000000000000227e+02
5.611538461500000352e+01 3.211153846149999822e+02
9.261764705900000649e+01 3.209117647059999854e+02
2.665000000000000000e+02 3.220000000000000000e+02
5.186578947369999923e+02 3.226578947369999923e+02
5.353888888889999862e+02 3.229444444439999984e+02
1.173095238100000017e+02 3.233571428569999853e+02
4.181153846149999822e+02 3.228846153850000178e+02
5.761000000000000227e+02 3.244333333330000073e+02
6.783333333299999879e+01 3.252500000000000000e+02
3.336538461540000071e+02 3.249615384620000214e+02
7.690476190000000045e+00 3.264523809519999986e+02
2.159545454549999874e+02 3.261363636359999987e+02
4.870000000000000000e+02 3.260000000000000000e+02
2.506176470590000065e+02 3.275000000000000000e+02
3.975000000000000000e+02 3.275000000000000000e+02
4.670000000000000000e+02 3.265000000000000000e+02
3.111000000000000227e+02 3.278999999999999773e+02
1.297352941180000130e+02 3.292647058819999870e+02
1.826052631580000138e+02 3.290789473680000015e+02
3.735000000000000000e+02 3.301470588239999984e+02
1.992647058819999870e+02 3.322647058819999870e+02
4.457500000000000000e+02 3.318750000000000000e+02
3.059090909100000033e+01 3.345909090910000145e+02
5.030000000000000000e+02 3.352142857140000274e+02
7.657692307700000356e+01 3.361923076919999858e+02
5.441666666700000121e+01 3.371666666670000154e+02
2.379615384619999929e+02 3.366538461540000071e+02
1.485000000000000000e+02 3.385000000000000000e+02
3.534090909089999855e+02 3.395909090910000145e+02
5.496428571430000147e+02 3.394285714289999873e+02
1.140999999999999943e+02 3.398999999999999773e+02
2.773888888889999862e+02 3.407777777779999724e+02
2.150000000000000000e+02 3.410000000000000000e+02
3.070000000000000000e+02 3.415000000000000000e+02
4.302142857140000274e+02 3.410000000000000000e+02
3.997500000000000000e+02 3.431250000000000000e+02
4.163000000000000114e+02 3.436333333329999959e+02
5.361153846150000390e+02 3.442692307689999893e+02
1.762500000000000000e+02 3.449375000000000000e+02
3.263095238099999733e+02 3.454047619049999867e+02
5.705000000000000000e+02 3.455000000000000000e+02
4.123684210500000091e+01 3.471842105260000153e+02
4.701428571430000147e+02 3.465714285710000127e+02
8.650000000000000000e+01 3.472894736839999723e+02
2.534444444439999984e+02 3.502777777779999724e+02
3.597857142859999726e+02 3.500000000000000000e+02
3.741153846149999822e+02 3.502692307689999893e+02
4.871666666670000154e+02 3.501666666670000154e+02
1.536111111110000138e+02 3.514444444439999984e+02
1.930000000000000000e+02 3.520000000000000000e+02
5.260000000000000000e+02 3.517857142859999726e+02
3.389666666670000268e+02 3.556333333329999959e+02
4.113461538459999929e+02 3.550384615379999786e+02
4.525000000000000000e+02 3.557105263160000277e+02
5.595000000000000000e+02 3.545000000000000000e+02
1.265416666670000012e+02 3.573333333329999846e+02
4.998636363640000013e+02 3.554090909089999855e+02
2.696666666699999837e+01 3.573666666670000041e+02
3.016000000000000227e+02 3.574499999999999886e+02
1.180000000000000071e+01 3.586499999999999773e+02
2.123181818179999993e+02 3.583181818180000278e+02
3.648809523809999860e+02 3.583571428569999853e+02
5.895909090909999577e+02 3.578636363640000013e+02
6.486363636400000132e+01 3.585909090910000145e+02
2.291315789470000084e+02 3.597105263160000277e+02
1.695714285710000127e+02 3.622857142859999726e+02
5.100000000000000000e+01 3.630000000000000000e+02
5.365000000000000000e+02 3.626999999999999886e+02
1.015000000000000000e+02 3.641666666670000154e+02
2.605476190480000014e+02 3.641190476190000140e+02
2.863000000000000114e+02 3.646999999999999886e+02
1.890000000000000000e+02 3.650000000000000000e+02
4.256111111110000138e+02 3.648333333329999846e+02
5.130000000000000000e+02 3.645000000000000000e+02
5.796904761900000267e+02 3.655476190480000014e+02
8.850000000000000000e+01 3.661190476190000140e+02
3.950000000000000000e+02 3.657500000000000000e+02
1.225476190480000014e+02 3.678809523809999860e+02
3.151666666670000154e+02 3.672500000000000000e+02
3.458999999999999773e+02 3.698999999999999773e+02
4.651000000000000227e+02 3.711000000000000227e+02
1.845454545500000165e+01 3.722272727270000132e+02
2.428529411760000016e+02 3.725588235289999943e+02
4.820000000000000000e+02 3.725000000000000000e+02
5.034047619049999867e+02 3.730714285710000127e+02
5.897500000000000000e+02 3.725833333329999846e+02
4.151666666670000154e+02 3.737666666669999813e+02
5.321000000000000227e+02 3.758999999999999773e+02
1.343571428570000137e+02 3.774285714289999873e+02
4.502222222220000276e+02 3.772222222220000276e+02
5.811538461500000352e+01 3.781153846149999822e+02
5.579210526320000554e+02 3.783947368419999862e+02
2.714499999999999886e+02 3.803999999999999773e+02
2.866904761900000267e+02 3.816428571430000147e+02
3.660882352940000146e+02 3.813823529410000219e+02
1.045666666670000069e+02 3.818999999999999773e+02
1.548529411760000016e+02 3.825000000000000000e+02
1.678750000000000000e+02 3.832500000000000000e+02
2.302142857139999990e+02 3.830000000000000000e+02
3.828999999999999773e+02 3.828999999999999773e+02
1.841315789470000084e+02 3.842894736839999723e+02
2.113125000000000000e+02 3.851875000000000000e+02
4.661875000000000000e+02 3.866250000000000000e+02
4.473529411799999878e+01 3.870882352940000146e+02
3.100000000000000000e+02 3.875000000000000000e+02
5.000000000000000000e-01 3.885000000000000000e+02
7.561764705900000649e+01 3.890882352940000146e+02
5.178846153849999610e+02 3.891153846149999822e+02
4.978636363640000013e+02 3.914090909089999855e+02
5.377500000000000000e+02 3.918750000000000000e+02
5.737105263160000277e+02 3.921315789469999800e+02
8.852941175999999857e+00 3.929705882349999797e+02
1.202777777780000008e+02 3.930000000000000000e+02
1.378846153849999894e+02 3.931153846149999822e+02
3.287105263160000277e+02 3.931315789469999800e+02
3.982142857140000274e+02 3.930000000000000000e+02
3.426904761900000267e+02 3.966428571430000147e+02
4.878000000000000114e+02 3.966000000000000227e+02
4.095000000000000000e+02 3.985000000000000000e+02
2.769615384620000214e+02 3.993461538459999929e+02
6.228947368400000073e+01 4.008684210530000200e+02
9.000000000000000000e+01 3.996999999999999886e+02
1.755000000000000000e+02 3.995000000000000000e+02
2.130000000000000000e+02 4.010000000000000000e+02
4.361428571430000147e+02 4.012857142859999726e+02
2.361315789470000084e+02 4.022894736839999723e+02
3.094473684210000215e+02 4.033421052630000077e+02
1.039117647059999996e+02 4.043823529410000219e+02
3.834090909089999855e+02 4.038636363640000013e+02
1.644499999999999886e+02 4.066000000000000227e+02
1.971153846150000106e+02 4.058846153850000178e+02
4.589117647059999854e+02 4.063823529410000219e+02
5.583999999999999773e+02 4.065500000000000114e+02
2.731818181799999934e+01 4.073181818180000278e+02
1.271666666670000012e+02 4.072500000000000000e+02
4.295000000000000000e+02 4.070000000000000000e+02
5.170000000000000000e+02 4.065000000000000000e+02
3.624090909089999855e+02 4.094090909089999855e+02
4.925000000000000000e+02 4.097105263160000277e+02
4.225000000000000000e+01 4.099375000000000000e+02
4.714473684210000215e+02 4.106578947369999923e+02
3.318846153850000178e+02 4.108846153850000178e+02
5.770333333329999732e+02 4.123666666670000041e+02
3.507105263160000277e+02 4.135000000000000000e+02
2.816875000000000000e+02 4.140000000000000000e+02
4.101470588239999984e+02 4.140294117650000203e+02
2.067500000000000000e+02 4.148333333329999846e+02
5.357857142860000295e+02 4.150000000000000000e+02
5.888095238100000017e+01 4.167857142859999726e+02
1.456428571429999863e+02 4.163095238099999733e+02
2.656578947369999923e+02 4.164473684210000215e+02
1.911764706000000036e+00 4.193823529410000219e+02
7.309999999999999432e+01 4.188999999999999773e+02
1.868636363640000013e+02 4.184090909089999855e+02
9.957142857099999844e+01 4.201428571430000147e+02
5.690000000000000000e+02 4.200000000000000000e+02
2.479615384619999929e+02 4.206538461540000071e+02
1.986842105299999872e+01 4.227105263160000277e+02
2.288913043480000056e+02 4.235869565219999799e+02
5.232777777779999724e+02 4.230000000000000000e+02
3.034333333330000073e+02 4.241000000000000227e+02
3.803888888889999862e+02 4.247777777779999724e+02
5.480294117649999635e+02 4.251470588239999984e+02
1.125000000000000000e+02 4.265000000000000000e+02
4.087500000000000000e+01 4.262500000000000000e+02
1.692142857139999990e+02 4.270000000000000000e+02
4.451000000000000227e+02 4.271000000000000227e+02
1.501363636359999987e+02 4.275909090910000145e+02
3.225000000000000000e+02 4.285000000000000000e+02
4.582500000000000000e+02 4.286499999999999773e+02
4.222894736839999723e+02 4.291315789469999800e+02
3.922500000000000000e+02 4.297500000000000000e+02
2.611428571430000147e+02 4.317142857140000274e+02
8.833333333299999879e+01 4.323888888889999862e+02
7.059999999999999432e+01 4.331999999999999886e+02
1.395476190480000014e+02 4.333095238099999733e+02
2.935000000000000000e+02 4.325000000000000000e+02
3.510000000000000000e+02 4.327857142859999726e+02
5.761000000000000227e+02 4.331000000000000227e+02
1.943000000000000114e+02 4.370000000000000000e+02
2.103181818179999993e+02 4.373181818180000278e+02
2.428529411760000016e+02 4.370294117650000203e+02
2.806250000000000000e+02 4.366250000000000000e+02
4.797105263160000277e+02 4.371315789469999800e+02
4.961153846149999822e+02 4.371153846149999822e+02
5.342142857139999705e+02 4.370000000000000000e+02
5.526111111110000138e+02 4.381666666670000154e+02
2.000000000000000000e+00 4.383000000000000114e+02
3.665000000000000000e+02 4.390000000000000000e+02
2.385714285699999948e+01 4.417142857140000274e+02
3.323500000000000227e+02 4.419499999999999886e+02
3.946999999999999886e+02 4.410000000000000000e+02
4.240000000000000000e+02 4.410000000000000000e+02
2.306818181820000007e+02 4.422272727270000132e+02
1.152142857139999990e+02 4.437857142859999726e+02
3.018809523809999860e+02 4.440238095240000007e+02
3.606250000000000000e+02 4.433750000000000000e+02
1.723421052630000077e+02 4.454473684210000215e+02
9.108823529400000041e+01 4.466176470589999781e+02
4.457500000000000000e+02 4.459375000000000000e+02
4.997058823500000102e+01 4.471470588239999984e+02
3.998846153850000178e+02 4.475769230770000036e+02
5.746428571430000147e+02 4.486904761900000267e+02
1.523750000000000000e+02 4.498125000000000000e+02
2.620000000000000000e+02 4.492142857140000274e+02
4.671363636359999987e+02 4.495909090910000145e+02
5.190000000000000000e+02 4.505000000000000000e+02
2.111086956519999944e+02 4.539782608699999855e+02
3.756818181819999722e+02 4.526818181819999722e+02
4.371363636359999987e+02 4.524090909089999855e+02
4.868000000000000114e+02 4.536000000000000227e+02
2.835000000000000000e+02 4.540000000000000000e+02
3.231250000000000000e+01 4.556875000000000000e+02
1.393421052630000077e+02 4.576578947369999923e+02
1.009666666669999984e+02 4.583666666670000041e+02
2.628846153850000178e+02 4.581153846149999822e+02
3.205000000000000000e+02 4.575000000000000000e+02
3.312272727270000132e+02 4.585454545449999841e+02
4.623333333329999846e+02 4.608888888889999862e+02
4.986666666670000154e+02 4.602222222220000276e+02
2.000882352939999862e+02 4.617352941180000130e+02
2.425769230770000036e+02 4.608846153850000178e+02
1.692500000000000000e+02 4.621666666670000154e+02
4.231250000000000000e+02 4.632500000000000000e+02
6.238888888900000040e+01 4.640555555560000016e+02
5.447142857139999705e+02 4.641428571430000147e+02
5.534444444440000552e+02 4.657222222220000276e+02
8.342105263000000548e+00 4.669210526319999985e+02
8.668181818200000066e+01 4.663181818180000278e+02
2.305909090909999861e+02 4.658636363640000013e+02
3.660000000000000000e+02 4.667857142859999726e+02
5.720000000000000000e+02 4.670000000000000000e+02
3.955000000000000000e+02 4.685000000000000000e+02
3.550384615379999786e+02 4.686538461540000071e+02
1.525000000000000000e+02 4.707727272729999868e+02
4.891470588239999984e+02 4.710294117650000203e+02
3.238846153850000178e+02 4.721153846149999822e+02
4.440000000000000000e+02 4.725000000000000000e+02
5.220882352940000146e+02 4.736176470589999781e+02
5.088846153850000178e+02 4.741153846149999822e+02
4.411538461500000352e+01 4.751153846149999822e+02
2.640000000000000000e+02 4.752142857140000274e+02
2.791153846149999822e+02 4.748846153850000178e+02
2.188461538500000003e+01 4.758846153850000178e+02
2.180882352939999862e+02 4.766176470589999781e+02
3.797500000000000000e+02 4.758333333329999846e+02
2.972500000000000000e+02 4.769375000000000000e+02
1.228846153850000036e+02 4.788846153850000178e+02
1.573666666670000041e+02 4.789666666670000268e+02
1.905000000000000000e+02 4.793000000000000114e+02
5.418750000000000000e+02 4.792500000000000000e+02
4.716666666670000154e+02 4.807777777779999724e+02
7.200000000000000000e+01 4.820000000000000000e+02
1.807222222219999992e+02 4.826111111110000138e+02
2.370000000000000000e+02 4.830000000000000000e+02
4.981000000000000227e+02 4.841000000000000227e+02
1.031666666670000012e+02 4.852333333330000187e+02
3.472894736839999723e+02 4.858684210530000200e+02
1.255000000000000071e+01 4.866000000000000227e+02
4.561000000000000227e+02 4.861999999999999886e+02
3.798846153850000178e+02 4.868846153850000178e+02
4.220000000000000000e+02 4.870000000000000000e+02
5.697727272729999868e+02 4.874545454550000159e+02
8.296666666699999837e+01 4.893666666670000041e+02
1.355526315790000069e+02 4.891315789469999800e+02
5.798571428569999853e+02 4.892857142859999726e+02
3.244444444439999984e+02 4.907222222220000276e+02
3.668333333329999846e+02 4.896111111110000138e+02
4.047222222220000276e+02 4.900000000000000000e+02
2.757941176470000073e+02 4.917352941180000130e+02
4.855000000000000000e+02 4.910000000000000000e+02
5.260000000000000000e+02 4.910000000000000000e+02
2.118333333330000130e+02 4.933888888889999862e+02
2.520000000000000000e+02 4.945000000000000000e+02
4.406176470589999781e+02 4.940882352940000146e+02
5.919230769199999997e+01 4.954230769229999964e+02
3.214705882399999837e+01 4.965000000000000000e+02
1.269000000000000057e+02 4.961000000000000227e+02
3.049666666670000268e+02 4.976333333329999959e+02
5.433888888889999862e+02 4.981666666670000154e+02
3.433666666670000041e+02 4.989666666670000268e+02
1.535000000000000000e+02 4.996999999999999886e+02
4.012500000000000000e+02 4.998999999999999773e+02
4.243125000000000000e+02 5.003125000000000000e+02
2.210000000000000000e+02 5.015000000000000000e+02
4.575000000000000000e+02 5.015000000000000000e+02
7.450000000000000000e+01 5.015000000000000000e+02
3.818478260869999872e+02 5.028913043480000056e+02
1.743000000000000114e+02 5.030000000000000000e+02
3.650000000000000000e+02 5.026999999999999886e+02
2.662333333330000187e+02 5.045666666669999927e+02
5.031363636359999987e+02 5.034090909089999855e+02
5.292142857139999705e+02 5.060000000000000000e+02
6.999999999999999556e-01 5.071000000000000227e+02
1.145000000000000000e+02 5.075000000000000000e+02
1.910000000000000000e+02 5.070000000000000000e+02
3.151666666670000154e+02 5.067500000000000000e+02
5.676538461540000071e+02 5.067307692310000107e+02
1.500000000000000000e+01 5.080000000000000000e+02
1.450000000000000000e+02 5.100000000000000000e+02
2.445000000000000000e+02 5.120000000000000000e+02
5.885526315790000353e+02 5.128157894739999847e+02
2.778076923080000142e+02 5.134230769230000533e+02
3.002272727270000132e+02 5.131363636360000555e+02
4.561153846149999822e+02 5.142692307690000462e+02
4.990882352940000146e+02 5.150882352940000146e+02
4.602173913000000027e+01 5.157173913039999888e+02
8.534210526299999344e+01 5.155526315790000353e+02
3.340000000000000000e+02 5.147000000000000455e+02
4.332857142859999726e+02 5.167142857139999705e+02
4.813888888889999862e+02 5.174444444440000552e+02
1.810384615380000071e+02 5.183461538459999929e+02
2.072333333329999903e+02 5.187666666669999813e+02
2.265000000000000000e+02 5.177000000000000455e+02
3.593500000000000227e+02 5.192000000000000455e+02
1.548000000000000114e+02 5.196000000000000227e+02
5.442142857139999705e+02 5.200000000000000000e+02
7.726190476200000035e+01 5.218809523810000428e+02
4.048157894739999847e+02 5.226578947369999923e+02
5.110294117650000203e+02 5.221470588240000552e+02
1.350999999999999943e+02 5.238999999999999773e+02
3.840000000000000000e+02 5.242142857139999705e+02
5.582142857139999705e+02 5.240000000000000000e+02
1.020499999999999972e+02 5.272500000000000000e+02
3.000000000000000000e+01 5.272142857139999705e+02
2.689666666670000268e+02 5.283666666670000041e+02
2.861086956519999944e+02 5.290217391300000145e+02
3.214047619049999867e+02 5.313095238099999733e+02
5.214285714300000052e+01 5.312857142860000295e+02
1.977352941180000130e+02 5.332058823529999927e+02
1.250000000000000000e+01 5.350263157890000230e+02
5.622142857139999705e+02 5.340000000000000000e+02
2.193181818179999993e+02 5.353181818179999709e+02
2.492222222219999992e+02 5.357777777779999724e+02
1.680000000000000000e+02 5.360000000000000000e+02
4.605000000000000000e+02 5.364444444440000552e+02
4.260000000000000000e+02 5.367857142860000295e+02
2.354000000000000057e+02 5.385499999999999545e+02
4.469117647059999854e+02 5.383823529410000219e+02
5.796904761900000267e+02 5.385476190480000014e+02
1.000000000000000000e+00 5.385000000000000000e+02
1.204000000000000057e+02 5.394500000000000455e+02
4.848529411760000016e+02 5.400294117649999635e+02
1.457307692310000107e+02 5.416538461540000071e+02
5.205000000000000000e+02 5.407000000000000455e+02
5.402894736839999723e+02 5.411315789469999800e+02
3.820000000000000284e+01 5.423999999999999773e+02
7.350000000000000000e+01 5.422894736839999723e+02
3.648333333329999846e+02 5.421111111110000138e+02
3.437857142859999726e+02 5.430000000000000000e+02
3.005000000000000000e+02 5.436666666669999586e+02
3.845000000000000000e+02 5.470000000000000000e+02
4.048076923080000142e+02 5.474230769230000533e+02
1.364444444439999984e+02 5.486111111110000138e+02
2.701000000000000227e+02 5.478999999999999773e+02
5.028999999999999773e+02 5.478999999999999773e+02
5.685909090909999577e+02 5.495909090909999577e+02
3.095000000000000000e+02 5.505000000000000000e+02
1.882222222219999992e+02 5.513888888889999862e+02
2.120000000000000000e+02 5.507857142860000295e+02
3.315000000000000000e+02 5.512894736839999723e+02
5.661111111099999960e+01 5.528333333330000414e+02
4.278750000000000000e+02 5.539375000000000000e+02
5.901666666669999586e+02 5.540000000000000000e+02
3.814375000000000000e+02 5.557500000000000000e+02
5.480000000000000000e+02 5.550000000000000000e+02
1.775000000000000000e+01 5.558333333330000414e+02
1.001666666670000012e+02 5.565000000000000000e+02
2.537777777780000008e+02 5.563888888889999862e+02
4.541428571430000147e+02 5.567142857139999705e+02
3.910000000000000142e+01 5.588999999999999773e+02
2.306538461540000071e+02 5.590384615379999786e+02
4.721000000000000227e+02 5.592000000000000455e+02
1.607500000000000000e+02 5.604375000000000000e+02
2.868999999999999773e+02 5.598999999999999773e+02
5.301153846150000390e+02 5.608846153849999610e+02
3.065000000000000000e+02 5.620000000000000000e+02
1.395000000000000000e+02 5.631666666669999586e+02
1.175000000000000000e+02 5.636538461540000071e+02
8.300000000000000000e+01 5.640000000000000000e+02
3.230000000000000000e+02 5.640000000000000000e+02
3.360000000000000000e+02 5.640000000000000000e+02
3.967222222220000276e+02 5.640555555559999448e+02
