3.800000000000000000e+01 8.333333330000000094e-01
9.800000000000000000e+01 5.000000000000000000e-01
1.415999999999999943e+02 2.450000000000000178e+00
1.685000000000000000e+02 1.833333332999999898e+00
2.165000000000000000e+02 5.000000000000000000e-01
2.830000000000000000e+02 5.000000000000000000e-01
4.923823529410000219e+02 1.911764706000000036e+00
5.746052631579999570e+02 1.921052632000000093e+00
4.721250000000000000e+02 5.750000000000000000e+00
5.120333333329999732e+02 5.366666666999999613e+00
5.460000000000000000e+02 5.500000000000000000e+00
3.605000000000000000e+02 7.500000000000000000e+00
3.965000000000000000e+02 6.833333332999999676e+00
3.426578947369999923e+02 8.657894736999999452e+00
1.308750000000000000e+02 9.750000000000000000e+00
2.439117647060000138e+02 9.382352941000000612e+00
2.676176470589999781e+02 9.088235294000000408e+00
3.150000000000000000e+02 9.277777778000000808e+00
6.625000000000000000e+01 9.916666666999999435e+00
4.502500000000000000e+02 9.750000000000000000e+00
2.132608695700000112e+01 1.150000000000000000e+01
7.826470588200000122e+01 1.173529411800000055e+01
2.913421052630000077e+02 1.134210526300000055e+01
1.870882352939999862e+02 1.338235294100000061e+01
5.365666666670000495e+02 1.290000000000000036e+01
5.537352941179999561e+02 1.526470588199999945e+01
1.725909090909999861e+02 1.586363636399999955e+01
2.070000000000000000e+02 1.650000000000000000e+01
3.875833333329999846e+02 1.583333333300000056e+01
3.465909090910000145e+02 1.759090909100000033e+01
4.307222222220000276e+02 1.700000000000000000e+01
9.754999999999999716e+01 1.839999999999999858e+01
5.090000000000000000e+02 1.850000000000000000e+01
2.313666666670000041e+02 1.896666666699999837e+01
4.133421052630000077e+02 1.965789473699999945e+01
5.653947368420000430e+02 2.107894736800000146e+01
7.549999999999999822e+00 2.260000000000000142e+01
1.566333333329999959e+02 2.203333333300000163e+01
2.635000000000000000e+02 2.230000000000000071e+01
4.650882352940000146e+02 2.338235294100000061e+01
1.097000000000000028e+02 2.500000000000000000e+01
3.710000000000000000e+02 2.450000000000000000e+01
3.806250000000000000e+02 2.462500000000000000e+01
4.827142857140000274e+02 2.514285714300000052e+01
2.732500000000000000e+02 2.616666666700000121e+01
4.060000000000000000e+02 2.550000000000000000e+01
4.616666666700000121e+01 2.716666666700000121e+01
6.428260869599999694e+01 2.758695652200000126e+01
3.006666666670000154e+02 2.700000000000000000e+01
5.227857142860000295e+02 2.800000000000000000e+01
1.681666666669999870e+02 2.996666666699999837e+01
3.153333333329999846e+02 3.061111111099999960e+01
4.244499999999999886e+02 3.039999999999999858e+01
5.617647059000000276e+00 3.208823529400000041e+01
1.270000000000000000e+02 3.200000000000000000e+01
2.048846153849999894e+02 3.288461538499999648e+01
2.318571428570000137e+02 3.278571428600000104e+01
4.480714285710000127e+02 3.369047618999999827e+01
2.850000000000000000e+01 3.350000000000000000e+01
9.600000000000000000e+01 3.400000000000000000e+01
4.895909090910000145e+02 3.459090909100000033e+01
3.734090909089999855e+02 3.513636363599999868e+01
2.464166666669999870e+02 3.616666666700000121e+01
3.580000000000000000e+02 3.600000000000000000e+01
4.688999999999999773e+02 3.610000000000000142e+01
5.300000000000000000e+01 3.678571428600000104e+01
1.046176470590000065e+02 3.791176470599999959e+01
1.915666666669999927e+02 3.789999999999999858e+01
3.985000000000000000e+02 3.850000000000000000e+01
5.447666666669999813e+02 3.910000000000000142e+01
5.116764705879999724e+02 4.067647058800000082e+01
7.463636363599999868e+01 4.150000000000000000e+01
3.253823529410000219e+02 4.108823529400000041e+01
1.485000000000000000e+02 4.300000000000000000e+01
2.950000000000000000e+01 4.560526315799999963e+01
3.420625000000000000e+02 4.525000000000000000e+01
3.540882352940000146e+02 4.638235294100000061e+01
2.148809523809999860e+02 4.726190476200000035e+01
2.902500000000000000e+02 4.712500000000000000e+01
5.680000000000000000e+02 4.750000000000000000e+01
1.463333333299999950e+01 4.796666666699999837e+01
1.909375000000000000e+02 4.825000000000000000e+01
3.213000000000000114e+02 4.750000000000000000e+01
2.585500000000000114e+02 4.960000000000000142e+01
9.285714290000000037e-01 5.021428571399999896e+01
3.020000000000000000e+02 5.000000000000000000e+01
4.158684210530000200e+02 5.050000000000000000e+01
5.328636363639999445e+02 5.204545454499999835e+01
2.754444444439999984e+02 5.327777777800000081e+01
4.358571428569999853e+02 5.357142857099999844e+01
1.792272727270000132e+02 5.445454545500000165e+01
4.586176470589999781e+02 5.450000000000000000e+01
9.213636363599999868e+01 5.540909090899999967e+01
1.309705882350000081e+02 5.614705882399999837e+01
1.140000000000000000e+02 5.629999999999999716e+01
3.814333333330000073e+02 5.710000000000000142e+01
4.846176470589999781e+02 5.691176470599999959e+01
5.758846153849999610e+02 5.688461538499999648e+01
5.600882352940000146e+02 5.861764705899999939e+01
5.077777777800000081e+01 6.038888888900000040e+01
4.998846153850000178e+02 5.988461538499999648e+01
2.513750000000000000e+02 6.218750000000000000e+01
3.639117647059999854e+02 6.238235294100000061e+01
1.385666666669999927e+02 6.343333333300000021e+01
5.249285714290000442e+02 6.328571428600000104e+01
7.590000000000000568e+01 6.389999999999999858e+01
2.045000000000000000e+02 6.483333333299999879e+01
3.309615384620000214e+02 6.434615384600000709e+01
4.228750000000000000e+02 6.462500000000000000e+01
4.745000000000000000e+02 6.350000000000000000e+01
5.443500000000000227e+02 6.475000000000000000e+01
1.527857142860000010e+02 6.500000000000000000e+01
2.611428571430000147e+02 6.728571428600000104e+01
4.865000000000000000e+02 6.700000000000000000e+01
4.461000000000000227e+02 6.790000000000000568e+01
1.851250000000000000e+02 6.925000000000000000e+01
2.337222222219999992e+02 6.994444444399999838e+01
1.313636363600000045e+01 6.940909090899999967e+01
4.238888888900000040e+01 7.033333333299999879e+01
6.500000000000000000e+01 6.978571428600000104e+01
3.011428571430000147e+02 6.978571428600000104e+01
3.344473684210000215e+02 7.086842105300000583e+01
9.850000000000000000e+01 7.200000000000000000e+01
3.898529411760000016e+02 7.202941176500000608e+01
1.226538461539999929e+02 7.396153846199999293e+01
1.645909090909999861e+02 7.559090909100000033e+01
2.149666666669999984e+02 7.836666666700000405e+01
2.860000000000000000e+02 7.750000000000000000e+01
5.100000000000000000e+02 7.800000000000000000e+01
5.580333333329999732e+02 7.836666666700000405e+01
3.524130434780000201e+02 8.115217391299999861e+01
4.570000000000000000e+02 8.000000000000000000e+01
2.147058824000000143e+00 8.250000000000000000e+01
4.392142857140000274e+02 8.200000000000000000e+01
5.453823529410000219e+02 8.208823529400000041e+01
3.735526315789999785e+02 8.365789473700000656e+01
5.300000000000000000e+02 8.300000000000000000e+01
4.872222222199999919e+01 8.444444444399999838e+01
2.310000000000000000e+02 8.300000000000000000e+01
2.664090909089999855e+02 8.440909090899999967e+01
3.170882352940000146e+02 8.561764705900000649e+01
4.073888888889999862e+02 8.522222222199999919e+01
4.778999999999999773e+02 8.509999999999999432e+01
8.350000000000000000e+01 8.583333333299999879e+01
6.570000000000000284e+01 8.900000000000000000e+01
1.038750000000000000e+02 8.975000000000000000e+01
1.430000000000000000e+02 8.900000000000000000e+01
2.060526315799999963e+01 9.007894736800000146e+01
2.535000000000000000e+02 9.050000000000000000e+01
4.968846153850000178e+02 9.088461538500000358e+01
5.151153846150000390e+02 9.111538461499999642e+01
5.801250000000000000e+02 9.150000000000000000e+01
1.830333333330000016e+02 9.263333333299999595e+01
3.072142857140000274e+02 9.185714285699999948e+01
5.595000000000000000e+02 9.250000000000000000e+01
2.054499999999999886e+02 9.340000000000000568e+01
4.273500000000000227e+02 9.375000000000000000e+01
3.200000000000000000e+01 9.721428571399999896e+01
1.671428571429999863e+02 9.771428571399999896e+01
2.897105263160000277e+02 9.744736842099999308e+01
4.450000000000000000e+01 9.770000000000000284e+01
1.180000000000000000e+02 9.821428571399999896e+01
3.397500000000000000e+02 9.787500000000000000e+01
4.616428571430000147e+02 9.800000000000000000e+01
2.160000000000000000e+02 1.000000000000000000e+02
2.380833333330000130e+02 9.875000000000000000e+01
3.219117647059999854e+02 1.003823529409999935e+02
3.942500000000000000e+02 9.993750000000000000e+01
4.436764705879999724e+02 1.013235294119999992e+02
4.787500000000000000e+02 1.012500000000000000e+02
1.571153846150000106e+02 1.048846153850000036e+02
1.373461538459999929e+02 1.060384615380000071e+02
6.271739130400000306e+01 1.075869565219999942e+02
7.670000000000000284e+01 1.077000000000000028e+02
1.989615384619999929e+02 1.073461538460000071e+02
2.671153846149999822e+02 1.071153846149999964e+02
5.356499999999999773e+02 1.087500000000000000e+02
3.011000000000000227e+02 1.090999999999999943e+02
3.768846153850000178e+02 1.088846153850000036e+02
1.088636363640000013e+02 1.099545454550000017e+02
1.017000000000000028e+02 1.104000000000000057e+02
2.567105263160000277e+02 1.128684210530000058e+02
5.080000000000000000e+02 1.127222222219999992e+02
3.593421052630000077e+02 1.136578947370000066e+02
4.695500000000000114e+02 1.155999999999999943e+02
1.392500000000000000e+02 1.167500000000000000e+02
1.779666666669999984e+02 1.163666666670000041e+02
2.836578947369999923e+02 1.166578947370000066e+02
4.172142857140000274e+02 1.160000000000000000e+02
4.350000000000000000e+02 1.155000000000000000e+02
5.578333333330000414e+02 1.157500000000000000e+02
5.802999999999999545e+02 1.159000000000000057e+02
2.296999999999999886e+02 1.165000000000000000e+02
3.980000000000000000e+02 1.175000000000000000e+02
1.662500000000000000e+01 1.181875000000000000e+02
6.033333332999999854e+00 1.203666666670000041e+02
3.812500000000000000e+01 1.207500000000000000e+02
3.486111111110000138e+02 1.202222222219999992e+02
5.259285714290000442e+02 1.215000000000000000e+02
9.458333333299999879e+01 1.250000000000000000e+02
2.110000000000000000e+02 1.245000000000000000e+02
4.864499999999999886e+02 1.255999999999999943e+02
3.292500000000000000e+02 1.258333333329999988e+02
7.900000000000000000e+01 1.270000000000000000e+02
1.977500000000000000e+02 1.277500000000000000e+02
6.000000000000000000e+01 1.290000000000000000e+02
2.269666666669999984e+02 1.293666666670000041e+02
3.050000000000000000e+02 1.292142857139999990e+02
3.710000000000000000e+02 1.290000000000000000e+02
4.590000000000000000e+02 1.292142857139999990e+02
4.708846153850000178e+02 1.291153846150000106e+02
1.110333333330000016e+02 1.303666666670000041e+02
3.835000000000000000e+02 1.300000000000000000e+02
5.399615384620000214e+02 1.296538461540000071e+02
5.663461538459999929e+02 1.300384615380000071e+02
1.540000000000000000e+02 1.317222222219999992e+02
4.159666666670000268e+02 1.313666666670000041e+02
4.315000000000000000e+02 1.308750000000000000e+02
5.106578947369999923e+02 1.336578947369999923e+02
2.172222222199999919e+01 1.364444444439999984e+02
5.299285714290000442e+02 1.365000000000000000e+02
1.668333333330000130e+02 1.376333333329999959e+02
2.630000000000000000e+02 1.365000000000000000e+02
2.795000000000000000e+02 1.378529411760000016e+02
5.740000000000000000e+02 1.370000000000000000e+02
2.510000000000000000e+02 1.380000000000000000e+02
1.290882352939999862e+02 1.406176470590000065e+02
1.234615384599999999e+01 1.409615384619999929e+02
2.995000000000000000e+02 1.408571428570000137e+02
1.549000000000000057e+02 1.484000000000000057e+02
1.867857142860000010e+02 1.420000000000000000e+02
3.262777777779999724e+02 1.428888888889999862e+02
3.549117647059999854e+02 1.446176470590000065e+02
4.679210526319999985e+02 1.448157894740000131e+02
4.912500000000000000e+02 1.455625000000000000e+02
1.075000000000000000e+02 1.463823529409999935e+02
5.545833333330000414e+02 1.463333333330000130e+02
5.000000000000000000e-01 1.465000000000000000e+02
2.146428571429999863e+02 1.473095238100000017e+02
4.005000000000000000e+02 1.472894736840000007e+02
4.510000000000000000e+02 1.470000000000000000e+02
5.116666666700000121e+01 1.485000000000000000e+02
2.523888888889999862e+02 1.486666666669999870e+02
3.288095238100000017e+01 1.500238095240000007e+02
8.759999999999999432e+01 1.495500000000000114e+02
4.158750000000000000e+02 1.512500000000000000e+02
2.400789473680000015e+02 1.523947368419999862e+02
7.602631578899999454e+01 1.538684210529999916e+02
2.046999999999999886e+02 1.530000000000000000e+02
5.113823529410000219e+02 1.532058823529999927e+02
5.805000000000000000e+02 1.515000000000000000e+02
1.290000000000000000e+02 1.540000000000000000e+02
3.795000000000000000e+02 1.550000000000000000e+02
2.733666666670000041e+02 1.560333333330000016e+02
3.293421052630000077e+02 1.566578947369999923e+02
5.311428571430000147e+02 1.567142857139999990e+02
3.025909090910000145e+02 1.585909090909999861e+02
3.395000000000000000e+02 1.576999999999999886e+02
4.315000000000000000e+02 1.580000000000000000e+02
4.842500000000000000e+02 1.617500000000000000e+02
5.577173913039999888e+02 1.615869565220000084e+02
1.497058823499999924e+01 1.628529411760000016e+02
2.665000000000000000e+02 1.620000000000000000e+02
3.638125000000000000e+02 1.633750000000000000e+02
5.107500000000000000e+02 1.641250000000000000e+02
1.741923076920000142e+02 1.680000000000000000e+02
2.035000000000000000e+02 1.666999999999999886e+02
3.400000000000000000e+01 1.682142857139999990e+02
1.141153846149999964e+02 1.678846153849999894e+02
3.958333333329999846e+02 1.677500000000000000e+02
4.659761904759999993e+02 1.681190476190000140e+02
1.485000000000000000e+02 1.693000000000000114e+02
2.812142857140000274e+02 1.695000000000000000e+02
5.517352941179999561e+02 1.715000000000000000e+02
7.112500000000000000e+01 1.727500000000000000e+02
9.265789473700000656e+01 1.723421052630000077e+02
4.488125000000000000e+02 1.723750000000000000e+02
5.439999999999999858e+01 1.734499999999999886e+02
3.100000000000000000e+02 1.735000000000000000e+02
4.156578947369999923e+02 1.736578947369999923e+02
1.985500000000000114e+02 1.752500000000000000e+02
5.662222222220000276e+02 1.753888888889999862e+02
3.285000000000000000e+02 1.755000000000000000e+02
3.853999999999999773e+02 1.769499999999999886e+02
3.525000000000000000e+02 1.780000000000000000e+02
3.669666666670000268e+02 1.783666666670000041e+02
2.374090909090000139e+02 1.793636363640000013e+02
3.980000000000000000e+02 1.800000000000000000e+02
2.170882352939999862e+02 1.816176470590000065e+02
5.320000000000000000e+02 1.817222222219999992e+02
1.014411764710000057e+02 1.817352941180000130e+02
2.770882352940000146e+02 1.823823529409999935e+02
4.936052631580000138e+02 1.825000000000000000e+02
1.430000000000000071e+01 1.825000000000000000e+02
1.592500000000000000e+02 1.828750000000000000e+02
4.605833333329999846e+02 1.831666666669999870e+02
4.740909090899999967e+01 1.844090909090000139e+02
4.343421052630000077e+02 1.853421052630000077e+02
2.408529411760000016e+02 1.862647058819999870e+02
3.046333333329999959e+02 1.865666666669999927e+02
2.183333333299999879e+01 1.873750000000000000e+02
7.093750000000000000e+01 1.877500000000000000e+02
1.742692307689999893e+02 1.868846153849999894e+02
1.365999999999999943e+02 1.888000000000000114e+02
1.166666667000000102e+00 1.910555555560000016e+02
2.953888888889999862e+02 1.917777777780000008e+02
3.657500000000000000e+02 1.908750000000000000e+02
2.605909090910000145e+02 1.921363636359999987e+02
5.145000000000000000e+02 1.925000000000000000e+02
3.482647058819999870e+02 1.932647058819999870e+02
4.782894736839999723e+02 1.931315789470000084e+02
5.494090909090000423e+02 1.934090909090000139e+02
5.599117647059999854e+02 1.933823529409999935e+02
9.950000000000000000e+01 1.950000000000000000e+02
1.360000000000000000e+02 1.952142857139999990e+02
3.890454545449999841e+02 1.956818181820000007e+02
2.151999999999999886e+02 1.981999999999999886e+02
2.747857142859999726e+02 1.980000000000000000e+02
5.054999999999999716e+01 1.994000000000000057e+02
1.945000000000000000e+02 1.995000000000000000e+02
4.128999999999999773e+02 1.990999999999999943e+02
5.756333333329999959e+02 1.990333333330000016e+02
4.938529411760000016e+02 2.005000000000000000e+02
1.181666666670000012e+02 2.007500000000000000e+02
4.502500000000000000e+02 2.012500000000000000e+02
5.218529411759999448e+02 2.025000000000000000e+02
1.569666666669999984e+02 2.036333333329999959e+02
4.366666666670000154e+02 2.030000000000000000e+02
2.902222222220000276e+02 2.053888888889999862e+02
3.215000000000000000e+02 2.055000000000000000e+02
7.109999999999999432e+01 2.060999999999999943e+02
1.784473684209999931e+02 2.066578947369999923e+02
2.280333333330000016e+02 2.063666666670000041e+02
5.080000000000000000e+02 2.057857142860000010e+02
5.658846153849999610e+02 2.068846153849999894e+02
2.468478260869999872e+02 2.084130434779999916e+02
4.944444444000000161e+00 2.093888888889999862e+02
3.732142857140000274e+02 2.085000000000000000e+02
2.000000000000000000e+01 2.102142857139999990e+02
2.565000000000000000e+02 2.106363636359999987e+02
1.070333333330000016e+02 2.116333333329999959e+02
3.546578947369999923e+02 2.124473684209999931e+02
3.128000000000000114e+02 2.133499999999999943e+02
3.980454545449999841e+02 2.147272727270000132e+02
4.936818181819999722e+02 2.136818181820000007e+02
2.201153846150000106e+02 2.151153846150000106e+02
3.289999999999999858e+01 2.160999999999999943e+02
1.475000000000000000e+02 2.155000000000000000e+02
1.981363636359999987e+02 2.160454545450000126e+02
4.730000000000000000e+02 2.160000000000000000e+02
5.241842105260000153e+02 2.173421052630000077e+02
4.236999999999999886e+02 2.175666666669999927e+02
6.650000000000000000e+01 2.176999999999999886e+02
1.200000000000000000e+02 2.180000000000000000e+02
5.488999999999999773e+02 2.180999999999999943e+02
9.165789473700000656e+01 2.193421052630000077e+02
2.763571428569999853e+02 2.238809523809999860e+02
3.335500000000000114e+02 2.224000000000000057e+02
4.494090909089999855e+02 2.218636363640000013e+02
4.700000000000000000e+01 2.233000000000000114e+02
1.330000000000000000e+02 2.239444444439999984e+02
1.703888888889999862e+02 2.242222222219999992e+02
2.422894736840000007e+02 2.245000000000000000e+02
5.778999999999999773e+02 2.245666666669999927e+02
1.162999999999999972e+02 2.270000000000000000e+02
1.849117647060000138e+02 2.286176470590000065e+02
3.140000000000000000e+02 2.283000000000000114e+02
3.960000000000000000e+02 2.285000000000000000e+02
5.621315789469999800e+02 2.280263157889999945e+02
3.735909090910000145e+02 2.295909090909999861e+02
7.538235294099999351e+01 2.309117647060000138e+02
3.495000000000000000e+02 2.310000000000000000e+02
4.528999999999999773e+02 2.310999999999999943e+02
4.156250000000000000e+02 2.328125000000000000e+02
5.058333333329999846e+02 2.320000000000000000e+02
2.556176470590000065e+02 2.330882352939999862e+02
4.813999999999999773e+02 2.344499999999999886e+02
2.201470588239999984e+02 2.355000000000000000e+02
4.308846153850000178e+02 2.348846153849999894e+02
1.570000000000000000e+02 2.375000000000000000e+02
2.365789473699999945e+01 2.383421052630000077e+02
3.028999999999999773e+02 2.379000000000000057e+02
1.721153846150000106e+02 2.388846153849999894e+02
5.221153846150000390e+02 2.388846153849999894e+02
5.700000000000000000e+01 2.402142857139999990e+02
2.770882352940000146e+02 2.406176470590000065e+02
3.920789473680000015e+02 2.416052631580000138e+02
4.425000000000000000e+02 2.415000000000000000e+02
9.200000000000000000e+01 2.425000000000000000e+02
2.647222222220000276e+02 2.450000000000000000e+02
3.372500000000000000e+02 2.449166666669999870e+02
5.423333333330000414e+02 2.453888888889999862e+02
3.150000000000000000e+02 2.470000000000000000e+02
1.868333333330000130e+02 2.483750000000000000e+02
2.058846153849999894e+02 2.478846153849999894e+02
3.693461538459999929e+02 2.479615384619999929e+02
4.243461538459999929e+02 2.479615384619999929e+02
4.612142857140000274e+02 2.480000000000000000e+02
5.796666666669999586e+02 2.496666666669999870e+02
1.461111111099999960e+01 2.507777777780000008e+02
1.390000000000000000e+02 2.507857142860000010e+02
2.317857142860000010e+02 2.518809523809999860e+02
3.590000000000000000e+02 2.510000000000000000e+02
5.030000000000000000e+02 2.507857142860000010e+02
7.300000000000000000e+01 2.527222222219999992e+02
1.188125000000000000e+02 2.524375000000000000e+02
4.764166666670000154e+02 2.521666666669999870e+02
5.315909090909999577e+02 2.524090909090000139e+02
1.028846153850000036e+02 2.531153846150000106e+02
4.065384615400000001e+01 2.539615384619999929e+02
2.984411764710000057e+02 2.543235294119999992e+02
3.779705882349999797e+02 2.548529411760000016e+02
4.876904761900000267e+02 2.556428571429999863e+02
4.000000000000000000e+00 2.565000000000000000e+02
2.811666666670000154e+02 2.562500000000000000e+02
5.445000000000000284e+01 2.582500000000000000e+02
5.625000000000000000e+02 2.582894736839999723e+02
2.415000000000000000e+02 2.595000000000000000e+02
5.173571428569999853e+02 2.604285714289999873e+02
2.461764705899999939e+01 2.619117647059999854e+02
1.556428571429999863e+02 2.625000000000000000e+02
4.245555555560000016e+02 2.622777777779999724e+02
5.752647058820000439e+02 2.632647058819999870e+02
1.761999999999999886e+02 2.643500000000000227e+02
1.417352941180000130e+02 2.657352941180000130e+02
4.698333333329999846e+02 2.647500000000000000e+02
1.058333333329999988e+02 2.664166666670000154e+02
2.207777777780000008e+02 2.666111111110000138e+02
4.011000000000000227e+02 2.661000000000000227e+02
8.954761904800000138e+01 2.673095238099999733e+02
3.402500000000000000e+02 2.678750000000000000e+02
5.533181818179999709e+02 2.686818181819999722e+02
2.599117647059999854e+02 2.707941176470000073e+02
4.552142857140000274e+02 2.700000000000000000e+02
7.161111111099999960e+01 2.712222222220000276e+02
2.295000000000000000e+02 2.715000000000000000e+02
3.706111111110000138e+02 2.721666666670000154e+02
3.089117647059999854e+02 2.736176470589999781e+02
4.874444444439999984e+02 2.746111111110000138e+02
4.346176470589999781e+02 2.750882352940000146e+02
4.935952380950000133e+02 2.755952380950000133e+02
3.445000000000000000e+02 2.765000000000000000e+02
5.298846153849999610e+02 2.758846153850000178e+02
1.983947368419999862e+02 2.770789473680000015e+02
2.935909090910000145e+02 2.771363636359999987e+02
3.871153846149999822e+02 2.768846153850000178e+02
1.267142857139999990e+02 2.779285714289999873e+02
3.799999999999999822e+00 2.803999999999999773e+02
3.373529411799999878e+01 2.807352941180000130e+02
1.435909090909999861e+02 2.801363636359999987e+02
2.142142857139999990e+02 2.810000000000000000e+02
3.262500000000000000e+02 2.808125000000000000e+02
1.646666666669999870e+02 2.825000000000000000e+02
5.600000000000000000e+01 2.828333333329999846e+02
3.785000000000000000e+02 2.838529411760000016e+02
5.672222222220000276e+02 2.836111111110000138e+02
2.770000000000000000e+02 2.837857142859999726e+02
3.088999999999999773e+02 2.848999999999999773e+02
4.253947368419999862e+02 2.859210526319999985e+02
4.857222222220000276e+02 2.870000000000000000e+02
3.549545454550000159e+02 2.881363636359999987e+02
2.495384615380000071e+02 2.898076923080000142e+02
3.975000000000000000e+02 2.889285714289999873e+02
4.160000000000000000e+02 2.890000000000000000e+02
5.396428571430000147e+02 2.904285714289999873e+02
1.573529411800000055e+01 2.915588235289999943e+02
8.500000000000000000e+01 2.915000000000000000e+02
3.281250000000000000e+02 2.918750000000000000e+02
1.016333333329999959e+02 2.919666666670000268e+02
1.976538461540000071e+02 2.922692307689999893e+02
2.611999999999999886e+02 2.918000000000000114e+02
4.670000000000000000e+02 2.925000000000000000e+02
5.121428571399999896e+01 2.930000000000000000e+02
1.197222222219999992e+02 2.930000000000000000e+02
5.757857142860000295e+02 2.960000000000000000e+02
1.373823529409999935e+02 2.970882352940000146e+02
4.499117647059999854e+02 2.973823529410000219e+02
1.756999999999999886e+02 2.983000000000000114e+02
2.095666666669999927e+02 2.985666666669999927e+02
4.962500000000000000e+02 2.988750000000000000e+02
5.192500000000000000e+02 2.991250000000000000e+02
5.575000000000000000e+02 3.005000000000000000e+02
6.811538461499999642e+01 3.012692307689999893e+02
1.616250000000000000e+02 3.018125000000000000e+02
3.990882352940000146e+02 3.026176470589999781e+02
8.990000000000000568e+01 3.028999999999999773e+02
2.322142857139999990e+02 3.030000000000000000e+02
2.515555555560000016e+02 3.037222222220000276e+02
3.500000000000000000e+02 3.030000000000000000e+02
7.388888889000000404e+00 3.047777777779999724e+02
2.733750000000000000e+02 3.054375000000000000e+02
2.886111111110000138e+02 3.059444444439999984e+02
1.903888888889999862e+02 3.067777777779999724e+02
5.673181818179999709e+02 3.063181818180000278e+02
3.689999999999999858e+01 3.068999999999999773e+02
1.293499999999999943e+02 3.078000000000000114e+02
3.167352941180000130e+02 3.072647058819999870e+02
3.338846153850000178e+02 3.068846153850000178e+02
1.683888888889999862e+02 3.081666666670000154e+02
3.749117647059999854e+02 3.106176470589999781e+02
4.752500000000000000e+02 3.110000000000000000e+02
1.086363636359999987e+02 3.115000000000000000e+02
4.340000000000000000e+02 3.110000000000000000e+02
4.477500000000000000e+02 3.111666666670000154e+02
5.175000000000000000e+02 3.141470588239999984e+02
2.348636363640000013e+02 3.159545454550000159e+02
4.935000000000000000e+02 3.160000000000000000e+02
4.557692307699999645e+01 3.171923076919999858e+02
6.188461538499999648e+01 3.171153846149999822e+02
5.457105263160000277e+02 3.175000000000000000e+02
1.584499999999999886e+02 3.183999999999999773e+02
3.231153846149999822e+02 3.181153846149999822e+02
2.997500000000000000e+02 3.195000000000000000e+02
3.995769230770000036e+02 3.203461538459999929e+02
4.240000000000000000e+02 3.197857142859999726e+02
2.075000000000000000e+02 3.213000000000000114e+02
2.663750000000000000e+02 3.211875000000000000e+02
2.388888888999999960e+00 3.223333333329999846e+02
2.350000000000000000e+01 3.225000000000000000e+02
3.470000000000000000e+02 3.230000000000000000e+02
3.887608695650000072e+02 3.224565217389999816e+02
2.826999999999999886e+02 3.250000000000000000e+02
5.126176470589999781e+02 3.259117647059999854e+02
8.273809523799999965e+01 3.278809523809999860e+02
1.246333333329999959e+02 3.270333333329999732e+02
1.679444444439999984e+02 3.273888888889999862e+02
2.491666666669999870e+02 3.272333333330000187e+02
1.840000000000000000e+02 3.290000000000000000e+02
4.546818181819999722e+02 3.286818181819999722e+02
1.017666666669999955e+02 3.305000000000000000e+02
4.435000000000000000e+02 3.300000000000000000e+02
4.721153846149999822e+02 3.301153846149999822e+02
5.620000000000000000e+02 3.305000000000000000e+02
3.321499999999999773e+02 3.328999999999999773e+02
6.350000000000000000e+01 3.330000000000000000e+02
5.445000000000000000e+02 3.323461538459999929e+02
4.073750000000000000e+02 3.365625000000000000e+02
2.268846153849999894e+02 3.371153846149999822e+02
3.184499999999999886e+02 3.376000000000000227e+02
3.666111111110000138e+02 3.377777777779999724e+02
1.431315789470000084e+02 3.382894736839999723e+02
4.880000000000000000e+02 3.380000000000000000e+02
3.878571428569999853e+02 3.402142857140000274e+02
5.627500000000000000e+02 3.412500000000000000e+02
3.900000000000000000e+01 3.420000000000000000e+02
2.028846153849999894e+02 3.418846153850000178e+02
2.722894736839999723e+02 3.422368421049999938e+02
2.977857142859999726e+02 3.420000000000000000e+02
4.580000000000000000e+02 3.423333333329999846e+02
5.100000000000000000e+02 3.417857142859999726e+02
5.308846153849999610e+02 3.421153846149999822e+02
1.834210526300000055e+01 3.433421052630000077e+02
4.168750000000000000e+02 3.442500000000000000e+02
8.296666666699999837e+01 3.463666666670000041e+02
1.638333333330000130e+02 3.482333333330000187e+02
2.383823529409999935e+02 3.479117647059999854e+02
5.434615384599999999e+01 3.500384615379999786e+02
1.860999999999999943e+02 3.501000000000000227e+02
2.262222222219999992e+02 3.503888888889999862e+02
3.547500000000000000e+02 3.498333333329999846e+02
3.675909090910000145e+02 3.511363636359999987e+02
1.346153845999999987e+00 3.525000000000000000e+02
4.397105263160000277e+02 3.528684210530000200e+02
4.695000000000000000e+02 3.522894736839999723e+02
4.871153846149999822e+02 3.518846153850000178e+02
2.534000000000000057e+02 3.539499999999999886e+02
4.031153846149999822e+02 3.528846153850000178e+02
1.448529411760000016e+02 3.539705882349999797e+02
9.665789473700000656e+01 3.566578947369999923e+02
1.183095238100000017e+02 3.564047619049999867e+02
5.497500000000000000e+02 3.559166666670000154e+02
2.250000000000000000e+01 3.570000000000000000e+02
2.846363636359999987e+02 3.589545454550000159e+02
3.320882352940000146e+02 3.586176470589999781e+02
7.240909090899999967e+01 3.604090909089999855e+02
1.573461538459999929e+02 3.600384615379999786e+02
5.069615384620000214e+02 3.603461538459999929e+02
5.318636363639999445e+02 3.605909090910000145e+02
2.688846153850000178e+02 3.622692307689999893e+02
3.515476190480000014e+02 3.636904761900000267e+02
3.600000000000000000e+01 3.640000000000000000e+02
1.058333333329999988e+02 3.648750000000000000e+02
3.900000000000000000e+02 3.640000000000000000e+02
2.063000000000000114e+02 3.645000000000000000e+02
3.068333333329999846e+02 3.652500000000000000e+02
5.200000000000000000e+01 3.670000000000000000e+02
4.578999999999999773e+02 3.674333333330000073e+02
5.585499999999999545e+02 3.678000000000000114e+02
1.464285714300000052e+01 3.681666666670000154e+02
2.318000000000000114e+02 3.683999999999999773e+02
4.235000000000000000e+02 3.680000000000000000e+02
4.728999999999999773e+02 3.678999999999999773e+02
1.308846153849999894e+02 3.691153846149999822e+02
1.809545454549999874e+02 3.688636363640000013e+02
5.135000000000000000e+02 3.731470588239999984e+02
3.296176470589999781e+02 3.740882352940000146e+02
4.025555555560000016e+02 3.747222222220000276e+02
4.903421052630000077e+02 3.744473684210000215e+02
5.445454545449999841e+02 3.742272727270000132e+02
2.133333333330000130e+02 3.755000000000000000e+02
3.275000000000000000e+01 3.781250000000000000e+02
2.596176470589999781e+02 3.780882352940000146e+02
9.221428571399999896e+01 3.790000000000000000e+02
1.428529411760000016e+02 3.805000000000000000e+02
1.926333333329999959e+02 3.799666666670000268e+02
3.718750000000000000e+02 3.807500000000000000e+02
2.845000000000000000e+02 3.815000000000000000e+02
3.528125000000000000e+02 3.823750000000000000e+02
3.020833333329999846e+02 3.834166666670000154e+02
3.148888888889999862e+02 3.832777777779999724e+02
4.403095238099999733e+02 3.833571428569999853e+02
6.091176470599999959e+01 3.843823529410000219e+02
4.014499999999999886e+02 3.856000000000000227e+02
1.093421052629999934e+02 3.866578947369999923e+02
1.757222222219999992e+02 3.870000000000000000e+02
3.355000000000000000e+02 3.877105263160000277e+02
1.527352941180000130e+02 3.882058823529999927e+02
4.277857142859999726e+02 3.883571428569999853e+02
4.500000000000000000e+02 3.885000000000000000e+02
3.790333333329999732e+02 3.893666666670000041e+02
1.287500000000000000e+02 3.898333333329999846e+02
4.775500000000000114e+02 3.903999999999999773e+02
5.262142857139999705e+02 3.900000000000000000e+02
5.607500000000000000e+02 3.902500000000000000e+02
5.461111111099999960e+01 3.932222222220000276e+02
2.409000000000000057e+02 3.941000000000000227e+02
1.696111111110000138e+02 3.951666666670000154e+02
2.084090909090000139e+02 3.951363636359999987e+02
2.250000000000000000e+02 3.952777777779999724e+02
4.925000000000000000e+02 3.945000000000000000e+02
7.570000000000000284e+01 3.955000000000000000e+02
2.727307692310000107e+02 3.971153846149999822e+02
5.100000000000000000e+02 3.972142857140000274e+02
5.436000000000000227e+02 3.974499999999999886e+02
1.825909090909999861e+02 3.978636363640000013e+02
4.418999999999999773e+02 3.978999999999999773e+02
1.869999999999999929e+01 3.985000000000000000e+02
1.548529411760000016e+02 3.990294117650000203e+02
5.617647059000000276e+00 3.999117647059999854e+02
2.922368421049999938e+02 4.007105263160000277e+02
3.962500000000000000e+01 4.021875000000000000e+02
9.437500000000000000e+01 4.025625000000000000e+02
5.045000000000000000e+02 4.025000000000000000e+02
3.619399999999999977e+02 4.061000000000000227e+02
4.649736842109999770e+02 4.058157894739999847e+02
2.517222222219999992e+02 4.060000000000000000e+02
4.116764705879999724e+02 4.067352941180000130e+02
5.601153846150000390e+02 4.058846153850000178e+02
1.377105263159999993e+02 4.078684210530000200e+02
4.821315789469999800e+02 4.087105263160000277e+02
8.333333330000000094e-01 4.090000000000000000e+02
3.402272727270000132e+02 4.093181818180000278e+02
3.786818181819999722e+02 4.106818181819999722e+02
5.276333333329999959e+02 4.115666666669999927e+02
8.750000000000000000e+01 4.113461538459999929e+02
1.154166666670000012e+02 4.121666666670000154e+02
2.365000000000000000e+02 4.135000000000000000e+02
3.029285714289999873e+02 4.145000000000000000e+02
3.188571428569999853e+02 4.137857142859999726e+02
4.730952381000000173e+01 4.156428571430000147e+02
5.983333333299999879e+01 4.158333333329999846e+02
3.973823529410000219e+02 4.150882352940000146e+02
4.333666666670000041e+02 4.150333333329999732e+02
2.781470588239999984e+02 4.165000000000000000e+02
3.637352941180000130e+02 4.172647058819999870e+02
5.376176470589999781e+02 4.180882352940000146e+02
1.802500000000000000e+02 4.188333333329999846e+02
1.931666666669999870e+02 4.192500000000000000e+02
1.023333333299999914e+01 4.201666666670000154e+02
5.800714285709999558e+02 4.212142857140000274e+02
4.083999999999999773e+02 4.228000000000000114e+02
5.585909090909999577e+02 4.218636363640000013e+02
2.162500000000000000e+02 4.232500000000000000e+02
1.580000000000000000e+02 4.247857142859999726e+02
3.406176470589999781e+02 4.252058823529999927e+02
4.484565217389999816e+02 4.262391304349999928e+02
4.761470588239999984e+02 4.250294117650000203e+02
1.086500000000000057e+02 4.281999999999999886e+02
3.104411764710000057e+02 4.267352941180000130e+02
3.826250000000000000e+02 4.263750000000000000e+02
5.006000000000000227e+02 4.284499999999999886e+02
3.021428571399999896e+01 4.285000000000000000e+02
2.288333333330000130e+02 4.303095238099999733e+02
8.050000000000000000e+01 4.327105263160000277e+02
1.420000000000000000e+02 4.320000000000000000e+02
3.153999999999999773e+02 4.328000000000000114e+02
5.759090909100000033e+01 4.334090909089999855e+02
4.856538461540000071e+02 4.330384615379999786e+02
5.721000000000000227e+02 4.331000000000000227e+02
2.856428571430000147e+02 4.337857142859999726e+02
1.279500000000000028e+02 4.356499999999999773e+02
1.868333333330000130e+02 4.350555555560000016e+02
1.971666666669999870e+02 4.346111111110000138e+02
2.520000000000000000e+02 4.347857142859999726e+02
4.236176470589999781e+02 4.349117647059999854e+02
2.706250000000000000e+02 4.356250000000000000e+02
3.628846153850000178e+02 4.358846153850000178e+02
2.248181818179999993e+02 4.385454545449999841e+02
5.229117647059999854e+02 4.386176470589999781e+02
4.127777777800000081e+01 4.390000000000000000e+02
1.618125000000000000e+02 4.396875000000000000e+02
3.472500000000000000e+02 4.397500000000000000e+02
5.437857142860000295e+02 4.400000000000000000e+02
3.841000000000000227e+02 4.420000000000000000e+02
5.040000000000000000e+02 4.440000000000000000e+02
6.214285713999999849e+00 4.450000000000000000e+02
1.505000000000000000e+02 4.456333333329999959e+02
2.043947368419999862e+02 4.449210526319999985e+02
8.200000000000000000e+01 4.465000000000000000e+02
4.540000000000000000e+02 4.456999999999999886e+02
1.011666666670000012e+02 4.476428571430000147e+02
3.950384615379999786e+02 4.478076923080000142e+02
5.625000000000000000e+02 4.475000000000000000e+02
4.195000000000000000e+02 4.476999999999999886e+02
2.520384615380000071e+02 4.503461538459999929e+02
5.301000000000000227e+02 4.501000000000000227e+02
2.923500000000000227e+02 4.517500000000000000e+02
3.202857142859999726e+02 4.520000000000000000e+02
3.691000000000000227e+02 4.515666666669999927e+02
1.205999999999999943e+02 4.535500000000000114e+02
1.863421052630000077e+02 4.533421052630000077e+02
3.075000000000000000e+02 4.525000000000000000e+02
4.730000000000000000e+02 4.535000000000000000e+02
4.529210526319999985e+02 4.546052631580000138e+02
4.385000000000000000e+02 4.550000000000000000e+02
4.920333333329999732e+02 4.566333333329999959e+02
2.666538461540000071e+02 4.565769230770000036e+02
2.334166666669999870e+02 4.578333333329999846e+02
4.167777777779999724e+02 4.583888888889999862e+02
3.401153846149999822e+02 4.591153846149999822e+02
2.556250000000000000e+01 4.603750000000000000e+02
1.410000000000000000e+02 4.602142857140000274e+02
5.222222222199999919e+01 4.612222222220000276e+02
9.825000000000000000e+01 4.620625000000000000e+02
3.893999999999999773e+02 4.621999999999999886e+02
5.161000000000000227e+02 4.618999999999999773e+02
1.600000000000000000e+02 4.630000000000000000e+02
2.266428571429999863e+02 4.664285714289999873e+02
3.568846153850000178e+02 4.671153846149999822e+02
3.588461538499999648e+01 4.688846153850000178e+02
5.600882352940000146e+02 4.693823529410000219e+02
2.859117647059999854e+02 4.702647058819999870e+02
2.014000000000000057e+02 4.725500000000000114e+02
4.291000000000000227e+02 4.718999999999999773e+02
4.796499999999999773e+02 4.727500000000000000e+02
2.100000000000000000e+01 4.725000000000000000e+02
1.089615384619999929e+02 4.726538461540000071e+02
2.760000000000000000e+02 4.727857142859999726e+02
4.974166666670000154e+02 4.731666666670000154e+02
7.200000000000000000e+01 4.735000000000000000e+02
2.419000000000000057e+02 4.741000000000000227e+02
3.040000000000000000e+02 4.740000000000000000e+02
5.473823529410000219e+02 4.740882352940000146e+02
1.814230769229999964e+02 4.761153846149999822e+02
3.330000000000000000e+02 4.760000000000000000e+02
3.660000000000000000e+02 4.760000000000000000e+02
4.081153846149999822e+02 4.771153846149999822e+02
5.266666666700000121e+01 4.795000000000000000e+02
3.956111111110000138e+02 4.790555555560000016e+02
1.298684210529999916e+02 4.800263157890000230e+02
5.292500000000000000e+02 4.799375000000000000e+02
9.450000000000000000e+01 4.812894736839999723e+02
1.460000000000000000e+02 4.807857142859999726e+02
4.454230769229999964e+02 4.811923076919999858e+02
4.671875000000000000e+02 4.816875000000000000e+02
1.648750000000000000e+02 4.822500000000000000e+02
3.721666666670000154e+02 4.824166666670000154e+02
4.326999999999999886e+02 4.821000000000000227e+02
1.833333332999999898e+00 4.845000000000000000e+02
5.750333333329999732e+02 4.846333333329999959e+02
7.657142857099999844e+01 4.851428571430000147e+02
4.880000000000000000e+02 4.855000000000000000e+02
3.527500000000000000e+02 4.862500000000000000e+02
2.280000000000000000e+02 4.870000000000000000e+02
2.020000000000000000e+02 4.892142857140000274e+02
2.369000000000000057e+02 4.905666666669999927e+02
4.716176470589999781e+02 4.899117647059999854e+02
5.572272727270000132e+02 4.903181818180000278e+02
3.000000000000000000e+01 4.915000000000000000e+02
3.183750000000000000e+02 4.916875000000000000e+02
5.111363636359999987e+02 4.905909090910000145e+02
1.455000000000000000e+02 4.916999999999999886e+02
2.980000000000000000e+02 4.920000000000000000e+02
2.099166666669999870e+02 4.927500000000000000e+02
2.680000000000000000e+02 4.940000000000000000e+02
3.884499999999999886e+02 4.959499999999999886e+02
4.836666666699999695e+01 4.959666666670000268e+02
4.343666666670000041e+02 4.970333333329999732e+02
1.180999999999999943e+02 4.978999999999999773e+02
3.555909090910000145e+02 4.981363636359999987e+02
4.524230769229999964e+02 4.978076923080000142e+02
1.566999999999999886e+02 4.990000000000000000e+02
3.361000000000000227e+02 4.998999999999999773e+02
5.276111111110000138e+02 5.006111111110000138e+02
9.800000000000000000e+01 5.020000000000000000e+02
1.301666666669999870e+02 5.017666666669999813e+02
2.281153846150000106e+02 5.020384615379999786e+02
1.838846153849999894e+02 5.028846153850000178e+02
6.529999999999999716e+01 5.040000000000000000e+02
7.850000000000000000e+01 5.045000000000000000e+02
4.667500000000000000e+02 5.041250000000000000e+02
1.485294117599999986e+01 5.059705882349999797e+02
2.459117647060000138e+02 5.063823529410000219e+02
4.112142857140000274e+02 5.060000000000000000e+02
4.970000000000000000e+02 5.057857142859999726e+02
5.490384615379999786e+02 5.063461538459999929e+02
3.022777777779999724e+02 5.083888888889999862e+02
5.115000000000000000e+02 5.079285714289999873e+02
3.475000000000000000e+01 5.097500000000000000e+02
2.711875000000000000e+02 5.104375000000000000e+02
3.732500000000000000e+02 5.102500000000000000e+02
2.036333333329999959e+02 5.121666666669999586e+02
3.236250000000000000e+02 5.113750000000000000e+02
1.504130434779999916e+02 5.152826086960000112e+02
4.805000000000000000e+02 5.150000000000000000e+02
2.210454545450000126e+02 5.148636363639999445e+02
4.263571428569999853e+02 5.155714285709999558e+02
5.790882352940000146e+02 5.153823529410000219e+02
6.440000000000000568e+01 5.165499999999999545e+02
5.262142857139999705e+02 5.160000000000000000e+02
5.461000000000000227e+02 5.158999999999999773e+02
2.860000000000000000e+02 5.170000000000000000e+02
1.895000000000000000e+02 5.191470588240000552e+02
3.728846153850000178e+02 5.197307692309999538e+02
4.435909090910000145e+02 5.201363636360000555e+02
1.674166666669999870e+02 5.211666666669999586e+02
3.503095238099999733e+02 5.215476190480000014e+02
3.941315789469999800e+02 5.222894736839999723e+02
1.238846153850000036e+02 5.228846153849999610e+02
2.578000000000000114e+02 5.232000000000000455e+02
1.800000000000000000e+01 5.245000000000000000e+02
5.006176470589999781e+02 5.237941176470000073e+02
4.583999999999999773e+02 5.267999999999999545e+02
9.279999999999999716e+01 5.275499999999999545e+02
2.349000000000000057e+02 5.274333333329999505e+02
2.776000000000000227e+02 5.294500000000000455e+02
7.750000000000000000e+00 5.320000000000000000e+02
3.053999999999999773e+02 5.314500000000000455e+02
1.006578947370000066e+02 5.326578947369999923e+02
5.450000000000000000e+02 5.325000000000000000e+02
4.512500000000000000e+01 5.337500000000000000e+02
1.631363636359999987e+02 5.334090909090000423e+02
3.614523809519999986e+02 5.352619047619999719e+02
2.050000000000000000e+01 5.365000000000000000e+02
1.414333333330000073e+02 5.358999999999999773e+02
4.081666666670000154e+02 5.357666666669999813e+02
4.754499999999999886e+02 5.363999999999999773e+02
1.768684210529999916e+02 5.377105263160000277e+02
2.021363636359999987e+02 5.375909090909999577e+02
3.338999999999999773e+02 5.378999999999999773e+02
3.759117647059999854e+02 5.386176470589999781e+02
5.231499999999999773e+02 5.391499999999999773e+02
5.726578947369999923e+02 5.386578947369999923e+02
6.387500000000000000e+01 5.397500000000000000e+02
2.892142857140000274e+02 5.390000000000000000e+02
4.340333333329999732e+02 5.396333333329999959e+02
5.045000000000000000e+02 5.390000000000000000e+02
3.250555555560000016e+02 5.405555555559999448e+02
2.270294117649999919e+02 5.428529411759999448e+02
3.998636363640000013e+02 5.415909090909999577e+02
1.213235294119999992e+02 5.434411764709999488e+02
2.976999999999999886e+02 5.450000000000000000e+02
4.925000000000000000e+02 5.450000000000000000e+02
2.608846153850000178e+02 5.461153846150000390e+02
4.505555555600000162e+01 5.492777777779999724e+02
2.019666666669999984e+02 5.496333333329999959e+02
5.795000000000000000e+02 5.495000000000000000e+02
4.255000000000000000e+02 5.510000000000000000e+02
4.441153846149999822e+02 5.521153846150000390e+02
9.344444444399999838e+01 5.536111111110000138e+02
5.660454545449999841e+02 5.546363636360000555e+02
3.636333333329999959e+02 5.550333333329999732e+02
4.649705882349999797e+02 5.561470588240000552e+02
2.214285713999999849e+00 5.570000000000000000e+02
3.311250000000000000e+02 5.572500000000000000e+02
3.438999999999999773e+02 5.568999999999999773e+02
5.417105263160000277e+02 5.575000000000000000e+02
1.600333333330000016e+02 5.586333333329999959e+02
2.697941176470000073e+02 5.597941176470000073e+02
5.177500000000000000e+02 5.589166666669999586e+02
1.672142857139999990e+02 5.600000000000000000e+02
3.093333333329999846e+02 5.600000000000000000e+02
4.188461538499999648e+01 5.607307692309999538e+02
2.230000000000000000e+02 5.602999999999999545e+02
2.432500000000000000e+02 5.608750000000000000e+02
2.733333333299999879e+01 5.616666666669999586e+02
6.900000000000000000e+01 5.621666666669999586e+02
1.100000000000000000e+02 5.620000000000000000e+02
3.896666666670000154e+02 5.621666666669999586e+02
4.875000000000000000e+02 5.621250000000000000e+02
1.275000000000000000e+02 5.625000000000000000e+02
