1.260000000000000000e+02 5.000000000000000000e-01
3.240294117650000203e+02 2.852941175999999857e+00
4.009444444439999984e+02 1.166666667000000102e+00
5.815000000000000000e+02 8.750000000000000000e-01
2.271363636359999987e+02 2.954545454999999876e+00
3.756428571430000147e+02 3.690476190000000045e+00
4.788461538499999648e+01 4.884615385000000032e+00
5.530000000000000000e+02 5.214285713999999849e+00
6.650000000000000000e+01 5.700000000000000178e+00
1.513823529409999935e+02 6.088235294000000408e+00
2.766578947369999923e+02 7.342105262999999660e+00
4.870625000000000000e+02 7.937500000000000000e+00
3.031818181819999722e+02 8.636363636000000454e+00
3.471000000000000227e+02 8.099999999999999645e+00
5.232142857139999705e+02 8.142857143000000519e+00
2.212500000000000000e+01 9.062500000000000000e+00
8.662500000000000000e+01 9.437500000000000000e+00
5.375000000000000000e+02 8.928571428999999782e+00
1.759545454549999874e+02 9.681818182000000661e+00
1.924000000000000057e+02 1.144999999999999929e+01
3.945000000000000000e+02 1.069999999999999929e+01
4.270882352940000146e+02 1.161764705899999939e+01
9.992857142900000156e+01 1.283333333300000056e+01
2.525999999999999943e+02 1.244999999999999929e+01
4.352777777779999724e+02 1.300000000000000000e+01
5.615000000000000000e+02 1.371052631599999927e+01
1.379705882350000081e+02 1.414705882400000014e+01
2.289666666669999984e+02 1.463333333299999950e+01
4.575000000000000000e+02 1.350000000000000000e+01
5.153888888889999862e+02 1.477777777800000081e+01
2.130000000000000000e+02 1.550000000000000000e+01
4.883666666670000041e+02 1.696666666699999837e+01
5.734500000000000455e+02 1.939999999999999858e+01
1.309999999999999964e+01 2.289999999999999858e+01
4.656111111110000138e+02 2.222222222199999919e+01
5.315000000000000000e+02 2.350000000000000000e+01
2.717857142859999726e+02 2.400000000000000000e+01
3.545909090910000145e+02 2.440909090899999967e+01
5.365789473699999945e+01 2.565789473699999945e+01
9.996153846199999293e+01 2.542307692299999999e+01
1.580000000000000000e+02 2.550000000000000000e+01
1.787777777780000008e+02 2.488888888900000040e+01
7.150000000000000000e+01 2.632608695700000112e+01
1.196578947370000066e+02 2.634210526300000055e+01
3.033000000000000114e+02 2.600000000000000000e+01
3.861666666670000154e+02 2.594444444399999838e+01
3.213235294120000276e+02 2.732352941199999918e+01
3.717857142859999726e+02 2.700000000000000000e+01
5.555000000000000000e+02 2.900000000000000000e+01
1.264285714300000052e+01 3.030952381000000173e+01
2.350384615380000071e+02 3.034615384599999999e+01
2.850000000000000000e+02 3.000000000000000000e+01
4.115000000000000000e+02 3.150000000000000000e+01
4.972500000000000000e+02 3.175000000000000000e+01
1.361153846150000106e+02 3.211538461500000352e+01
2.495909090909999861e+02 3.186363636400000132e+01
1.150882352940000004e+02 3.361764705899999939e+01
1.952692307689999893e+02 3.334615384599999999e+01
2.194090909090000139e+02 3.286363636400000132e+01
3.794230769229999964e+02 3.296153846200000004e+01
3.968181818200000066e+01 3.395454545500000165e+01
4.553999999999999773e+02 3.454999999999999716e+01
3.635769230770000036e+02 3.511538461500000352e+01
4.225500000000000114e+02 3.539999999999999858e+01
4.792894736839999723e+02 3.586842105299999872e+01
6.588461538500000358e+01 3.611538461500000352e+01
3.298750000000000000e+02 3.725000000000000000e+01
5.169375000000000000e+02 3.725000000000000000e+01
9.037500000000000000e+01 4.083333333299999879e+01
3.987666666669999813e+02 4.083333333299999879e+01
1.563421052630000077e+02 4.265789473699999945e+01
2.612058823529999927e+02 4.226470588200000122e+01
5.391428571430000147e+02 4.221428571399999896e+01
3.604411764710000057e+02 4.467647058800000082e+01
2.949375000000000000e+02 4.575000000000000000e+01
3.300000000000000000e+02 4.500000000000000000e+01
3.444411764710000057e+02 4.532352941199999918e+01
4.391153846149999822e+02 4.511538461500000352e+01
3.661111111099999960e+01 4.622222222199999919e+01
5.683823529410000219e+02 4.591176470599999959e+01
2.211538461499999997e+01 4.711538461500000352e+01
1.347222222219999992e+02 4.700000000000000000e+01
3.700000000000000178e+00 4.829999999999999716e+01
4.582647058819999870e+02 4.820588235299999980e+01
1.783636363640000013e+02 5.018181818200000066e+01
1.970294117649999919e+02 5.050000000000000000e+01
3.141363636359999987e+02 5.140909090899999967e+01
2.245000000000000000e+02 5.350000000000000000e+01
2.876764705879999724e+02 5.344117647099999857e+01
3.915000000000000000e+02 5.400000000000000000e+01
4.183888888889999862e+02 5.477777777800000081e+01
3.398846153850000178e+02 5.511538461500000352e+01
4.900000000000000000e+02 5.500000000000000000e+01
5.662222222220000276e+02 5.561111111099999960e+01
5.761111111099999960e+01 5.677777777800000081e+01
9.768181818200000066e+01 5.568181818200000066e+01
5.127857142860000295e+02 5.600000000000000000e+01
5.269666666670000268e+02 5.636666666699999695e+01
5.436499999999999773e+02 5.914999999999999858e+01
4.805000000000000000e+02 5.850000000000000000e+01
5.778571428569999853e+02 5.971428571399999896e+01
2.700000000000000000e+01 6.078571428600000104e+01
7.990000000000000568e+01 6.110000000000000142e+01
2.350882352939999862e+02 6.138235294100000061e+01
2.512777777780000008e+02 6.100000000000000000e+01
4.066666666700000121e+01 6.277777777800000081e+01
1.215000000000000000e+02 6.170000000000000284e+01
3.711000000000000227e+02 6.189999999999999858e+01
1.470000000000000000e+02 6.278571428600000104e+01
2.108125000000000000e+02 6.368750000000000000e+01
3.947222222220000276e+02 6.400000000000000000e+01
4.335000000000000000e+02 6.400000000000000000e+01
1.977500000000000000e+02 6.612500000000000000e+01
1.638636363640000013e+02 6.659090909100000033e+01
3.420000000000000000e+02 6.772222222199999919e+01
4.974285714289999873e+02 6.685714285699999948e+01
3.091153846149999822e+02 6.788461538500000358e+01
2.607142857140000274e+02 6.892857142900000156e+01
1.735999999999999943e+02 7.054999999999999716e+01
4.506250000000000000e+02 7.037500000000000000e+01
1.135000000000000000e+02 7.150000000000000000e+01
1.278333333329999988e+02 7.258333333299999879e+01
7.550000000000000000e+01 7.485294117600000163e+01
2.918571428569999853e+02 7.471428571399999896e+01
5.169375000000000000e+02 7.425000000000000000e+01
3.266666666670000154e+02 7.577777777800000081e+01
4.625555555560000016e+02 7.672222222199999919e+01
8.708823529400000041e+01 7.961764705900000649e+01
4.810000000000000000e+02 7.921428571399999896e+01
5.663666666670000041e+02 7.903333333300000163e+01
2.191153846150000106e+02 8.011538461499999642e+01
6.676470587999999928e+00 8.132352941199999918e+01
2.807105263160000277e+02 8.113157894699999417e+01
5.355000000000000000e+02 8.100000000000000000e+01
5.350000000000000000e+01 8.200000000000000000e+01
2.380000000000000000e+02 8.100000000000000000e+01
3.810000000000000000e+02 8.300000000000000000e+01
4.101000000000000227e+02 8.290000000000000568e+01
4.435909090910000145e+02 8.286363636400000132e+01
3.130000000000000000e+02 8.500000000000000000e+01
2.494090909090000139e+02 8.759090909100000033e+01
2.915500000000000114e+02 8.784999999999999432e+01
5.856578947369999923e+02 8.734210526299999344e+01
2.544117647099999857e+01 8.808823529400000041e+01
1.525000000000000000e+02 8.800000000000000000e+01
3.614090909089999855e+02 8.840909090899999967e+01
5.520000000000000000e+02 8.868750000000000000e+01
1.060000000000000000e+02 8.878571428600000104e+01
2.122222222219999992e+02 9.038888888900000040e+01
7.650000000000000000e+01 9.129999999999999716e+01
5.038846153850000178e+02 9.111538461499999642e+01
4.235000000000000000e+02 9.250000000000000000e+01
1.674090909090000139e+02 9.313636363599999868e+01
1.840999999999999943e+02 9.309999999999999432e+01
5.183461538459999929e+02 9.303846153800000707e+01
5.716578947369999923e+02 9.334210526299999344e+01
1.208823529400000041e+01 9.661764705900000649e+01
4.690833333329999846e+02 9.675000000000000000e+01
1.290000000000000000e+02 9.750000000000000000e+01
5.288461538499999648e+01 9.888461538500000358e+01
1.480000000000000000e+02 9.850000000000000000e+01
4.033666666670000041e+02 9.896666666699999837e+01
3.673125000000000000e+02 9.981250000000000000e+01
4.501000000000000227e+02 9.990000000000000568e+01
5.412058823529999927e+02 1.006176470590000065e+02
2.771153846149999822e+02 1.011153846149999964e+02
3.501000000000000227e+02 1.009000000000000057e+02
4.114285714300000052e+01 1.027142857139999990e+02
2.222222222219999992e+02 1.026111111109999996e+02
1.648636363640000013e+02 1.039545454550000017e+02
2.431153846150000106e+02 1.051153846149999964e+02
3.279444444439999984e+02 1.057222222219999992e+02
5.161470588240000552e+02 1.050294117650000061e+02
8.563333333299999595e+01 1.059666666669999984e+02
2.047727272729999868e+02 1.056818181820000007e+02
3.020294117650000203e+02 1.068529411760000016e+02
5.610000000000000000e+02 1.060000000000000000e+02
3.901153846149999822e+02 1.068846153850000036e+02
4.887222222220000276e+02 1.074444444439999984e+02
5.870714285709999558e+02 1.102142857139999990e+02
2.647105263160000277e+02 1.118684210530000058e+02
4.201153846149999822e+02 1.118846153850000036e+02
1.171153846149999964e+02 1.131153846149999964e+02
4.992083333329999846e+02 1.145000000000000000e+02
2.266666666700000121e+01 1.156111111109999996e+02
7.107142857099999844e+01 1.155952380949999991e+02
1.047000000000000028e+02 1.145000000000000000e+02
2.170000000000000000e+02 1.155000000000000000e+02
2.909705882349999797e+02 1.161470588239999984e+02
1.398529411760000016e+02 1.175000000000000000e+02
4.694444444439999984e+02 1.172777777780000008e+02
6.099999999999999645e+00 1.185666666670000069e+02
1.821153846150000106e+02 1.181153846149999964e+02
4.406250000000000000e+02 1.176250000000000000e+02
2.395000000000000000e+02 1.185000000000000000e+02
4.063823529410000219e+02 1.190882352940000004e+02
5.280000000000000000e+02 1.192142857139999990e+02
3.400000000000000000e+02 1.200000000000000000e+02
8.650000000000000000e+01 1.225000000000000000e+02
1.021250000000000000e+02 1.235000000000000000e+02
3.593421052630000077e+02 1.233421052629999934e+02
5.741666666669999586e+02 1.227500000000000000e+02
4.436666666699999695e+01 1.249666666669999984e+02
3.111153846149999822e+02 1.248846153850000036e+02
1.255625000000000000e+02 1.261875000000000000e+02
4.621000000000000227e+02 1.260999999999999943e+02
6.913636363599999868e+01 1.274090909089999997e+02
2.112777777780000008e+02 1.285555555560000016e+02
3.715909090910000145e+02 1.278636363640000013e+02
1.657105263159999993e+02 1.295526315790000069e+02
2.720000000000000000e+02 1.290000000000000000e+02
4.245000000000000000e+02 1.291470588239999984e+02
4.451923076919999858e+02 1.285000000000000000e+02
4.818846153850000178e+02 1.291153846150000106e+02
5.509615384620000214e+02 1.293461538459999929e+02
1.795000000000000000e+02 1.303333333330000130e+02
3.930000000000000000e+02 1.307857142860000010e+02
1.811538461499999997e+01 1.321153846150000106e+02
2.291875000000000000e+02 1.326250000000000000e+02
2.552142857139999990e+02 1.320000000000000000e+02
5.209705882350000365e+02 1.331470588239999984e+02
5.364333333329999505e+02 1.335666666669999927e+02
3.810000000000000142e+01 1.339000000000000057e+02
1.919285714289999873e+02 1.385000000000000000e+02
2.888999999999999773e+02 1.379000000000000057e+02
4.980000000000000000e+02 1.380000000000000000e+02
3.352647058819999870e+02 1.392647058819999870e+02
5.540000000000000000e+02 1.392142857139999990e+02
5.760833333330000414e+02 1.392500000000000000e+02
3.130000000000000000e+02 1.416428571429999863e+02
3.606176470589999781e+02 1.409117647060000138e+02
4.554375000000000000e+02 1.417500000000000000e+02
4.839999999999999858e+01 1.428000000000000114e+02
1.436333333329999959e+02 1.420333333330000016e+02
1.608387096769999971e+02 1.487741935479999995e+02
4.126578947369999923e+02 1.423421052630000077e+02
1.155000000000000000e+02 1.440000000000000000e+02
2.944444444000000161e+00 1.453888888889999862e+02
6.379411764700000020e+01 1.459705882350000081e+02
2.086999999999999886e+02 1.455000000000000000e+02
2.335000000000000000e+02 1.475555555560000016e+02
2.612777777779999724e+02 1.470000000000000000e+02
4.806000000000000227e+02 1.475500000000000114e+02
1.015000000000000000e+02 1.490000000000000000e+02
4.246999999999999886e+02 1.485000000000000000e+02
3.845000000000000000e+02 1.501470588239999984e+02
4.945909090910000145e+02 1.514090909090000139e+02
3.729615384620000214e+02 1.523461538459999929e+02
5.231000000000000227e+02 1.520999999999999943e+02
7.581250000000000000e+01 1.536250000000000000e+02
5.720000000000000000e+02 1.535000000000000000e+02
2.411111111110000138e+02 1.542777777780000008e+02
4.397142857140000274e+02 1.551428571429999863e+02
3.346904761900000267e+02 1.563571428570000137e+02
2.858999999999999773e+02 1.569000000000000057e+02
1.320999999999999943e+02 1.589000000000000057e+02
4.142307692300000355e+01 1.601923076920000142e+02
1.523181818179999993e+02 1.606818181820000007e+02
3.065000000000000000e+02 1.615000000000000000e+02
3.472500000000000000e+02 1.611666666669999870e+02
5.163823529410000219e+02 1.610882352939999862e+02
5.410000000000000000e+02 1.607857142860000010e+02
4.603823529410000219e+02 1.629117647060000138e+02
1.803260869570000011e+02 1.645000000000000000e+02
2.718750000000000000e+02 1.638750000000000000e+02
4.048333333329999846e+02 1.633888888889999862e+02
1.550000000000000000e+01 1.655000000000000000e+02
2.095000000000000000e+02 1.645000000000000000e+02
1.785714285999999928e+00 1.660000000000000000e+02
5.556333333329999959e+02 1.669666666669999984e+02
6.650000000000000000e+01 1.687105263159999993e+02
2.815000000000000000e+02 1.687857142860000010e+02
4.786428571430000147e+02 1.696904761899999983e+02
9.886842105300000583e+01 1.707105263159999993e+02
1.713888888889999862e+02 1.707777777780000008e+02
4.202894736839999723e+02 1.701315789470000084e+02
1.260000000000000000e+02 1.720000000000000000e+02
3.220000000000000000e+02 1.730000000000000000e+02
2.385000000000000000e+02 1.745000000000000000e+02
2.057500000000000000e+02 1.752500000000000000e+02
3.538999999999999773e+02 1.759000000000000057e+02
4.938684210530000200e+02 1.767105263159999993e+02
8.137500000000000000e+01 1.778125000000000000e+02
3.676875000000000000e+02 1.771875000000000000e+02
5.323421052630000077e+02 1.776578947369999923e+02
2.239444444439999984e+02 1.783888888889999862e+02
3.325833333329999846e+02 1.781666666669999870e+02
5.737777777779999724e+02 1.783333333330000130e+02
1.120000000000000000e+02 1.790000000000000000e+02
1.506052631580000138e+02 1.799210526319999985e+02
3.886176470589999781e+02 1.789117647060000138e+02
2.100000000000000000e+01 1.810000000000000000e+02
2.785000000000000000e+02 1.810000000000000000e+02
4.353421052630000077e+02 1.816578947369999923e+02
5.000000000000000000e-01 1.815000000000000000e+02
4.675000000000000000e+02 1.830000000000000000e+02
2.491250000000000000e+02 1.842500000000000000e+02
4.101363636359999987e+02 1.840454545450000126e+02
5.350000000000000000e+01 1.857916666669999870e+02
7.408823529400000041e+01 1.853823529409999935e+02
3.040000000000000000e+02 1.852777777780000008e+02
3.622727272699999901e+01 1.866818181820000007e+02
3.105000000000000000e+02 1.868076923079999858e+02
4.757222222220000276e+02 1.868888888889999862e+02
1.168181818200000066e+01 1.870454545450000126e+02
2.037500000000000000e+02 1.893499999999999943e+02
2.750000000000000000e+02 1.900000000000000000e+02
3.753888888889999862e+02 1.902222222219999992e+02
5.147777777779999724e+02 1.906111111110000138e+02
4.638000000000000114e+02 1.916500000000000057e+02
1.830000000000000000e+02 1.915000000000000000e+02
5.693823529410000219e+02 1.919117647060000138e+02
1.273666666670000041e+02 1.930333333330000016e+02
1.649615384619999929e+02 1.931923076920000142e+02
1.440000000000000000e+02 1.945000000000000000e+02
3.308000000000000114e+02 1.946500000000000057e+02
4.194333333330000073e+02 1.940999999999999943e+02
2.215999999999999943e+02 1.963000000000000114e+02
5.838846153849999610e+02 1.961153846150000106e+02
1.089000000000000057e+02 1.969000000000000057e+02
2.401153846150000106e+02 1.968846153849999894e+02
2.827352941180000130e+02 1.972647058819999870e+02
3.906818181819999722e+02 1.973181818179999993e+02
4.488846153850000178e+02 1.968846153849999894e+02
6.200000000000000000e+01 1.995000000000000000e+02
5.537500000000000000e+02 1.997500000000000000e+02
3.529666666670000268e+02 2.013666666670000041e+02
5.288750000000000000e+02 2.012500000000000000e+02
4.971250000000000000e+02 2.032500000000000000e+02
2.705000000000000000e+02 2.055000000000000000e+02
2.980882352940000146e+02 2.063823529409999935e+02
5.117857142859999726e+02 2.060000000000000000e+02
5.740000000000000000e+02 2.057857142860000010e+02
8.583333333299999879e+01 2.073666666670000041e+02
3.795909090910000145e+02 2.078636363640000013e+02
1.946904761899999983e+02 2.094523809519999986e+02
2.566000000000000227e+02 2.094499999999999886e+02
4.026818181819999722e+02 2.096818181820000007e+02
2.696153846200000004e+01 2.103461538459999929e+02
1.242222222219999992e+02 2.106111111110000138e+02
3.624499999999999886e+02 2.104000000000000057e+02
1.155000000000000071e+01 2.112500000000000000e+02
4.701666666670000154e+02 2.121666666669999870e+02
4.995000000000000000e+02 2.120000000000000000e+02
4.281250000000000000e+01 2.135625000000000000e+02
1.540000000000000000e+02 2.132142857139999990e+02
1.720294117649999919e+02 2.136176470590000065e+02
2.091999999999999886e+02 2.131999999999999886e+02
1.173461538460000071e+02 2.139615384619999929e+02
3.173823529410000219e+02 2.149117647060000138e+02
4.340000000000000000e+02 2.142142857139999990e+02
9.116666666700000121e+01 2.155000000000000000e+02
4.485000000000000000e+02 2.160000000000000000e+02
7.204545454499999835e+01 2.185000000000000000e+02
2.315000000000000000e+02 2.184166666669999870e+02
2.824624999999999773e+02 2.213750000000000000e+02
3.461315789469999800e+02 2.197105263159999993e+02
5.395499999999999545e+02 2.195999999999999943e+02
2.458333333330000130e+02 2.215555555560000016e+02
4.030000000000000000e+02 2.210000000000000000e+02
5.541153846150000390e+02 2.208846153849999894e+02
5.875000000000000000e+02 2.210000000000000000e+02
5.111153846149999822e+02 2.251153846150000106e+02
1.475000000000000000e+02 2.265000000000000000e+02
1.971470588239999984e+02 2.260294117649999919e+02
3.316000000000000227e+02 2.264499999999999886e+02
3.901000000000000227e+02 2.270600000000000023e+02
4.606578947369999923e+02 2.266578947369999923e+02
5.540909090899999967e+01 2.278636363640000013e+02
3.080000000000000000e+02 2.285000000000000000e+02
1.189117647059999996e+02 2.293823529409999935e+02
4.435000000000000000e+02 2.286999999999999886e+02
7.473529411799999878e+01 2.327941176470000073e+02
3.611153846149999822e+02 2.321153846150000106e+02
1.048571428569999995e+02 2.326428571429999863e+02
4.187941176470000073e+02 2.332647058819999870e+02
4.835500000000000114e+02 2.335999999999999943e+02
2.222222222000000080e+00 2.346111111110000138e+02
3.061764705899999939e+01 2.340882352939999862e+02
5.730789473679999446e+02 2.343421052630000077e+02
2.576578947369999923e+02 2.353421052630000077e+02
1.631428571429999863e+02 2.367142857139999990e+02
2.252500000000000000e+02 2.367500000000000000e+02
6.321428571399999896e+01 2.373571428570000137e+02
3.452500000000000000e+02 2.370833333330000130e+02
1.810000000000000000e+02 2.380000000000000000e+02
5.270333333329999732e+02 2.383666666670000041e+02
2.906111111110000138e+02 2.392222222219999992e+02
5.471250000000000000e+02 2.392500000000000000e+02
3.990909090910000145e+02 2.412272727270000132e+02
2.403499999999999943e+02 2.413000000000000114e+02
3.697857142859999726e+02 2.410000000000000000e+02
5.083333332999999676e+00 2.437500000000000000e+02
1.093461538460000071e+02 2.443461538459999929e+02
1.765789473699999945e+01 2.453421052630000077e+02
1.480000000000000000e+02 2.447857142860000010e+02
2.072500000000000000e+02 2.451666666669999870e+02
3.293888888889999862e+02 2.464444444439999984e+02
3.601153846149999822e+02 2.458846153849999894e+02
5.082142857140000274e+02 2.460000000000000000e+02
5.823823529410000219e+02 2.459117647060000138e+02
4.289999999999999858e+01 2.469000000000000057e+02
8.308823529400000041e+01 2.473823529409999935e+02
1.345000000000000000e+02 2.495769230770000036e+02
2.696578947369999923e+02 2.496578947369999923e+02
4.231000000000000227e+02 2.489000000000000057e+02
4.507500000000000000e+02 2.492500000000000000e+02
4.984499999999999886e+02 2.514000000000000057e+02
4.727500000000000000e+02 2.518333333330000130e+02
5.435869565220000368e+02 2.537173913039999888e+02
4.833461538459999929e+02 2.540384615380000071e+02
3.812058823529999927e+02 2.552647058819999870e+02
5.658999999999999773e+02 2.549000000000000057e+02
7.450000000000000178e+00 2.563999999999999773e+02
1.965000000000000000e+02 2.565000000000000000e+02
3.476764705879999724e+02 2.563235294120000276e+02
3.035000000000000000e+02 2.571250000000000000e+02
1.610000000000000000e+02 2.580000000000000000e+02
2.557500000000000000e+02 2.587500000000000000e+02
5.206428571430000147e+02 2.584285714289999873e+02
5.850000000000000000e+01 2.605000000000000000e+02
1.430999999999999943e+02 2.601000000000000227e+02
2.837142857140000274e+02 2.598571428569999853e+02
4.228333333329999846e+02 2.625000000000000000e+02
4.008823529400000041e+01 2.636176470589999781e+02
4.778999999999999773e+02 2.631000000000000227e+02
9.640476190500000087e+01 2.649285714289999873e+02
1.865000000000000000e+02 2.655000000000000000e+02
2.237222222219999992e+02 2.650000000000000000e+02
4.066333333329999959e+02 2.649666666670000268e+02
1.220000000000000000e+02 2.660000000000000000e+02
3.103421052630000077e+02 2.668157894739999847e+02
2.001999999999999886e+02 2.676000000000000227e+02
4.934411764710000057e+02 2.672647058819999870e+02
5.548846153849999610e+02 2.668846153850000178e+02
4.544090909089999855e+02 2.681363636359999987e+02
5.854444444440000552e+02 2.687222222220000276e+02
2.400999999999999943e+02 2.691999999999999886e+02
4.390000000000000000e+02 2.690000000000000000e+02
8.550000000000000000e+01 2.701470588239999984e+02
2.681470588239999984e+02 2.705000000000000000e+02
3.740000000000000000e+02 2.696999999999999886e+02
3.968846153850000178e+02 2.715769230770000036e+02
1.285000000000000000e+02 2.725000000000000000e+02
3.360294117650000203e+02 2.731470588239999984e+02
3.011363636359999987e+02 2.739545454550000159e+02
1.667500000000000000e+02 2.750000000000000000e+02
5.043888888889999862e+02 2.755555555560000016e+02
5.300000000000000000e+02 2.756999999999999886e+02
4.078571428600000104e+01 2.810000000000000000e+02
6.850000000000000000e+01 2.810000000000000000e+02
4.383947368419999862e+02 2.809210526319999985e+02
1.518000000000000114e+02 2.818000000000000114e+02
3.455000000000000000e+02 2.820000000000000000e+02
3.832058823529999927e+02 2.823823529410000219e+02
1.340909090899999967e+01 2.834090909089999855e+02
2.250999999999999943e+02 2.828999999999999773e+02
2.695000000000000000e+02 2.826999999999999886e+02
2.885833333329999846e+02 2.828333333329999846e+02
3.693181818180000278e+02 2.826818181819999722e+02
5.732894736839999723e+02 2.838684210530000200e+02
2.855000000000000071e+01 2.843999999999999773e+02
1.095000000000000000e+02 2.852500000000000000e+02
3.098999999999999773e+02 2.851000000000000227e+02
4.170882352940000146e+02 2.853823529410000219e+02
5.428999999999999773e+02 2.851000000000000227e+02
9.111538461499999642e+01 2.872692307689999893e+02
2.013461538459999929e+02 2.870384615379999786e+02
4.032500000000000000e+02 2.868750000000000000e+02
2.555909090909999861e+02 2.895909090910000145e+02
4.927500000000000000e+02 2.906499999999999773e+02
4.536000000000000227e+02 2.915500000000000114e+02
4.704499999999999886e+02 2.919499999999999886e+02
3.261470588239999984e+02 2.925000000000000000e+02
1.286500000000000057e+02 2.941999999999999886e+02
2.371153846150000106e+02 2.932692307689999893e+02
5.875000000000000000e+02 2.925000000000000000e+02
1.620000000000000000e+02 2.955000000000000000e+02
5.640000000000000000e+02 2.950000000000000000e+02
1.824444444439999984e+02 2.962777777779999724e+02
5.225625000000000000e+02 2.962500000000000000e+02
2.182500000000000000e+02 2.971250000000000000e+02
3.570000000000000000e+02 2.978888888889999862e+02
6.229999999999999716e+01 2.980000000000000000e+02
1.490882352939999862e+02 2.986176470589999781e+02
5.020882352940000146e+02 2.993823529410000219e+02
2.748571428569999853e+02 3.002857142859999726e+02
3.790333333329999732e+02 3.003666666670000041e+02
9.462500000000000000e+01 3.011875000000000000e+02
2.577105263160000277e+02 3.015000000000000000e+02
4.382222222220000276e+02 3.023333333329999846e+02
1.491176470599999959e+01 3.036176470589999781e+02
1.992777777780000008e+02 3.030000000000000000e+02
3.005000000000000000e+02 3.045000000000000000e+02
3.487307692310000107e+02 3.046538461540000071e+02
1.447105263159999993e+02 3.051315789469999800e+02
3.999499999999999886e+02 3.058000000000000114e+02
4.300000000000000000e+01 3.065000000000000000e+02
7.286363636400000132e+01 3.065909090910000145e+02
3.193823529410000219e+02 3.086176470589999781e+02
5.326578947369999923e+02 3.096578947369999923e+02
2.369615384619999929e+02 3.096538461540000071e+02
5.775909090909999577e+02 3.101363636359999987e+02
4.762222222220000276e+02 3.113888888889999862e+02
1.782500000000000000e+02 3.131666666670000154e+02
3.605000000000000000e+02 3.135000000000000000e+02
4.960000000000000000e+02 3.127857142859999726e+02
2.884090909089999855e+02 3.145909090910000145e+02
1.640000000000000000e+02 3.157222222220000276e+02
4.561153846149999822e+02 3.148846153850000178e+02
1.185952380949999991e+02 3.170714285710000127e+02
2.171153846150000106e+02 3.168846153850000178e+02
5.493888888889999862e+02 3.172222222220000276e+02
6.642857142999999631e+00 3.196904761900000267e+02
9.128947368400000073e+01 3.191315789469999800e+02
4.788461538499999648e+01 3.201153846149999822e+02
3.953999999999999773e+02 3.205500000000000114e+02
4.146538461540000071e+02 3.200384615379999786e+02
3.305000000000000000e+02 3.215000000000000000e+02
5.115909090910000145e+02 3.224090909089999855e+02
4.288846153850000178e+02 3.231153846149999822e+02
4.607222222220000276e+02 3.233888888889999862e+02
4.830000000000000000e+02 3.227857142859999726e+02
6.803846153800000707e+01 3.236538461540000071e+02
1.788529411760000016e+02 3.245000000000000000e+02
3.097500000000000000e+02 3.238750000000000000e+02
1.252333333330000045e+02 3.255666666669999927e+02
2.695000000000000000e+02 3.260000000000000000e+02
2.835714285699999948e+01 3.278333333329999846e+02
1.910000000000000000e+02 3.275000000000000000e+02
2.559117647060000138e+02 3.276176470589999781e+02
4.480000000000000000e+02 3.270000000000000000e+02
5.646333333329999959e+02 3.280333333329999732e+02
1.428684210529999916e+02 3.307631578950000062e+02
2.351153846150000106e+02 3.301153846149999822e+02
3.486818181819999722e+02 3.318181818180000278e+02
7.166666666700000121e+01 3.325000000000000000e+02
1.125000000000000000e+02 3.320000000000000000e+02
5.540000000000000000e+02 3.315000000000000000e+02
5.257692307699999645e+01 3.351923076919999858e+02
3.771666666670000154e+02 3.355000000000000000e+02
5.320000000000000000e+02 3.350000000000000000e+02
2.748684210530000200e+02 3.372894736839999723e+02
2.507105263159999993e+02 3.385000000000000000e+02
3.055000000000000000e+02 3.380000000000000000e+02
1.674444444439999984e+02 3.392777777779999724e+02
4.121000000000000227e+02 3.394333333330000073e+02
5.026818181819999722e+02 3.393181818180000278e+02
8.350000000000000000e+01 3.408529411760000016e+02
4.605000000000000000e+02 3.399285714289999873e+02
5.755000000000000000e+02 3.405000000000000000e+02
2.534210526300000055e+01 3.413421052630000077e+02
3.235476190480000014e+02 3.416904761900000267e+02
5.161153846150000390e+02 3.418846153850000178e+02
2.130000000000000000e+02 3.430000000000000000e+02
4.238750000000000000e+02 3.437500000000000000e+02
3.945000000000000000e+02 3.440714285710000127e+02
1.338888888900000040e+01 3.472222222220000276e+02
3.615909090910000145e+02 3.466818181819999722e+02
1.960000000000000000e+02 3.480000000000000000e+02
2.322647058819999870e+02 3.482647058819999870e+02
3.103333333300000163e+01 3.496333333329999959e+02
1.311190476190000140e+02 3.495000000000000000e+02
4.470882352940000146e+02 3.496176470589999781e+02
4.759705882349999797e+02 3.498529411760000016e+02
5.983333333299999879e+01 3.495833333329999846e+02
1.516333333329999959e+02 3.500333333329999732e+02
4.100000000000000000e+02 3.502142857140000274e+02
4.948846153850000178e+02 3.501153846149999822e+02
5.851153846150000390e+02 3.508846153850000178e+02
1.035000000000000000e+02 3.538333333329999846e+02
2.603999999999999773e+02 3.540500000000000114e+02
3.750000000000000000e+02 3.542142857140000274e+02
5.086818181819999722e+02 3.543181818180000278e+02
4.311538461500000352e+01 3.548846153850000178e+02
3.382333333330000187e+02 3.556999999999999886e+02
5.693500000000000227e+02 3.571999999999999886e+02
7.950000000000000000e+01 3.581190476190000140e+02
1.285000000000000000e+02 3.565000000000000000e+02
1.668571428570000137e+02 3.584285714289999873e+02
2.146538461540000071e+02 3.579615384620000214e+02
2.992777777779999724e+02 3.581111111110000138e+02
4.291153846149999822e+02 3.582692307689999893e+02
5.513888888889999862e+02 3.572777777779999724e+02
3.926875000000000000e+02 3.596875000000000000e+02
3.597173913039999888e+02 3.608913043480000056e+02
4.598999999999999773e+02 3.598999999999999773e+02
5.315000000000000000e+02 3.600000000000000000e+02
1.825000000000000000e+02 3.616999999999999886e+02
3.143000000000000114e+02 3.635000000000000000e+02
2.420000000000000000e+02 3.655000000000000000e+02
2.791153846149999822e+02 3.668846153850000178e+02
4.758846153850000178e+02 3.668846153850000178e+02
5.007500000000000000e+02 3.682500000000000000e+02
1.697826086999999973e+01 3.711086956519999944e+02
5.411538461500000352e+01 3.701153846149999822e+02
1.155000000000000000e+02 3.713636363640000013e+02
3.370000000000000000e+02 3.720000000000000000e+02
4.188125000000000000e+02 3.726875000000000000e+02
9.829999999999999716e+01 3.746999999999999886e+02
1.369000000000000057e+02 3.741000000000000227e+02
1.841666666669999870e+02 3.745000000000000000e+02
5.545000000000000000e+02 3.745000000000000000e+02
5.219117647059999854e+02 3.753823529410000219e+02
5.870555555559999448e+02 3.752777777779999724e+02
7.528947368400000073e+01 3.768684210530000200e+02
2.000000000000000000e+02 3.762777777779999724e+02
2.658529411760000016e+02 3.759705882349999797e+02
1.517500000000000000e+02 3.785625000000000000e+02
2.241153846150000106e+02 3.778846153850000178e+02
3.792333333330000187e+02 3.788333333329999846e+02
3.045000000000000000e+02 3.790000000000000000e+02
5.693947368420000430e+02 3.799210526319999985e+02
4.108823529400000041e+01 3.813823529410000219e+02
3.581000000000000227e+02 3.811000000000000227e+02
3.261315789469999800e+02 3.827105263160000277e+02
4.447380952380000281e+02 3.831190476190000140e+02
1.187777777780000008e+02 3.836111111110000138e+02
1.660000000000000000e+02 3.830000000000000000e+02
2.887173913039999888e+02 3.835869565219999799e+02
4.640294117650000203e+02 3.841470588239999984e+02
3.875000000000000000e+02 3.850000000000000000e+02
1.385000000000000000e+02 3.856666666670000154e+02
4.085000000000000000e+02 3.865000000000000000e+02
4.258846153850000178e+02 3.881153846149999822e+02
3.485000000000000000e+02 3.895000000000000000e+02
6.338888888900000040e+01 3.907777777779999724e+02
4.950000000000000000e+02 3.900000000000000000e+02
5.327142857139999705e+02 3.898571428569999853e+02
4.840555555560000016e+02 3.926111111110000138e+02
2.321666666669999870e+02 3.935000000000000000e+02
5.220000000000000000e+02 3.935000000000000000e+02
8.616666666700000121e+01 3.936111111110000138e+02
1.026333333329999959e+02 3.939666666670000268e+02
2.796999999999999886e+02 3.935000000000000000e+02
5.566111111110000138e+02 3.947777777779999724e+02
6.342105262999999660e+00 3.956578947369999923e+02
2.470999999999999943e+02 3.948999999999999773e+02
1.773888888889999862e+02 3.958333333329999846e+02
1.962500000000000000e+02 3.961666666670000154e+02
2.135000000000000000e+02 3.975000000000000000e+02
3.013888888889999862e+02 3.999444444439999984e+02
5.701000000000000227e+02 4.001000000000000227e+02
2.900000000000000000e+01 4.010000000000000000e+02
1.562222222219999992e+02 4.026111111110000138e+02
3.585909090910000145e+02 4.025909090910000145e+02
3.868636363640000013e+02 4.015909090910000145e+02
1.165909090910000003e+02 4.038636363640000013e+02
3.288076923080000142e+02 4.040384615379999786e+02
4.350000000000000000e+01 4.050000000000000000e+02
4.537500000000000000e+02 4.049375000000000000e+02
5.264166666669999586e+02 4.066666666670000154e+02
4.750789473680000015e+02 4.073947368419999862e+02
4.210000000000000000e+02 4.085000000000000000e+02
4.887777777779999724e+02 4.083888888889999862e+02
9.511538461499999642e+01 4.088846153850000178e+02
1.368000000000000114e+02 4.096000000000000227e+02
2.430000000000000000e+02 4.090000000000000000e+02
2.572500000000000000e+02 4.092500000000000000e+02
5.092500000000000000e+02 4.088333333329999846e+02
3.492500000000000000e+02 4.120000000000000000e+02
4.055000000000000000e+02 4.120000000000000000e+02
4.395000000000000000e+02 4.120000000000000000e+02
3.767380952380000281e+02 4.138809523809999860e+02
8.000000000000000000e+00 4.145000000000000000e+02
5.744736842100000018e+01 4.145526315789999785e+02
6.790000000000000568e+01 4.151000000000000227e+02
1.980000000000000000e+02 4.150000000000000000e+02
5.433421052630000077e+02 4.156578947369999923e+02
2.050000000000000000e+01 4.163823529410000219e+02
2.133181818179999993e+02 4.171818181819999722e+02
1.630000000000000000e+02 4.167857142859999726e+02
2.855000000000000000e+02 4.171470588239999984e+02
3.071153846149999822e+02 4.172692307689999893e+02
5.591153846150000390e+02 4.187307692310000107e+02
1.830000000000000000e+02 4.200000000000000000e+02
4.151470588239999984e+02 4.210294117650000203e+02
5.097352941180000130e+02 4.212647058819999870e+02
3.850000000000000000e+01 4.226999999999999886e+02
9.233333333299999879e+01 4.233333333329999846e+02
3.877857142859999726e+02 4.225000000000000000e+02
3.164375000000000000e+02 4.257500000000000000e+02
3.440000000000000000e+02 4.247857142859999726e+02
4.638809523809999860e+02 4.255000000000000000e+02
1.095499999999999972e+02 4.266000000000000227e+02
4.276111111110000138e+02 4.280555555560000016e+02
1.531153846150000106e+02 4.288846153850000178e+02
2.373888888889999862e+02 4.293333333329999846e+02
5.768846153849999610e+02 4.291153846149999822e+02
6.800000000000000000e+01 4.307222222220000276e+02
2.625000000000000000e+00 4.303750000000000000e+02
2.035000000000000000e+02 4.313000000000000114e+02
2.566538461540000071e+02 4.310384615379999786e+02
3.232222222220000276e+02 4.313888888889999862e+02
2.450000000000000000e+02 4.327857142859999726e+02
4.807222222220000276e+02 4.335555555560000016e+02
4.937857142859999726e+02 4.330000000000000000e+02
5.322500000000000000e+02 4.329166666670000154e+02
2.776250000000000000e+02 4.336250000000000000e+02
2.898333333329999846e+02 4.333888888889999862e+02
1.325999999999999943e+02 4.354499999999999886e+02
3.673461538459999929e+02 4.354230769229999964e+02
1.693421052630000077e+02 4.365526315789999785e+02
1.886250000000000000e+02 4.363750000000000000e+02
3.555000000000000000e+02 4.377857142859999726e+02
3.910000000000000000e+02 4.376999999999999886e+02
2.284090909090000139e+02 4.391363636359999987e+02
4.010000000000000000e+02 4.395000000000000000e+02
5.125000000000000000e+02 4.405833333329999846e+02
5.540000000000000000e+02 4.420000000000000000e+02
2.950000000000000000e+02 4.430000000000000000e+02
4.263181818180000278e+02 4.433181818180000278e+02
4.446176470589999781e+02 4.432058823529999927e+02
1.184090909089999997e+02 4.447272727270000132e+02
1.542857142899999978e+01 4.447142857140000274e+02
4.638235294100000061e+01 4.452058823529999927e+02
1.486250000000000000e+02 4.451875000000000000e+02
4.608636363640000013e+02 4.450454545449999841e+02
4.776904761900000267e+02 4.454523809519999986e+02
2.156578947369999923e+02 4.465526315789999785e+02
5.644523809519999986e+02 4.476904761900000267e+02
5.016333333329999959e+02 4.480333333329999732e+02
3.365000000000000000e+02 4.497916666670000154e+02
3.770000000000000000e+02 4.490000000000000000e+02
5.873333333330000414e+02 4.493333333329999846e+02
1.268499999999999943e+02 4.508500000000000227e+02
8.657894736999999452e+00 4.516578947369999923e+02
6.475000000000000000e+01 4.512500000000000000e+02
8.461111111099999960e+01 4.512222222220000276e+02
2.805000000000000000e+02 4.512333333330000187e+02
3.078571428600000104e+01 4.530000000000000000e+02
4.152222222220000276e+02 4.553888888889999862e+02
5.420333333329999732e+02 4.553666666670000041e+02
1.001153846149999964e+02 4.558846153850000178e+02
2.592142857140000274e+02 4.560000000000000000e+02
2.410384615380000071e+02 4.566538461540000071e+02
1.867105263159999993e+02 4.584473684210000215e+02
3.145000000000000000e+02 4.583000000000000114e+02
3.974047619049999867e+02 4.589285714289999873e+02
4.631470588239999984e+02 4.585588235289999943e+02
1.732500000000000000e+02 4.595000000000000000e+02
3.441153846149999822e+02 4.588846153850000178e+02
3.640384615379999786e+02 4.586538461540000071e+02
1.448846153849999894e+02 4.601153846149999822e+02
2.281153846150000106e+02 4.608846153850000178e+02
5.262500000000000000e+02 4.610625000000000000e+02
1.170000000000000000e+02 4.630000000000000000e+02
5.744444444440000552e+02 4.665000000000000000e+02
3.164285714289999873e+02 4.671428571430000147e+02
2.600000000000000000e+01 4.687857142859999726e+02
8.650000000000000000e+01 4.696999999999999886e+02
2.807666666669999813e+02 4.708333333329999846e+02
4.367105263160000277e+02 4.705000000000000000e+02
4.883421052630000077e+02 4.704473684210000215e+02
5.535000000000000000e+02 4.705000000000000000e+02
1.878333333330000130e+02 4.705833333329999846e+02
5.026333333329999959e+02 4.709666666670000268e+02
4.200000000000000000e+01 4.730000000000000000e+02
2.107105263159999993e+02 4.731315789469999800e+02
1.346153845999999987e+00 4.755000000000000000e+02
2.546428571429999863e+02 4.754285714289999873e+02
2.943823529410000219e+02 4.749117647059999854e+02
3.766818181819999722e+02 4.749545454550000159e+02
3.990000000000000000e+02 4.782777777779999724e+02
4.470000000000000000e+02 4.780000000000000000e+02
1.047857142860000010e+02 4.790000000000000000e+02
1.532142857139999990e+02 4.790000000000000000e+02
1.711470588239999984e+02 4.795000000000000000e+02
4.268999999999999773e+02 4.788999999999999773e+02
3.443999999999999773e+02 4.814499999999999886e+02
4.308333333329999846e+02 4.798333333329999846e+02
5.441428571430000147e+02 4.812857142859999726e+02
1.379117647060000138e+02 4.826176470589999781e+02
3.782857142859999726e+02 4.818571428569999853e+02
4.682500000000000000e+02 4.827500000000000000e+02
6.342857142900000156e+01 4.836428571430000147e+02
8.163333333299999595e+01 4.838333333329999846e+02
2.474166666669999870e+02 4.845000000000000000e+02
5.005769230770000036e+02 4.843461538459999929e+02
2.299615384619999929e+02 4.863461538459999929e+02
3.602142857140000274e+02 4.855000000000000000e+02
2.722647058819999870e+02 4.870294117650000203e+02
3.237500000000000000e+02 4.870625000000000000e+02
5.771000000000000227e+02 4.868999999999999773e+02
4.798333333329999846e+02 4.882333333330000187e+02
5.218846153849999610e+02 4.882692307689999893e+02
5.624565217389999816e+02 4.887608695650000072e+02
2.839999999999999858e+01 4.895500000000000114e+02
2.240000000000000000e+02 4.903333333329999846e+02
2.961000000000000227e+02 4.898999999999999773e+02
1.550000000000000000e+02 4.910000000000000000e+02
2.025000000000000000e+02 4.913000000000000114e+02
1.210999999999999943e+02 4.921000000000000227e+02
1.930000000000000000e+02 4.960000000000000000e+02
4.006176470589999781e+02 4.960882352940000146e+02
6.670000000000000284e+01 4.965000000000000000e+02
5.061363636359999987e+02 4.965909090910000145e+02
5.416111111110000138e+02 4.971666666670000154e+02
4.829999999999999716e+01 4.983000000000000114e+02
4.408125000000000000e+02 4.983750000000000000e+02
1.713000000000000114e+02 4.990000000000000000e+02
3.428333333329999846e+02 4.988333333329999846e+02
3.772647058819999870e+02 4.997352941180000130e+02
4.550000000000000000e+02 5.002142857140000274e+02
2.401153846150000106e+02 5.021153846149999822e+02
3.655000000000000000e+02 5.015000000000000000e+02
1.300000000000000000e+01 5.037222222220000276e+02
9.055555555600000162e+01 5.045000000000000000e+02
4.178999999999999773e+02 5.038999999999999773e+02
5.586538461540000071e+02 5.052692307689999893e+02
5.823999999999999773e+02 5.054499999999999886e+02
1.113823529409999935e+02 5.060882352940000146e+02
1.400000000000000000e+02 5.060000000000000000e+02
2.821000000000000227e+02 5.058999999999999773e+02
2.578888888889999862e+02 5.071666666670000154e+02
5.240000000000000000e+02 5.077857142859999726e+02
3.120000000000000000e+02 5.097857142859999726e+02
4.483181818180000278e+02 5.103181818180000278e+02
4.780000000000000000e+02 5.100000000000000000e+02
4.953421052630000077e+02 5.106578947369999923e+02
2.100000000000000000e+02 5.125000000000000000e+02
2.918846153850000178e+02 5.118846153850000178e+02
3.350000000000000000e+02 5.127000000000000455e+02
3.565909090910000145e+02 5.135909090909999577e+02
5.570000000000000000e+02 5.125000000000000000e+02
4.286363636400000132e+01 5.142272727270000132e+02
5.106176470589999781e+02 5.139117647059999854e+02
5.337500000000000000e+02 5.140833333330000414e+02
1.579499999999999886e+02 5.153999999999999773e+02
1.249000000000000057e+02 5.158999999999999773e+02
3.990000000000000000e+02 5.160000000000000000e+02
4.292142857140000274e+02 5.158571428569999853e+02
1.779000000000000057e+02 5.181000000000000227e+02
1.969666666669999984e+02 5.183666666670000041e+02
3.100000000000000000e+01 5.205000000000000000e+02
2.251363636359999987e+02 5.194090909090000423e+02
6.354999999999999716e+01 5.216000000000000227e+02
3.105555555560000016e+02 5.230000000000000000e+02
2.440000000000000000e+02 5.235000000000000000e+02
2.570000000000000000e+02 5.247857142860000295e+02
3.822500000000000000e+02 5.265000000000000000e+02
4.666578947369999923e+02 5.268157894739999847e+02
5.096666666699999837e+01 5.273666666670000041e+02
9.250000000000000000e+01 5.292894736839999723e+02
1.155909090910000003e+02 5.295909090909999577e+02
2.106818181820000007e+02 5.286818181820000291e+02
2.735000000000000000e+02 5.295000000000000000e+02
5.755000000000000000e+02 5.305000000000000000e+02
1.462333333329999903e+02 5.328333333330000414e+02
4.457777777779999724e+02 5.326111111110000138e+02
3.695526315789999785e+02 5.335526315790000353e+02
4.827222222220000276e+02 5.344444444440000552e+02
5.300000000000000000e+02 5.347222222220000276e+02
1.651666666669999870e+02 5.346111111110000138e+02
5.577857142860000295e+02 5.350000000000000000e+02
9.666666666999999435e+00 5.362222222220000276e+02
2.895000000000000000e+02 5.360000000000000000e+02
4.170333333329999732e+02 5.363666666670000041e+02
5.023888888889999862e+02 5.377777777779999724e+02
3.186842105299999872e+01 5.387105263160000277e+02
7.122222222199999919e+01 5.386111111110000138e+02
5.107500000000000000e+02 5.381666666669999586e+02
3.420000000000000000e+02 5.385000000000000000e+02
2.255999999999999943e+02 5.414500000000000455e+02
2.596333333329999959e+02 5.410333333329999732e+02
3.822142857140000274e+02 5.410000000000000000e+02
9.844117647100000568e+01 5.431470588240000552e+02
1.845500000000000114e+02 5.433999999999999773e+02
3.125909090910000145e+02 5.428636363639999445e+02
4.002500000000000000e+02 5.438333333330000414e+02
3.296111111110000138e+02 5.457777777779999724e+02
5.270000000000000284e+01 5.465000000000000000e+02
4.656000000000000227e+02 5.484500000000000455e+02
1.280882352939999862e+02 5.493823529410000219e+02
4.318999999999999773e+02 5.491000000000000227e+02
6.884615385000000032e+00 5.498846153849999610e+02
2.095000000000000000e+02 5.502333333330000187e+02
3.726333333329999959e+02 5.499666666670000268e+02
4.458846153850000178e+02 5.501153846150000390e+02
2.320000000000000000e+02 5.512142857139999705e+02
5.640238095239999438e+02 5.538333333330000414e+02
5.490000000000000000e+02 5.557222222220000276e+02
1.795526315790000069e+02 5.566578947369999923e+02
2.749117647059999854e+02 5.563823529410000219e+02
5.271666666669999586e+02 5.562500000000000000e+02
3.591176470599999959e+01 5.576176470589999781e+02
2.540000000000000000e+02 5.570000000000000000e+02
3.510000000000000000e+02 5.570000000000000000e+02
1.355500000000000114e+02 5.586000000000000227e+02
4.013947368419999862e+02 5.580789473679999446e+02
1.625000000000000000e+02 5.591666666669999586e+02
3.316176470589999781e+02 5.590882352940000146e+02
3.030000000000000000e+02 5.602142857139999705e+02
5.127000000000000455e+02 5.606000000000000227e+02
7.621428571399999896e+01 5.610714285709999558e+02
1.205000000000000000e+02 5.615000000000000000e+02
3.165000000000000000e+02 5.615000000000000000e+02
