7.617647059000000276e+00 1.911764706000000036e+00
1.952222222219999992e+02 2.611111111000000040e+00
2.720000000000000000e+02 2.277777777999999920e+00
3.080000000000000000e+02 5.000000000000000000e-01
3.680000000000000000e+02 5.000000000000000000e-01
4.625000000000000000e+02 1.000000000000000000e+00
4.987500000000000000e+02 2.250000000000000000e+00
5.252857142860000295e+02 2.714285713999999849e+00
4.882894736839999723e+02 3.552631578999999817e+00
1.487941176470000073e+02 4.205882352999999796e+00
3.230000000000000000e+02 4.799999999999999822e+00
6.895454545500000165e+01 4.863636364000000434e+00
3.510000000000000000e+02 5.500000000000000000e+00
4.027222222220000276e+02 5.000000000000000000e+00
1.358125000000000000e+02 6.125000000000000000e+00
5.561666666669999586e+02 6.250000000000000000e+00
2.512894736840000007e+02 7.236842105000000025e+00
3.024047619049999867e+02 8.071428571000000218e+00
4.245000000000000000e+02 7.852941175999999857e+00
5.399666666670000268e+02 7.633333333000000387e+00
5.835000000000000000e+02 7.500000000000000000e+00
2.660000000000000142e+01 9.199999999999999289e+00
2.136176470590000065e+02 8.911764705999999592e+00
3.865000000000000000e+02 8.500000000000000000e+00
1.750000000000000000e+02 9.699999999999999289e+00
2.329117647060000138e+02 1.061764705899999939e+01
4.436578947369999923e+02 1.365789473699999945e+01
1.003095238100000017e+02 1.535714285699999948e+01
4.523000000000000114e+02 1.450000000000000000e+01
9.002941176500000608e+01 1.685294117600000163e+01
7.550000000000000000e+01 1.850000000000000000e+01
1.544736842100000018e+01 1.965789473699999945e+01
5.750000000000000000e+01 1.916666666700000121e+01
3.236176470589999781e+02 1.908823529400000041e+01
4.942857142859999726e+02 2.014285714300000052e+01
5.148125000000000000e+02 2.037500000000000000e+01
2.674090909089999855e+02 2.113636363599999868e+01
5.565000000000000000e+02 2.114705882399999837e+01
1.160000000000000000e+02 2.227777777800000081e+01
3.527083333329999846e+02 2.529166666700000121e+01
4.091153846149999822e+02 2.388461538500000003e+01
4.642777777779999724e+02 2.400000000000000000e+01
1.420000000000000000e+02 2.550000000000000000e+01
1.567500000000000000e+02 2.625000000000000000e+01
3.706111111110000138e+02 2.622222222199999919e+01
5.762777777779999724e+02 2.700000000000000000e+01
3.870000000000000284e+01 2.750000000000000000e+01
4.245000000000000000e+02 2.814705882399999837e+01
4.488809523809999860e+02 2.821428571399999896e+01
5.290000000000000000e+02 2.821428571399999896e+01
2.025000000000000000e+02 2.907142857099999844e+01
2.161153846150000106e+02 2.888461538500000003e+01
2.387857142860000010e+02 2.900000000000000000e+01
2.508636363640000013e+02 2.840909090899999967e+01
3.914090909089999855e+02 2.886363636400000132e+01
1.736176470590000065e+02 3.008823529400000041e+01
2.842142857140000274e+02 3.100000000000000000e+01
5.000000000000000000e+00 3.227777777800000081e+01
1.000000000000000000e+02 3.200000000000000000e+01
3.041666666670000154e+02 3.225000000000000000e+01
3.606818181819999722e+02 3.431818181799999934e+01
5.500000000000000000e+02 3.450000000000000000e+01
5.046111111110000138e+02 3.577777777800000081e+01
3.777500000000000000e+02 3.616666666700000121e+01
5.240000000000000000e+02 3.650000000000000000e+01
3.350000000000000000e+02 3.750000000000000000e+01
6.103333333300000163e+01 3.816666666700000121e+01
2.986578947369999923e+02 3.834210526300000055e+01
2.700000000000000000e+01 3.921428571399999896e+01
1.103888888890000004e+02 3.977777777800000081e+01
4.450000000000000000e+01 4.086842105299999872e+01
8.291666666700000121e+01 4.100000000000000000e+01
1.640000000000000000e+02 3.978571428600000104e+01
4.724411764710000057e+02 4.167647058800000082e+01
3.477500000000000000e+02 4.187500000000000000e+01
3.991000000000000227e+02 4.189999999999999858e+01
5.368999999999999773e+02 4.210000000000000142e+01
2.305952380950000133e+02 4.492857142900000156e+01
1.345500000000000114e+02 4.560000000000000142e+01
2.049666666669999984e+02 4.536666666699999695e+01
2.611470588239999984e+02 4.497058823500000102e+01
3.275000000000000000e+02 4.550000000000000000e+01
4.915000000000000000e+02 4.600000000000000000e+01
5.695000000000000000e+02 4.600000000000000000e+01
3.872142857140000274e+02 4.700000000000000000e+01
4.361153846149999822e+02 4.688461538499999648e+01
3.682058823529999927e+02 4.885294117600000163e+01
1.860000000000000000e+02 4.977272727300000099e+01
9.388888889000000404e+00 5.177777777800000081e+01
4.566111111110000138e+02 5.122222222199999919e+01
2.826250000000000000e+02 5.243750000000000000e+01
3.078999999999999773e+02 5.210000000000000142e+01
4.193999999999999773e+02 5.454999999999999716e+01
3.725000000000000000e+02 5.514705882399999837e+01
5.147500000000000000e+02 5.491666666700000121e+01
5.279117647059999854e+02 5.661764705899999939e+01
6.525000000000000000e+01 5.725000000000000000e+01
1.051363636359999987e+02 5.659090909100000033e+01
1.258636363640000013e+02 5.804545454499999835e+01
5.444523809519999986e+02 5.888095238100000017e+01
2.405526315790000069e+02 5.965789473699999945e+01
8.850000000000000000e+01 6.092857142900000156e+01
2.510000000000000000e+02 6.100000000000000000e+01
5.781153846150000390e+02 6.111538461500000352e+01
3.368846153850000178e+02 6.211538461500000352e+01
5.612222222220000276e+02 6.261111111099999960e+01
4.248999999999999773e+02 6.310000000000000142e+01
2.098571428570000137e+02 6.471428571399999896e+01
4.800000000000000000e+02 6.400000000000000000e+01
1.600000000000000000e+02 6.521428571399999896e+01
1.400000000000000000e+02 6.621428571399999896e+01
1.945000000000000000e+02 6.600000000000000000e+01
3.178999999999999773e+02 6.609999999999999432e+01
4.918999999999999773e+02 6.590000000000000568e+01
2.369999999999999929e+01 6.823333333300000447e+01
7.225000000000000000e+01 6.783333333299999879e+01
3.996764705879999724e+02 6.844117647100000568e+01
4.738235294100000061e+01 6.908823529400000041e+01
4.668846153850000178e+02 6.911538461499999642e+01
2.641000000000000227e+02 7.209999999999999432e+01
4.480833333329999846e+02 7.175000000000000000e+01
5.716875000000000000e+02 7.231250000000000000e+01
3.481999999999999886e+02 7.359999999999999432e+01
9.131578946999999502e+00 7.428947368400000073e+01
1.051363636359999987e+02 7.340909090899999967e+01
2.925833333329999846e+02 7.416666666700000121e+01
5.298529411759999448e+02 7.550000000000000000e+01
1.333000000000000114e+02 7.550000000000000000e+01
2.195000000000000000e+02 7.750000000000000000e+01
6.085294117600000163e+01 7.850000000000000000e+01
1.723571428570000137e+02 7.869047618999999827e+01
2.360000000000000000e+02 7.700000000000000000e+01
4.788333333329999846e+02 7.816666666700000121e+01
2.556818181820000007e+02 8.009090909100000033e+01
3.315555555560000016e+02 7.938888888900000040e+01
3.687916666670000154e+02 8.095833333299999879e+01
4.161000000000000227e+02 8.009999999999999432e+01
5.130000000000000000e+02 8.021428571399999896e+01
4.501153846149999822e+02 8.211538461499999642e+01
3.386842105299999872e+01 8.328947368400000073e+01
2.765000000000000000e+02 8.350000000000000000e+01
9.285294117600000163e+01 8.450000000000000000e+01
1.493421052630000077e+02 8.544736842099999308e+01
3.901315789469999800e+02 8.571052631599999927e+01
4.247777777779999724e+02 8.661111111099999960e+01
4.991000000000000227e+02 8.609999999999999432e+01
2.025500000000000114e+02 8.840000000000000568e+01
1.088846153850000036e+02 8.911538461499999642e+01
1.695000000000000000e+02 8.900000000000000000e+01
5.495588235290000512e+02 8.926470588200000122e+01
1.259000000000000057e+02 8.990000000000000568e+01
4.625000000000000000e+02 9.000000000000000000e+01
5.231153846150000390e+02 8.988461538500000358e+01
5.686000000000000227e+02 9.054999999999999716e+01
7.037500000000000000e+01 9.062500000000000000e+01
1.886333333329999959e+02 9.196666666699999837e+01
3.122692307689999893e+02 9.211538461499999642e+01
4.041666666670000154e+02 9.176666666699999553e+01
2.226578947369999923e+02 9.465789473700000656e+01
1.203333333299999985e+01 9.536666666700000405e+01
5.226923076900000353e+01 9.626923076900000353e+01
8.412500000000000000e+01 9.650000000000000000e+01
3.476111111110000138e+02 9.722222222199999919e+01
5.433999999999999773e+02 9.795000000000000284e+01
1.467500000000000000e+02 9.816666666700000121e+01
2.931190476190000140e+02 9.873809523799999965e+01
3.713823529410000219e+02 1.009117647059999996e+02
4.121428571399999896e+01 1.030000000000000000e+02
3.285500000000000114e+02 1.035999999999999943e+02
4.929117647059999854e+02 1.033823529409999935e+02
2.460000000000000000e+02 1.037000000000000028e+02
5.159444444440000552e+02 1.046111111109999996e+02
2.740384615379999786e+02 1.046538461539999929e+02
3.065000000000000000e+02 1.055625000000000000e+02
1.014230769229999964e+02 1.058846153850000036e+02
1.176818181820000007e+02 1.066818181820000007e+02
3.872692307689999893e+02 1.081153846149999964e+02
4.511000000000000227e+02 1.080999999999999943e+02
5.585000000000000000e+02 1.080000000000000000e+02
3.055000000000000071e+01 1.094000000000000057e+02
1.587500000000000000e+02 1.091666666670000012e+02
2.896176470589999781e+02 1.100882352940000004e+02
4.430555555560000016e+02 1.110555555560000016e+02
2.012142857139999990e+02 1.116428571430000005e+02
2.421666666669999870e+02 1.119444444439999984e+02
2.555000000000000000e+02 1.136428571430000005e+02
4.035000000000000000e+02 1.132894736840000007e+02
4.250000000000000000e+02 1.135000000000000000e+02
1.840000000000000000e+02 1.137857142860000010e+02
7.050000000000000000e+01 1.160000000000000000e+02
1.422647058819999870e+02 1.157352941179999988e+02
5.371000000000000227e+02 1.160999999999999943e+02
4.695000000000000000e+02 1.171470588239999984e+02
3.607105263160000277e+02 1.188684210530000058e+02
5.875000000000000000e+02 1.175000000000000000e+02
5.857142857000000369e+00 1.197142857139999990e+02
2.180999999999999943e+02 1.189000000000000057e+02
3.358846153850000178e+02 1.201153846149999964e+02
5.046250000000000000e+02 1.221666666670000012e+02
3.195000000000000000e+02 1.239285714290000016e+02
4.500000000000000000e+01 1.250000000000000000e+02
8.450000000000000000e+01 1.252999999999999972e+02
4.640384615379999786e+02 1.253461538460000071e+02
5.457142857139999705e+02 1.260714285709999984e+02
5.730000000000000000e+02 1.255000000000000000e+02
6.861111111099999960e+01 1.271666666670000012e+02
1.280384615380000071e+02 1.273461538460000071e+02
2.092500000000000000e+02 1.272500000000000000e+02
1.622222222219999992e+02 1.283888888889999862e+02
1.110000000000000000e+02 1.295454545450000126e+02
3.867500000000000000e+02 1.289375000000000000e+02
5.155000000000000000e+02 1.298529411760000016e+02
4.192222222220000276e+02 1.306111111110000138e+02
1.978571428600000104e+01 1.310000000000000000e+02
2.892142857140000274e+02 1.310000000000000000e+02
3.718846153850000178e+02 1.308846153849999894e+02
2.313888888889999862e+02 1.349444444439999984e+02
1.745000000000000000e+02 1.350000000000000000e+02
2.740000000000000000e+02 1.350000000000000000e+02
3.277222222220000276e+02 1.351111111110000138e+02
4.435000000000000000e+02 1.350000000000000000e+02
4.798846153850000178e+02 1.352692307689999893e+02
4.089117647059999854e+02 1.363823529409999935e+02
2.571153846149999822e+02 1.378846153849999894e+02
3.115666666669999927e+02 1.385666666669999927e+02
3.525000000000000000e+01 1.391250000000000000e+02
5.770000000000000000e+02 1.400000000000000000e+02
8.055555555999999839e+00 1.414444444439999984e+02
1.435588235289999943e+02 1.415000000000000000e+02
4.985000000000000000e+02 1.411250000000000000e+02
1.591643356639999922e+02 1.473461538459999929e+02
5.361875000000000000e+02 1.433750000000000000e+02
5.075000000000000000e+01 1.446500000000000057e+02
4.765454545449999841e+02 1.447727272729999868e+02
6.450000000000000000e+01 1.460000000000000000e+02
1.939000000000000057e+02 1.449000000000000057e+02
5.520000000000000000e+02 1.447857142860000010e+02
2.344473684209999931e+02 1.478684210529999916e+02
3.368809523809999860e+02 1.473571428570000137e+02
3.610000000000000000e+02 1.470000000000000000e+02
4.580000000000000000e+02 1.470000000000000000e+02
9.837500000000000000e+01 1.498333333330000130e+02
4.274166666670000154e+02 1.491666666669999870e+02
7.516666666700000121e+01 1.515000000000000000e+02
2.112857142860000010e+02 1.508571428570000137e+02
2.489210526319999985e+02 1.516052631580000138e+02
1.162857142860000010e+02 1.528571428570000137e+02
2.556111111110000138e+02 1.532222222219999992e+02
5.232500000000000000e+02 1.531250000000000000e+02
3.916578947369999923e+02 1.544473684209999931e+02
5.411923076919999858e+02 1.555000000000000000e+02
1.892500000000000000e+02 1.582500000000000000e+02
2.835000000000000000e+02 1.570000000000000000e+02
3.080000000000000000e+02 1.573181818179999993e+02
1.500000000000000000e+00 1.585000000000000000e+02
1.321470588239999984e+02 1.585000000000000000e+02
4.985000000000000000e+02 1.585000000000000000e+02
2.141363636359999987e+02 1.584090909090000139e+02
5.662500000000000000e+02 1.597500000000000000e+02
1.535000000000000000e+02 1.600714285710000127e+02
4.357692307699999645e+01 1.611923076920000142e+02
3.708999999999999773e+02 1.610999999999999943e+02
4.002142857140000274e+02 1.605000000000000000e+02
4.375000000000000000e+02 1.620000000000000000e+02
2.686250000000000000e+02 1.623750000000000000e+02
3.488846153850000178e+02 1.638846153849999894e+02
4.540000000000000000e+02 1.655000000000000000e+02
2.239999999999999858e+01 1.665500000000000114e+02
1.250000000000000000e+02 1.665000000000000000e+02
1.500000000000000000e+00 1.670000000000000000e+02
4.781499999999999773e+02 1.678499999999999943e+02
5.570333333329999732e+02 1.676333333329999959e+02
6.827777777800000081e+01 1.689444444439999984e+02
3.159615384620000214e+02 1.683461538459999929e+02
5.163947368420000430e+02 1.690789473680000015e+02
2.825000000000000000e+02 1.692142857139999990e+02
4.286904761900000267e+02 1.706428571429999863e+02
5.740000000000000000e+02 1.707222222219999992e+02
9.154999999999999716e+01 1.715999999999999943e+02
1.969210526319999985e+02 1.720263157889999945e+02
2.821250000000000000e+02 1.747500000000000000e+02
3.928181818180000278e+02 1.746363636359999987e+02
8.376666666699999553e+01 1.766999999999999886e+02
1.435999999999999943e+02 1.765500000000000114e+02
2.425909090909999861e+02 1.774090909090000139e+02
3.311153846149999822e+02 1.771153846150000106e+02
3.520000000000000000e+02 1.775000000000000000e+02
4.945000000000000000e+02 1.775000000000000000e+02
6.125000000000000000e+00 1.782500000000000000e+02
2.165588235289999943e+02 1.783235294119999992e+02
3.705000000000000000e+02 1.780000000000000000e+02
4.850000000000000000e+01 1.795000000000000000e+02
1.128125000000000000e+02 1.793750000000000000e+02
1.739000000000000057e+02 1.789000000000000057e+02
5.347500000000000000e+02 1.800000000000000000e+02
1.825000000000000000e+01 1.821666666669999870e+02
4.668636363640000013e+02 1.819545454549999874e+02
4.368529411760000016e+02 1.829705882350000081e+02
4.793500000000000227e+02 1.846500000000000057e+02
3.210000000000000000e+02 1.850000000000000000e+02
1.219999999999999929e+01 1.864000000000000057e+02
4.083181818180000278e+02 1.863181818179999993e+02
3.636363636400000132e+01 1.875000000000000000e+02
8.137500000000000000e+01 1.888750000000000000e+02
2.713461538459999929e+02 1.879615384619999929e+02
5.222000000000000455e+02 1.884000000000000057e+02
5.648999999999999773e+02 1.889000000000000057e+02
2.016363636359999987e+02 1.899545454549999874e+02
3.008888888889999862e+02 1.898888888889999862e+02
1.817500000000000000e+02 1.908333333330000130e+02
2.502777777780000008e+02 1.915555555560000016e+02
2.873333333329999846e+02 1.922222222219999992e+02
1.283181818179999993e+02 1.936818181820000007e+02
4.283888888889999862e+02 1.947777777780000008e+02
5.350882352940000146e+02 1.946176470590000065e+02
1.625833333330000130e+02 1.956666666669999870e+02
3.357173913039999888e+02 1.955869565220000084e+02
3.699117647059999854e+02 1.953823529409999935e+02
1.370000000000000000e+02 1.960000000000000000e+02
4.478333333329999846e+02 1.962500000000000000e+02
6.154999999999999716e+01 1.984000000000000057e+02
3.900000000000000000e+02 1.980000000000000000e+02
4.663181818180000278e+02 1.987727272729999868e+02
5.009375000000000000e+02 1.982500000000000000e+02
5.548333333330000414e+02 1.996428571429999863e+02
1.045000000000000000e+02 2.010000000000000000e+02
3.486111111110000138e+02 2.017777777780000008e+02
2.941190476190000140e+02 2.022619047620000003e+02
8.563333333299999595e+01 2.029666666669999984e+02
2.425769230770000036e+02 2.036538461540000071e+02
2.549347826089999955e+02 2.033260869570000011e+02
2.244090909090000139e+02 2.041363636359999987e+02
5.159615384620000214e+02 2.036538461540000071e+02
1.576538461540000071e+02 2.064230769229999964e+02
4.735526315789999785e+02 2.064473684209999931e+02
5.671250000000000000e+02 2.062500000000000000e+02
2.669761904759999993e+02 2.078809523809999860e+02
3.200000000000000000e+02 2.082142857139999990e+02
1.855555555560000016e+02 2.092777777780000008e+02
1.485294117599999986e+01 2.099705882350000081e+02
3.900000000000000000e+01 2.102142857139999990e+02
4.115000000000000000e+02 2.106363636359999987e+02
3.783750000000000000e+02 2.106250000000000000e+02
1.248888888890000004e+02 2.127222222219999992e+02
4.263461538459999929e+02 2.119615384619999929e+02
3.038888888900000040e+01 2.143333333330000130e+02
1.120333333330000016e+02 2.143666666670000041e+02
5.491000000000000227e+02 2.140999999999999943e+02
9.220588235300000690e+01 2.156176470590000065e+02
4.543999999999999773e+02 2.150999999999999943e+02
2.111666666669999870e+02 2.157500000000000000e+02
2.232142857139999990e+02 2.160000000000000000e+02
2.820789473680000015e+02 2.216684210530000030e+02
6.931818181799999934e+01 2.183181818179999993e+02
1.700000000000000000e+02 2.187222222219999992e+02
3.628333333329999846e+02 2.191111111110000138e+02
4.029166666670000154e+02 2.204166666669999870e+02
3.413999999999999773e+02 2.214499999999999886e+02
5.000000000000000000e+02 2.206999999999999886e+02
5.292500000000000000e+02 2.232500000000000000e+02
5.865833333330000414e+02 2.236666666669999870e+02
1.475000000000000000e+02 2.253636363640000013e+02
2.497727272729999868e+02 2.250000000000000000e+02
5.178846153849999610e+02 2.241153846150000106e+02
1.243421052629999934e+02 2.253421052630000077e+02
5.850000000000000000e+01 2.256999999999999886e+02
1.966904761899999983e+02 2.266428571429999863e+02
3.055000000000000000e+02 2.280000000000000000e+02
4.457500000000000000e+02 2.281666666669999870e+02
5.000000000000000000e+00 2.307727272729999868e+02
1.600000000000000000e+02 2.300000000000000000e+02
2.210882352939999862e+02 2.303823529409999935e+02
3.906000000000000227e+02 2.304499999999999886e+02
1.004230769229999964e+02 2.308076923079999858e+02
4.233421052630000077e+02 2.313421052630000077e+02
5.645000000000000000e+02 2.310000000000000000e+02
3.248000000000000114e+02 2.323499999999999943e+02
4.612777777779999724e+02 2.325555555560000016e+02
8.325000000000000000e+01 2.332500000000000000e+02
2.866176470589999781e+02 2.339117647060000138e+02
3.565000000000000000e+02 2.340000000000000000e+02
4.915000000000000000e+02 2.345000000000000000e+02
2.606578947369999923e+02 2.366578947369999923e+02
3.865789473699999945e+01 2.373421052630000077e+02
5.347857142860000295e+02 2.370000000000000000e+02
3.470000000000000000e+02 2.390000000000000000e+02
5.131153846150000390e+02 2.411153846150000106e+02
1.730000000000000000e+02 2.420000000000000000e+02
3.707666666669999813e+02 2.428333333330000130e+02
4.065000000000000000e+02 2.425000000000000000e+02
5.523421052630000077e+02 2.433421052630000077e+02
2.130000000000000000e+02 2.437857142860000010e+02
2.666578947369999923e+02 2.443421052630000077e+02
4.250000000000000000e+02 2.450000000000000000e+02
4.708636363640000013e+02 2.444090909090000139e+02
6.106250000000000000e+01 2.462500000000000000e+02
3.611153846149999822e+02 2.461153846150000106e+02
4.455000000000000000e+02 2.475000000000000000e+02
2.189999999999999858e+01 2.485500000000000114e+02
7.891176470599999959e+01 2.486176470590000065e+02
1.266333333329999959e+02 2.479666666669999984e+02
1.529000000000000057e+02 2.480999999999999943e+02
2.412894736840000007e+02 2.481315789470000084e+02
3.988461538499999648e+01 2.501153846150000106e+02
4.810833333329999846e+02 2.502500000000000000e+02
1.060333333330000016e+02 2.513666666670000041e+02
3.225000000000000000e+02 2.518529411760000016e+02
5.420000000000000000e+02 2.513333333330000130e+02
1.885000000000000000e+02 2.525000000000000000e+02
3.830294117650000203e+02 2.521470588239999984e+02
3.052222222220000276e+02 2.536111111110000138e+02
4.953999999999999773e+02 2.534499999999999886e+02
5.720882352940000146e+02 2.536176470590000065e+02
2.882857142859999726e+02 2.538571428570000137e+02
1.527777777800000081e+01 2.560000000000000000e+02
6.360000000000000142e+01 2.569499999999999886e+02
2.264499999999999886e+02 2.576000000000000227e+02
2.515000000000000000e+02 2.570000000000000000e+02
4.292500000000000000e+02 2.577500000000000000e+02
3.523888888889999862e+02 2.587777777779999724e+02
4.123888888889999862e+02 2.597777777779999724e+02
1.165999999999999943e+02 2.603000000000000114e+02
1.432857142860000010e+02 2.608571428569999853e+02
1.674375000000000000e+02 2.617500000000000000e+02
5.862647058820000439e+02 2.614411764710000057e+02
3.745000000000000284e+01 2.636000000000000227e+02
2.721470588239999984e+02 2.630294117650000203e+02
1.855000000000000000e+02 2.645000000000000000e+02
3.094130434780000201e+02 2.658913043480000056e+02
5.258846153849999610e+02 2.651153846149999822e+02
5.625833333330000414e+02 2.648333333329999846e+02
2.083571428570000137e+02 2.663095238099999733e+02
4.610454545449999841e+02 2.658636363640000013e+02
8.514705882399999837e+01 2.675000000000000000e+02
4.705909090910000145e+02 2.668636363640000013e+02
4.452857142859999726e+02 2.681428571430000147e+02
4.939117647059999854e+02 2.693823529410000219e+02
2.410000000000000000e+02 2.695000000000000000e+02
3.741363636359999987e+02 2.695909090910000145e+02
1.020714285709999984e+02 2.715000000000000000e+02
2.915909090910000145e+02 2.731363636359999987e+02
3.965000000000000000e+02 2.735000000000000000e+02
5.000000000000000000e+02 2.732777777779999724e+02
1.277666666669999955e+02 2.741666666670000154e+02
3.331000000000000227e+02 2.741000000000000227e+02
5.725000000000000000e+02 2.761315789469999800e+02
1.254761904799999961e+01 2.781190476190000140e+02
4.889999999999999858e+01 2.771000000000000227e+02
1.555000000000000000e+02 2.773000000000000114e+02
5.362999999999999545e+02 2.770000000000000000e+02
1.738571428570000137e+02 2.792142857140000274e+02
3.649166666670000154e+02 2.796666666670000154e+02
4.070384615379999786e+02 2.795000000000000000e+02
2.856538461540000071e+02 2.809615384620000214e+02
4.355000000000000000e+02 2.810000000000000000e+02
4.875000000000000000e+02 2.815000000000000000e+02
5.474333333329999505e+02 2.818999999999999773e+02
6.583333333299999879e+01 2.825833333329999846e+02
2.265000000000000000e+02 2.830000000000000000e+02
2.570416666670000154e+02 2.845416666670000154e+02
3.099666666670000268e+02 2.846333333329999959e+02
3.009090909100000033e+01 2.858181818180000278e+02
1.112500000000000000e+02 2.851250000000000000e+02
2.060714285710000127e+02 2.855000000000000000e+02
3.462142857140000274e+02 2.850000000000000000e+02
3.911000000000000227e+02 2.848999999999999773e+02
4.740000000000000000e+02 2.850000000000000000e+02
1.856176470590000065e+02 2.872058823529999927e+02
2.738636363640000013e+02 2.869545454550000159e+02
4.178999999999999773e+02 2.888999999999999773e+02
5.832142857139999705e+02 2.900000000000000000e+02
1.472142857139999990e+02 2.910000000000000000e+02
3.316333333329999959e+02 2.909666666670000268e+02
8.550000000000000000e+01 2.928333333329999846e+02
1.205000000000000000e+02 2.935000000000000000e+02
2.342142857139999990e+02 2.930000000000000000e+02
4.576000000000000227e+02 2.944499999999999886e+02
5.290000000000000000e+02 2.950000000000000000e+02
6.586363636400000132e+01 2.955909090910000145e+02
5.050000000000000000e+02 2.967857142859999726e+02
2.755588235289999943e+02 2.998529411760000016e+02
1.435000000000000000e+02 3.005000000000000000e+02
2.936000000000000227e+02 3.004499999999999886e+02
3.789999999999999858e+01 3.008999999999999773e+02
1.652222222219999992e+02 3.013888888889999862e+02
3.646000000000000227e+02 3.015500000000000114e+02
3.780333333329999732e+02 3.013666666670000041e+02
3.970000000000000000e+02 3.015000000000000000e+02
5.602619047619999719e+02 3.018809523809999860e+02
5.000000000000000000e-01 3.015000000000000000e+02
2.131470588239999984e+02 3.025000000000000000e+02
2.607777777779999724e+02 3.023888888889999862e+02
3.213421052630000077e+02 3.026578947369999923e+02
5.730000000000000000e+02 3.055000000000000000e+02
1.760000000000000000e+02 3.062142857140000274e+02
7.550000000000000000e+01 3.070000000000000000e+02
1.925999999999999943e+02 3.075500000000000114e+02
1.006333333329999959e+02 3.080333333329999732e+02
3.465000000000000000e+02 3.089285714289999873e+02
4.823421052630000077e+02 3.093421052630000077e+02
5.313999999999999773e+02 3.094499999999999886e+02
4.369666666670000268e+02 3.103666666670000041e+02
1.409999999999999964e+01 3.121000000000000227e+02
1.190000000000000000e+02 3.127727272729999868e+02
4.601923076919999858e+02 3.124230769229999964e+02
4.985000000000000000e+02 3.120000000000000000e+02
2.945909090910000145e+02 3.135909090910000145e+02
2.355909090909999861e+02 3.138636363640000013e+02
5.527222222220000276e+02 3.160000000000000000e+02
7.288461538500000358e+01 3.171153846149999822e+02
3.648913043480000056e+02 3.190217391300000145e+02
4.300000000000000000e+02 3.177857142859999726e+02
9.250000000000000000e+01 3.205000000000000000e+02
1.553095238100000017e+02 3.206428571430000147e+02
3.298333333329999846e+02 3.202500000000000000e+02
4.138846153850000178e+02 3.201153846149999822e+02
5.861666666669999586e+02 3.205000000000000000e+02
1.959000000000000057e+02 3.218999999999999773e+02
2.211428571429999863e+02 3.222857142859999726e+02
2.486250000000000000e+02 3.221875000000000000e+02
4.900000000000000000e+01 3.227857142859999726e+02
3.080000000000000000e+02 3.240000000000000000e+02
3.874090909089999855e+02 3.244090909089999855e+02
4.610000000000000000e+02 3.240000000000000000e+02
5.722857142860000295e+02 3.241428571430000147e+02
2.697857142859999726e+02 3.250000000000000000e+02
9.388888889000000404e+00 3.269444444439999984e+02
1.261250000000000000e+02 3.260625000000000000e+02
2.689130434799999847e+01 3.277173913039999888e+02
1.443636363640000013e+02 3.279545454550000159e+02
4.868846153850000178e+02 3.267307692310000107e+02
5.187222222220000276e+02 3.270000000000000000e+02
1.733000000000000114e+02 3.288000000000000114e+02
1.065000000000000000e+02 3.311470588239999984e+02
7.288461538500000358e+01 3.318846153850000178e+02
2.357857142860000010e+02 3.320000000000000000e+02
4.130333333329999732e+02 3.326333333329999959e+02
3.723888888889999862e+02 3.332222222220000276e+02
5.552500000000000000e+02 3.341666666670000154e+02
4.491000000000000227e+02 3.348999999999999773e+02
5.040333333329999732e+02 3.353666666670000041e+02
3.482727272729999868e+02 3.364090909089999855e+02
3.207894736800000146e+01 3.376578947369999923e+02
2.775000000000000000e+02 3.371470588239999984e+02
4.634615384599999999e+01 3.382692307689999893e+02
8.326470588200000122e+01 3.385588235289999943e+02
1.725000000000000000e+02 3.395555555560000016e+02
4.308333333329999846e+02 3.398333333329999846e+02
5.372058823529999927e+02 3.396176470589999781e+02
2.958125000000000000e+02 3.406250000000000000e+02
4.630000000000000000e+02 3.396666666670000154e+02
5.220000000000000000e+02 3.400000000000000000e+02
5.742619047619999719e+02 3.405476190480000014e+02
2.143181818179999993e+02 3.413181818180000278e+02
3.210714285710000127e+02 3.413095238099999733e+02
4.777222222220000276e+02 3.421111111110000138e+02
1.257380952379999997e+02 3.442142857140000274e+02
2.546176470590000065e+02 3.439117647059999854e+02
3.930000000000000000e+02 3.460000000000000000e+02
1.890882352939999862e+02 3.476176470589999781e+02
3.514090909089999855e+02 3.471363636359999987e+02
6.690000000000000568e+01 3.481000000000000227e+02
3.751153846149999822e+02 3.498846153850000178e+02
4.947500000000000000e+02 3.501666666670000154e+02
1.161111111099999960e+01 3.516666666670000154e+02
5.550000000000000000e+02 3.506999999999999886e+02
5.856333333329999959e+02 3.510333333329999732e+02
3.000000000000000000e+01 3.517857142859999726e+02
9.494444444399999838e+01 3.550000000000000000e+02
1.473823529409999935e+02 3.540882352940000146e+02
2.926000000000000227e+02 3.550000000000000000e+02
2.332647058819999870e+02 3.557352941180000130e+02
3.140000000000000000e+02 3.565000000000000000e+02
3.296333333329999959e+02 3.570333333329999732e+02
4.261999999999999886e+02 3.571000000000000227e+02
5.756578947369999923e+02 3.573421052630000077e+02
2.564565217389999816e+02 3.587608695650000072e+02
4.101923076919999858e+02 3.585769230770000036e+02
4.426052631580000138e+02 3.580789473680000015e+02
4.091666666700000121e+01 3.587500000000000000e+02
3.644545454550000159e+02 3.597727272729999868e+02
5.120000000000000000e+02 3.595000000000000000e+02
5.388333333330000414e+02 3.587500000000000000e+02
3.930000000000000000e+02 3.600000000000000000e+02
4.586176470589999781e+02 3.606176470589999781e+02
1.630000000000000000e+02 3.612142857140000274e+02
2.105000000000000000e+02 3.630000000000000000e+02
8.250000000000000000e+01 3.653636363640000013e+02
1.112272727269999990e+02 3.643181818180000278e+02
4.836764705879999724e+02 3.655588235289999943e+02
2.777857142859999726e+02 3.660000000000000000e+02
1.880000000000000000e+02 3.670000000000000000e+02
3.462500000000000000e+02 3.679375000000000000e+02
5.861363636360000555e+02 3.690000000000000000e+02
2.411904761899999983e+01 3.700238095240000007e+02
1.381428571429999863e+02 3.695714285710000127e+02
5.434615384599999999e+01 3.699615384620000214e+02
2.380000000000000000e+02 3.702777777779999724e+02
3.755526315789999785e+02 3.708684210530000200e+02
5.507500000000000000e+02 3.698750000000000000e+02
1.482142857139999990e+02 3.710000000000000000e+02
4.106111111110000138e+02 3.714444444439999984e+02
4.435909090910000145e+02 3.724090909089999855e+02
4.983999999999999773e+02 3.725500000000000114e+02
5.222142857139999705e+02 3.720000000000000000e+02
1.873421052630000077e+02 3.754473684210000215e+02
3.845000000000000284e+01 3.765500000000000114e+02
7.625000000000000000e+01 3.762500000000000000e+02
2.248846153849999894e+02 3.771153846149999822e+02
5.690294117649999635e+02 3.788529411760000016e+02
3.048636363640000013e+02 3.800454545449999841e+02
2.067352941180000130e+02 3.817352941180000130e+02
2.903260869569999727e+02 3.819347826090000240e+02
3.225000000000000000e+02 3.810000000000000000e+02
9.178571428600000104e+01 3.820000000000000000e+02
1.599000000000000057e+02 3.818999999999999773e+02
2.676578947369999923e+02 3.826578947369999923e+02
3.675666666669999927e+02 3.831000000000000227e+02
4.578999999999999773e+02 3.828999999999999773e+02
2.535500000000000114e+02 3.856000000000000227e+02
4.842500000000000000e+02 3.867500000000000000e+02
5.397857142860000295e+02 3.860000000000000000e+02
5.000000000000000000e-01 3.870000000000000000e+02
3.471315789469999800e+02 3.877105263160000277e+02
4.993000000000000114e+02 3.875000000000000000e+02
1.193823529409999935e+02 3.910882352940000146e+02
2.770000000000000000e+02 3.912142857140000274e+02
2.093181818179999993e+02 3.923181818180000278e+02
3.916176470589999781e+02 3.919117647059999854e+02
4.278076923080000142e+02 3.925769230770000036e+02
1.351153846150000106e+02 3.928846153850000178e+02
2.970000000000000000e+02 3.940000000000000000e+02
8.468181818200000066e+01 3.943181818180000278e+02
5.148333333330000414e+02 3.935833333329999846e+02
5.560789473679999446e+02 3.946052631580000138e+02
5.639999999999999858e+01 3.954499999999999886e+02
4.085000000000000000e+02 3.955000000000000000e+02
9.829999999999999716e+01 3.963000000000000114e+02
1.635000000000000000e+02 3.965000000000000000e+02
8.078947367999999685e+00 3.986052631580000138e+02
1.765000000000000000e+02 3.975000000000000000e+02
3.593260869569999727e+02 3.990652173909999760e+02
2.386176470590000065e+02 3.990882352940000146e+02
2.350000000000000000e+01 3.996999999999999886e+02
1.908636363640000013e+02 4.004090909089999855e+02
3.868636363640000013e+02 4.004090909089999855e+02
4.623333333299999737e+01 4.031666666670000154e+02
1.445000000000000000e+02 4.045000000000000000e+02
4.690909090910000145e+02 4.051818181819999722e+02
2.646176470589999781e+02 4.050882352940000146e+02
3.237857142859999726e+02 4.050000000000000000e+02
4.201000000000000227e+02 4.048999999999999773e+02
1.240000000000000000e+02 4.055000000000000000e+02
4.523888888889999862e+02 4.062222222220000276e+02
3.465000000000000000e+02 4.075000000000000000e+02
7.356250000000000000e+01 4.078125000000000000e+02
5.136250000000000000e+02 4.073750000000000000e+02
2.370000000000000000e+02 4.092142857140000274e+02
3.987941176470000073e+02 4.096176470589999781e+02
4.972777777779999724e+02 4.090000000000000000e+02
5.725666666670000495e+02 4.088999999999999773e+02
8.558823528999999652e+00 4.106764705879999724e+02
2.806333333329999959e+02 4.109666666670000268e+02
5.260000000000000000e+02 4.112142857140000274e+02
1.973181818179999993e+02 4.126818181819999722e+02
3.042333333330000187e+02 4.133000000000000114e+02
3.725909090910000145e+02 4.134090909089999855e+02
4.828947368400000073e+01 4.145000000000000000e+02
5.870714285709999558e+02 4.142142857140000274e+02
1.847500000000000000e+02 4.148333333329999846e+02
2.152272727270000132e+02 4.170000000000000000e+02
9.250000000000000000e+01 4.170000000000000000e+02
1.623461538459999929e+02 4.170384615379999786e+02
3.150000000000000000e+02 4.187857142859999726e+02
4.453666666670000041e+02 4.190333333329999732e+02
3.842500000000000000e+02 4.207500000000000000e+02
5.386666666669999586e+02 4.216111111110000138e+02
1.810000000000000142e+01 4.228999999999999773e+02
5.615000000000000000e+02 4.230000000000000000e+02
3.462857142859999726e+02 4.241428571430000147e+02
5.091315789469999800e+02 4.247631578950000062e+02
1.355000000000000000e+02 4.266739130430000273e+02
3.350000000000000000e+01 4.260000000000000000e+02
1.125000000000000000e+02 4.275000000000000000e+02
4.116000000000000227e+02 4.275500000000000114e+02
4.615909090910000145e+02 4.272727272729999868e+02
1.480000000000000000e+02 4.275000000000000000e+02
2.438333333330000130e+02 4.288333333329999846e+02
4.260000000000000000e+02 4.295000000000000000e+02
4.990000000000000000e+02 4.292142857140000274e+02
2.890000000000000000e+02 4.295000000000000000e+02
2.657857142859999726e+02 4.310000000000000000e+02
4.745000000000000000e+02 4.317380952380000281e+02
6.450000000000000000e+01 4.325000000000000000e+02
2.055000000000000000e+02 4.321999999999999886e+02
1.920000000000000000e+02 4.323000000000000114e+02
8.944444444399999838e+01 4.342777777779999724e+02
2.797857142859999726e+02 4.335000000000000000e+02
5.801153846150000390e+02 4.352692307689999893e+02
3.653181818180000278e+02 4.360454545449999841e+02
1.200000000000000000e+01 4.375000000000000000e+02
3.282894736839999723e+02 4.388684210530000200e+02
3.556250000000000000e+02 4.376250000000000000e+02
2.558571428570000137e+02 4.397142857140000274e+02
4.008999999999999773e+02 4.391000000000000227e+02
5.301000000000000227e+02 4.388999999999999773e+02
5.497000000000000455e+02 4.390000000000000000e+02
1.490000000000000000e+02 4.425000000000000000e+02
2.283181818179999993e+02 4.416818181819999722e+02
4.300000000000000000e+01 4.430000000000000000e+02
1.713823529409999935e+02 4.430882352940000146e+02
4.285000000000000000e+02 4.430000000000000000e+02
3.870000000000000000e+02 4.435000000000000000e+02
2.152826086960000112e+02 4.461086956519999944e+02
2.945952380950000133e+02 4.463095238099999733e+02
3.716538461540000071e+02 4.450384615379999786e+02
4.620384615379999786e+02 4.453461538459999929e+02
5.132692307690000462e+02 4.461153846149999822e+02
1.084000000000000057e+02 4.478000000000000114e+02
4.941000000000000227e+02 4.471000000000000227e+02
5.665000000000000000e+02 4.471190476190000140e+02
2.397500000000000000e+02 4.490833333329999846e+02
2.573750000000000000e+02 4.498125000000000000e+02
4.840000000000000000e+02 4.492777777779999724e+02
3.450000000000000000e+01 4.512647058819999870e+02
6.371052631599999927e+01 4.515000000000000000e+02
8.528947368400000073e+01 4.515000000000000000e+02
2.805000000000000000e+02 4.511923076919999858e+02
3.150000000000000000e+02 4.510000000000000000e+02
9.452380952000000391e+00 4.523095238099999733e+02
1.966578947369999923e+02 4.523421052630000077e+02
4.446176470589999781e+02 4.530882352940000146e+02
1.011470588239999984e+02 4.539705882349999797e+02
4.216111111110000138e+02 4.549444444439999984e+02
1.370000000000000000e+02 4.570000000000000000e+02
1.722142857139999990e+02 4.570000000000000000e+02
3.375909090910000145e+02 4.574090909089999855e+02
3.498846153850000178e+02 4.581153846149999822e+02
4.648809523809999860e+02 4.582142857140000274e+02
5.395000000000000000e+02 4.590000000000000000e+02
3.656818181819999722e+02 4.603181818180000278e+02
2.291153846150000106e+02 4.611153846149999822e+02
1.519615384619999929e+02 4.616538461540000071e+02
2.748999999999999773e+02 4.634333333330000073e+02
4.347777777779999724e+02 4.633888888889999862e+02
5.512500000000000000e+02 4.636499999999999773e+02
3.971111111110000138e+02 4.662777777779999724e+02
5.175499999999999545e+02 4.663999999999999773e+02
8.696153846199999293e+01 4.666538461540000071e+02
2.070882352939999862e+02 4.673823529410000219e+02
4.813421052630000077e+02 4.683421052630000077e+02
5.081923076919999858e+02 4.684230769229999964e+02
5.672500000000000000e+02 4.688750000000000000e+02
4.159090909100000033e+01 4.711363636359999987e+02
1.211153846149999964e+02 4.708846153850000178e+02
1.896538461540000071e+02 4.705769230770000036e+02
3.203666666670000041e+02 4.709666666670000268e+02
2.925000000000000000e+02 4.728529411760000016e+02
3.705000000000000000e+02 4.715000000000000000e+02
2.503125000000000000e+02 4.731875000000000000e+02
2.603333333300000163e+01 4.756333333329999959e+02
7.750000000000000000e+00 4.767500000000000000e+02
1.600000000000000000e+02 4.762142857140000274e+02
2.323461538459999929e+02 4.787307692310000107e+02
4.056176470589999781e+02 4.789117647059999854e+02
4.480000000000000000e+02 4.790000000000000000e+02
1.376578947369999923e+02 4.803421052630000077e+02
4.245000000000000000e+02 4.796666666670000154e+02
1.795999999999999943e+02 4.825500000000000114e+02
3.851428571430000147e+02 4.817857142859999726e+02
5.448999999999999773e+02 4.818999999999999773e+02
6.388461538499999648e+01 4.831153846149999822e+02
1.002777777780000008e+02 4.834444444439999984e+02
4.706052631580000138e+02 4.835000000000000000e+02
5.003461538459999929e+02 4.829615384620000214e+02
3.417631578950000062e+02 4.841315789469999800e+02
5.156538461540000071e+02 4.840384615379999786e+02
5.769705882350000365e+02 4.848529411760000016e+02
3.605000000000000000e+02 4.855000000000000000e+02
2.971052631599999927e+01 4.878684210530000200e+02
8.850000000000000000e+01 4.888529411760000016e+02
2.081363636359999987e+02 4.875909090910000145e+02
3.200000000000000000e+02 4.880000000000000000e+02
5.636304347830000552e+02 4.892826086960000112e+02
2.503461538459999929e+02 4.895000000000000000e+02
4.869375000000000000e+02 4.917500000000000000e+02
5.478571428600000104e+01 4.920000000000000000e+02
1.230000000000000000e+02 4.920000000000000000e+02
2.748529411760000016e+02 4.919705882349999797e+02
4.345769230770000036e+02 4.918076923080000142e+02
1.551666666669999870e+02 4.935833333329999846e+02
1.673000000000000114e+02 4.940000000000000000e+02
2.977500000000000000e+02 4.938750000000000000e+02
3.465000000000000000e+02 4.947857142859999726e+02
2.180000000000000000e+02 4.957857142859999726e+02
4.195000000000000000e+02 4.968529411760000016e+02
5.351363636360000555e+02 4.965909090910000145e+02
5.548333333330000414e+02 4.976999999999999886e+02
3.815000000000000000e+02 4.980000000000000000e+02
3.958157894739999847e+02 4.986052631580000138e+02
1.950000000000000000e+01 4.997105263160000277e+02
6.461111111099999960e+01 4.991666666670000154e+02
4.555000000000000000e+02 4.989615384620000214e+02
1.410000000000000000e+02 5.002142857140000274e+02
1.926333333329999959e+02 5.000333333329999732e+02
5.024090909089999855e+02 5.015000000000000000e+02
8.761764705900000649e+01 5.022058823529999927e+02
2.380000000000000000e+02 5.015000000000000000e+02
2.503666666670000041e+02 5.020333333329999732e+02
3.677500000000000000e+02 5.018333333329999846e+02
3.095833333329999846e+02 5.061666666670000154e+02
1.094000000000000057e+02 5.078000000000000114e+02
5.251153846150000390e+02 5.068846153850000178e+02
2.786428571430000147e+02 5.094285714289999873e+02
2.030000000000000000e+02 5.105000000000000000e+02
2.927500000000000000e+02 5.099166666670000154e+02
4.783333333299999879e+01 5.107500000000000000e+02
1.522500000000000000e+02 5.136499999999999773e+02
4.300000000000000000e+02 5.130000000000000000e+02
6.813157894699999417e+01 5.140263157890000230e+02
3.566499999999999773e+02 5.152000000000000455e+02
4.780000000000000000e+02 5.140000000000000000e+02
5.128529411759999448e+02 5.139705882350000365e+02
5.805000000000000000e+02 5.145000000000000000e+02
3.050000000000000000e+01 5.151470588240000552e+02
2.300000000000000000e+02 5.150000000000000000e+02
5.595666666670000495e+02 5.148999999999999773e+02
4.463181818180000278e+02 5.156818181820000291e+02
4.951470588239999984e+02 5.159705882350000365e+02
1.225714285709999984e+02 5.182857142860000295e+02
1.716538461540000071e+02 5.179615384620000214e+02
3.352500000000000000e+02 5.182500000000000000e+02
5.389285714290000442e+02 5.205000000000000000e+02
4.031111111110000138e+02 5.218333333330000414e+02
1.888125000000000000e+02 5.224375000000000000e+02
2.775434782610000184e+02 5.231086956520000513e+02
3.876250000000000000e+02 5.226250000000000000e+02
3.103095238099999733e+02 5.246428571430000147e+02
5.125000000000000000e+01 5.265625000000000000e+02
9.150000000000000000e+01 5.273636363639999445e+02
2.591000000000000227e+02 5.261000000000000227e+02
1.115999999999999943e+02 5.275499999999999545e+02
4.572777777779999724e+02 5.278888888889999862e+02
4.775000000000000000e+02 5.288529411759999448e+02
5.770000000000000000e+02 5.287222222220000276e+02
3.616578947369999923e+02 5.306578947369999923e+02
4.169666666670000268e+02 5.303666666670000041e+02
2.431250000000000000e+02 5.317500000000000000e+02
3.445000000000000000e+02 5.320000000000000000e+02
4.441250000000000000e+02 5.332500000000000000e+02
3.339999999999999858e+01 5.347999999999999545e+02
2.155833333330000130e+02 5.338333333330000414e+02
3.841875000000000000e+02 5.346250000000000000e+02
1.430952380999999995e+01 5.356428571430000147e+02
5.575000000000000000e+02 5.350000000000000000e+02
1.698636363640000013e+02 5.354090909090000423e+02
1.510000000000000000e+02 5.375000000000000000e+02
5.382777777779999724e+02 5.375555555559999448e+02
2.898333333329999846e+02 5.382500000000000000e+02
5.147500000000000000e+02 5.391666666669999586e+02
3.323999999999999773e+02 5.415499999999999545e+02
2.283888888889999862e+02 5.427777777779999724e+02
7.700000000000000000e+01 5.435000000000000000e+02
4.061153846149999822e+02 5.427307692309999538e+02
5.008999999999999773e+02 5.428999999999999773e+02
1.841470588239999984e+02 5.450294117649999635e+02
2.046538461540000071e+02 5.445769230769999467e+02
3.043461538459999929e+02 5.449615384620000214e+02
5.665000000000000000e+02 5.456739130429999705e+02
5.283333333299999879e+01 5.463888888889999862e+02
2.600000000000000000e+02 5.467857142860000295e+02
1.291666666669999870e+02 5.488333333330000414e+02
4.675526315789999785e+02 5.483421052630000077e+02
5.486499999999999773e+02 5.482500000000000000e+02
1.020000000000000000e+02 5.495000000000000000e+02
5.232142857139999705e+02 5.490000000000000000e+02
1.271428571400000074e+01 5.505714285709999558e+02
5.867727272729999868e+02 5.502272727270000132e+02
2.275000000000000000e+02 5.505000000000000000e+02
3.537500000000000000e+02 5.508750000000000000e+02
3.718999999999999773e+02 5.515666666670000495e+02
4.528571428569999853e+02 5.517142857139999705e+02
7.421428571399999896e+01 5.540000000000000000e+02
4.273235294120000276e+02 5.545588235290000512e+02
1.653823529409999935e+02 5.569705882350000365e+02
2.453888888889999862e+02 5.572222222220000276e+02
2.835000000000000000e+02 5.573947368420000430e+02
4.893571428569999853e+02 5.586904761900000267e+02
2.839473684200000037e+01 5.600789473679999446e+02
3.163333333329999846e+02 5.600000000000000000e+02
3.325000000000000000e+02 5.600000000000000000e+02
1.131363636359999987e+02 5.605909090909999577e+02
5.300000000000000000e+01 5.611666666669999586e+02
3.033571428569999853e+02 5.612142857139999705e+02
4.037857142859999726e+02 5.610714285709999558e+02
5.100000000000000000e+02 5.611666666669999586e+02
1.415000000000000000e+02 5.615000000000000000e+02
1.730000000000000000e+02 5.615000000000000000e+02
5.760000000000000000e+02 5.615000000000000000e+02
