2.777777777999999920e+00 1.833333332999999898e+00
5.100000000000000000e+01 1.785714285999999928e+00
1.765000000000000000e+02 8.750000000000000000e-01
2.770000000000000000e+02 5.000000000000000000e-01
3.278999999999999773e+02 1.899999999999999911e+00
3.731999999999999886e+02 2.399999999999999911e+00
4.010000000000000000e+02 5.000000000000000000e-01
2.281250000000000000e+01 3.687500000000000000e+00
5.522500000000000000e+02 3.166666666999999880e+00
2.575000000000000000e+02 4.000000000000000000e+00
5.772894736839999723e+02 6.131578947000000390e+00
3.455000000000000000e+02 7.000000000000000000e+00
4.832647058819999870e+02 7.735294117999999663e+00
9.907894736800000146e+01 8.605263157999999635e+00
1.968750000000000000e+02 8.250000000000000000e+00
5.233888888889999862e+02 8.222222221999999192e+00
7.286363636400000132e+01 8.409090908999999670e+00
1.407777777780000008e+02 9.388888889000000404e+00
3.946818181819999722e+02 9.318181817999999339e+00
4.530000000000000000e+02 8.833333333000000565e+00
3.061666666670000154e+02 1.326190476200000035e+01
4.370000000000000000e+02 1.272222222199999919e+01
2.391250000000000000e+02 1.306250000000000000e+01
4.233888888889999862e+02 1.322222222199999919e+01
8.478571428600000104e+01 1.414285714300000052e+01
2.165000000000000000e+02 1.400000000000000000e+01
5.431000000000000227e+02 1.390000000000000036e+01
5.540294117649999635e+02 1.485294117599999986e+01
1.772500000000000000e+02 1.483333333300000056e+01
4.647222222220000276e+02 1.744444444399999838e+01
1.205000000000000000e+02 1.850000000000000000e+01
5.091666666670000154e+02 1.903333333300000163e+01
1.530333333330000016e+02 2.063333333299999950e+01
3.689117647059999854e+02 2.038235294100000061e+01
2.071052631599999927e+01 2.113157894700000128e+01
3.472272727270000132e+02 2.154545454499999835e+01
7.773809523799999965e+01 2.411904761899999983e+01
2.726999999999999886e+02 2.250000000000000000e+01
5.311923076919999858e+02 2.342307692299999999e+01
5.905555555600000162e+01 2.438888888900000040e+01
3.265500000000000114e+02 2.439999999999999858e+01
5.715000000000000000e+02 2.450000000000000000e+01
9.909999999999999432e+01 2.510000000000000142e+01
1.777777777780000008e+02 2.561111111099999960e+01
4.906333333329999959e+02 2.503333333300000163e+01
2.798846153850000178e+02 2.588461538500000003e+01
3.031153846149999822e+02 2.588461538500000003e+01
3.853000000000000114e+02 2.650000000000000000e+01
4.139666666670000268e+02 2.736666666700000050e+01
9.000000000000000000e+00 2.830000000000000071e+01
5.533823529410000219e+02 2.908823529400000041e+01
3.615833333329999846e+02 2.983333333299999879e+01
4.300882352940000146e+02 3.061764705899999939e+01
4.539705882349999797e+02 3.085294117600000163e+01
2.558636363640000013e+02 3.040909090899999967e+01
4.129999999999999716e+01 3.200000000000000000e+01
1.450000000000000000e+02 3.200000000000000000e+01
1.142894736840000007e+02 3.376315789499999909e+01
2.193181818179999993e+02 3.331818181799999934e+01
3.815000000000000000e+02 3.333333333299999879e+01
6.296153846200000004e+01 3.365384615400000001e+01
1.981153846150000106e+02 3.388461538499999648e+01
4.975000000000000000e+02 3.450000000000000000e+01
8.545454545500000165e+01 3.581818181799999934e+01
2.391153846150000106e+02 3.511538461500000352e+01
4.736666666670000154e+02 3.538888888900000040e+01
4.010000000000000000e+02 3.600000000000000000e+01
3.303823529410000219e+02 3.691176470599999959e+01
2.636176470589999781e+02 3.891176470599999959e+01
5.183421052630000077e+02 3.965789473699999945e+01
5.690333333329999732e+02 4.016666666700000121e+01
5.430000000000000000e+02 4.350000000000000000e+01
2.993888888889999862e+02 4.422222222199999919e+01
1.407500000000000000e+02 4.575000000000000000e+01
2.889999999999999858e+01 4.610000000000000142e+01
1.630000000000000000e+02 4.650000000000000000e+01
3.526176470589999781e+02 4.608823529400000041e+01
4.428846153850000178e+02 4.611538461500000352e+01
4.361111111099999960e+01 4.777777777800000081e+01
4.619705882349999797e+02 4.714705882399999837e+01
3.113000000000000114e+02 4.750000000000000000e+01
3.320000000000000000e+02 4.900000000000000000e+01
3.926818181819999722e+02 5.031818181799999934e+01
2.304000000000000057e+02 5.154999999999999716e+01
3.621470588239999984e+02 5.102941176499999898e+01
4.943666666670000041e+02 5.096666666699999837e+01
2.053823529409999935e+02 5.208823529400000041e+01
4.125000000000000000e+02 5.350000000000000000e+01
5.481000000000000227e+02 5.389999999999999858e+01
9.900000000000000000e+01 5.400000000000000000e+01
2.889666666670000268e+02 5.436666666699999695e+01
4.000000000000000000e+00 5.500000000000000000e+01
1.864090909090000139e+02 5.559090909100000033e+01
2.525000000000000000e+02 5.500000000000000000e+01
3.782777777779999724e+02 5.555555555600000162e+01
5.800000000000000000e+02 5.521428571399999896e+01
5.091153846149999822e+02 5.611538461500000352e+01
5.596111111110000138e+02 5.677777777800000081e+01
5.822222222199999919e+01 5.761111111099999960e+01
3.371666666670000154e+02 5.675000000000000000e+01
1.607857142860000010e+02 5.885714285699999948e+01
1.441923076920000142e+02 6.157692307699999645e+01
2.142857142860000010e+02 6.114285714300000052e+01
8.250000000000000000e+01 6.200000000000000000e+01
5.305000000000000000e+02 6.200000000000000000e+01
1.227000000000000028e+02 6.300000000000000000e+01
4.318529411760000016e+02 6.302941176499999898e+01
4.748636363640000013e+02 6.259090909100000033e+01
1.888461538500000003e+01 6.526923076900000353e+01
2.430000000000000000e+02 6.550000000000000000e+01
2.620000000000000000e+02 6.600000000000000000e+01
4.976538461540000071e+02 6.603846153800000707e+01
4.436250000000000000e+02 6.662500000000000000e+01
2.003823529409999935e+02 6.808823529400000041e+01
3.938999999999999773e+02 6.790000000000000568e+01
1.097000000000000028e+02 6.850000000000000000e+01
2.946666666670000154e+02 6.858333333299999879e+01
4.094444444399999838e+01 7.027777777800000081e+01
1.727500000000000000e+02 7.165000000000000568e+01
7.709999999999999432e+01 7.190000000000000568e+01
3.154230769229999964e+02 7.180769230800000003e+01
3.425000000000000000e+02 7.183333333299999879e+01
4.690294117650000203e+02 7.508823529400000041e+01
5.343750000000000000e+02 7.443750000000000000e+01
2.250000000000000000e+02 7.721428571399999896e+01
2.720000000000000000e+02 7.772222222199999919e+01
5.082142857140000274e+02 7.700000000000000000e+01
5.747857142860000295e+02 7.800000000000000000e+01
4.845714285710000127e+02 7.964285714300000052e+01
8.687500000000000000e+00 8.031250000000000000e+01
8.765789473700000656e+01 8.034210526299999344e+01
1.298846153849999894e+02 8.011538461499999642e+01
1.519000000000000057e+02 7.990000000000000568e+01
2.066111111110000138e+02 8.277777777800000081e+01
2.388333333330000130e+02 8.116666666700000121e+01
2.619499999999999886e+02 8.340000000000000568e+01
4.097352941180000130e+02 8.355882352899999432e+01
5.873529411799999878e+01 8.450000000000000000e+01
3.282500000000000000e+02 8.412500000000000000e+01
5.450000000000000000e+02 8.500000000000000000e+01
3.668333333329999846e+02 8.637500000000000000e+01
4.320000000000000000e+02 8.677272727300000099e+01
3.833421052630000077e+02 8.765789473700000656e+01
2.950000000000000000e+01 8.816666666700000121e+01
7.450000000000000000e+01 8.770000000000000284e+01
4.500384615379999786e+02 8.834615384600000709e+01
1.747666666670000097e+02 8.950000000000000000e+01
4.694230769229999964e+02 8.888461538500000358e+01
3.062692307689999893e+02 8.988461538500000358e+01
5.036333333329999959e+02 8.996666666699999837e+01
1.311153846150000106e+02 9.111538461499999642e+01
5.292500000000000000e+02 9.208333333299999879e+01
5.741315789469999800e+02 9.250000000000000000e+01
1.119000000000000057e+02 9.309999999999999432e+01
5.586363636400000132e+01 9.340909090899999967e+01
5.846578947369999923e+02 9.434210526299999344e+01
2.877500000000000000e+02 9.525000000000000000e+01
4.090333333329999732e+02 9.563333333299999595e+01
1.931153846150000106e+02 9.611538461499999642e+01
2.296111111110000138e+02 9.622222222199999919e+01
9.000000000000000000e+01 9.750000000000000000e+01
2.435000000000000000e+02 9.850000000000000000e+01
5.480238095239999438e+02 1.011666666670000012e+02
1.161111111099999960e+01 1.017777777780000008e+02
2.685625000000000000e+02 1.017500000000000000e+02
3.492857142900000156e+01 1.025000000000000000e+02
1.615000000000000000e+02 1.030000000000000000e+02
3.828333333329999846e+02 1.034166666670000012e+02
4.473000000000000114e+02 1.032999999999999972e+02
1.448636363640000013e+02 1.034090909089999997e+02
3.221000000000000227e+02 1.039000000000000057e+02
3.505000000000000000e+02 1.040000000000000000e+02
1.993666666670000041e+02 1.059666666669999984e+02
5.642857142860000295e+02 1.060714285709999984e+02
3.728529411760000016e+02 1.079117647059999996e+02
1.236818181820000007e+02 1.076818181820000007e+02
4.876176470589999781e+02 1.079117647059999996e+02
3.104473684210000215e+02 1.096578947370000066e+02
5.133888888889999862e+02 1.099444444439999984e+02
1.071363636359999987e+02 1.094090909089999997e+02
2.614090909089999855e+02 1.108181818179999993e+02
4.659117647059999854e+02 1.113823529409999935e+02
6.473809523799999965e+01 1.128809523810000002e+02
4.192142857140000274e+02 1.120000000000000000e+02
2.200999999999999943e+02 1.136333333329999959e+02
1.902857142860000010e+02 1.141428571430000005e+02
9.500000000000000000e+00 1.150000000000000000e+02
3.335000000000000000e+02 1.150714285709999984e+02
2.802941176499999898e+01 1.161470588239999984e+02
2.905000000000000000e+02 1.161470588239999984e+02
4.463750000000000000e+02 1.153750000000000000e+02
1.479117647060000138e+02 1.176176470590000065e+02
2.430000000000000000e+02 1.180000000000000000e+02
4.072222222220000276e+02 1.183888888890000004e+02
5.820000000000000000e+02 1.182142857139999990e+02
4.550000000000000000e+01 1.190000000000000000e+02
5.310000000000000000e+02 1.202142857139999990e+02
5.494230769230000533e+02 1.208076923080000000e+02
1.600263157889999945e+02 1.225000000000000000e+02
9.062500000000000000e+01 1.233750000000000000e+02
3.594499999999999886e+02 1.254000000000000057e+02
3.722500000000000000e+02 1.249166666670000012e+02
4.196176470589999781e+02 1.249117647059999996e+02
5.201315789469999800e+02 1.257105263159999993e+02
3.140000000000000000e+02 1.272142857139999990e+02
5.002826086960000112e+02 1.275869565219999942e+02
1.035454545449999983e+02 1.288181818179999993e+02
1.765000000000000000e+02 1.291470588239999984e+02
3.925000000000000000e+02 1.290000000000000000e+02
2.283823529409999935e+02 1.300882352939999862e+02
4.390000000000000000e+02 1.305000000000000000e+02
4.679615384620000214e+02 1.303461538459999929e+02
5.681363636360000555e+02 1.294090909090000139e+02
4.760333333329999732e+02 1.316333333329999959e+02
2.107500000000000000e+02 1.327500000000000000e+02
2.695000000000000000e+02 1.316999999999999886e+02
2.951153846149999822e+02 1.321153846150000106e+02
3.326176470589999781e+02 1.319117647060000138e+02
1.286333333329999959e+02 1.330333333330000016e+02
6.911538461499999642e+01 1.338846153849999894e+02
5.000000000000000000e+02 1.355000000000000000e+02
5.790384615379999786e+02 1.346538461540000071e+02
3.014705882399999837e+01 1.365000000000000000e+02
1.950000000000000000e+01 1.370000000000000000e+02
1.370882352939999862e+02 1.383823529409999935e+02
2.500000000000000000e+02 1.385000000000000000e+02
5.324333333329999505e+02 1.380999999999999943e+02
1.608787878789999866e+02 1.467878787880000004e+02
5.541153846150000390e+02 1.387307692310000107e+02
4.116111111110000138e+02 1.410555555560000016e+02
1.883461538459999929e+02 1.429615384619999929e+02
3.130000000000000000e+02 1.440000000000000000e+02
3.289473683999999842e+00 1.458684210529999916e+02
4.252500000000000000e+02 1.448333333330000130e+02
2.573421052630000077e+02 1.463421052630000077e+02
3.555000000000000000e+02 1.465000000000000000e+02
7.838235294099999351e+01 1.470882352939999862e+02
1.137857142860000010e+02 1.470000000000000000e+02
2.068846153849999894e+02 1.468846153849999894e+02
4.788095238100000017e+01 1.502619047620000003e+02
5.180882352940000146e+02 1.506176470590000065e+02
6.644736842099999308e+01 1.515526315790000069e+02
1.330625000000000000e+02 1.512500000000000000e+02
4.536111111110000138e+02 1.513333333330000130e+02
4.784130434780000201e+02 1.517173913039999888e+02
1.040000000000000000e+02 1.532272727270000132e+02
2.797500000000000000e+02 1.531250000000000000e+02
5.636304347830000552e+02 1.542826086960000112e+02
2.432647058819999870e+02 1.545000000000000000e+02
3.371190476190000140e+02 1.542619047620000003e+02
2.304499999999999886e+02 1.554000000000000057e+02
3.691000000000000227e+02 1.549000000000000057e+02
3.855000000000000000e+02 1.550000000000000000e+02
4.370000000000000000e+02 1.560000000000000000e+02
3.475000000000000000e+02 1.573000000000000114e+02
2.712142857140000274e+02 1.585000000000000000e+02
5.424230769230000533e+02 1.602692307689999893e+02
4.099999999999999645e+00 1.620999999999999943e+02
3.059782608699999855e+02 1.631086956519999944e+02
4.058000000000000114e+02 1.619000000000000057e+02
4.940000000000000000e+02 1.622272727270000132e+02
3.198846153850000178e+02 1.631153846150000106e+02
1.855909090909999861e+02 1.645909090909999861e+02
2.134000000000000057e+02 1.636999999999999886e+02
2.848333333329999846e+02 1.636111111110000138e+02
4.605000000000000000e+02 1.648684210529999916e+02
1.650000000000000000e+01 1.655000000000000000e+02
1.571153846150000106e+02 1.648846153849999894e+02
4.171428571399999896e+01 1.668571428570000137e+02
9.554999999999999716e+01 1.675999999999999943e+02
5.106578947369999923e+02 1.683421052630000077e+02
5.805000000000000000e+02 1.688684210529999916e+02
2.032500000000000000e+02 1.707500000000000000e+02
4.974499999999999886e+02 1.714000000000000057e+02
1.249666666669999984e+02 1.721666666669999870e+02
2.373421052630000077e+02 1.726578947369999923e+02
4.232777777779999724e+02 1.725555555560000016e+02
4.785454545449999841e+02 1.727727272729999868e+02
6.435714285699999948e+01 1.736904761899999983e+02
5.320000000000000000e+02 1.735000000000000000e+02
5.563571428569999853e+02 1.732142857139999990e+02
3.360000000000000000e+02 1.740000000000000000e+02
3.659117647059999854e+02 1.743823529409999935e+02
1.495000000000000000e+02 1.755000000000000000e+02
2.223888888889999862e+02 1.755555555560000016e+02
3.582222222220000276e+02 1.766111111110000138e+02
4.373421052630000077e+02 1.763421052630000077e+02
7.825000000000000000e+01 1.778750000000000000e+02
1.586363636399999955e+01 1.784090909090000139e+02
2.847666666669999813e+02 1.798333333330000130e+02
3.929117647059999854e+02 1.796176470590000065e+02
5.483333333299999879e+01 1.813750000000000000e+02
1.675000000000000000e+02 1.811470588239999984e+02
4.041153846149999822e+02 1.831153846150000106e+02
3.562500000000000000e+00 1.838125000000000000e+02
5.686176470589999781e+02 1.839117647060000138e+02
1.808846153849999894e+02 1.851153846150000106e+02
4.641666666670000154e+02 1.847500000000000000e+02
2.956000000000000227e+02 1.864499999999999886e+02
1.144375000000000000e+02 1.877500000000000000e+02
4.850294117650000203e+02 1.871470588239999984e+02
2.453888888889999862e+02 1.883333333330000130e+02
2.077500000000000000e+02 1.897500000000000000e+02
2.758846153850000178e+02 1.891153846150000106e+02
3.180000000000000000e+02 1.902142857139999990e+02
9.884615385000000032e+00 1.908846153849999894e+02
3.750000000000000000e+02 1.915000000000000000e+02
5.163823529410000219e+02 1.910882352939999862e+02
3.493999999999999773e+01 1.940999999999999943e+02
1.420000000000000000e+02 1.927857142860000010e+02
7.900000000000000000e+01 1.945000000000000000e+02
1.684166666669999870e+02 1.938333333330000130e+02
3.462142857140000274e+02 1.950000000000000000e+02
3.941363636359999987e+02 1.945909090909999861e+02
1.012500000000000000e+02 1.958750000000000000e+02
2.892142857140000274e+02 1.970000000000000000e+02
4.223666666670000041e+02 1.970333333330000016e+02
1.258846153850000036e+02 1.991153846150000106e+02
5.485000000000000000e+02 1.991315789470000084e+02
5.349117647059999854e+02 2.006176470590000065e+02
3.361363636359999987e+02 2.020000000000000000e+02
4.455000000000000000e+02 2.013000000000000114e+02
4.596999999999999886e+02 2.020000000000000000e+02
5.839666666670000268e+02 2.016333333329999959e+02
4.967105263160000277e+02 2.025000000000000000e+02
1.878684210529999916e+02 2.035000000000000000e+02
1.594999999999999929e+01 2.045999999999999943e+02
6.211111111099999960e+01 2.041111111110000138e+02
2.185999999999999943e+02 2.038000000000000114e+02
5.727857142860000295e+02 2.040000000000000000e+02
2.986578947369999923e+02 2.056578947369999923e+02
4.189999999999999858e+01 2.059000000000000057e+02
2.365000000000000000e+02 2.060000000000000000e+02
2.736000000000000227e+02 2.069499999999999886e+02
1.281470588239999984e+02 2.070294117649999919e+02
2.586176470589999781e+02 2.080882352939999862e+02
3.823750000000000000e+02 2.076250000000000000e+02
4.309615384620000214e+02 2.076538461540000071e+02
4.809444444439999984e+02 2.086111111110000138e+02
5.190000000000000000e+02 2.083333333330000130e+02
8.600000000000000000e+01 2.090000000000000000e+02
1.138846153850000036e+02 2.101153846150000106e+02
4.040714285710000127e+02 2.104047619049999867e+02
2.863636363999999990e+00 2.105909090909999861e+02
1.593571428570000137e+02 2.117857142860000010e+02
2.281153846150000106e+02 2.128846153849999894e+02
3.590000000000000000e+02 2.132777777780000008e+02
6.837500000000000000e+01 2.133750000000000000e+02
9.873529411799999878e+01 2.147352941180000130e+02
1.746052631580000138e+02 2.140789473680000015e+02
3.188529411760000016e+02 2.145000000000000000e+02
3.400000000000000000e+02 2.150000000000000000e+02
5.271111111110000138e+02 2.158888888889999862e+02
5.552142857139999705e+02 2.158571428570000137e+02
4.955000000000000000e+02 2.166999999999999886e+02
2.060000000000000000e+02 2.173000000000000114e+02
2.825326086960000112e+02 2.218695652170000017e+02
2.885294117600000163e+01 2.200294117649999919e+02
5.827857142860000295e+02 2.201428571429999863e+02
4.530000000000000000e+02 2.213000000000000114e+02
5.667727272729999868e+02 2.245454545450000126e+02
3.220000000000000000e+02 2.265000000000000000e+02
4.050384615379999786e+02 2.263461538459999929e+02
4.602894736839999723e+02 2.264473684209999931e+02
2.447222222219999992e+02 2.280000000000000000e+02
5.395454545500000165e+01 2.291363636359999987e+02
1.296111111110000138e+02 2.292222222219999992e+02
3.580000000000000000e+02 2.287857142860000010e+02
5.173181818179999709e+02 2.303181818179999993e+02
1.452500000000000000e+02 2.316500000000000057e+02
2.275000000000000000e+02 2.326052631580000138e+02
3.107142857140000274e+02 2.318571428570000137e+02
4.175000000000000000e+02 2.320000000000000000e+02
1.978750000000000000e+02 2.332500000000000000e+02
2.572894736839999723e+02 2.335000000000000000e+02
3.858809523809999860e+02 2.337380952379999997e+02
1.635000000000000000e+02 2.348076923079999858e+02
4.428846153850000178e+02 2.338846153849999894e+02
4.847105263160000277e+02 2.341315789470000084e+02
9.750000000000000000e+00 2.352500000000000000e+02
7.928947368400000073e+01 2.365000000000000000e+02
1.050999999999999943e+02 2.359000000000000057e+02
3.165789473699999945e+01 2.373421052630000077e+02
3.740000000000000000e+02 2.375000000000000000e+02
1.774230769229999964e+02 2.378076923079999858e+02
2.906000000000000227e+02 2.384499999999999886e+02
2.685000000000000000e+02 2.388333333330000130e+02
5.460000000000000000e+02 2.405000000000000000e+02
4.285000000000000000e+02 2.410000000000000000e+02
5.662500000000000000e+01 2.428125000000000000e+02
4.482500000000000000e+02 2.422500000000000000e+02
5.330000000000000000e+02 2.432142857139999990e+02
1.691176470599999959e+01 2.456176470590000065e+02
3.206176470589999781e+02 2.450882352939999862e+02
3.444090909089999855e+02 2.448636363640000013e+02
5.829117647059999854e+02 2.453823529409999935e+02
4.400000000000000000e+01 2.462142857139999990e+02
8.597058823499999392e+01 2.468529411760000016e+02
2.360999999999999943e+02 2.472500000000000000e+02
4.028478260869999872e+02 2.466304347829999983e+02
4.839615384620000214e+02 2.456538461540000071e+02
5.106538461540000071e+02 2.460384615380000071e+02
1.080000000000000000e+02 2.467857142860000010e+02
1.332142857139999990e+02 2.466428571429999863e+02
1.915399999999999920e+02 2.479000000000000057e+02
3.668846153850000178e+02 2.478846153849999894e+02
2.108333333330000130e+02 2.487500000000000000e+02
4.740000000000000000e+02 2.492142857139999990e+02
1.475000000000000000e+02 2.510000000000000000e+02
5.007631578950000062e+02 2.517631578950000062e+02
3.893500000000000227e+02 2.542500000000000000e+02
5.650882352940000146e+02 2.546176470590000065e+02
5.465000000000000000e+02 2.555000000000000000e+02
3.016111111110000138e+02 2.580555555560000016e+02
2.867857142859999726e+02 2.590000000000000000e+02
1.619000000000000057e+02 2.608999999999999773e+02
2.572500000000000000e+02 2.612500000000000000e+02
3.125500000000000114e+02 2.613999999999999773e+02
1.365789473699999945e+01 2.626578947369999923e+02
4.319210526319999985e+02 2.623947368419999862e+02
4.752142857140000274e+02 2.623571428569999853e+02
6.444736842099999308e+01 2.638157894739999847e+02
1.218846153850000036e+02 2.641153846149999822e+02
1.473666666670000041e+02 2.645666666669999927e+02
2.243571428570000137e+02 2.645000000000000000e+02
3.537105263160000277e+02 2.645000000000000000e+02
4.101000000000000227e+02 2.651000000000000227e+02
5.201153846150000390e+02 2.671153846149999822e+02
5.862647058820000439e+02 2.675588235289999943e+02
1.875999999999999943e+02 2.685500000000000114e+02
5.023421052630000077e+02 2.685526315789999785e+02
5.592692307690000462e+02 2.681153846149999822e+02
9.671052631599999927e+01 2.695000000000000000e+02
2.751470588239999984e+02 2.689705882349999797e+02
2.963888888889999862e+02 2.688333333329999846e+02
3.800000000000000000e+01 2.700000000000000000e+02
3.776999999999999886e+02 2.700000000000000000e+02
4.587857142859999726e+02 2.710000000000000000e+02
2.103095238100000017e+02 2.725476190480000014e+02
8.556250000000000000e+01 2.733750000000000000e+02
1.325000000000000000e+02 2.730000000000000000e+02
3.279666666670000268e+02 2.736333333329999959e+02
4.431000000000000227e+02 2.731000000000000227e+02
4.903823529410000219e+02 2.729117647059999854e+02
3.908636363640000013e+02 2.744090909089999855e+02
2.401363636359999987e+02 2.760454545449999841e+02
6.095454545500000165e+01 2.778636363640000013e+02
5.310000000000000000e+02 2.775000000000000000e+02
1.680000000000000000e+02 2.792142857140000274e+02
3.432142857140000274e+02 2.790000000000000000e+02
1.517500000000000000e+02 2.808333333329999846e+02
3.154375000000000000e+02 2.817500000000000000e+02
2.215000000000000000e+02 2.819285714289999873e+02
5.738684210530000200e+02 2.822894736839999723e+02
4.937500000000000000e+01 2.833750000000000000e+02
3.691153846149999822e+02 2.827307692310000107e+02
1.144999999999999929e+01 2.846000000000000227e+02
2.900000000000000000e+02 2.840000000000000000e+02
4.405555555560000016e+02 2.843888888889999862e+02
4.078846153850000178e+02 2.851153846149999822e+02
4.928684210530000200e+02 2.852368421049999938e+02
8.473529411799999878e+01 2.867352941180000130e+02
5.503461538459999929e+02 2.865000000000000000e+02
1.527500000000000000e+02 2.884499999999999886e+02
3.870000000000000000e+02 2.890000000000000000e+02
5.873333333330000414e+02 2.895000000000000000e+02
4.233888888889999862e+02 2.907777777779999724e+02
2.935714285699999948e+01 2.918333333329999846e+02
1.090000000000000000e+02 2.910000000000000000e+02
1.257222222219999992e+02 2.910000000000000000e+02
2.062142857139999990e+02 2.911428571430000147e+02
2.557916666669999870e+02 2.915000000000000000e+02
2.696111111110000138e+02 2.908333333329999846e+02
4.717222222220000276e+02 2.910000000000000000e+02
1.865526315790000069e+02 2.934473684210000215e+02
2.390999999999999943e+02 2.928999999999999773e+02
2.963999999999999773e+02 2.951999999999999886e+02
1.621250000000000000e+02 2.967500000000000000e+02
2.175000000000000000e+02 2.970000000000000000e+02
3.343666666670000041e+02 2.970333333329999732e+02
4.006176470589999781e+02 2.969117647059999854e+02
4.540000000000000000e+02 2.970000000000000000e+02
5.231428571430000147e+02 2.977142857140000274e+02
6.023333333299999737e+01 2.993000000000000114e+02
5.542894736839999723e+02 2.991315789469999800e+02
4.350000000000000000e+01 3.002894736839999723e+02
3.589117647059999854e+02 3.003823529410000219e+02
5.088529411760000016e+02 3.005000000000000000e+02
1.954565217390000100e+02 3.017608695650000072e+02
2.801000000000000227e+02 3.031000000000000227e+02
3.846333333329999959e+02 3.029666666670000268e+02
7.040909090899999967e+01 3.051363636359999987e+02
3.420000000000000000e+02 3.047857142859999726e+02
4.353666666670000041e+02 3.049666666670000268e+02
1.449736842110000055e+02 3.061842105260000153e+02
1.100000000000000000e+01 3.070000000000000000e+02
2.612777777779999724e+02 3.070000000000000000e+02
5.778076923080000142e+02 3.075769230770000036e+02
1.798636363640000013e+02 3.085909090910000145e+02
3.193823529410000219e+02 3.090882352940000146e+02
9.350000000000000000e+01 3.100000000000000000e+02
2.380000000000000000e+02 3.100000000000000000e+02
4.550333333329999732e+02 3.116333333329999959e+02
4.765000000000000000e+02 3.115000000000000000e+02
1.575999999999999943e+02 3.141999999999999886e+02
5.352000000000000455e+02 3.143999999999999773e+02
3.318636363640000013e+02 3.149545454550000159e+02
5.473823529410000219e+02 3.159117647059999854e+02
1.170000000000000000e+02 3.180000000000000000e+02
4.079615384620000214e+02 3.173461538459999929e+02
5.012058823529999927e+02 3.172647058819999870e+02
4.625000000000000000e+01 3.178333333329999846e+02
3.096428571430000147e+02 3.184285714289999873e+02
3.887105263160000277e+02 3.181315789469999800e+02
2.962619047619999719e+02 3.194523809519999986e+02
2.877272727300000099e+01 3.222727272729999868e+02
6.826923076900000353e+01 3.226538461540000071e+02
4.327857142859999726e+02 3.230000000000000000e+02
4.661153846149999822e+02 3.231153846149999822e+02
2.540999999999999943e+02 3.238999999999999773e+02
3.603636363640000013e+02 3.245000000000000000e+02
1.319705882350000081e+02 3.251470588239999984e+02
1.785000000000000000e+02 3.248333333329999846e+02
8.850000000000000000e+01 3.265000000000000000e+02
1.503571428570000137e+02 3.261666666670000154e+02
2.160000000000000000e+02 3.260000000000000000e+02
2.630000000000000000e+02 3.257857142859999726e+02
3.611111111000000040e+00 3.270555555560000016e+02
1.980000000000000000e+02 3.275000000000000000e+02
3.726764705879999724e+02 3.274411764710000057e+02
5.135000000000000000e+02 3.285000000000000000e+02
4.810000000000000000e+02 3.292142857140000274e+02
5.681153846150000390e+02 3.298846153850000178e+02
2.967352941180000130e+02 3.337352941180000130e+02
4.435000000000000000e+02 3.335000000000000000e+02
5.113636363599999868e+01 3.344090909089999855e+02
1.120333333330000016e+02 3.353666666670000041e+02
2.320384615380000071e+02 3.353461538459999929e+02
3.178333333329999846e+02 3.365000000000000000e+02
3.415909090910000145e+02 3.365909090910000145e+02
7.250000000000000000e+01 3.370000000000000000e+02
8.838235294099999351e+01 3.370882352940000146e+02
5.491000000000000227e+02 3.368999999999999773e+02
4.128750000000000000e+02 3.387500000000000000e+02
4.992500000000000000e+02 3.398333333329999846e+02
5.322142857139999705e+02 3.398571428569999853e+02
2.808529411760000016e+02 3.409705882349999797e+02
2.096818181820000007e+02 3.416818181819999722e+02
3.550000000000000000e+02 3.422142857140000274e+02
3.878333333329999846e+02 3.423000000000000114e+02
3.050000000000000000e+01 3.430000000000000000e+02
1.910333333330000016e+02 3.436333333329999959e+02
4.676666666670000154e+02 3.435000000000000000e+02
1.720999999999999943e+02 3.451000000000000227e+02
4.823750000000000000e+02 3.452500000000000000e+02
5.240000000000000000e+02 3.455000000000000000e+02
5.764047619049999867e+02 3.463095238099999733e+02
4.296176470589999781e+02 3.462058823529999927e+02
1.312500000000000000e+02 3.477500000000000000e+02
5.657894737000000340e+00 3.484473684210000215e+02
1.445000000000000000e+02 3.488529411760000016e+02
2.495000000000000000e+02 3.478333333329999846e+02
3.696538461540000071e+02 3.477307692310000107e+02
9.814705882399999837e+01 3.505000000000000000e+02
3.310000000000000000e+02 3.507857142859999726e+02
3.662619047619999719e+02 3.531190476190000140e+02
4.400000000000000000e+02 3.522777777779999724e+02
6.600000000000000000e+01 3.542142857140000274e+02
2.267222222219999992e+02 3.540000000000000000e+02
2.583999999999999773e+02 3.541999999999999886e+02
2.985000000000000000e+02 3.545000000000000000e+02
4.985833333329999846e+02 3.538333333329999846e+02
4.488461538499999648e+01 3.551153846149999822e+02
3.389999999999999858e+01 3.558999999999999773e+02
4.051000000000000227e+02 3.558999999999999773e+02
5.557500000000000000e+02 3.561666666670000154e+02
5.071153846149999822e+02 3.571153846149999822e+02
1.675000000000000000e+02 3.581250000000000000e+02
2.063461538459999929e+02 3.589615384620000214e+02
3.185909090910000145e+02 3.595000000000000000e+02
4.641000000000000227e+02 3.598999999999999773e+02
5.332857142860000295e+02 3.604285714289999873e+02
1.168913043480000056e+02 3.618478260869999872e+02
2.738846153850000178e+02 3.611153846149999822e+02
7.700000000000000000e+01 3.625833333329999846e+02
4.312500000000000000e+02 3.619166666670000154e+02
1.832500000000000000e+02 3.630833333329999846e+02
5.780789473679999446e+02 3.636052631580000138e+02
3.970000000000000000e+02 3.640000000000000000e+02
2.427777777780000008e+02 3.653888888889999862e+02
5.841666666700000121e+01 3.661666666670000154e+02
5.012272727270000132e+02 3.670000000000000000e+02
4.175526315789999785e+02 3.691315789469999800e+02
5.271470588240000552e+02 3.695000000000000000e+02
1.771739130399999951e+01 3.704130434780000201e+02
3.817631578950000062e+02 3.711315789469999800e+02
1.546333333329999959e+02 3.721000000000000227e+02
4.830000000000000000e+02 3.720000000000000000e+02
5.556499999999999773e+02 3.731999999999999886e+02
3.439117647059999854e+02 3.736176470589999781e+02
2.207500000000000000e+02 3.741666666670000154e+02
9.113636363599999868e+01 3.754090909089999855e+02
1.360000000000000000e+02 3.755000000000000000e+02
4.488000000000000114e+02 3.776000000000000227e+02
3.091153846149999822e+02 3.781153846149999822e+02
5.762777777779999724e+02 3.784444444439999984e+02
2.013666666670000041e+02 3.790333333329999732e+02
2.621470588239999984e+02 3.805000000000000000e+02
7.908823529400000041e+01 3.813823529410000219e+02
1.656176470590000065e+02 3.810882352940000146e+02
1.904444444439999984e+02 3.813888888889999862e+02
4.077777777800000081e+01 3.826666666670000154e+02
2.851363636359999987e+02 3.831818181819999722e+02
4.631153846149999822e+02 3.831153846149999822e+02
3.276578947369999923e+02 3.853421052630000077e+02
1.157666666669999955e+02 3.868333333329999846e+02
1.361153846150000106e+02 3.868846153850000178e+02
3.626999999999999886e+02 3.874333333330000073e+02
3.869117647059999854e+02 3.876176470589999781e+02
5.150000000000000000e+02 3.867857142859999726e+02
4.052500000000000000e+02 3.890000000000000000e+02
5.722222222199999919e+01 3.896111111110000138e+02
4.315000000000000000e+02 3.885000000000000000e+02
2.580294117650000203e+02 3.911470588239999984e+02
2.145000000000000000e+02 3.915000000000000000e+02
3.025000000000000000e+02 3.922894736839999723e+02
5.398125000000000000e+02 3.926875000000000000e+02
1.033421052629999934e+02 3.935526315789999785e+02
4.825000000000000000e+02 3.935000000000000000e+02
5.000000000000000000e+02 3.930000000000000000e+02
4.500000000000000000e+00 3.942894736839999723e+02
1.908846153849999894e+02 3.941153846149999822e+02
3.462894736839999723e+02 3.945000000000000000e+02
3.653000000000000114e+02 3.945799999999999841e+02
2.806818181819999722e+02 3.953181818180000278e+02
1.716111111110000138e+02 3.956111111110000138e+02
2.700000000000000000e+01 3.965000000000000000e+02
5.615000000000000000e+02 3.975000000000000000e+02
8.762500000000000000e+01 3.986250000000000000e+02
2.331315789470000084e+02 3.995000000000000000e+02
4.246999999999999886e+02 4.016999999999999886e+02
1.642222222219999992e+02 4.023888888889999862e+02
5.680000000000000000e+02 4.032142857140000274e+02
3.301153846149999822e+02 4.041153846149999822e+02
4.015500000000000114e+02 4.043999999999999773e+02
4.746739130430000273e+02 4.048043478260000256e+02
3.968750000000000000e+01 4.050000000000000000e+02
4.463823529410000219e+02 4.049117647059999854e+02
5.285588235290000512e+02 4.056764705879999724e+02
3.900000000000000000e+02 4.060000000000000000e+02
2.422500000000000000e+02 4.070833333329999846e+02
5.077727272729999868e+02 4.066818181819999722e+02
1.461190476190000140e+02 4.105000000000000000e+02
2.188809523809999860e+02 4.102142857140000274e+02
2.022500000000000000e+02 4.111666666670000154e+02
2.668333333329999846e+02 4.111666666670000154e+02
9.050000000000000000e+01 4.120714285710000127e+02
1.210000000000000000e+02 4.120000000000000000e+02
5.465789473699999945e+01 4.135526315789999785e+02
7.700000000000000000e+01 4.135000000000000000e+02
2.876333333329999959e+02 4.131666666670000154e+02
3.492368421049999938e+02 4.131315789469999800e+02
3.117857142859999726e+02 4.140000000000000000e+02
4.936000000000000227e+02 4.148000000000000114e+02
1.678846153849999894e+02 4.148846153850000178e+02
3.783421052630000077e+02 4.156578947369999923e+02
5.389705882350000365e+02 4.158529411760000016e+02
5.099999999999999645e+00 4.171000000000000227e+02
1.991176470599999959e+01 4.173823529410000219e+02
5.610000000000000000e+02 4.172142857140000274e+02
5.123421052630000077e+02 4.183421052630000077e+02
1.870000000000000000e+02 4.200000000000000000e+02
3.202142857140000274e+02 4.210000000000000000e+02
3.883750000000000000e+02 4.206250000000000000e+02
4.102222222220000276e+02 4.213888888889999862e+02
1.471666666669999870e+02 4.217500000000000000e+02
4.395000000000000000e+02 4.220000000000000000e+02
3.662500000000000000e+01 4.223750000000000000e+02
1.077105263159999993e+02 4.245000000000000000e+02
4.741111111110000138e+02 4.247222222220000276e+02
2.902142857140000274e+02 4.255000000000000000e+02
8.850000000000000000e+01 4.276052631580000138e+02
2.075000000000000000e+02 4.265000000000000000e+02
2.617307692310000107e+02 4.296538461540000071e+02
3.490000000000000000e+02 4.287857142859999726e+02
6.985294117600000163e+01 4.310294117650000203e+02
4.580714285710000127e+02 4.316904761900000267e+02
2.396578947369999923e+02 4.323421052630000077e+02
3.610000000000000000e+02 4.320000000000000000e+02
4.302222222220000276e+02 4.326666666670000154e+02
1.354000000000000057e+02 4.334499999999999886e+02
5.310000000000000000e+02 4.332142857140000274e+02
5.523181818179999709e+02 4.333181818180000278e+02
1.803846153799999996e+01 4.353461538459999929e+02
4.998846153850000178e+02 4.351153846149999822e+02
5.740000000000000000e+02 4.355000000000000000e+02
4.362500000000000000e+01 4.371875000000000000e+02
2.307500000000000000e+02 4.371666666670000154e+02
2.765000000000000000e+02 4.365000000000000000e+02
3.219117647059999854e+02 4.373823529410000219e+02
1.689117647060000138e+02 4.383823529410000219e+02
1.945000000000000000e+02 4.375000000000000000e+02
1.545000000000000000e+02 4.393571428569999853e+02
2.610000000000000000e+02 4.392142857140000274e+02
2.943888888889999862e+02 4.399444444439999984e+02
3.845000000000000000e+02 4.385000000000000000e+02
1.090882352940000004e+02 4.413823529410000219e+02
4.605000000000000000e+02 4.410000000000000000e+02
5.107307692310000107e+02 4.423461538459999929e+02
3.553750000000000000e+02 4.423750000000000000e+02
3.758636363640000013e+02 4.424090909089999855e+02
4.045769230770000036e+02 4.438076923080000142e+02
4.338333333329999846e+02 4.454166666670000154e+02
4.991666666670000154e+02 4.462333333330000187e+02
7.922222222199999919e+01 4.473888888889999862e+02
4.400882352940000146e+02 4.476176470589999781e+02
5.724090909090000423e+02 4.494090909089999855e+02
2.150500000000000114e+02 4.513999999999999773e+02
2.450000000000000000e+02 4.507857142859999726e+02
2.630000000000000000e+02 4.527857142859999726e+02
2.752142857140000274e+02 4.530000000000000000e+02
4.821315789469999800e+02 4.532894736839999723e+02
5.351000000000000227e+02 4.548999999999999773e+02
6.777777777800000081e+01 4.566111111110000138e+02
1.299736842110000055e+02 4.568684210530000200e+02
3.170000000000000000e+02 4.560000000000000000e+02
3.308913043480000056e+02 4.579782608699999855e+02
5.852894736839999723e+02 4.575000000000000000e+02
1.140000000000000036e+01 4.584499999999999886e+02
3.483333333299999879e+01 4.582333333330000187e+02
1.955000000000000000e+02 4.585000000000000000e+02
1.062142857139999990e+02 4.590000000000000000e+02
4.200000000000000000e+02 4.595000000000000000e+02
5.212222222220000276e+02 4.606111111110000138e+02
3.606818181819999722e+02 4.613181818180000278e+02
3.953999999999999773e+02 4.614499999999999886e+02
4.597222222220000276e+02 4.610000000000000000e+02
1.717857142860000010e+02 4.620000000000000000e+02
4.396250000000000000e+02 4.635625000000000000e+02
5.701470588240000552e+02 4.635000000000000000e+02
2.811153846149999822e+02 4.641153846149999822e+02
3.515909090910000145e+02 4.641363636359999987e+02
4.856111111110000138e+02 4.642222222220000276e+02
2.333461538459999929e+02 4.649615384620000214e+02
4.431818181799999934e+01 4.656818181819999722e+02
5.566111111110000138e+02 4.666666666670000154e+02
1.503181818179999993e+02 4.673181818180000278e+02
2.136578947369999923e+02 4.673421052630000077e+02
2.540000000000000000e+02 4.675000000000000000e+02
2.937500000000000000e+02 4.669375000000000000e+02
3.736818181819999722e+02 4.666818181819999722e+02
1.151153846149999964e+02 4.691153846149999822e+02
8.300000000000000000e+01 4.720000000000000000e+02
5.038846153850000178e+02 4.721153846149999822e+02
1.925000000000000000e+02 4.735000000000000000e+02
2.050000000000000000e+01 4.755000000000000000e+02
4.522142857140000274e+02 4.760000000000000000e+02
3.198571428569999853e+02 4.767857142859999726e+02
5.888461538499999648e+01 4.778846153850000178e+02
1.021875000000000000e+02 4.786250000000000000e+02
4.679705882349999797e+02 4.781470588239999984e+02
4.181153846149999822e+02 4.801153846149999822e+02
5.201153846150000390e+02 4.798846153850000178e+02
1.582692307689999893e+02 4.811153846149999822e+02
3.365000000000000000e+02 4.817105263160000277e+02
5.825000000000000000e+02 4.820000000000000000e+02
8.500000000000000000e+00 4.835000000000000000e+02
3.645000000000000000e+02 4.827857142859999726e+02
5.607727272729999868e+02 4.840909090910000145e+02
1.333888888889999862e+02 4.847777777779999724e+02
1.738750000000000000e+02 4.842500000000000000e+02
2.353461538459999929e+02 4.840384615379999786e+02
4.047222222220000276e+02 4.850000000000000000e+02
5.395666666670000495e+02 4.851000000000000227e+02
2.452857142860000010e+02 4.867142857140000274e+02
2.708333333329999846e+02 4.865000000000000000e+02
3.830000000000000000e+02 4.862142857140000274e+02
4.961000000000000227e+02 4.858999999999999773e+02
3.650000000000000000e+01 4.870000000000000000e+02
2.970000000000000000e+02 4.875000000000000000e+02
2.200999999999999943e+02 4.901000000000000227e+02
8.200000000000000000e+01 4.922142857140000274e+02
3.232500000000000000e+02 4.918750000000000000e+02
2.058636363640000013e+02 4.930454545449999841e+02
4.401153846149999822e+02 4.931153846149999822e+02
6.762500000000000000e+01 4.936250000000000000e+02
4.823823529410000219e+02 4.940882352940000146e+02
4.589545454550000159e+02 4.948636363640000013e+02
1.505909090909999861e+02 4.955909090910000145e+02
5.013333333329999846e+02 4.967777777779999724e+02
5.412000000000000455e+02 4.958000000000000114e+02
1.240999999999999943e+02 4.971000000000000227e+02
2.557222222219999992e+02 4.974444444439999984e+02
4.012777777779999724e+02 4.970000000000000000e+02
5.273529411799999878e+01 4.987352941180000130e+02
1.716999999999999886e+02 4.975000000000000000e+02
5.620000000000000000e+02 4.982142857140000274e+02
3.487142857140000274e+02 4.995714285710000127e+02
1.858636363640000013e+02 4.994090909089999855e+02
3.625000000000000000e+02 5.020000000000000000e+02
3.855000000000000000e+02 5.030714285710000127e+02
4.220000000000000000e+02 5.017857142859999726e+02
3.131363636359999987e+02 5.025909090910000145e+02
2.218750000000000000e+01 5.053125000000000000e+02
2.416999999999999886e+02 5.050000000000000000e+02
5.197307692309999538e+02 5.053461538459999929e+02
1.409000000000000057e+02 5.058999999999999773e+02
2.736250000000000000e+02 5.068750000000000000e+02
8.990000000000000568e+01 5.081000000000000227e+02
1.033095238100000017e+02 5.084523809519999986e+02
2.087666666670000097e+02 5.095000000000000000e+02
5.767999999999999545e+02 5.093999999999999773e+02
2.981666666670000154e+02 5.104166666670000154e+02
4.491666666670000154e+02 5.104166666670000154e+02
1.575500000000000114e+02 5.123999999999999773e+02
1.732500000000000000e+02 5.121666666669999586e+02
4.714333333330000073e+02 5.122333333330000187e+02
4.288461538499999648e+01 5.141153846150000390e+02
1.271153846149999964e+02 5.138846153849999610e+02
4.013181818180000278e+02 5.152272727270000132e+02
4.350333333329999732e+02 5.153666666670000041e+02
7.259999999999999432e+01 5.177999999999999545e+02
3.290000000000000000e+02 5.170000000000000000e+02
4.894499999999999886e+02 5.176000000000000227e+02
1.933666666670000041e+02 5.179666666670000268e+02
5.159117647059999854e+02 5.186176470589999781e+02
2.253666666670000041e+02 5.190333333329999732e+02
2.585000000000000000e+02 5.202999999999999545e+02
3.531499999999999773e+02 5.208999999999999773e+02
5.332142857139999705e+02 5.200000000000000000e+02
5.575833333330000414e+02 5.198333333330000414e+02
9.071052631599999927e+01 5.211315789469999800e+02
3.146111111110000138e+02 5.216666666669999586e+02
3.163333333299999950e+01 5.220333333329999732e+02
4.634499999999999886e+02 5.248999999999999773e+02
2.410882352939999862e+02 5.263823529410000219e+02
5.833999999999999773e+02 5.265499999999999545e+02
2.826904761900000267e+02 5.275476190480000014e+02
3.830384615379999786e+02 5.266538461540000071e+02
4.848125000000000000e+02 5.283750000000000000e+02
1.174545454550000017e+02 5.301818181820000291e+02
3.678888888889999862e+02 5.291666666669999586e+02
5.283333333299999879e+01 5.315000000000000000e+02
4.223823529410000219e+02 5.309117647059999854e+02
1.648846153849999894e+02 5.328846153849999610e+02
2.922142857140000274e+02 5.330000000000000000e+02
5.515000000000000000e+02 5.331470588240000552e+02
8.382352941000000612e+00 5.349117647059999854e+02
2.092142857139999990e+02 5.350000000000000000e+02
5.116999999999999886e+02 5.350000000000000000e+02
2.267777777780000008e+02 5.366111111110000138e+02
3.492142857140000274e+02 5.360000000000000000e+02
4.400882352940000146e+02 5.373823529410000219e+02
1.827500000000000000e+02 5.385499999999999545e+02
3.875625000000000000e+02 5.396250000000000000e+02
1.450999999999999943e+02 5.401000000000000227e+02
3.077857142859999726e+02 5.400000000000000000e+02
5.318684210530000200e+02 5.402368421050000507e+02
3.250000000000000000e+01 5.415000000000000000e+02
7.085294117600000163e+01 5.415000000000000000e+02
2.629666666670000268e+02 5.413666666670000041e+02
4.941470588239999984e+02 5.425000000000000000e+02
4.001153846149999822e+02 5.438846153849999610e+02
5.721428571399999896e+01 5.445000000000000000e+02
4.734473684210000215e+02 5.452894736839999723e+02
1.228125000000000000e+02 5.466250000000000000e+02
3.294090909089999855e+02 5.465909090909999577e+02
5.731666666669999586e+02 5.470833333330000414e+02
2.093750000000000000e+02 5.481875000000000000e+02
5.291153846150000390e+02 5.491153846150000390e+02
3.767500000000000000e+02 5.498750000000000000e+02
4.240000000000000000e+02 5.497857142860000295e+02
9.661764705900000649e+01 5.510882352940000146e+02
2.462647058819999870e+02 5.517352941179999561e+02
5.516000000000000227e+02 5.524500000000000455e+02
2.321666666669999870e+02 5.532500000000000000e+02
2.925000000000000000e+01 5.540625000000000000e+02
3.374444444439999984e+02 5.556111111110000138e+02
3.598529411760000016e+02 5.549705882350000365e+02
4.478333333329999846e+02 5.549666666670000268e+02
1.096153846200000004e+01 5.556538461540000071e+02
8.029999999999999716e+01 5.555000000000000000e+02
1.585000000000000000e+02 5.590000000000000000e+02
1.781470588239999984e+02 5.590294117649999635e+02
2.770000000000000000e+02 5.600000000000000000e+02
5.050000000000000000e+02 5.602142857139999705e+02
1.355000000000000000e+02 5.606538461540000071e+02
3.205000000000000000e+02 5.605000000000000000e+02
1.190000000000000000e+02 5.611666666669999586e+02
4.425000000000000000e+02 5.615000000000000000e+02
4.945000000000000000e+02 5.615000000000000000e+02
