7.104088543074376094e-01
7.970725927160207114e-01
9.490561927003191567e-01
8.676931537103773628e-01
1.008003524273972218e+00
5.665654334147283144e-01
9.517560845250265800e-01
8.049042410171427520e-01
4.422909129717904619e-01
8.828271022252565103e-01
1.373405895323589476e-01
9.138804486829292806e-01
1.018344794131529119e+00
8.536507293905761795e-01
9.680152020414531933e-01
1.249691164710908797e+00
8.734497415026454270e-01
6.144308218740097693e-01
7.955470404320466038e-01
9.668483952054300890e-01
6.938569214458525369e-01
1.150146959425937476e+00
6.983863931804519254e-01
6.995272334928270830e-01
1.292916878955951088e+00
8.380482684359158441e-02
7.941949616380745702e-01
1.020210903747541753e+00
1.430559269663801425e+00
7.897937877498129033e-01
6.002361242511253803e-01
9.596796611512488084e-01
4.463747174264860451e-01
1.088703113199430694e+00
7.999043487931762897e-01
8.752838655310781757e-01
1.152578700044876836e+00
1.176752749188890501e+00
1.263761201998966577e+00
9.142955521637476934e-01
1.258441898572959960e+00
9.022579420937861805e-01
8.861241474833687626e-01
5.806112426029095275e-01
9.676791214221798221e-01
1.155361044108340618e+00
1.302904451467813640e+00
6.542374061114704098e-01
7.545241927153396588e-01
1.142005069193832600e+00
9.856581744771650833e-01
9.274784249703516004e-01
6.255697197080336558e-01
4.003284488076035430e-01
6.499118509865589033e-01
6.149945213676109024e-01
5.846801561491481447e-01
1.068214681335863947e+00
4.023112511486237608e-02
7.775740993062116857e-01
7.281186630618652345e-01
5.063152892457294385e-01
1.078640407266699963e+00
2.919750373171918767e-01
8.647038572960892289e-01
8.670968463066897058e-01
9.820013804741556385e-01
7.308565326613782887e-01
9.147478389052321468e-01
1.518338792446459973e+00
8.569425899212399500e-01
6.574948371682212134e-01
7.756685233473887831e-01
1.116714315582800765e+00
6.100248508410652803e-01
1.157566203499842405e+00
6.569814994165006361e-01
1.307716610196870244e+00
6.101543397830093696e-01
8.223944067975912375e-01
3.749088197928069910e-01
9.010993441002073112e-01
4.996186407712397415e-01
1.108670009142122659e+00
1.226383332656014957e+00
9.250356448764462947e-01
6.033937949194785322e-01
3.539792954852232221e-01
1.040852796676499548e+00
9.894597791317933932e-01
7.591739164919280025e-01
7.588839707687351499e-01
5.877905613000282692e-01
1.262036255574490617e+00
1.001643528593090249e+00
5.785011675863875880e-01
1.136198937713643220e+00
8.897064440130511009e-01
9.991051688693235455e-01
5.485482647415058644e-01
2.037017050115941252e-01
5.431022091130013330e-01
6.709943421388768758e-01
9.382355685417211877e-01
7.611734959554421476e-01
1.039568647372053789e+00
1.213323255264367795e+00
8.575273141768022800e-01
3.699803859177981380e-01
8.491669137522892541e-01
5.474169661127432640e-01
6.145892042455947113e-01
8.507007002111144356e-01
1.125647345882470951e+00
1.154689540141390136e+00
1.099384076259237730e+00
9.574472703516299088e-01
4.203555479897660430e-01
8.735065340016703317e-01
9.641466953503363690e-01
9.918563890244755932e-01
1.162454578355189172e+00
7.458076036336098724e-01
4.375003632174196966e-01
5.870368508188890111e-01
1.181841436808670043e+00
7.053258533036728117e-01
9.609540119808543945e-01
9.023401352118574081e-01
7.525777552915862145e-01
1.514132369676846501e+00
7.118058451849504920e-01
9.551009215751036230e-01
2.310066219705793067e-01
3.623935394409143473e-01
5.518606277256514758e-01
9.318570554461003130e-01
7.637459306627651934e-01
2.761254325710447155e-01
5.861657950434147057e-01
6.915244852401654096e-01
3.914301830324360409e-01
9.119826872850360644e-01
6.925602166238187252e-01
6.618163060495265704e-01
2.276095179899899623e-01
6.064670903346658370e-01
7.145942605645649870e-01
1.319430712197980915e+00
6.940307902788580563e-01
1.039617521474856421e+00
7.485168716371073394e-01
3.681963272733106418e-01
8.324593011588166114e-01
4.457787527865306743e-01
9.164270859413288228e-01
5.501594213883764795e-01
1.144632375134755131e+00
5.065254569251962380e-01
1.022296617381199368e+00
9.648858691277180100e-01
2.827886944278199532e-01
1.063253526876192456e+00
1.364961341767660041e+00
9.093407985829360385e-01
7.511309893817554872e-01
7.699086997703179502e-01
1.633212716975043222e-01
8.100085212105998522e-01
7.143054668873474178e-01
9.444541855334709357e-01
1.093467105139311224e+00
9.843027179060173104e-01
5.271913537150711981e-01
1.405276678309990812e+00
1.127561151188891442e+00
8.304761870178025696e-01
9.798893938113550917e-01
9.640837615507409364e-01
7.934221954272338007e-01
9.664643128356114055e-01
1.274897517515013678e+00
6.014805893570152051e-01
1.039540111988087379e+00
9.307547043681390075e-01
8.856287390597579190e-01
8.036486616308602393e-01
8.111931682353628048e-01
6.744269668751061708e-01
1.081948559160071710e+00
8.591294382920413586e-01
5.627606224487542441e-01
5.371648442941898693e-01
8.277000280230124574e-01
6.252488855700510939e-01
7.255203002048451477e-01
4.673963102182896456e-01
8.632321367107018695e-01
6.952400377893934724e-01
7.987686223758334592e-01
4.470207415029490150e-01
8.328248612003092965e-01
1.017653581171473531e+00
1.028487950669686457e+00
7.695539363166368219e-01
7.817744003820448206e-01
8.461717295472168665e-01
9.286778226391501079e-01
9.051706309304443643e-01
7.917144953804164942e-01
1.016400512895938357e+00
8.373036343865256637e-01
9.911359425881602903e-01
1.094466321506478934e+00
1.162850026133857906e+00
6.289595721366891823e-01
7.638852397915951720e-01
4.321080536576900055e-01
9.436955271714781990e-01
9.601239964856254083e-01
9.674203503832699003e-01
6.911044193896784815e-01
6.052030126244449804e-01
6.948422632474717808e-01
7.602677159823545416e-01
1.325571248611028707e+00
7.918976154308150495e-01
6.657921373466577641e-01
7.862076470409675721e-01
9.200114183266068224e-01
1.112418990488083903e+00
5.079481473911058309e-01
3.858811144743001798e-01
6.560878617897101250e-01
9.813764576490338065e-01
4.672864348563179338e-01
1.247577531614931790e+00
1.239993799013621611e+00
8.296845811345034960e-01
1.022847977176953638e+00
1.343626009614643291e+00
7.643920027714470322e-01
6.625239990481615049e-01
8.431724207313580077e-01
1.073886413073352752e+00
8.940294579781760120e-01
8.992203624476398094e-01
1.081397106345439063e+00
9.201090005505814240e-01
6.967930310017140805e-01
8.244878269811510840e-01
3.194444513292074017e-01
8.387043434202177128e-01
1.018342886806951952e+00
9.339784154242043446e-01
1.078256033723286489e+00
5.971637425263343069e-01
1.068905702248325262e+00
5.705475745942103494e-01
6.917035765789485424e-01
7.696851674380755792e-01
9.415279491626198372e-01
9.701505488546742217e-01
7.921963529071156529e-01
6.702320822150267254e-01
8.480963269667807225e-01
1.028699186954753486e+00
1.192858104500984506e+00
7.952475205958540183e-01
1.136774916745337816e+00
5.685207195600472385e-01
7.348894728653103670e-01
1.122318422945902672e+00
5.403980693682175485e-01
1.365297461510120769e+00
1.160605185033101394e+00
4.616467485954058869e-01
1.011127881320744271e+00
7.738935042030463674e-01
8.946281281522652229e-01
8.621930558729566929e-01
1.048817093530008293e+00
9.770222919518196658e-01
9.483727498043770243e-01
6.576591357692527229e-01
7.556410707586969089e-01
1.034891700477975629e+00
1.006652835403898605e+00
1.113775211046987401e+00
8.315205088977419834e-01
7.982399122395604785e-01
8.343057275067990997e-01
1.014738748167614446e+00
7.459901588897315250e-01
5.168188856779911688e-01
9.059307331882386904e-01
6.365613096021960349e-01
7.191821608627702034e-01
5.633624968082941997e-01
1.132010616992006335e+00
8.089385033680025483e-01
7.835135132924149204e-01
9.774856117848429449e-01
8.031363543149270257e-01
1.058485183007881414e+00
5.996678280298102237e-01
9.742329194146206461e-01
7.436518839929824320e-01
1.386669436787521636e+00
6.307699923752534410e-01
5.852564454777406944e-01
5.435472150005604686e-01
5.420513535484472456e-01
9.832951170821981890e-01
8.778675815991130449e-01
7.856491244552632480e-01
1.402415455063511285e+00
3.579163400503782011e-01
6.151483814174030229e-01
5.670828123504549900e-01
5.167536842268700692e-01
5.661696376860287927e-01
7.340211800902891603e-01
8.097936661945457359e-01
6.273735512376017454e-01
7.847436715614490854e-01
8.046123122174193565e-01
7.961993213495963673e-01
9.926050284525218537e-01
8.603598624730983691e-01
8.803848429113942942e-01
9.553416490103943115e-01
7.744063365489823880e-01
4.556227744226188925e-01
2.282048433209142857e-01
4.844444727723580257e-01
3.163519943511459154e-01
7.147135031911524550e-01
1.030712515744340863e-01
4.505842127317887247e-01
1.043396427114121394e+00
6.971154287959637763e-01
1.276674237651777233e+00
2.007730202721246027e+00
8.641608936256455209e-01
1.206774748113149887e+00
9.463199711013836612e-01
1.267314521827330731e+00
1.206314853085789895e+00
1.257297801981111185e+00
6.313846136621896754e-01
9.547905166615715533e-01
6.716530294727842687e-01
8.568833546552423464e-01
8.634647159269541739e-01
4.715263637404054631e-01
6.163796408057868881e-01
9.507910939270369788e-01
6.908340172982030403e-01
6.362044062857328264e-01
7.706457873609000586e-01
5.577682694813823616e-02
1.102230063279483030e+00
1.242543291966001107e+00
8.776727448303072165e-01
9.488744546803622448e-01
8.020451101342769284e-01
1.390247945056879431e+00
8.236874124088440219e-01
5.017891536525933560e-01
7.402327270707858009e-01
9.531346237085600581e-01
5.787375033534871704e-01
7.477038402211628743e-01
7.859852263239464065e-01
9.412032462145187850e-01
1.217491027934292980e+00
1.062658506489116750e+00
4.359879213120314567e-01
2.316658389788170958e-01
1.041408347019911806e+00
4.419478419459319518e-01
8.202000142470526889e-01
6.569201813117333533e-01
7.613455138278291123e-01
5.894753133567547376e-01
2.499596929753482577e-01
1.204374805667195680e+00
1.147796860334991953e+00
1.109877173135624062e+00
8.854460096008014425e-01
1.158438369929427392e+00
5.230164998656561259e-01
4.187179378593168799e-01
1.319527597230303329e+00
1.337941436041412135e+00
7.800495436679772965e-01
7.005318782929064181e-01
4.844628061787763507e-01
8.901352216364812886e-01
2.587502196364226403e-01
3.437657966083156325e-01
8.717414336111084516e-01
7.520312777323190367e-01
8.093284742876503124e-01
9.067792943336381306e-01
1.385867832311265202e+00
5.885956168705805958e-01
5.702912258435359760e-01
8.463082238973473892e-01
1.293048417855421128e+00
4.151318692771670538e-01
1.132543135612535057e+00
1.027513782758176841e+00
1.007849836194473658e+00
7.689092228899094827e-01
7.194823933190646059e-01
6.661141036011675176e-01
8.408991592484031941e-01
8.899905752613344045e-01
7.770259018474221513e-01
8.603322632339651665e-01
5.456006923889118454e-01
1.204944333546018376e+00
9.199070443494035132e-01
4.294889025708268360e-01
8.385838911983962696e-01
1.059399805864718269e+00
1.154134971153820466e+00
2.191220203409829370e-01
7.260011376024231300e-01
1.145422795776464664e+00
1.632126649147374042e+00
6.709469700209675924e-01
9.849309543942583733e-01
7.090581599895311449e-01
1.021061585477318623e+00
6.867858965720317066e-01
8.596683149910009369e-01
8.837153327692166549e-01
4.881224202663640988e-01
6.207108220606332161e-01
6.158575995564739003e-01
8.800957366527710768e-01
1.100468004011548206e+00
1.042674359432746334e+00
1.464794427799271492e+00
8.743741479979316722e-01
1.031448807369949261e+00
5.588434248425659945e-01
1.629369439443807632e+00
1.065853852555907810e+00
5.637412296228112574e-01
8.974776208008132805e-01
8.198296507020481627e-01
7.591824595114409213e-01
6.800154397255782079e-01
1.040285374053222078e+00
6.987347965585892773e-01
9.553642101955992505e-01
8.625377009909034332e-01
1.071339082631507900e+00
9.559035447205601610e-01
3.816824483105061283e-01
7.192744613727319880e-01
1.271636281135559710e+00
8.937614172198649065e-01
6.214883719161181652e-01
6.918007237408632104e-01
5.330435371380821685e-01
7.731806710363140489e-01
8.650287542225627568e-01
8.909322006785236336e-01
8.868660493182738414e-01
8.154494226654198652e-01
6.088695206055412257e-01
8.000239555695924931e-01
3.472095472747505074e-01
9.190438563847775910e-01
1.386217170475457783e+00
6.340582590511485428e-01
1.074830306657482026e+00
8.761148635170710186e-01
3.963464266150165116e-01
8.308972636693305880e-01
6.675983270155994020e-01
8.290300648585589016e-01
5.234334721747979646e-01
4.131143997736173024e-01
5.714191087293813975e-01
5.358870274231206654e-01
1.159749558502507494e+00
9.626491346666898874e-01
8.325480632656896418e-01
1.414636589951297374e+00
8.560744027240954068e-01
8.286896394901024365e-01
6.502857366666998651e-01
1.025369040685552235e+00
6.019859784233001498e-01
